014110252300300040022000 5 1202411144.234040
014110552300300040022000 5 1202411144.234043
014110252330300040022000 5 1202411144.234046
014110552330300040022000 5 1202411144.234049
014110552303300040022000 5 1202411144.234052
014110552333300040022000 5 1202411144.234056
014110252300310040022000 1 1202411144.234059
014110552300310040022000 1 1202411144.234102
014110252330310040022000 1 1202411144.234105
014110552330310040022000 1 1202411144.234108
014110552303310040022000 1 1202411144.234111
014110552333310040022000 1 1202411144.234115
014110252300301040022000 5 1202411144.234118
014110552300301040022000 5 1202411144.234121
014110252330301040022000 5 1202411144.234124
014110552330301040022000 5 1202411144.234127
014110552303301040022000 5 1202411144.234131
014110552333301040022000 5 1202411144.234134
014110252300311040022000 1 1202411144.234137
014110552300311040022000 1 1202411144.234140
014110252330311040022000 1 1202411144.234143
014110552330311040022000 1 1202411144.234147
014110552303311040022000 1 1202411144.234150
014110552333311040022000 1 1202411144.234153
014110252300302040022000 5 1202411144.234156
014110552300302040022000 5 1202411144.234159
014110252330302040022000 5 1202411144.234202
014110552330302040022000 5 1202411144.234206
014110552303302040022000 5 1202411144.234209
014110552333302040022000 5 1202411144.234212
014110252300312040022000 1 1202411144.234215
014110552300312040022000 1 1202411144.234218
014110252330312040022000 1 1202411144.234222
014110552330312040022000 1 1202411144.234225
014110552303312040022000 1 1202411144.234228
014110552333312040022000 1 1202411144.234231
014110252300304040022000 5 1202411144.234234
014110552300304040022000 5 1202411144.234237
014110252330304040022000 5 1202411144.234241
014110552330304040022000 5 1202411144.234244
014110552303304040022000 5 1202411144.234247
014110552333304040022000 5 1202411144.234250
014110252300314040022000 1 1202411144.234253
014110552300314040022000 1 1202411144.234257
014110252330314040022000 1 1202411144.234300
014110552330314040022000 1 1202411144.234303
014110552303314040022000 1 1202411144.234306
014110552333314040022000 1 1202411144.234309
014110252300305040022000 5 1202411144.234312
014110552300305040022000 5 1202411144.234316
014110252330305040022000 5 1202411144.234319
014110552330305040022000 5 1202411144.234322
014110552303305040022000 5 1202411144.234325
014110552333305040022000 5 1202411144.234328
014110252300315040022000 1 1202411144.234332
014110552300315040022000 1 1202411144.234335
014110252330315040022000 1 1202411144.234338
014110552330315040022000 1 1202411144.234341
014110552303315040022000 1 1202411144.234344
014110552333315040022000 1 1202411144.234347
014110252300300140022000 5 1202411144.234351
014110552300300140022000 5 1202411144.234354
014110252330300140022000 5 1202411144.234357
014110552330300140022000 5 1202411144.234400
014110552303300140022000 5 1202411144.234403
014110552333300140022000 5 1202411144.234407
014110252300310140022000 1 1202411144.234410
014110552300310140022000 1 1202411144.234413
014110252330310140022000 1 1202411144.234416
014110552330310140022000 1 1202411144.234419
014110552303310140022000 1 1202411144.234422
014110552333310140022000 1 1202411144.234426
014110252300301140022000 5 1202411144.234429
014110552300301140022000 5 1202411144.234432
014110252330301140022000 5 1202411144.234435
014110552330301140022000 5 1202411144.234438
014110552303301140022000 5 1202411144.234442
014110552333301140022000 5 1202411144.234445
014110252300311140022000 1 1202411144.234448
014110552300311140022000 1 1202411144.234451
014110252330311140022000 1 1202411144.234454
014110552330311140022000 1 1202411144.234457
014110552303311140022000 1 1202411144.234501
014110552333311140022000 1 1202411144.234504
014110252300302140022000 5 1202411144.234507
014110552300302140022000 5 1202411144.234510
014110252330302140022000 5 1202411144.234513
014110552330302140022000 5 1202411144.234517
014110552303302140022000 5 1202411144.234520
014110552333302140022000 5 1202411144.234523
014110252300312140022000 1 1202411144.234526
014110552300312140022000 1 1202411144.234529
014110252330312140022000 1 1202411144.234533
014110552330312140022000 1 1202411144.234536
014110552303312140022000 1 1202411144.234539
014110552333312140022000 1 1202411144.234542
014110252300304140022000 5 1202411144.234545
014110552300304140022000 5 1202411144.234549
014110252330304140022000 5 1202411144.234552
014110552330304140022000 5 1202411144.234555
014110552303304140022000 5 1202411144.234558
014110552333304140022000 5 1202411144.234601
014110252300314140022000 1 1202411144.234604
014110552300314140022000 1 1202411144.234608
014110252330314140022000 1 1202411144.234611
014110552330314140022000 1 1202411144.234614
014110552303314140022000 1 1202411144.234617
014110552333314140022000 1 1202411144.234620
014110252300305140022000 5 1202411144.234624
014110552300305140022000 5 1202411144.234627
014110252330305140022000 5 1202411144.234630
014110552330305140022000 5 1202411144.234633
014110552303305140022000 5 1202411144.234636
014110552333305140022000 5 1202411144.234639
014110252300315140022000 1 1202411144.234643
014110552300315140022000 1 1202411144.234646
014110252330315140022000 1 1202411144.234649
014110552330315140022000 1 1202411144.234652
014110552303315140022000 1 1202411144.234655
014110552333315140022000 1 1202411144.234659
014110252300300240022000 5 1202411144.234702
014110552300300240022000 5 1202411144.234705
014110252330300240022000 5 1202411144.234708
014110552330300240022000 5 1202411144.234711
014110552303300240022000 5 1202411144.234715
014110552333300240022000 5 1202411144.234718
014110252300310240022000 1 1202411144.234721
014110552300310240022000 1 1202411144.234724
014110252330310240022000 1 1202411144.234727
014110552330310240022000 1 1202411144.234731
014110552303310240022000 1 1202411144.234734
014110552333310240022000 1 1202411144.234737
014110252300301240022000 5 1202411144.234740
014110552300301240022000 5 1202411144.234743
014110252330301240022000 5 1202411144.234746
014110552330301240022000 5 1202411144.234750
014110552303301240022000 5 1202411144.234753
014110552333301240022000 5 1202411144.234756
014110252300311240022000 1 1202411144.234759
014110552300311240022000 1 1202411144.234802
014110252330311240022000 1 1202411144.234806
014110552330311240022000 1 1202411144.234809
014110552303311240022000 1 1202411144.234812
014110552333311240022000 1 1202411144.234815
014110252300302240022000 5 1202411144.234818
014110552300302240022000 5 1202411144.234822
014110252330302240022000 5 1202411144.234825
014110552330302240022000 5 1202411144.234828
014110552303302240022000 5 1202411144.234831
014110552333302240022000 5 1202411144.234834
014110252300312240022000 1 1202411144.234837
014110552300312240022000 1 1202411144.234841
014110252330312240022000 1 1202411144.234844
014110552330312240022000 1 1202411144.234847
014110552303312240022000 1 1202411144.234850
014110552333312240022000 1 1202411144.234853
014110252300304240022000 5 1202411144.234857
014110552300304240022000 5 1202411144.234900
014110252330304240022000 5 1202411144.234903
014110552330304240022000 5 1202411144.234906
014110552303304240022000 5 1202411144.234909
014110552333304240022000 5 1202411144.234913
014110252300314240022000 1 1202411144.234916
014110552300314240022000 1 1202411144.234919
014110252330314240022000 1 1202411144.234922
014110552330314240022000 1 1202411144.234925
014110552303314240022000 1 1202411144.234929
014110552333314240022000 1 1202411144.234932
014110252300305240022000 5 1202411144.234935
014110552300305240022000 5 1202411144.234938
014110252330305240022000 5 1202411144.234941
014110552330305240022000 5 1202411144.234944
014110552303305240022000 5 1202411144.234948
014110552333305240022000 5 1202411144.234951
014110252300315240022000 1 1202411144.234954
014110552300315240022000 1 1202411144.234957
014110252330315240022000 1 1202411144.235000
014110552330315240022000 1 1202411144.235004
014110552303315240022000 1 1202411144.235007
014110552333315240022000 1 1202411144.235010
014110252300300440022000 5 1202411144.235013
014110552300300440022000 5 1202411144.235016
