562970110
562970622
562986494
562987006
563002878
563003390
563019262
563019774
564018686
564019198
564035070
564035582
564051454
564051966
564067838
564068350
565067262
565067774
565083646
565084158
565100030
565100542
565116414
565116926
566115838
566116350
566132222
566132734
566148606
566149118
566164990
566165502
567164414
567164926
567180798
567181310
567197182
567197694
567213566
567214078
568212990
568213502
568229374
568229886
568245758
568246270
568262142
568262654
569261566
569262078
569277950
569278462
569294334
569294846
569310718
569311230
570310142
570310654
570326526
570327038
570342910
570343422
570359294
570359806
596524542
596525054
596540926
596541438
596557310
596557822
596573694
596574206
597573118
597573630
597589502
597590014
597605886
597606398
597622270
597622782
598621694
598622206
598638078
598638590
598654462
598654974
598670846
598671358
599670270
599670782
599686654
599687166
599703038
599703550
599719422
599719934
600718846
600719358
600735230
600735742
600751614
600752126
600767998
600768510
601767422
601767934
601783806
601784318
601800190
601800702
601816574
601817086
602815998
602816510
602832382
602832894
602848766
602849278
602865150
602865662
603864574
603865086
603880958
603881470
603897342
603897854
603913726
603914238
630078974
630079486
630095358
630095870
630111742
630112254
630128126
630128638
631127550
631128062
631143934
631144446
631160318
631160830
631176702
631177214
632176126
632176638
632192510
632193022
632208894
632209406
632225278
632225790
633224702
633225214
633241086
633241598
633257470
633257982
633273854
633274366
634273278
634273790
634289662
634290174
634306046
634306558
634322430
634322942
635321854
635322366
635338238
635338750
635354622
635355134
635371006
635371518
636370430
636370942
636386814
636387326
636403198
636403710
636419582
636420094
637419006
637419518
637435390
637435902
637451774
637452286
637468158
637468670
663633406
663633918
663649790
663650302
663666174
663666686
663682558
663683070
664681982
664682494
664698366
664698878
664714750
664715262
664731134
664731646
665730558
665731070
665746942
665747454
665763326
665763838
665779710
665780222
666779134
666779646
666795518
666796030
666811902
666812414
666828286
666828798
667827710
667828222
667844094
667844606
667860478
667860990
667876862
667877374
668876286
668876798
668892670
668893182
668909054
668909566
668925438
668925950
669924862
669925374
669941246
669941758
669957630
669958142
669974014
669974526
670973438
670973950
670989822
670990334
671006206
671006718
671022590
671023102
831405566
831406078
831421950
831422462
831438334
831438846
831454718
831455230
832454142
832454654
832470526
832471038
832486910
832487422
832503294
832503806
833502718
833503230
833519102
833519614
833535486
833535998
833551870
833552382
834551294
834551806
834567678
834568190
834584062
834584574
834600446
834600958
835599870
835600382
835616254
835616766
835632638
835633150
835649022
835649534
836648446
836648958
836664830
836665342
836681214
836681726
836697598
836698110
837697022
837697534
837713406
837713918
837729790
837730302
837746174
837746686
838745598
838746110
838761982
838762494
838778366
838778878
838794750
838795262
864959998
864960510
864976382
864976894
864992766
864993278
865009150
865009662
866008574
866009086
866024958
866025470
866041342
866041854
866057726
866058238
867057150
867057662
867073534
867074046
867089918
867090430
867106302
867106814
868105726
868106238
868122110
868122622
868138494
868139006
868154878
868155390
869154302
869154814
869170686
869171198
869187070
869187582
869203454
869203966
870202878
870203390
870219262
870219774
870235646
870236158
870252030
870252542
871251454
871251966
871267838
871268350
871284222
871284734
871300606
871301118
872300030
872300542
872316414
872316926
872332798
872333310
872349182
872349694
898514430
898514942
898530814
898531326
898547198
898547710
898563582
898564094
899563006
899563518
899579390
899579902
899595774
899596286
899612158
899612670
900611582
900612094
900627966
900628478
900644350
900644862
900660734
900661246
901660158
901660670
901676542
901677054
901692926
901693438
901709310
901709822
902708734
902709246
902725118
902725630
902741502
902742014
902757886
902758398
903757310
903757822
903773694
903774206
903790078
903790590
903806462
903806974
904805886
904806398
904822270
904822782
904838654
904839166
904855038
904855550
905854462
905854974
905870846
905871358
905887230
905887742
905903614
905904126
932068862
932069374
932085246
932085758
932101630
932102142
932118014
932118526
933117438
933117950
933133822
933134334
933150206
933150718
933166590
933167102
934166014
934166526
934182398
934182910
934198782
934199294
934215166
934215678
935214590
935215102
935230974
935231486
935247358
935247870
935263742
935264254
936263166
936263678
936279550
936280062
936295934
936296446
936312318
936312830
937311742
937312254
937328126
937328638
937344510
937345022
937360894
937361406
938360318
938360830
938376702
938377214
938393086
938393598
938409470
938409982
939408894
939409406
939425278
939425790
939441662
939442174
939458046
939458558
1636711934
1636712446
1636728318
1636728830
1636744702
1636745214
1636761086
1636761598
1637760510
1637761022
1637776894
1637777406
1637793278
1637793790
1637809662
1637810174
1638809086
1638809598
1638825470
1638825982
1638841854
1638842366
1638858238
1638858750
1639857662
1639858174
1639874046
1639874558
1639890430
1639890942
1639906814
1639907326
1640906238
1640906750
1640922622
1640923134
1640939006
1640939518
1640955390
1640955902
1641954814
1641955326
1641971198
1641971710
1641987582
1641988094
1642003966
1642004478
1643003390
1643003902
1643019774
1643020286
1643036158
1643036670
1643052542
1643053054
1644051966
1644052478
1644068350
1644068862
1644084734
1644085246
1644101118
1644101630
1670266366
1670266878
1670282750
1670283262
1670299134
1670299646
1670315518
1670316030
1671314942
1671315454
1671331326
1671331838
1671347710
1671348222
1671364094
1671364606
1672363518
1672364030
1672379902
1672380414
1672396286
1672396798
1672412670
1672413182
1673412094
1673412606
1673428478
1673428990
1673444862
1673445374
1673461246
1673461758
1674460670
1674461182
1674477054
1674477566
1674493438
1674493950
1674509822
1674510334
1675509246
1675509758
1675525630
1675526142
1675542014
1675542526
1675558398
1675558910
1676557822
1676558334
1676574206
1676574718
1676590590
1676591102
1676606974
1676607486
1677606398
1677606910
1677622782
1677623294
1677639166
1677639678
1677655550
1677656062
1703820798
1703821310
1703837182
1703837694
1703853566
1703854078
1703869950
1703870462
1704869374
1704869886
1704885758
1704886270
1704902142
1704902654
1704918526
1704919038
1705917950
1705918462
1705934334
1705934846
1705950718
1705951230
1705967102
1705967614
1706966526
1706967038
1706982910
1706983422
1706999294
1706999806
1707015678
1707016190
1708015102
1708015614
1708031486
1708031998
1708047870
1708048382
1708064254
1708064766
1709063678
1709064190
1709080062
1709080574
1709096446
1709096958
1709112830
1709113342
1710112254
1710112766
1710128638
1710129150
1710145022
1710145534
1710161406
1710161918
1711160830
1711161342
1711177214
1711177726
1711193598
1711194110
1711209982
1711210494
1737375230
1737375742
1737391614
1737392126
1737407998
1737408510
1737424382
1737424894
1738423806
1738424318
1738440190
1738440702
1738456574
1738457086
1738472958
1738473470
1739472382
1739472894
1739488766
1739489278
1739505150
1739505662
1739521534
1739522046
1740520958
1740521470
1740537342
1740537854
1740553726
1740554238
1740570110
1740570622
1741569534
1741570046
1741585918
1741586430
1741602302
1741602814
1741618686
1741619198
1742618110
1742618622
1742634494
1742635006
1742650878
1742651390
1742667262
1742667774
1743666686
1743667198
1743683070
1743683582
1743699454
1743699966
1743715838
1743716350
1744715262
1744715774
1744731646
1744732158
1744748030
1744748542
1744764414
1744764926
1905147390
1905147902
1905163774
1905164286
1905180158
1905180670
1905196542
1905197054
1906195966
1906196478
1906212350
1906212862
1906228734
1906229246
1906245118
1906245630
1907244542
1907245054
1907260926
1907261438
1907277310
1907277822
1907293694
1907294206
1908293118
1908293630
1908309502
1908310014
1908325886
1908326398
1908342270
1908342782
1909341694
1909342206
1909358078
1909358590
1909374462
1909374974
1909390846
1909391358
1910390270
1910390782
1910406654
1910407166
1910423038
1910423550
1910439422
1910439934
1911438846
1911439358
1911455230
1911455742
1911471614
1911472126
1911487998
1911488510
1912487422
1912487934
1912503806
1912504318
1912520190
1912520702
1912536574
1912537086
1938701822
1938702334
1938718206
1938718718
1938734590
1938735102
1938750974
1938751486
1939750398
1939750910
1939766782
1939767294
1939783166
1939783678
1939799550
1939800062
1940798974
1940799486
1940815358
1940815870
1940831742
1940832254
1940848126
1940848638
1941847550
1941848062
1941863934
1941864446
1941880318
1941880830
1941896702
1941897214
1942896126
1942896638
1942912510
1942913022
1942928894
1942929406
1942945278
1942945790
1943944702
1943945214
1943961086
1943961598
1943977470
1943977982
1943993854
1943994366
1944993278
1944993790
1945009662
1945010174
1945026046
1945026558
1945042430
1945042942
1946041854
1946042366
1946058238
1946058750
1946074622
1946075134
1946091006
1946091518
1972256254
1972256766
1972272638
1972273150
1972289022
1972289534
1972305406
1972305918
1973304830
1973305342
1973321214
1973321726
1973337598
1973338110
1973353982
1973354494
1974353406
1974353918
1974369790
1974370302
1974386174
1974386686
1974402558
1974403070
1975401982
1975402494
1975418366
1975418878
1975434750
1975435262
1975451134
1975451646
1976450558
1976451070
1976466942
1976467454
1976483326
1976483838
1976499710
1976500222
1977499134
1977499646
1977515518
1977516030
1977531902
1977532414
1977548286
1977548798
1978547710
1978548222
1978564094
1978564606
1978580478
1978580990
1978596862
1978597374
1979596286
1979596798
1979612670
1979613182
1979629054
1979629566
1979645438
1979645950
2005810686
2005811198
2005827070
2005827582
2005843454
2005843966
2005859838
2005860350
2006859262
2006859774
2006875646
2006876158
2006892030
2006892542
2006908414
2006908926
2007907838
2007908350
2007924222
2007924734
2007940606
2007941118
2007956990
2007957502
2008956414
2008956926
2008972798
2008973310
2008989182
2008989694
2009005566
2009006078
2010004990
2010005502
2010021374
2010021886
2010037758
2010038270
2010054142
2010054654
2011053566
2011054078
2011069950
2011070462
2011086334
2011086846
2011102718
2011103230
2012102142
2012102654
2012118526
2012119038
2012134910
2012135422
2012151294
2012151806
2013150718
2013151230
2013167102
2013167614
2013183486
2013183998
2013199870
2013200382
