160316926
160317438
160333310
160333822
160349694
160350206
160366078
160366590
161365502
161366014
161381886
161382398
161398270
161398782
161414654
161415166
162414078
162414590
162430462
162430974
162446846
162447358
162463230
162463742
163462654
163463166
163479038
163479550
163495422
163495934
163511806
163512318
164511230
164511742
164527614
164528126
164543998
164544510
164560382
164560894
165559806
165560318
165576190
165576702
165592574
165593086
165608958
165609470
166608382
166608894
166624766
166625278
166641150
166641662
166657534
166658046
167656958
167657470
167673342
167673854
167689726
167690238
167706110
167706622
193871358
193871870
193887742
193888254
193904126
193904638
193920510
193921022
194919934
194920446
194936318
194936830
194952702
194953214
194969086
194969598
195968510
195969022
195984894
195985406
196001278
196001790
196017662
196018174
197017086
197017598
197033470
197033982
197049854
197050366
197066238
197066750
198065662
198066174
198082046
198082558
198098430
198098942
198114814
198115326
199114238
199114750
199130622
199131134
199147006
199147518
199163390
199163902
200162814
200163326
200179198
200179710
200195582
200196094
200211966
200212478
201211390
201211902
201227774
201228286
201244158
201244670
201260542
201261054
227425790
227426302
227442174
227442686
227458558
227459070
227474942
227475454
228474366
228474878
228490750
228491262
228507134
228507646
228523518
228524030
229522942
229523454
229539326
229539838
229555710
229556222
229572094
229572606
230571518
230572030
230587902
230588414
230604286
230604798
230620670
230621182
231620094
231620606
231636478
231636990
231652862
231653374
231669246
231669758
232668670
232669182
232685054
232685566
232701438
232701950
232717822
232718334
233717246
233717758
233733630
233734142
233750014
233750526
233766398
233766910
234765822
234766334
234782206
234782718
234798590
234799102
234814974
234815486
260980222
260980734
260996606
260997118
261012990
261013502
261029374
261029886
262028798
262029310
262045182
262045694
262061566
262062078
262077950
262078462
263077374
263077886
263093758
263094270
263110142
263110654
263126526
263127038
264125950
264126462
264142334
264142846
264158718
264159230
264175102
264175614
265174526
265175038
265190910
265191422
265207294
265207806
265223678
265224190
266223102
266223614
266239486
266239998
266255870
266256382
266272254
266272766
267271678
267272190
267288062
267288574
267304446
267304958
267320830
267321342
268320254
268320766
268336638
268337150
268353022
268353534
268369406
268369918
428752382
428752894
428768766
428769278
428785150
428785662
428801534
428802046
429800958
429801470
429817342
429817854
429833726
429834238
429850110
429850622
430849534
430850046
430865918
430866430
430882302
430882814
430898686
430899198
431898110
431898622
431914494
431915006
431930878
431931390
431947262
431947774
432946686
432947198
432963070
432963582
432979454
432979966
432995838
432996350
433995262
433995774
434011646
434012158
434028030
434028542
434044414
434044926
435043838
435044350
435060222
435060734
435076606
435077118
435092990
435093502
436092414
436092926
436108798
436109310
436125182
436125694
436141566
436142078
462306814
462307326
462323198
462323710
462339582
462340094
462355966
462356478
463355390
463355902
463371774
463372286
463388158
463388670
463404542
463405054
464403966
464404478
464420350
464420862
464436734
464437246
464453118
464453630
465452542
465453054
465468926
465469438
465485310
465485822
465501694
465502206
466501118
466501630
466517502
466518014
466533886
466534398
466550270
466550782
467549694
467550206
467566078
467566590
467582462
467582974
467598846
467599358
468598270
468598782
468614654
468615166
468631038
468631550
468647422
468647934
469646846
469647358
469663230
469663742
469679614
469680126
469695998
469696510
495861246
495861758
495877630
495878142
495894014
495894526
495910398
495910910
496909822
496910334
496926206
496926718
496942590
496943102
496958974
496959486
497958398
497958910
497974782
497975294
497991166
497991678
498007550
498008062
499006974
499007486
499023358
499023870
499039742
499040254
499056126
499056638
500055550
500056062
500071934
500072446
500088318
500088830
500104702
500105214
501104126
501104638
501120510
501121022
501136894
501137406
501153278
501153790
502152702
502153214
502169086
502169598
502185470
502185982
502201854
502202366
503201278
503201790
503217662
503218174
503234046
503234558
503250430
503250942
529415678
529416190
529432062
529432574
529448446
529448958
529464830
529465342
530464254
530464766
530480638
530481150
530497022
530497534
530513406
530513918
531512830
531513342
531529214
531529726
531545598
531546110
531561982
531562494
532561406
532561918
532577790
532578302
532594174
532594686
532610558
532611070
533609982
533610494
533626366
533626878
533642750
533643262
533659134
533659646
534658558
534659070
534674942
534675454
534691326
534691838
534707710
534708222
535707134
535707646
535723518
535724030
535739902
535740414
535756286
535756798
536755710
536756222
536772094
536772606
536788478
536788990
536804862
536805374
1234058750
1234059262
1234075134
1234075646
1234091518
1234092030
1234107902
1234108414
1235107326
1235107838
1235123710
1235124222
1235140094
1235140606
1235156478
1235156990
1236155902
1236156414
1236172286
1236172798
1236188670
1236189182
1236205054
1236205566
1237204478
1237204990
1237220862
1237221374
1237237246
1237237758
1237253630
1237254142
1238253054
1238253566
1238269438
1238269950
1238285822
1238286334
1238302206
1238302718
1239301630
1239302142
1239318014
1239318526
1239334398
1239334910
1239350782
1239351294
1240350206
1240350718
1240366590
1240367102
1240382974
1240383486
1240399358
1240399870
1241398782
1241399294
1241415166
1241415678
1241431550
1241432062
1241447934
1241448446
1267613182
1267613694
1267629566
1267630078
1267645950
1267646462
1267662334
1267662846
1268661758
1268662270
1268678142
1268678654
1268694526
1268695038
1268710910
1268711422
1269710334
1269710846
1269726718
1269727230
1269743102
1269743614
1269759486
1269759998
1270758910
1270759422
1270775294
1270775806
1270791678
1270792190
1270808062
1270808574
1271807486
1271807998
1271823870
1271824382
1271840254
1271840766
1271856638
1271857150
1272856062
1272856574
1272872446
1272872958
1272888830
1272889342
1272905214
1272905726
1273904638
1273905150
1273921022
1273921534
1273937406
1273937918
1273953790
1273954302
1274953214
1274953726
1274969598
1274970110
1274985982
1274986494
1275002366
1275002878
1301167614
1301168126
1301183998
1301184510
1301200382
1301200894
1301216766
1301217278
1302216190
1302216702
1302232574
1302233086
1302248958
1302249470
1302265342
1302265854
1303264766
1303265278
1303281150
1303281662
1303297534
1303298046
1303313918
1303314430
1304313342
1304313854
1304329726
1304330238
1304346110
1304346622
1304362494
1304363006
1305361918
1305362430
1305378302
1305378814
1305394686
1305395198
1305411070
1305411582
1306410494
1306411006
1306426878
1306427390
1306443262
1306443774
1306459646
1306460158
1307459070
1307459582
1307475454
1307475966
1307491838
1307492350
1307508222
1307508734
1308507646
1308508158
1308524030
1308524542
1308540414
1308540926
1308556798
1308557310
1334722046
1334722558
1334738430
1334738942
1334754814
1334755326
1334771198
1334771710
1335770622
1335771134
1335787006
1335787518
1335803390
1335803902
1335819774
1335820286
1336819198
1336819710
1336835582
1336836094
1336851966
1336852478
1336868350
1336868862
1337867774
1337868286
1337884158
1337884670
1337900542
1337901054
1337916926
1337917438
1338916350
1338916862
1338932734
1338933246
1338949118
1338949630
1338965502
1338966014
1339964926
1339965438
1339981310
1339981822
1339997694
1339998206
1340014078
1340014590
1341013502
1341014014
1341029886
1341030398
1341046270
1341046782
1341062654
1341063166
1342062078
1342062590
1342078462
1342078974
1342094846
1342095358
1342111230
1342111742
1502494206
1502494718
1502510590
1502511102
1502526974
1502527486
1502543358
1502543870
1503542782
1503543294
1503559166
1503559678
1503575550
1503576062
1503591934
1503592446
1504591358
1504591870
1504607742
1504608254
1504624126
1504624638
1504640510
1504641022
1505639934
1505640446
1505656318
1505656830
1505672702
1505673214
1505689086
1505689598
1506688510
1506689022
1506704894
1506705406
1506721278
1506721790
1506737662
1506738174
1507737086
1507737598
1507753470
1507753982
1507769854
1507770366
1507786238
1507786750
1508785662
1508786174
1508802046
1508802558
1508818430
1508818942
1508834814
1508835326
1509834238
1509834750
1509850622
1509851134
1509867006
1509867518
1509883390
1509883902
1536048638
1536049150
1536065022
1536065534
1536081406
1536081918
1536097790
1536098302
1537097214
1537097726
1537113598
1537114110
1537129982
1537130494
1537146366
1537146878
1538145790
1538146302
1538162174
1538162686
1538178558
1538179070
1538194942
1538195454
1539194366
1539194878
1539210750
1539211262
1539227134
1539227646
1539243518
1539244030
1540242942
1540243454
1540259326
1540259838
1540275710
1540276222
1540292094
1540292606
1541291518
1541292030
1541307902
1541308414
1541324286
1541324798
1541340670
1541341182
1542340094
1542340606
1542356478
1542356990
1542372862
1542373374
1542389246
1542389758
1543388670
1543389182
1543405054
1543405566
1543421438
1543421950
1543437822
1543438334
1569603070
1569603582
1569619454
1569619966
1569635838
1569636350
1569652222
1569652734
1570651646
1570652158
1570668030
1570668542
1570684414
1570684926
1570700798
1570701310
1571700222
1571700734
1571716606
1571717118
1571732990
1571733502
1571749374
1571749886
1572748798
1572749310
1572765182
1572765694
1572781566
1572782078
1572797950
1572798462
1573797374
1573797886
1573813758
1573814270
1573830142
1573830654
1573846526
1573847038
1574845950
1574846462
1574862334
1574862846
1574878718
1574879230
1574895102
1574895614
1575894526
1575895038
1575910910
1575911422
1575927294
1575927806
1575943678
1575944190
1576943102
1576943614
1576959486
1576959998
1576975870
1576976382
1576992254
1576992766
1603157502
1603158014
1603173886
1603174398
1603190270
1603190782
1603206654
1603207166
1604206078
1604206590
1604222462
1604222974
1604238846
1604239358
1604255230
1604255742
1605254654
1605255166
1605271038
1605271550
1605287422
1605287934
1605303806
1605304318
1606303230
1606303742
1606319614
1606320126
1606335998
1606336510
1606352382
1606352894
1607351806
1607352318
1607368190
1607368702
1607384574
1607385086
1607400958
1607401470
1608400382
1608400894
1608416766
1608417278
1608433150
1608433662
1608449534
1608450046
1609448958
1609449470
1609465342
1609465854
1609481726
1609482238
1609498110
1609498622
1610497534
1610498046
1610513918
1610514430
1610530302
1610530814
1610546686
1610547198
