014110552103304442020220 2 1202411155.000057
014110552103314442020220 2 1202411155.000105
014110552103300442020420 2 1202411155.000158
014410052113300442020420 2 1202411155.000203
014110552103310442020420 2 1202411155.000213
014410052113310442020420 2 1202411155.000218
014110052103301442020420 2 1202411155.000233
014110052113301442020420 2 1202411155.000237
014110052103311442020420 2 1202411155.000244
014110552103311442020420 2 1202411155.000250
014110052113311442020420 2 1202411155.000253
014110552103304442020420 2 1202411155.000307
014410052113304442020420 2 1202411155.000311
014110052103314442020420 2 1202411155.000324
014410052103314442020420 2 1202411155.000332
014110552103314442020420 2 1202411155.000335
014410552103314442020420 2 1202411155.000342
014110052113314442020420 2 1202411155.000346
014110052133314442020420 2 1202411155.000355
014110552103315442020420 2 1202411155.000403
014210252503350442020011 2 1202411155.000507
014210252503301442020011 2 1202411155.000512
014210252503311442020011 2 1202411155.000516
014210252503351442020011 2 1202411155.000521
014210252503352442020011 2 1202411155.000525
014210252503304442020011 2 1202411155.000530
014210252503314442020011 2 1202411155.000535
014210252503354442020011 2 1202411155.000540
014210252503305442020011 2 1202411155.000545
014210252503355442020011 2 1202411155.000549
014410252503300442020111 2 1202411155.000559
014510252503300442020111 2 1202411155.000603
014510202503310442020111 2 1202411155.000607
014410252503310442020111 2 1202411155.000612
014510252503310442020111 2 1202411155.000616
014210252503301442020111 2 1202411155.000622
014410252503301442020111 2 1202411155.000626
014510252503301442020111 2 1202411155.000630
014510202503311442020111 2 1202411155.000635
014210252503311442020111 2 1202411155.000639
014410252503311442020111 2 1202411155.000643
014510252503311442020111 2 1202411155.000647
014210252503304442020111 2 1202411155.000652
014410252503304442020111 2 1202411155.000656
014510252503304442020111 2 1202411155.000701
014510202503314442020111 2 1202411155.000705
014210252503314442020111 2 1202411155.000710
014410252503314442020111 2 1202411155.000714
014510252503314442020111 2 1202411155.000718
014510202533314442020111 2 1202411155.000723
014210252503300442020021 2 1202411155.000744
014510052103310442020021 2 1202411155.000749
014510552103310442020021 2 1202411155.000754
014510052113310442020021 2 1202411155.000758
014210252503350442020021 2 1202411155.000806
014210252503301442020021 2 1202411155.000813
014110052133301442020021 2 1202411155.000817
014510052103311442020021 2 1202411155.000823
014510552103311442020021 2 1202411155.000827
014510052113311442020021 2 1202411155.000835
014110052133311442020021 2 1202411155.000839
014210252503351442020021 2 1202411155.000848
014210252503302442020021 2 1202411155.000855
014510052103312442020021 2 1202411155.000859
014510552103312442020021 2 1202411155.000903
014510052113312442020021 2 1202411155.000907
014210252503352442020021 2 1202411155.000914
014410552103304442020021 2 1202411155.000918
014210252503304442020021 2 1202411155.000923
014510052103314442020021 2 1202411155.000928
014110552103314442020021 2 1202411155.000932
014410552103314442020021 2 1202411155.000936
014510552103314442020021 2 1202411155.000940
014210252503314442020021 2 1202411155.000944
014510052113314442020021 2 1202411155.000948
014110052133314442020021 2 1202411155.000952
014210252503354442020021 2 1202411155.001001
014210252503305442020021 2 1202411155.001006
014510052103315442020021 2 1202411155.001010
014510552103315442020021 2 1202411155.001014
014510052113315442020021 2 1202411155.001018
014210252503355442020021 2 1202411155.001025
014210252503300442020121 2 1202411155.001033
014410252503300442020121 2 1202411155.001037
014510052103310442020121 2 1202411155.001042
014410552103310442020121 2 1202411155.001047
014510552103310442020121 2 1202411155.001051
014010252503310442020121 2 1202411155.001055
014510252503310442020121 2 1202411155.001100
014510052113310442020121 2 1202411155.001104
014010252503350442020121 2 1202411155.001113
014510252503350442020121 2 1202411155.001118
014210252503301442020121 2 1202411155.001126
014410252503301442020121 2 1202411155.001130
014510052103311442020121 2 1202411155.001140
014510552103311442020121 2 1202411155.001144
014510202503311442020121 2 1202411155.001148
014010252503311442020121 2 1202411155.001153
014210252503311442020121 2 1202411155.001157
014410252503311442020121 2 1202411155.001201
014510252503311442020121 2 1202411155.001206
014510052113311442020121 2 1202411155.001210
014010252503351442020121 2 1202411155.001219
014510252503351442020121 2 1202411155.001224
014210252503302442020121 2 1202411155.001234
014510052103312442020121 2 1202411155.001238
014510552103312442020121 2 1202411155.001242
014010252503312442020121 2 1202411155.001246
014510252503312442020121 2 1202411155.001251
014510052113312442020121 2 1202411155.001255
014010252503352442020121 2 1202411155.001302
014510252503352442020121 2 1202411155.001307
014210252503304442020121 2 1202411155.001317
014410252503304442020121 2 1202411155.001322
014510052103314442020121 2 1202411155.001329
014110552103314442020121 2 1202411155.001333
014410552103314442020121 2 1202411155.001339
014510552103314442020121 2 1202411155.001343
014510202503314442020121 2 1202411155.001347
014010252503314442020121 2 1202411155.001352
014210252503314442020121 2 1202411155.001356
014410252503314442020121 2 1202411155.001400
014510252503314442020121 2 1202411155.001405
014510052113314442020121 2 1202411155.001409
014010252503354442020121 2 1202411155.001426
014510252503354442020121 2 1202411155.001430
014210252503305442020121 2 1202411155.001438
014510052103315442020121 2 1202411155.001442
014510552103315442020121 2 1202411155.001446
014010252503315442020121 2 1202411155.001451
014510252503315442020121 2 1202411155.001455
014510052113315442020121 2 1202411155.001459
014010252503355442020121 2 1202411155.001507
014510252503355442020121 2 1202411155.001511
014410552103300442020221 2 1202411155.001521
014410552103310442020221 2 1202411155.001528
014110052113310442020221 2 1202411155.001533
014110052113350442020221 2 1202411155.001543
014110052103301442020221 2 1202411155.001547
014110052113301442020221 2 1202411155.001551
014110052103311442020221 2 1202411155.001558
014510052103311442020221 2 1202411155.001602
014510552103311442020221 2 1202411155.001606
014110052113311442020221 2 1202411155.001610
014510052113311442020221 2 1202411155.001614
014110052103351442020221 2 1202411155.001619
014110052113351442020221 2 1202411155.001624
014410552103304442020221 2 1202411155.001631
014110052103314442020221 2 1202411155.001638
014510052103314442020221 2 1202411155.001642
014110552103314442020221 2 1202411155.001645
014510552103314442020221 2 1202411155.001650
014110052113314442020221 2 1202411155.001654
014510052113314442020221 2 1202411155.001658
014510552103315442020221 2 1202411155.001705
014410552103300442020421 2 1202411155.001715
014410052113300442020421 2 1202411155.001719
014110052103310442020421 2 1202411155.001725
014410052103310442020421 2 1202411155.001729
014510052103310442020421 2 1202411155.001733
014110552103310442020421 2 1202411155.001736
014410552103310442020421 2 1202411155.001740
014510052113310442020421 2 1202411155.001747
014410052103301442020421 2 1202411155.001757
014210052113301442020421 2 1202411155.001801
014410052113301442020421 2 1202411155.001805
014110052103311442020421 2 1202411155.001811
014410052103311442020421 2 1202411155.001815
014510052103311442020421 2 1202411155.001819
014210552103311442020421 2 1202411155.001823
014110052113311442020421 2 1202411155.001826
014410052113311442020421 2 1202411155.001832
014510052113311442020421 2 1202411155.001836
014110052133311442020421 2 1202411155.001840
014510052103312442020421 2 1202411155.001849
014510052113312442020421 2 1202411155.001853
014210552103304442020421 2 1202411155.001902
014410552103304442020421 2 1202411155.001905
014110052103314442020421 2 1202411155.001915
014410052103314442020421 2 1202411155.001922
014510052103314442020421 2 1202411155.001925
014110552103314442020421 2 1202411155.001929
014210552103314442020421 2 1202411155.001933
014410552103314442020421 2 1202411155.001936
014110052113314442020421 2 1202411155.001940
014510052113314442020421 2 1202411155.001948
014110052133314442020421 2 1202411155.001952
014110052103315442020421 2 1202411155.002000
014510052103315442020421 2 1202411155.002004
014210052113315442020421 2 1202411155.002007
014410052113315442020421 2 1202411155.002011
014510052113315442020421 2 1202411155.002015
014510052103310442020521 2 1202411155.002028
014510052113310442020521 2 1202411155.002038
014510052103311442020521 2 1202411155.002050
014510052113311442020521 2 1202411155.002055
014510052103312442020521 2 1202411155.002108
014510052113312442020521 2 1202411155.002112
014410552103304442020521 2 1202411155.002120
014510052103314442020521 2 1202411155.002128
014110552103314442020521 2 1202411155.002132
014510052113314442020521 2 1202411155.002140
014510052103315442020521 2 1202411155.002152
014510052113315442020521 2 1202411155.002157
011510202553300442020141 2 1202411155.002216
011510252553300442020141 2 1202411155.002221
011510202553310442020141 2 1202411155.002228
011010252553310442020141 2 1202411155.002232
011510252553310442020141 2 1202411155.002236
011510202553301442020141 2 1202411155.002247
011510252553301442020141 2 1202411155.002252
011510202553311442020141 2 1202411155.002301
011010252553311442020141 2 1202411155.002305
011510252553311442020141 2 1202411155.002310
011510202553304442020141 2 1202411155.002334
011510252553304442020141 2 1202411155.002338
011510202553314442020141 2 1202411155.002346
011010252553314442020141 2 1202411155.002350
011510252553314442020141 2 1202411155.002356
014110252035304142020412 2 1202411155.002430
014410052103300442020222 2 1202411155.002528
014110552103300442020222 2 1202411155.002532
014410552103300442020222 2 1202411155.002535
014410052113300442020222 2 1202411155.002539
014410052103310442020222 2 1202411155.002544
014110552103310442020222 2 1202411155.002547
014410552103310442020222 2 1202411155.002551
014410052113310442020222 2 1202411155.002555
014110052103350442020222 2 1202411155.002600
014110552103350442020222 2 1202411155.002604
014110052113350442020222 2 1202411155.002609
014410052113350442020222 2 1202411155.002612
014110052103301442020222 2 1202411155.002616
014410052103301442020222 2 1202411155.002620
014410052113301442020222 2 1202411155.002625
014110052103311442020222 2 1202411155.002629
014410052103311442020222 2 1202411155.002633
014410052113311442020222 2 1202411155.002637
014410052103304442020222 2 1202411155.002641
014410552103304442020222 2 1202411155.002645
014410052113304442020222 2 1202411155.002649
014110052103314442020222 2 1202411155.002653
014410052103314442020222 2 1202411155.002657
014110552103314442020222 2 1202411155.002700
014410552103314442020222 2 1202411155.002704
014410052113314442020222 2 1202411155.002708
014110552103305442020222 2 1202411155.002713
014410052103300442020422 2 1202411155.002743
014410552103300442020422 2 1202411155.002746
014410052113300442020422 2 1202411155.002750
014510052103310442020422 2 1202411155.002759
014510552103310442020422 2 1202411155.002803
014510052113310442020422 2 1202411155.002806
014110552133310442020422 2 1202411155.002810
014410052103301442020422 2 1202411155.002817
014410052113301442020422 2 1202411155.002821
014510052103311442020422 2 1202411155.002828
014510552103311442020422 2 1202411155.002831
014110052113311442020422 2 1202411155.002835
014510052113311442020422 2 1202411155.002838
014110552133311442020422 2 1202411155.002842
014510052103312442020422 2 1202411155.002845
014510552103312442020422 2 1202411155.002849
014510052113312442020422 2 1202411155.002852
014110552133312442020422 2 1202411155.002855
014410052103304442020422 2 1202411155.002901
014410552103304442020422 2 1202411155.002905
014410052113304442020422 2 1202411155.002908
014110552133304442020422 2 1202411155.002913
014110552131314442020422 2 1202411155.002918
014110052103314442020422 2 1202411155.002922
014510052103314442020422 2 1202411155.002926
014510552103314442020422 2 1202411155.002929
014110052113314442020422 2 1202411155.002933
014510052113314442020422 2 1202411155.002936
014110552133314442020422 2 1202411155.002943
014510052103315442020422 2 1202411155.002948
014510552103315442020422 2 1202411155.002952
014110052113315442020422 2 1202411155.002955
014510052113315442020422 2 1202411155.002959
014110552133315442020422 2 1202411155.003002
015510552131304042020522 2 1202411155.003016
015510552131304442020522 2 1202411155.003024
015110202035314042020414 2 1202411155.003154
015110222035314042020414 2 1202411155.003158
015110222035304142020414 2 1202411155.003202
015110222035314242020414 2 1202411155.003208
015110202035304442020414 2 1202411155.003212
015110202035314442020414 2 1202411155.003216
015110222035314442020414 2 1202411155.003219
015110222035304542020414 2 1202411155.003224
015110202035314542020414 2 1202411155.003227
014410052103300442020024 2 1202411155.003309
014410552103300442020024 2 1202411155.003313
014410052113300442020024 2 1202411155.003317
014210052103301442020024 2 1202411155.003339
014210052113301442020024 2 1202411155.003343
014110052133301442020024 2 1202411155.003348
014110052103311442020024 2 1202411155.003352
014210052103311442020024 2 1202411155.003356
014410052103311442020024 2 1202411155.003359
014110052113311442020024 2 1202411155.003403
014210052113311442020024 2 1202411155.003407
014410052113311442020024 2 1202411155.003410
014110052133311442020024 2 1202411155.003414
014110052103351442020024 2 1202411155.003420
014110052113351442020024 2 1202411155.003424
014110052133351442020024 2 1202411155.003428
014410052103304442020024 2 1202411155.003435
014410552103304442020024 2 1202411155.003439
014410052113304442020024 2 1202411155.003442
014110052103314442020024 2 1202411155.003450
014210052103314442020024 2 1202411155.003454
014410052103314442020024 2 1202411155.003457
014210552103314442020024 2 1202411155.003501
014410552103314442020024 2 1202411155.003505
014110052113314442020024 2 1202411155.003508
014210052113314442020024 2 1202411155.003512
014410052113314442020024 2 1202411155.003516
014110052133314442020024 2 1202411155.003520
014410052103300442020124 2 1202411155.003540
014410552103300442020124 2 1202411155.003543
014410052113300442020124 2 1202411155.003547
014410052103310442020124 2 1202411155.003551
014410552103310442020124 2 1202411155.003555
014410052113310442020124 2 1202411155.003559
014110052103301442020124 2 1202411155.003606
014210052103301442020124 2 1202411155.003609
014410052103301442020124 2 1202411155.003613
014110052113301442020124 2 1202411155.003617
014210052113301442020124 2 1202411155.003621
014410052113301442020124 2 1202411155.003624
014110052103311442020124 2 1202411155.003629
014210052103311442020124 2 1202411155.003633
014410052103311442020124 2 1202411155.003637
014510052103311442020124 2 1202411155.003640
014110052113311442020124 2 1202411155.003644
014210052113311442020124 2 1202411155.003648
014410052113311442020124 2 1202411155.003652
014510052113311442020124 2 1202411155.003655
014210052103351442020124 2 1202411155.003702
014510052103351442020124 2 1202411155.003705
014210052113351442020124 2 1202411155.003709
014510052113351442020124 2 1202411155.003713
014410052103304442020124 2 1202411155.003719
014410552103304442020124 2 1202411155.003723
014410052113304442020124 2 1202411155.003726
014110052103314442020124 2 1202411155.003731
014210052103314442020124 2 1202411155.003734
014410052103314442020124 2 1202411155.003738
014510052103314442020124 2 1202411155.003742
014110552103314442020124 2 1202411155.003745
014210552103314442020124 2 1202411155.003749
014410552103314442020124 2 1202411155.003753
014510552103314442020124 2 1202411155.003756
014110052113314442020124 2 1202411155.003800
014210052113314442020124 2 1202411155.003804
014410052113314442020124 2 1202411155.003807
014510052113314442020124 2 1202411155.003811
014410052103300442020224 2 1202411155.003833
014410552103300442020224 2 1202411155.003837
014410052113300442020224 2 1202411155.003840
014410052103310442020224 2 1202411155.003845
014410552103310442020224 2 1202411155.003848
014410052113310442020224 2 1202411155.003852
014110052103350442020224 2 1202411155.003858
014110552103350442020224 2 1202411155.003902
014110052103301442020224 2 1202411155.003907
014410052103301442020224 2 1202411155.003910
014110052113301442020224 2 1202411155.003914
014410052113301442020224 2 1202411155.003917
014110052103311442020224 2 1202411155.003921
014410052103311442020224 2 1202411155.003925
014110552103311442020224 2 1202411155.003929
014110052113311442020224 2 1202411155.003932
014410052113311442020224 2 1202411155.003936
014410052103304442020224 2 1202411155.003943
014410552103304442020224 2 1202411155.003947
014410052113304442020224 2 1202411155.003950
014110052103314442020224 2 1202411155.003954
014410052103314442020224 2 1202411155.003958
014110552103314442020224 2 1202411155.004001
014410552103314442020224 2 1202411155.004005
014110052113314442020224 2 1202411155.004009
014410052113314442020224 2 1202411155.004012
014110552103305442020224 2 1202411155.004017
014110052103315442020224 2 1202411155.004021
014110552103315442020224 2 1202411155.004024
014110052113315442020224 2 1202411155.004028
014110552131354042020424 2 1202411155.004042
014410052103300442020424 2 1202411155.004100
014410552103300442020424 2 1202411155.004104
014410052113300442020424 2 1202411155.004107
014210052103301442020424 2 1202411155.004115
014410052103301442020424 2 1202411155.004119
014110052113301442020424 2 1202411155.004122
014210052113301442020424 2 1202411155.004126
014410052113301442020424 2 1202411155.004130
014110052133301442020424 2 1202411155.004134
014110052103311442020424 2 1202411155.004137
014210052103311442020424 2 1202411155.004141
014110052113311442020424 2 1202411155.004145
014210052113311442020424 2 1202411155.004148
014410552131304442020424 2 1202411155.004155
014410552131314442020424 2 1202411155.004200
014110052103314442020424 2 1202411155.004204
014210052103314442020424 2 1202411155.004207
014210552103314442020424 2 1202411155.004211
014110052113314442020424 2 1202411155.004214
014210052113314442020424 2 1202411155.004218
014110052133314442020424 2 1202411155.004222
014110052103305442020424 2 1202411155.004226
014110052103315442020424 2 1202411155.004230
014210052103315442020424 2 1202411155.004233
014210552103315442020424 2 1202411155.004237
014210052113315442020424 2 1202411155.004240
012110552131304542020424 2 1202411155.004249
012410502113311442020244 2 1202411155.004346
012410502153311442020244 2 1202411155.004350
