0124100521333154424206262000 2 1202503156.201948
0124102521333154424206262000 2 1202503156.201950
0124103521333154424206262000 2 1202503156.201951
0124105521333154424206262000 2 1202503156.201953
0124106521333154424206262000 1 1202503156.201954
0124100521333154424606262000 2 1202503156.201955
0124102521333154424606262000 2 1202503156.201956
0124103521333154424606262000 2 1202503156.201956
0124105521333154424606262000 2 1202503156.201957
0124106521333154424606262000 1 1202503156.201957
0144152621353141424200000210 2 1202503156.201958
0144152621363541424200000210 1 1202503156.201958
0144152621303542424200000210 2 1202503156.201958
0144152621313542424200000210 2 1202503156.201958
0144152621333542424200000210 2 1202503156.201958
0144152621343542424200000210 2 1202503156.201958
0144152621353542424200000210 2 1202503156.201958
0144152621363542424200000210 1 1202503156.201958
0144152621353124424200000210 2 1202503156.201959
0144152621303546424200000210 2 1202503156.201959
0144152621313546424200000210 2 1202503156.202000
0144152621333546424200000210 2 1202503156.202000
0144152621343546424200000210 2 1202503156.202000
0144152621353546424200000210 2 1202503156.202000
0144152621363546424200000210 1 1202503156.202000
0144153621113542424200000120 2 1202503156.202000
0144150621333104424200000120 2 1202503156.202000
0144152621333104424200000120 2 1202503156.202000
0144153621333104424200000120 2 1202503156.202000
0144155621333104424200000120 2 1202503156.202000
0541156621333104424200000120 2 1202503156.202000
0144156621333104424200000120 2 1202503156.202000
0144150621333114424200000120 2 1202503156.202000
0144152621333114424200000120 2 1202503156.202000
0144153621333114424200000120 2 1202503156.202001
0144155621333114424200000120 2 1202503156.202001
0541156621333114424200000120 2 1202503156.202001
0144156621333114424200000120 2 1202503156.202001
0144150621333124424200000120 2 1202503156.202001
0144152621333124424200000120 2 1202503156.202001
0144153621333124424200000120 2 1202503156.202001
0144155621333124424200000120 2 1202503156.202001
0541156621333124424200000120 2 1202503156.202001
0144156621333124424200000120 2 1202503156.202001
0144150621333144424200000120 2 1202503156.202001
0144152621333144424200000120 2 1202503156.202001
0144153621333144424200000120 2 1202503156.202001
0144155621333144424200000120 2 1202503156.202001
0541156621333144424200000120 2 1202503156.202002
0144156621333144424200000120 2 1202503156.202002
0144150621333154424200000120 2 1202503156.202002
0144152621333154424200000120 2 1202503156.202002
0144153621333154424200000120 2 1202503156.202002
0144155621333154424200000120 2 1202503156.202002
0041106621333154424200000120 2 1202503156.202002
0541156621333154424200000120 2 1202503156.202002
0144156621333154424200000120 2 1202503156.202002
0144150621333164424200000120 2 1202503156.202002
0144152621333164424200000120 2 1202503156.202002
0144153621333164424200000120 2 1202503156.202002
0144155621333164424200000120 2 1202503156.202002
0541156621333164424200000120 2 1202503156.202002
0144156621333164424200000120 2 1202503156.202002
0144153621113546424200000120 2 1202503156.202003
0144153621313546424200000120 2 1202503156.202003
0160105220303041424204461320 6 1202503156.202003
0160105220303141424204461320 6 1202503156.202003
0160103220103045424204461320 6 1202503156.202003
0141162620533104424202660640 2 1202503156.202003
0141162620533114424202660640 2 1202503156.202003
0141162620533144424202660640 2 1202503156.202003
0121162620333054424202660640 2 1202503156.202003
0121162620333154424202660640 2 1202503156.202003
0141162620533164424202660640 2 1202503156.202003
0522152621353545424200100201 1 1202503156.202003
0114152220303040424601152301 1 1202503156.202003
0114152225303040424601152301 1 1202503156.202003
0114152220353040424601152301 1 1202503156.202003
0104152225353040424601152301 1 1202503156.202003
0114152225353040424601152301 1 1202503156.202004
0124152225353040424601152301 1 1202503156.202004
0144152225353040424601152301 1 1202503156.202004
0154152225353040424601152301 1 1202503156.202004
0164152225353040424601152301 1 1202503156.202004
0114152220303140424601152301 1 1202503156.202004
0114152225303140424601152301 1 1202503156.202004
0144152225303140424601152301 1 1202503156.202004
0114152220353140424601152301 1 1202503156.202004
0104152225353140424601152301 1 1202503156.202004
0114152225353140424601152301 1 1202503156.202004
0124152225353140424601152301 1 1202503156.202004
0144152225353140424601152301 1 1202503156.202004
0154152225353140424601152301 1 1202503156.202004
0164152225353140424601152301 1 1202503156.202004
0114152220303540424601152301 1 1202503156.202004
0114152225303540424601152301 1 1202503156.202004
0214152225303540424601152301 1 1202503156.202004
0114152220353540424601152301 1 1202503156.202004
0104152225353540424601152301 1 1202503156.202004
0204152225353540424601152301 1 1202503156.202004
0114152225353540424601152301 1 1202503156.202004
0214152225353540424601152301 1 1202503156.202005
0124152225353540424601152301 1 1202503156.202005
0224152225353540424601152301 1 1202503156.202005
0144152225353540424601152301 1 1202503156.202005
0244152225353540424601152301 1 1202503156.202005
0154152225353540424601152301 1 1202503156.202005
0254152225353540424601152301 1 1202503156.202005
0164152225353540424601152301 1 1202503156.202005
0264152225353540424601152301 1 1202503156.202005
0114152225303044424601152301 1 1202503156.202005
0104152225353044424601152301 1 1202503156.202005
0114152225353044424601152301 1 1202503156.202005
0124152225353044424601152301 1 1202503156.202005
0144152225353044424601152301 1 1202503156.202005
0154152225353044424601152301 1 1202503156.202005
0164152225353044424601152301 1 1202503156.202005
0022106021353045424601152301 2 1202503156.202005
0065102521303545424205110211 2 1202503156.202005
0055102621303545424205110211 2 1202503156.202005
0065102621303545424205110211 2 1202503156.202006
0055102521303546424205110211 2 1202503156.202006
0065102521303546424205110211 2 1202503156.202006
0055102621303546424205110211 2 1202503156.202006
0065102621303546424205110211 2 1202503156.202006
0524156021313040424206260621 2 1202503156.202006
0641106521313040424206260621 2 1202503156.202006
0524156521313040424206260621 2 1202503156.202006
0641166521313040424206260621 2 1202503156.202006
0524156621313040424206260621 2 1202503156.202006
0144166521313540424206260621 2 1202503156.202006
0144166621313540424206260621 2 1202503156.202006
0041105521333104424206260621 2 1202503156.202006
0041105621333104424206260621 2 1202503156.202006
0041105521333114424206260621 2 1202503156.202007
0041105621333114424206260621 2 1202503156.202007
0041105521333124424206260621 2 1202503156.202007
0041105621333124424206260621 2 1202503156.202007
0114102521333144424206260621 2 1202503156.202007
0041105521333144424206260621 2 1202503156.202007
0041105621333144424206260621 2 1202503156.202007
0041105521333154424206260621 2 1202503156.202007
0041105621333154424206260621 2 1202503156.202007
0041105521333164424206260621 2 1202503156.202007
0041105621333164424206260621 2 1202503156.202007
