0121102521333152424106441506 2 1202604164.211447
0121102520333154424106441506 2 1202604164.211448
0164102523333044464102212135 6 1202604164.211803
0164102523333044464202212135 6 1202604164.211805
0164102523333044464602212135 6 1202604164.211808
0141106621333144424211200524 2 1202604164.212243
0141106621333544424211200524 2 1202604164.212244
0141106125333102424511200524 2 1202604164.212247
0141106125333502424511200524 2 1202604164.212248
0141106125333602424511200524 2 1202604164.212248
0141106125333142424511200524 2 1202604164.212249
0141106125333542424511200524 2 1202604164.212250
0141106625333542424511200524 2 1202604164.212250
0141106621333144424511200524 2 1202604164.212252
0141106125333144424511200524 2 1202604164.212252
0141106625333544424511200524 2 1202604164.212254
