0121102521433102400102624001 1202405105.191408
0121102521433112400102624001 1202405105.191408
0121102521433122400102624001 1202405105.191408
0121102521433142400102624001 1202405105.191408
0121102521433152400102624001 1202405105.191408
0121102521433162400102624001 1202405105.191408
0121102521433102400202624001 1202405105.191408
0121102521433112400202624001 1202405105.191408
0121102521433122400202624001 1202405105.191409
0121102521433142400202624001 1202405105.191409
0121102521433152400202624001 1202405105.191409
0121102521433162400202624001 1202405105.191409
0122102521433062400106614201 1202405105.191409
0122102521433062400206614201 1202405105.191409
0121102621433012400102614501 1202405105.191442
0121102621433062400102614501 1202405105.191447
0121102621433012400202614501 1202405105.191503
0121102621433062400202614501 1202405105.191506
0121102621433012400102014501 1202405105.191506
0121102621433062400102014501 1202405105.191508
0121102621433012400202014501 1202405105.191508
0121102621433062400202014501 1202405105.191508
0121102621433012400102114501 1202405105.191509
0121102621433062400102114501 1202405105.191509
0121102621433012400202114501 1202405105.191509
0121102621433062400202114501 1202405105.191510
0121102621433012400102214501 1202405105.191510
0121102621433062400102214501 1202405105.191511
0121102621433012400202214501 1202405105.191511
0121102621433062400202214501 1202405105.191511
0121102621433012400102414501 1202405105.191512
0121102621433052400102414501 1202405105.191512
0121102621433062400102414501 1202405105.191512
0121102621433012400202414501 1202405105.191513
