011015202134302040420000 2 1202502042.183918
011015202134302140420000 2 1202502042.183918
011015202134352140420000 2 1202502042.183918
011215202134352140420000 2 1202502042.183918
011215202134352540420000 1 1202502042.183918
011015202030304042420000 1 1202502042.183918
002215002131304042420000 2 1202502042.183918
012115252143301040420510 2 1202502042.183918
011115252143311040420510 2 1202502042.183918
011115252143300240420510 2 1202502042.183918
012115252143300240420510 2 1202502042.183918
012115252143301240420510 2 1202502042.183918
011115252143311240420510 2 1202502042.183918
012115252143302240420510 2 1202502042.183918
012115252143304240420510 2 1202502042.183918
011115252143305240420510 2 1202502042.183918
012115252143305240420510 2 1202502042.183918
011010202134352140420120 2 1202502042.183918
011015202134352140420120 2 1202502042.183918
011010202134302540420120 2 1202502042.183918
011010202134312540420120 2 1202502042.183918
011010202134352540420120 2 1202502042.183918
001510202130304042420120 1 1202502042.183918
001510222130304042420120 1 1202502042.183918
001510232130304042420120 1 1202502042.183918
001510252130304042420120 1 1202502042.183918
001510202530304042420120 1 1202502042.183918
001510252530304042420120 1 1202502042.183918
002210502131304042420120 2 1202502042.183918
002210052131304042420120 2 1202502042.183918
004110552131304042420120 2 1202502042.183918
002210552131304042420120 2 1202502042.183918
001210222530314042420120 1 1202502042.183918
002210002131304042452011 2 1202502042.183918
005210002100304042422031 2 1202502042.183918
005210002110304042422031 2 1202502042.183918
005210002130304042422031 2 1202502042.183918
005210002140304042422031 2 1202502042.183918
005210002101304042422031 2 1202502042.183918
005210002111304042422031 2 1202502042.183918
005210002131304042422031 2 1202502042.183918
005210002141304042422031 2 1202502042.183918
005210002103304042422031 2 1202502042.183918
005210002113304042422031 2 1202502042.183918
005210002133304042422031 2 1202502042.183918
005210002143304042422031 2 1202502042.183918
005210002104304042422031 2 1202502042.183918
005210002114304042422031 2 1202502042.183918
005210002134304042422031 2 1202502042.183918
002215002131304042420010 2 1202502042.183918
002210002131304542420102 2 1202502042.183918
011010202134352140420020 2 1202502042.183918
011010202134302540420020 2 1202502042.183918
011010202134312540420020 2 1202502042.183918
011010202134352540420020 2 1202502042.183918
004115552131300042420020 2 1202502042.183918
004115552131310042420020 2 1202502042.183918
004115552131320042420020 2 1202502042.183918
004115552131340042420020 2 1202502042.183918
004115552131350042420020 2 1202502042.183918
001510202130304042420020 1 1202502042.183918
001515202130304042420020 1 1202502042.183918
001510222130304042420020 1 1202502042.183918
001515222130304042420020 1 1202502042.183918
001510232130304042420020 1 1202502042.183918
001515232130304042420020 1 1202502042.183918
001510252130304042420020 1 1202502042.183918
012110222053340442423000 2 1202502042.183918
012110222053341442423000 2 1202502042.183918
012110222053342442423000 2 1202502042.183918
012210502113344442423000 2 1202502042.183918
011110222053344442423000 2 1202502042.183918
012110222053344442423000 2 1202502042.183918
012210502114320043423000 2 1202502042.183918
011110222054320043423000 2 1202502042.183918
012110222054320043423000 2 1202502042.183918
012210502114321043423000 2 1202502042.183918
011110222054321043423000 2 1202502042.183918
012110222054321043423000 2 1202502042.183918
012210502114322043423000 2 1202502042.183918
011110222054322043423000 2 1202502042.183918
012110222054322043423000 2 1202502042.183918
012210502114324043423000 2 1202502042.183918
011110222054324043423000 2 1202502042.183918
012110222054324043423000 2 1202502042.183918
012210502114320143423000 2 1202502042.183918
011110222054320143423000 2 1202502042.183918
012110222054320143423000 2 1202502042.183918
012210502114321143423000 2 1202502042.183918
011110222054321143423000 2 1202502042.183918
012110222054321143423000 2 1202502042.183918
012210502114322143423000 2 1202502042.183918
011110222054322143423000 2 1202502042.183918
012110222054322143423000 2 1202502042.183918
012210502114324143423000 2 1202502042.183918
011110222054324143423000 2 1202502042.183918
012110222054324143423000 2 1202502042.183918
012210502114320243423000 2 1202502042.183918
011110222054320243423000 2 1202502042.183918
012110222054320243423000 2 1202502042.183918
012210502114321243423000 2 1202502042.183918
011110222054321243423000 2 1202502042.183918
012110222054321243423000 2 1202502042.183918
012210502114322243423000 2 1202502042.183918
011110222054322243423000 2 1202502042.183918
012110222054322243423000 2 1202502042.183918
012210502114324243423000 2 1202502042.183918
011110222054324243423000 2 1202502042.183918
012110222054324243423000 2 1202502042.183918
012210502114320443423000 2 1202502042.183918
011110222054320443423000 2 1202502042.183918
012110222054320443423000 2 1202502042.183918
012210502114321443423000 2 1202502042.183918
011110222054321443423000 2 1202502042.183918
012110222054321443423000 2 1202502042.183918
012210502114322443423000 2 1202502042.183918
011110222054322443423000 2 1202502042.183918
012110222054322443423000 2 1202502042.183918
012210502114324443423000 2 1202502042.183918
011110222054324443423000 2 1202502042.183918
012110222054324443423000 2 1202502042.183918
002210002131304042452130 2 1202502042.183918
002510002131304042452130 2 1202502042.183918
001215252130304042420500 1 1202502042.183918
001115202135304042420500 2 1202502042.183918
011010202134302540420520 2 1202502042.183918
011010202134312540420520 2 1202502042.183918
004115552131300042420520 2 1202502042.183918
004115552131310042420520 2 1202502042.183918
004115552131320042420520 2 1202502042.183918
004115552131340042420520 2 1202502042.183918
004115552131350042420520 2 1202502042.183918
011115222030304042420520 1 1202502042.183918
001510202130304042420520 1 1202502042.183919
001515202130304042420520 1 1202502042.183919
001510222130304042420520 1 1202502042.183919
001515222130304042420520 1 1202502042.183919
001510232130304042420520 1 1202502042.183919
001515232130304042420520 1 1202502042.183919
001510252130304042420520 1 1202502042.183919
001515252130304042420520 1 1202502042.183919
011010202134302540420420 2 1202502042.183919
011010202134312540420420 2 1202502042.183919
014410552131300042420420 2 1202502042.183919
014410552131310042420420 2 1202502042.183919
014410552131320042420420 2 1202502042.183919
014410552131340042420420 2 1202502042.183919
014410552131350042420420 2 1202502042.183919
001510202130304042420420 1 1202502042.183919
001510222130304042420420 1 1202502042.183919
001510232130304042420420 1 1202502042.183919
001510252130304042420420 1 1202502042.183919
014410352101304042420420 2 1202502042.183919
014410352111304042420420 2 1202502042.183919
002210502131304042420420 2 1202502042.183919
002210052131304042420420 2 1202502042.183919
004110552131304042420420 2 1202502042.183919
002210552131304042420420 2 1202502042.183919
014410552131300142420420 2 1202502042.183919
014410552131310142420420 2 1202502042.183919
014410552131320142420420 2 1202502042.183919
014410552131340142420420 2 1202502042.183919
014410552131350142420420 2 1202502042.183919
002210002531304042421030 2 1202502042.183919
002212002531304042421030 2 1202502042.183919
002213002531304042421030 2 1202502042.183919
002210022531304042421030 2 1202502042.183919
002212022531304042421030 2 1202502042.183919
002213022531304042421030 2 1202502042.183919
002210032531304042421030 2 1202502042.183919
002210002135304042421300 2 1202502042.183919
002210202135304042421300 1 1202502042.183919
002210302135304042421300 2 1202502042.183919
002210002135304142421300 2 1202502042.183919
002210202135304142421300 1 1202502042.183919
002510202135304142421300 1 1202502042.183919
002510222135304142421300 1 1202502042.183919
002510232135304142421300 1 1202502042.183919
002210002135304442421300 2 1202502042.183919
002210202135304442421300 2 1202502042.183919
002210302135304442421300 2 1202502042.183919
002210002131304542420442 2 1202502042.183919
012110222053340442423020 2 1202502042.183919
012110222053341442423020 2 1202502042.183919
012110222053342442423020 2 1202502042.183919
011110222053344442423020 2 1202502042.183919
012110222053344442423020 2 1202502042.183919
011110222054320043423020 2 1202502042.183919
012110222054320043423020 2 1202502042.183919
011110222054321043423020 2 1202502042.183919
012110222054321043423020 2 1202502042.183919
011110222054322043423020 2 1202502042.183919
012110222054322043423020 2 1202502042.183919
011110222054324043423020 2 1202502042.183919
012110222054324043423020 2 1202502042.183919
011110222054320143423020 2 1202502042.183919
012110222054320143423020 2 1202502042.183919
011110222054321143423020 2 1202502042.183919
012110222054321143423020 2 1202502042.183919
011110222054322143423020 2 1202502042.183919
012110222054322143423020 2 1202502042.183919
011110222054324143423020 2 1202502042.183919
012110222054324143423020 2 1202502042.183919
011110222054320243423020 2 1202502042.183919
012110222054320243423020 2 1202502042.183919
011110222054321243423020 2 1202502042.183919
012110222054321243423020 2 1202502042.183919
011110222054322243423020 2 1202502042.183919
012110222054322243423020 2 1202502042.183919
011110222054324243423020 2 1202502042.183919
012110222054324243423020 2 1202502042.183919
011110222054320443423020 2 1202502042.183919
012110222054320443423020 2 1202502042.183919
011110222054321443423020 2 1202502042.183919
012110222054321443423020 2 1202502042.183919
011110222054322443423020 2 1202502042.183919
012110222054322443423020 2 1202502042.183919
011110222054324443423020 2 1202502042.183919
012110222054324443423020 2 1202502042.183919
012210302114300045423220 2 1202502042.183919
011110222034300045423220 2 1202502042.183919
012110222034300045423220 2 1202502042.183919
011110222034301045423220 2 1202502042.183919
012110222034301045423220 2 1202502042.183919
011110222034302045423220 2 1202502042.183919
012110222034302045423220 2 1202502042.183919
011110222034304045423220 2 1202502042.183919
012110222034304045423220 2 1202502042.183919
012110222034300145423220 2 1202502042.183919
012210002134310145423220 2 1202502042.183919
012110222034301145423220 2 1202502042.183919
012210002134311145423220 2 1202502042.183919
012110222034302145423220 2 1202502042.183919
012210002134312145423220 2 1202502042.183919
012110222034304145423220 2 1202502042.183919
012210002134314145423220 2 1202502042.183919
011110222034300245423220 2 1202502042.183919
012110222034300245423220 2 1202502042.183919
012210002134310245423220 2 1202502042.183919
012210202134310245423220 2 1202502042.183919
012210302134310245423220 2 1202502042.183919
012210502134310245423220 2 1202502042.183919
011110222034301245423220 2 1202502042.183919
012110222034301245423220 2 1202502042.183919
012210002134311245423220 2 1202502042.183919
012210202134311245423220 2 1202502042.183919
012210302134311245423220 2 1202502042.183919
012210502134311245423220 2 1202502042.183919
011110222034302245423220 2 1202502042.183919
012110222034302245423220 2 1202502042.183919
012210002134312245423220 2 1202502042.183919
012210202134312245423220 2 1202502042.183919
012210302134312245423220 2 1202502042.183919
012210502134312245423220 2 1202502042.183919
011110222034304245423220 2 1202502042.183919
012110222034304245423220 2 1202502042.183919
012210002134314245423220 2 1202502042.183919
012210202134314245423220 2 1202502042.183919
012210302134314245423220 2 1202502042.183919
012210502134314245423220 2 1202502042.183919
012110222034300445423220 2 1202502042.183919
012110222034301445423220 2 1202502042.183919
012110222034302445423220 2 1202502042.183919
012110222034304445423220 2 1202502042.183919
012210302114300045423210 2 1202502042.183919
011110222034300045423210 2 1202502042.183919
012110222034300045423210 2 1202502042.183919
011110222034301045423210 2 1202502042.183919
012110222034301045423210 2 1202502042.183919
011110222034302045423210 2 1202502042.183919
012110222034302045423210 2 1202502042.183919
011110222034304045423210 2 1202502042.183919
012110222034304045423210 2 1202502042.183919
012110222034300145423210 2 1202502042.183919
012210002134310145423210 2 1202502042.183919
012110222034301145423210 2 1202502042.183919
012210002134311145423210 2 1202502042.183919
012110222034302145423210 2 1202502042.183919
012210002134312145423210 2 1202502042.183919
012110222034304145423210 2 1202502042.183919
012210002134314145423210 2 1202502042.183919
011110222034300245423210 2 1202502042.183919
012110222034300245423210 2 1202502042.183919
012210002134310245423210 2 1202502042.183919
012210202134310245423210 2 1202502042.183919
012210302134310245423210 2 1202502042.183919
012210502134310245423210 2 1202502042.183919
011110222034301245423210 2 1202502042.183919
012110222034301245423210 2 1202502042.183919
012210002134311245423210 2 1202502042.183919
012210202134311245423210 2 1202502042.183919
012210302134311245423210 2 1202502042.183919
012210502134311245423210 2 1202502042.183919
011110222034302245423210 2 1202502042.183919
012110222034302245423210 2 1202502042.183919
012210002134312245423210 2 1202502042.183919
012210202134312245423210 2 1202502042.183919
012210302134312245423210 2 1202502042.183919
012210502134312245423210 2 1202502042.183919
011110222034304245423210 2 1202502042.183919
012110222034304245423210 2 1202502042.183919
012210002134314245423210 2 1202502042.183919
012210202134314245423210 2 1202502042.183919
012210302134314245423210 2 1202502042.183919
012210502134314245423210 2 1202502042.183919
012110222034300445423210 2 1202502042.183919
012110222034301445423210 2 1202502042.183919
012110222034302445423210 2 1202502042.183919
012110222034304445423210 2 1202502042.183919
051415202530305042420141 2 1202502042.183919
051410222530305042420141 2 1202502042.183919
051415202530315042420141 2 1202502042.183919
051410222530315042420141 2 1202502042.183919
051415202530325042420141 2 1202502042.183919
051410222530325042420141 2 1202502042.183919
051415202530345042420141 2 1202502042.183919
051410222530345042420141 2 1202502042.183919
051415202530355042420141 2 1202502042.183919
051410222530355042420141 2 1202502042.183919
012210302114300045423200 2 1202502042.183919
011110222034300045423200 2 1202502042.183919
012110222034300045423200 2 1202502042.183919
011110222034301045423200 2 1202502042.183919
012110222034301045423200 2 1202502042.183919
011110222034302045423200 2 1202502042.183919
012110222034302045423200 2 1202502042.183919
011110222034304045423200 2 1202502042.183920
012110222034304045423200 2 1202502042.183920
012110222034300145423200 2 1202502042.183920
012210002134310145423200 2 1202502042.183920
012110222034301145423200 2 1202502042.183920
012210002134311145423200 2 1202502042.183920
012110222034302145423200 2 1202502042.183920
012210002134312145423200 2 1202502042.183920
012110222034304145423200 2 1202502042.183920
012210002134314145423200 2 1202502042.183920
011110222034300245423200 2 1202502042.183920
012110222034300245423200 2 1202502042.183920
012210002134310245423200 2 1202502042.183920
012210202134310245423200 2 1202502042.183920
012210302134310245423200 2 1202502042.183920
012210502134310245423200 2 1202502042.183920
011110222034301245423200 2 1202502042.183920
012110222034301245423200 2 1202502042.183920
012210002134311245423200 2 1202502042.183920
012210202134311245423200 2 1202502042.183920
012210302134311245423200 2 1202502042.183920
012210502134311245423200 2 1202502042.183920
011110222034302245423200 2 1202502042.183920
012110222034302245423200 2 1202502042.183920
012210002134312245423200 2 1202502042.183920
012210202134312245423200 2 1202502042.183920
012210302134312245423200 2 1202502042.183920
012210502134312245423200 2 1202502042.183920
011110222034304245423200 2 1202502042.183920
012110222034304245423200 2 1202502042.183920
012210002134314245423200 2 1202502042.183920
012210202134314245423200 2 1202502042.183920
012210302134314245423200 2 1202502042.183920
012210502134314245423200 2 1202502042.183920
012110222034300445423200 2 1202502042.183920
012110222034301445423200 2 1202502042.183920
012110222034302445423200 2 1202502042.183920
012110222034304445423200 2 1202502042.183920
011010202134302540420220 2 1202502042.183920
011010202134312540420220 2 1202502042.183920
001510202130304042420220 1 1202502042.183920
001510222130304042420220 1 1202502042.183920
001510232130304042420220 1 1202502042.183920
001510252130304042420220 1 1202502042.183920
002210502131304042420220 2 1202502042.183920
002210052131304042420220 2 1202502042.183920
004110552131304042420220 2 1202502042.183920
002210552131304042420220 2 1202502042.183920
002210502131304142420220 2 1202502042.183920
002210052131304142420220 2 1202502042.183920
002210502131314042423042 2 1202502042.183920
011110222053340442423042 2 1202502042.183920
012110222053340442423042 2 1202502042.183920
011110222053341442423042 2 1202502042.183920
012110222053341442423042 2 1202502042.183920
011110222053342442423042 2 1202502042.183920
012110222053342442423042 2 1202502042.183920
011110222053344442423042 2 1202502042.183920
012110222053344442423042 2 1202502042.183920
011110222054320043423042 2 1202502042.183920
012110222054320043423042 2 1202502042.183920
011110222054321043423042 2 1202502042.183920
012110222054321043423042 2 1202502042.183920
011110222054322043423042 2 1202502042.183920
012110222054322043423042 2 1202502042.183920
011110222054324043423042 2 1202502042.183920
012110222054324043423042 2 1202502042.183920
011110222054320143423042 2 1202502042.183920
012110222054320143423042 2 1202502042.183920
011110222054321143423042 2 1202502042.183920
012110222054321143423042 2 1202502042.183920
011110222054322143423042 2 1202502042.183920
012110222054322143423042 2 1202502042.183920
011110222054324143423042 2 1202502042.183920
012110222054324143423042 2 1202502042.183920
011110222054320243423042 2 1202502042.183920
012110222054320243423042 2 1202502042.183920
011110222054321243423042 2 1202502042.183920
012110222054321243423042 2 1202502042.183920
011110222054322243423042 2 1202502042.183920
012110222054322243423042 2 1202502042.183920
011110222054324243423042 2 1202502042.183920
012110222054324243423042 2 1202502042.183920
011110222054320443423042 2 1202502042.183920
012110222054320443423042 2 1202502042.183920
011110222054321443423042 2 1202502042.183920
012110222054321443423042 2 1202502042.183920
011110222054322443423042 2 1202502042.183920
012110222054322443423042 2 1202502042.183920
011110222054324443423042 2 1202502042.183920
012110222054324443423042 2 1202502042.183920
012110222053340442423021 2 1202502042.183920
012110222053341442423021 2 1202502042.183920
012110222053342442423021 2 1202502042.183920
012110222053344442423021 2 1202502042.183920
012110222054320043423021 2 1202502042.183920
012110222054321043423021 2 1202502042.183920
012110222054322043423021 2 1202502042.183920
012110222054324043423021 2 1202502042.183920
012110222054320143423021 2 1202502042.183920
012110222054321143423021 2 1202502042.183920
012110222054322143423021 2 1202502042.183920
012110222054324143423021 2 1202502042.183920
012110222054320243423021 2 1202502042.183920
012110222054321243423021 2 1202502042.183920
012110222054322243423021 2 1202502042.183920
012110222054324243423021 2 1202502042.183920
012110222054320443423021 2 1202502042.183920
012110222054321443423021 2 1202502042.183920
012110222054322443423021 2 1202502042.183920
012110222054324443423021 2 1202502042.183920
012110222053340442423024 2 1202502042.183920
012110222053341442423024 2 1202502042.183920
012110222053342442423024 2 1202502042.183920
004510552131300042420421 2 1202502042.183920
004510552131310042420421 2 1202502042.183920
004510552131320042420421 2 1202502042.183920
004510552131340042420421 2 1202502042.183920
004510552131350042420421 2 1202502042.183920
002510002131304042420421 2 1202502042.183920
002210502131304042420421 2 1202502042.183920
002510502131304042420421 2 1202502042.183920
002210052131304042420421 2 1202502042.183920
002510052131304042420421 2 1202502042.183920
002210552131304042420421 2 1202502042.183920
002510552131304042420421 2 1202502042.183920
004510552131300142420421 2 1202502042.183920
004510552131310142420421 2 1202502042.183920
004510552131320142420421 2 1202502042.183920
004510552131340142420421 2 1202502042.183920
004510552131350142420421 2 1202502042.183920
002510002131304142420421 2 1202502042.183920
002210502131304142420421 2 1202502042.183920
002510502131304142420421 2 1202502042.183920
002210052131304142420421 2 1202502042.183920
002510052131304142420421 2 1202502042.183920
002210552131304142420421 2 1202502042.183920
000510552131304142420421 2 1202502042.183920
001510552131304142420421 2 1202502042.183920
002510552131304142420421 2 1202502042.183920
004510552131304142420421 2 1202502042.183920
002210002131304542420202 2 1202502042.183920
002210002131304542420201 2 1202502042.183920
012410502113311442420242 2 1202502042.183920
012410502153311442420242 2 1202502042.183920
002210002131304542420242 2 1202502042.183920
002115002131354042420550 2 1202502042.183920
012115002131354042420550 2 1202502042.183920
022115002131354042420550 2 1202502042.183920
042115002131354042420550 2 1202502042.183920
052115002131354042420550 2 1202502042.183920
052115002131304142420550 2 1202502042.183920
002110002131354142420550 2 1202502042.183920
002215002131304042420052 2 1202502042.183920
002210002131304042452301 2 1202502042.183920
002210002131304142452301 2 1202502042.183920
002210002131304442452301 2 1202502042.183920
014410252130304042420410 1 1202502042.183920
014410252131304042420410 2 1202502042.183920
014410252133304042420410 2 1202502042.183920
014410252134304042420410 2 1202502042.183920
002210202135304042420410 1 1202502042.183920
002210202135304042420110 1 1202502042.183920
002210202135304042420210 1 1202502042.183920
