0122102025433510400605662103 1202405105.180612
0122106521433001400106264202 1202405105.180612
0122106521433011400106264202 1202405105.180612
0122106521433041400106264202 1202405105.180612
0122106521433051400106264202 1202405105.180612
0122106521433061400106264202 1202405105.180612
0122100521433006400106264202 1202405105.180612
0122102521433006400106264202 1202405105.180612
0122103521433006400106264202 1202405105.180613
0122104521433006400106264202 1202405105.180613
0122105521433006400106264202 1202405105.180613
0122106521433006400106264202 1202405105.180613
0122102521433016400106264202 1202405105.180613
0122104521433016400106264202 1202405105.180613
0122106521433016400106264202 1202405105.180613
0122100521433046400106264202 1202405105.180613
0122102521433046400106264202 1202405105.180613
0122103521433046400106264202 1202405105.180613
0122104521433046400106264202 1202405105.180613
0122105521433046400106264202 1202405105.180613
0122106521433046400106264202 1202405105.180613
0122100521433056400106264202 1202405105.180613
0122102521433056400106264202 1202405105.180613
0122103521433056400106264202 1202405105.180613
0122104521433056400106264202 1202405105.180613
0122105521433056400106264202 1202405105.180613
0122106521433056400106264202 1202405105.180613
0122100521433066400106264202 1202405105.180613
0122102521433066400106264202 1202405105.180614
0122103521433066400106264202 1202405105.180614
0122104521433066400106264202 1202405105.180614
0122105521433066400106264202 1202405105.180614
0122106521433066400106264202 1202405105.180614
0122106521433001400206264202 1202405105.180614
0122106521433011400206264202 1202405105.180614
0122106521433041400206264202 1202405105.180614
0122106521433051400206264202 1202405105.180614
0122106521433061400206264202 1202405105.180614
0122100521433006400206264202 1202405105.180614
0122102521433006400206264202 1202405105.180614
0122103521433006400206264202 1202405105.180614
0122104521433006400206264202 1202405105.180614
0122105521433006400206264202 1202405105.180614
0122106521433006400206264202 1202405105.180614
0122102521433016400206264202 1202405105.180614
0122104521433016400206264202 1202405105.180614
0122106521433016400206264202 1202405105.180614
0122100521433046400206264202 1202405105.180614
0122102521433046400206264202 1202405105.180615
0122103521433046400206264202 1202405105.180615
0122104521433046400206264202 1202405105.180615
0122105521433046400206264202 1202405105.180615
0122106521433046400206264202 1202405105.180615
0122100521433056400206264202 1202405105.180615
0122102521433056400206264202 1202405105.180615
0122103521433056400206264202 1202405105.180615
0122104521433056400206264202 1202405105.180615
0122105521433056400206264202 1202405105.180615
0122106521433056400206264202 1202405105.180615
0122100521433066400206264202 1202405105.180615
0122102521433066400206264202 1202405105.180615
0122103521433066400206264202 1202405105.180615
0122104521433066400206264202 1202405105.180615
0122105521433066400206264202 1202405105.180615
0122106521433066400206264202 1202405105.180615
0121102521433106400102464202 1202405105.180615
0121102521433116400102464202 1202405105.180615
0121102521433126400102464202 1202405105.180616
0121102521433146400102464202 1202405105.180616
0121102521433156400102464202 1202405105.180616
0121102521433166400102464202 1202405105.180616
0122106521433001400106224201 1202405105.180616
0122106521433011400106224201 1202405105.180616
0122106521433041400106224201 1202405105.180616
0122106521433141400106224201 1202405105.180616
0122106521433151400106224201 1202405105.180616
0122106521433061400106224201 1202405105.180616
0122100521433006400106224201 1202405105.180616
0122102521433006400106224201 1202405105.180616
0122103521433006400106224201 1202405105.180616
0122104521433006400106224201 1202405105.180616
0122105521433006400106224201 1202405105.180616
0122106521433006400106224201 1202405105.180616
0122102521433016400106224201 1202405105.180616
0122104521433016400106224201 1202405105.180616
0122106521433016400106224201 1202405105.180616
0122102521433116400106224201 1202405105.180616
0122104521433116400106224201 1202405105.180617
0122100521433046400106224201 1202405105.180617
0122102521433046400106224201 1202405105.180617
0122103521433046400106224201 1202405105.180617
0122104521433046400106224201 1202405105.180617
0122105521433046400106224201 1202405105.180617
0122106521433046400106224201 1202405105.180617
0122100521433146400106224201 1202405105.180617
0122102521433146400106224201 1202405105.180617
0122103521433146400106224201 1202405105.180617
0122104521433146400106224201 1202405105.180617
0122105521433146400106224201 1202405105.180617
0122106521433146400106224201 1202405105.180617
0122100521433156400106224201 1202405105.180617
0122102521433156400106224201 1202405105.180617
0122103521433156400106224201 1202405105.180617
0122104521433156400106224201 1202405105.180617
0122105521433156400106224201 1202405105.180617
0122106521433156400106224201 1202405105.180617
0122100521433066400106224201 1202405105.180617
0122102521433066400106224201 1202405105.180618
0122103521433066400106224201 1202405105.180618
0122104521433066400106224201 1202405105.180618
0122105521433066400106224201 1202405105.180618
0122106521433066400106224201 1202405105.180618
0122106521433001400206224201 1202405105.180618
0122106521433011400206224201 1202405105.180618
0122106521433041400206224201 1202405105.180618
0122106521433141400206224201 1202405105.180618
0122106521433151400206224201 1202405105.180618
0122106521433061400206224201 1202405105.180618
0122100521433006400206224201 1202405105.180618
0122102521433006400206224201 1202405105.180618
0122103521433006400206224201 1202405105.180618
0122104521433006400206224201 1202405105.180618
0122105521433006400206224201 1202405105.180618
0122106521433006400206224201 1202405105.180618
0122102521433016400206224201 1202405105.180618
0122104521433016400206224201 1202405105.180618
0122106521433016400206224201 1202405105.180618
0122102521433116400206224201 1202405105.180619
0122104521433116400206224201 1202405105.180619
0122100521433046400206224201 1202405105.180619
0122102521433046400206224201 1202405105.180619
0122103521433046400206224201 1202405105.180619
0122104521433046400206224201 1202405105.180619
0122105521433046400206224201 1202405105.180619
0122106521433046400206224201 1202405105.180619
0122100521433146400206224201 1202405105.180619
0122102521433146400206224201 1202405105.180619
0122103521433146400206224201 1202405105.180619
0122104521433146400206224201 1202405105.180619
0122105521433146400206224201 1202405105.180619
0122106521433146400206224201 1202405105.180619
0122100521433156400206224201 1202405105.180619
0122102521433156400206224201 1202405105.180619
0122103521433156400206224201 1202405105.180619
0122104521433156400206224201 1202405105.180619
0122105521433156400206224201 1202405105.180619
0122106521433156400206224201 1202405105.180619
0122100521433066400206224201 1202405105.180619
0122102521433066400206224201 1202405105.180620
0122103521433066400206224201 1202405105.180620
0122104521433066400206224201 1202405105.180620
0122105521433066400206224201 1202405105.180620
0122106521433066400206224201 1202405105.180620
0122106521433001400106214201 1202405105.180621
0122106521433011400106214201 1202405105.180621
0122106521433041400106214201 1202405105.180621
0122106521433051400106214201 1202405105.180621
0122106521433061400106214201 1202405105.180621
0122102521433006400106214201 1202405105.180622
0122106521433006400106214201 1202405105.180622
0122102521433016400106214201 1202405105.180622
0122106521433016400106214201 1202405105.180622
0122102521433046400106214201 1202405105.180622
0122106521433046400106214201 1202405105.180622
0122106521433056400106214201 1202405105.180622
0122102521433066400106214201 1202405105.180622
0122106521433066400106214201 1202405105.180622
0122106521433001400206214201 1202405105.180622
0122106521433011400206214201 1202405105.180622
0122106521433041400206214201 1202405105.180622
0122106521433051400206214201 1202405105.180622
0122106521433061400206214201 1202405105.180622
0122102521433006400206214201 1202405105.180622
0122106521433006400206214201 1202405105.180622
0122102521433016400206214201 1202405105.180622
0122106521433016400206214201 1202405105.180622
0122102521433046400206214201 1202405105.180622
0122106521433046400206214201 1202405105.180622
0122106521433056400206214201 1202405105.180623
0122102521433066400206214201 1202405105.180623
0122106521433066400206214201 1202405105.180623
0122106521433001400106214202 1202405105.180623
0122106521433011400106214202 1202405105.180623
0122106521433041400106214202 1202405105.180623
0122106521433051400106214202 1202405105.180623
0122106521433061400106214202 1202405105.180623
0122102521433006400106214202 1202405105.180623
0122106521433006400106214202 1202405105.180623
0122102521433016400106214202 1202405105.180623
0122106521433016400106214202 1202405105.180623
0122102521433046400106214202 1202405105.180623
0122106521433046400106214202 1202405105.180623
0122106521433056400106214202 1202405105.180623
0122102521433066400106214202 1202405105.180623
0122106521433066400106214202 1202405105.180623
0122106521433001400206214202 1202405105.180623
0122106521433011400206214202 1202405105.180623
0122106521433041400206214202 1202405105.180623
0122106521433051400206214202 1202405105.180624
0122106521433061400206214202 1202405105.180624
0122102521433006400206214202 1202405105.180624
0122106521433006400206214202 1202405105.180624
0122102521433016400206214202 1202405105.180624
0122106521433016400206214202 1202405105.180624
0122102521433046400206214202 1202405105.180624
0122106521433046400206214202 1202405105.180624
0122106521433056400206214202 1202405105.180624
0122102521433066400206214202 1202405105.180624
0122106521433066400206214202 1202405105.180624
0122106521433001400106264201 1202405105.180625
0122106521433011400106264201 1202405105.180625
0122106521433041400106264201 1202405105.180625
0122106521433051400106264201 1202405105.180625
0122106521433061400106264201 1202405105.180625
0122100521433006400106264201 1202405105.180625
0122102521433006400106264201 1202405105.180625
0122103521433006400106264201 1202405105.180625
0122104521433006400106264201 1202405105.180625
0122105521433006400106264201 1202405105.180625
0122106521433006400106264201 1202405105.180625
0122102521433016400106264201 1202405105.180626
0122104521433016400106264201 1202405105.180626
0122106521433016400106264201 1202405105.180626
0122100521433046400106264201 1202405105.180626
0122102521433046400106264201 1202405105.180626
0122103521433046400106264201 1202405105.180626
0122104521433046400106264201 1202405105.180626
0122105521433046400106264201 1202405105.180626
0122106521433046400106264201 1202405105.180626
0122100521433056400106264201 1202405105.180626
0122102521433056400106264201 1202405105.180626
0122103521433056400106264201 1202405105.180626
0122104521433056400106264201 1202405105.180626
0122105521433056400106264201 1202405105.180626
0122106521433056400106264201 1202405105.180626
0122100521433066400106264201 1202405105.180626
0122102521433066400106264201 1202405105.180626
0122103521433066400106264201 1202405105.180626
0122104521433066400106264201 1202405105.180626
0122105521433066400106264201 1202405105.180626
0122106521433066400106264201 1202405105.180626
0122106521433001400206264201 1202405105.180627
0122106521433011400206264201 1202405105.180627
0122106521433041400206264201 1202405105.180627
0122106521433051400206264201 1202405105.180627
0122106521433061400206264201 1202405105.180627
0122100521433006400206264201 1202405105.180627
0122102521433006400206264201 1202405105.180627
0122103521433006400206264201 1202405105.180627
0122104521433006400206264201 1202405105.180627
0122105521433006400206264201 1202405105.180627
0122106521433006400206264201 1202405105.180627
0122102521433016400206264201 1202405105.180627
0122104521433016400206264201 1202405105.180627
0122106521433016400206264201 1202405105.180627
0122100521433046400206264201 1202405105.180627
0122102521433046400206264201 1202405105.180627
0122103521433046400206264201 1202405105.180627
0122104521433046400206264201 1202405105.180627
0122105521433046400206264201 1202405105.180627
0122106521433046400206264201 1202405105.180627
0122100521433056400206264201 1202405105.180628
0122102521433056400206264201 1202405105.180628
0122103521433056400206264201 1202405105.180628
0122104521433056400206264201 1202405105.180628
0122105521433056400206264201 1202405105.180628
0122106521433056400206264201 1202405105.180628
0122100521433066400206264201 1202405105.180628
0122102521433066400206264201 1202405105.180628
0122103521433066400206264201 1202405105.180628
0122104521433066400206264201 1202405105.180628
0122105521433066400206264201 1202405105.180628
0122106521433066400206264201 1202405105.180628
0122106521433001400106224202 1202405105.180628
0122106521433011400106224202 1202405105.180628
0122106521433041400106224202 1202405105.180628
0122106521433141400106224202 1202405105.180628
0122106521433151400106224202 1202405105.180628
0122106521433061400106224202 1202405105.180628
0122100521433006400106224202 1202405105.180628
0122102521433006400106224202 1202405105.180628
0122103521433006400106224202 1202405105.180629
0122104521433006400106224202 1202405105.180629
0122105521433006400106224202 1202405105.180629
0122106521433006400106224202 1202405105.180629
0122102521433016400106224202 1202405105.180629
0122104521433016400106224202 1202405105.180629
0122106521433016400106224202 1202405105.180629
0122102521433116400106224202 1202405105.180629
0122104521433116400106224202 1202405105.180629
0122100521433046400106224202 1202405105.180629
0122102521433046400106224202 1202405105.180629
0122103521433046400106224202 1202405105.180629
0122104521433046400106224202 1202405105.180629
0122105521433046400106224202 1202405105.180629
0122106521433046400106224202 1202405105.180629
0122100521433146400106224202 1202405105.180629
0122102521433146400106224202 1202405105.180629
0122103521433146400106224202 1202405105.180629
0122104521433146400106224202 1202405105.180629
0122105521433146400106224202 1202405105.180629
0122106521433146400106224202 1202405105.180630
0122100521433156400106224202 1202405105.180630
0122102521433156400106224202 1202405105.180630
0122103521433156400106224202 1202405105.180630
0122104521433156400106224202 1202405105.180630
0122105521433156400106224202 1202405105.180630
0122106521433156400106224202 1202405105.180630
0122100521433066400106224202 1202405105.180630
0122102521433066400106224202 1202405105.180630
0122103521433066400106224202 1202405105.180630
0122104521433066400106224202 1202405105.180630
0122105521433066400106224202 1202405105.180630
0122106521433066400106224202 1202405105.180630
0122106521433001400206224202 1202405105.180630
0122106521433011400206224202 1202405105.180630
0122106521433041400206224202 1202405105.180630
0122106521433141400206224202 1202405105.180630
0122106521433151400206224202 1202405105.180630
0122106521433061400206224202 1202405105.180630
0122100521433006400206224202 1202405105.180630
0122102521433006400206224202 1202405105.180631
0122103521433006400206224202 1202405105.180631
0122104521433006400206224202 1202405105.180631
0122105521433006400206224202 1202405105.180631
0122106521433006400206224202 1202405105.180631
0122102521433016400206224202 1202405105.180631
0122104521433016400206224202 1202405105.180631
0122106521433016400206224202 1202405105.180631
0122102521433116400206224202 1202405105.180631
0122104521433116400206224202 1202405105.180631
0122100521433046400206224202 1202405105.180631
0122102521433046400206224202 1202405105.180631
0122103521433046400206224202 1202405105.180631
0122104521433046400206224202 1202405105.180631
0122105521433046400206224202 1202405105.180631
0122106521433046400206224202 1202405105.180631
0122100521433146400206224202 1202405105.180631
0122102521433146400206224202 1202405105.180631
0122103521433146400206224202 1202405105.180631
0122104521433146400206224202 1202405105.180631
0122105521433146400206224202 1202405105.180631
0122106521433146400206224202 1202405105.180632
0122100521433156400206224202 1202405105.180632
0122102521433156400206224202 1202405105.180632
0122103521433156400206224202 1202405105.180632
0122104521433156400206224202 1202405105.180632
0122105521433156400206224202 1202405105.180632
0122106521433156400206224202 1202405105.180632
0122100521433066400206224202 1202405105.180632
0122102521433066400206224202 1202405105.180632
0122103521433066400206224202 1202405105.180632
0122104521433066400206224202 1202405105.180632
0122105521433066400206224202 1202405105.180632
0122106521433066400206224202 1202405105.180632
0121104520433162400601661124 1202405105.180633
0121104521433162400601661124 1202405105.180633
0141102620363542420106211551 1202405105.180633
0141102620363646420106211551 1202405105.180633
0141102620363540420206211551 1202405105.180633
0141102620363640420206211551 1202405105.180633
0141102620363641420206211551 1202405105.180633
0141102620033114420206211551 1202405105.180633
0141102620363646420206211551 1202405105.180633
0146103520013044420601661124 1202405105.180633
0146103520013544420601661124 1202405105.180633
0146103520013564420601661124 1202405105.180633
0146102520333040420604111414 1202405105.180634
0146102520303140420604111414 1202405105.180634
0146102520303041420604111414 1202405105.180634
0146102520303042420604111414 1202405105.180634
0141102520033014420606161224 1202405105.180634
0146102520033014420606161224 1202405105.180634
0141102520033044420606161224 1202405105.180634
0146102520033044420606161224 1202405105.180634
0146106520033044420606161224 1202405105.180634
0146106520033144420606161224 1202405105.180634
0141102520033064420606161224 1202405105.180634
0146102520033064420606161224 1202405105.180634
