0122102021433165400115164502 2 1202406086.200319
0122102021433165400215164502 2 1202406086.200434
0122102021433165400515164502 2 1202406086.200552
0122105021433161400115264502 2 1202406086.200841
0122105021433161400215264502 2 1202406086.200957
0122105021433161400515264502 2 1202406086.201112
0122102021433165400115164505 2 1202406086.200449
0122102021433165400215164505 2 1202406086.200606
0122102021433165400515164505 2 1202406086.200723
0122105021433161400115264505 2 1202406086.201012
0122105021433161400215264505 2 1202406086.201129
0122105021433161400515264505 2 1202406086.201245
0122102021433165400115164501 2 1202406086.201033
0122102021433165400215164501 2 1202406086.201151
0122102021433165400515164501 2 1202406086.201307
0122105021433161400115264501 2 1202406086.201557
0122105021433161400215264501 2 1202406086.201712
0122105021433161400515264501 2 1202406086.201828
