0141102620363542420106211551 1202403166.032832
0141102620333504420106211551 1202403166.032858
0141102620333514420106211551 1202403166.032926
0141102620333524420106211551 1202403166.032952
0141102620333544420106211551 1202403166.033024
0141102620363544420106211551 1202403166.033043
0141102620363644420106211551 1202403166.033102
0141102620333554420106211551 1202403166.033127
0141102620333564420106211551 1202403166.033153
0141102620333545420106211551 1202403166.033227
0141102620363545420106211551 1202403166.033246
0141102620363645420106211551 1202403166.033304
0141102620333546420106211551 1202403166.033340
0141102620363546420106211551 1202403166.033358
0141102620363646420106211551 1202403166.033417
0141102620033110420206211551 1202403166.033441
0141102620333540420206211551 1202403166.033508
0141102620363540420206211551 1202403166.033527
0141102620363640420206211551 1202403166.033545
0141102620363641420206211551 1202403166.033604
0141102620363542420206211551 1202403166.033623
0141102620333504420206211551 1202403166.033651
0141102620033114420206211551 1202403166.033718
0141102620333514420206211551 1202403166.033739
0141102620333524420206211551 1202403166.033802
0141102620333544420206211551 1202403166.033832
0141102620363544420206211551 1202403166.033851
0141102620363644420206211551 1202403166.033909
0141102620333554420206211551 1202403166.033933
0141102620333564420206211551 1202403166.033956
0141102620033015420206211551 1202403166.034016
0141102620033045420206211551 1202403166.034039
0141102620333545420206211551 1202403166.034108
0141102620363545420206211551 1202403166.034126
0141102620363645420206211551 1202403166.034145
0141102620033016420206211551 1202403166.034204
0141102620033116420206211551 1202403166.034224
0141102620033146420206211551 1202403166.034251
0141102620333546420206211551 1202403166.034313
0141102620363546420206211551 1202403166.034331
0141102620363646420206211551 1202403166.034350
0141102620333504420606211551 1202403166.034410
0141102620333514420606211551 1202403166.034428
0141102620333524420606211551 1202403166.034447
0141102620333544420606211551 1202403166.034505
0141102620333554420606211551 1202403166.034524
0141102620333564420606211551 1202403166.034542
0141102620363545420606211551 1202403166.034601
0141102620363645420606211551 1202403166.034619
0141102620363546420606211551 1202403166.034638
0146100520033141420201661124 1202403166.054907
0146100520133141420201661124 1202403166.054930
0146105520033641420201661124 1202403166.055016
0146100520133061420201661124 1202403166.055055
0146100520133561420201661124 1202403166.055130
0146102520033010420601661124 1202403166.060209
0146106520033010420601661124 1202403166.060229
0146102520033510420601661124 1202403166.060258
0146106520033510420601661124 1202403166.060331
0146100520033060420601661124 1202403166.060723
0146102520033060420601661124 1202403166.060742
0146103520033060420601661124 1202403166.060801
0146104520033060420601661124 1202403166.060821
0146105520033060420601661124 1202403166.060840
0146106520033060420601661124 1202403166.060859
0146100520133060420601661124 1202403166.060919
0146100520033560420601661124 1202403166.060941
0146102520033560420601661124 1202403166.061000
0146103520033560420601661124 1202403166.061019
0146104520033560420601661124 1202403166.061039
0146105520033560420601661124 1202403166.061058
0146106520033560420601661124 1202403166.061117
0146100520133560420601661124 1202403166.061137
0146106520033011420601661124 1202403166.061210
0146106520033511420601661124 1202403166.061241
0146106520033041420601661124 1202403166.061313
0146105520033541420601661124 1202403166.061356
0146106520033061420601661124 1202403166.061447
0146106520033561420601661124 1202403166.061517
0146103520013044420601661124 1202403166.061835
0146103520013544420601661124 1202403166.061929
0146103520013564420601661124 1202403166.062152
0146102520033015420601661124 1202403166.062310
0146106520033015420601661124 1202403166.062330
0146102520033515420601661124 1202403166.062354
0146106520033515420601661124 1202403166.062413
0146100520033065420601661124 1202403166.062537
0146102520033065420601661124 1202403166.062556
0146103520033065420601661124 1202403166.062616
0146104520033065420601661124 1202403166.062635
0146105520033065420601661124 1202403166.062654
0146106520033065420601661124 1202403166.062714
0146100520133065420601661124 1202403166.062733
0146100520033565420601661124 1202403166.062756
0146102520033565420601661124 1202403166.062816
0146103520033565420601661124 1202403166.062835
0146104520033565420601661124 1202403166.062854
0146105520033565420601661124 1202403166.062914
0146106520033565420601661124 1202403166.062933
0146100520133565420601661124 1202403166.062953
