0122106521433010400106264201 1202403155.222859
0122106521433110400106264201 1202403155.222916
0122100521433060400106264201 1202403155.222934
0122102521433060400106264201 1202403155.222952
0122103521433060400106264201 1202403155.223010
0122104521433060400106264201 1202403155.223028
0122105521433060400106264201 1202403155.223046
0122106521433060400106264201 1202403155.223103
0122100521433160400106264201 1202403155.223121
0122102521433160400106264201 1202403155.223139
0122103521433160400106264201 1202403155.223157
0122104521433160400106264201 1202403155.223215
0122105521433160400106264201 1202403155.223233
0122106521433160400106264201 1202403155.223251
0122106521433001400106264201 1202403155.223309
0122106521433011400106264201 1202403155.223327
0122106521433041400106264201 1202403155.223344
0122106521433051400106264201 1202403155.223402
0122104521433061400106264201 1202403155.223420
0122106521433061400106264201 1202403155.223440
0122102521433014400106264201 1202403155.223500
0122106521433014400106264201 1202403155.223520
0122100521433064400106264201 1202403155.223540
0122102521433064400106264201 1202403155.223600
0122103521433064400106264201 1202403155.223619
0122104521433064400106264201 1202403155.223638
0122105521433064400106264201 1202403155.223656
0122106521433064400106264201 1202403155.223714
0122100521433006400106264201 1202403155.223732
0122102521433006400106264201 1202403155.223749
0122103521433006400106264201 1202403155.223807
0122104521433006400106264201 1202403155.223825
0122105521433006400106264201 1202403155.223842
0122106521433006400106264201 1202403155.223900
0122102521433016400106264201 1202403155.223918
0122104521433016400106264201 1202403155.223937
0122106521433016400106264201 1202403155.223955
0122100521433046400106264201 1202403155.224013
0122102521433046400106264201 1202403155.224031
0122103521433046400106264201 1202403155.224049
0122104521433046400106264201 1202403155.224106
0122105521433046400106264201 1202403155.224124
0122106521433046400106264201 1202403155.224142
0122100521433056400106264201 1202403155.224200
0122102521433056400106264201 1202403155.224218
0122103521433056400106264201 1202403155.224236
0122104521433056400106264201 1202403155.224254
0122105521433056400106264201 1202403155.224312
0122106521433056400106264201 1202403155.224330
0122100521433066400106264201 1202403155.224348
0122102521433066400106264201 1202403155.224406
0122103521433066400106264201 1202403155.224425
0122104521433066400106264201 1202403155.224443
0122105521433066400106264201 1202403155.224500
0122106521433066400106264201 1202403155.224518
0122106521433010400206264201 1202403155.224536
0122106521433110400206264201 1202403155.224554
0122100521433060400206264201 1202403155.224612
0122102521433060400206264201 1202403155.224629
0122103521433060400206264201 1202403155.224648
0122104521433060400206264201 1202403155.224705
0122105521433060400206264201 1202403155.224723
0122106521433060400206264201 1202403155.224741
0122100521433160400206264201 1202403155.224759
0122102521433160400206264201 1202403155.224817
0122103521433160400206264201 1202403155.224835
0122104521433160400206264201 1202403155.224853
0122105521433160400206264201 1202403155.224910
0122106521433160400206264201 1202403155.224929
0122106521433001400206264201 1202403155.224947
0122106521433011400206264201 1202403155.225005
0122106521433041400206264201 1202403155.225023
0122106521433051400206264201 1202403155.225041
0122104521433061400206264201 1202403155.225059
0122106521433061400206264201 1202403155.225117
0122102521433014400206264201 1202403155.225135
0122106521433014400206264201 1202403155.225153
0122100521433064400206264201 1202403155.225212
0122102521433064400206264201 1202403155.225229
0122103521433064400206264201 1202403155.225247
0122104521433064400206264201 1202403155.225306
0122105521433064400206264201 1202403155.225324
0122106521433064400206264201 1202403155.225342
0122100521433006400206264201 1202403155.225400
0122102521433006400206264201 1202403155.225417
0122103521433006400206264201 1202403155.225435
0122104521433006400206264201 1202403155.225453
0122105521433006400206264201 1202403155.225510
0122106521433006400206264201 1202403155.225528
0122102521433016400206264201 1202403155.225546
0122104521433016400206264201 1202403155.225604
0122106521433016400206264201 1202403155.225622
0122100521433046400206264201 1202403155.225640
0122102521433046400206264201 1202403155.225658
0122103521433046400206264201 1202403155.225716
0122104521433046400206264201 1202403155.225735
0122105521433046400206264201 1202403155.225753
0122106521433046400206264201 1202403155.225812
0122100521433056400206264201 1202403155.225830
0122102521433056400206264201 1202403155.225848
0122103521433056400206264201 1202403155.225906
0122104521433056400206264201 1202403155.225924
0122105521433056400206264201 1202403155.225942
0122106521433056400206264201 1202403155.230000
0122100521433066400206264201 1202403155.230018
0122102521433066400206264201 1202403155.230036
0122103521433066400206264201 1202403155.230054
0122104521433066400206264201 1202403155.230111
0122105521433066400206264201 1202403155.230129
0122106521433066400206264201 1202403155.230147
