00221000213131424242 2 1202502042.175848
00221000213331044242 2 1202502042.175849
00221020213331044242 2 1202502042.175851
00221030213331044242 2 1202502042.175853
00221000213331144242 2 1202502042.175854
00221020213331144242 2 1202502042.175856
00221030213331144242 2 1202502042.175857
00221000213331244242 2 1202502042.175859
00221020213331244242 2 1202502042.175900
00221030213331244242 2 1202502042.175902
00111020213030444242 1 1202502042.175904
00121020213030444242 1 1202502042.175905
00111022213030444242 1 1202502042.175907
00111023213030444242 1 1202502042.175908
00221030211130444242 2 1202502042.175910
00201000213130444242 2 1202502042.175911
00221000213130444242 2 1202502042.175913
00121020213130444242 2 1202502042.175915
00121020213330444242 2 1202502042.175916
00121020213430444242 2 1202502042.175918
00221000213131444242 2 1202502042.175919
00221030213131444242 2 1202502042.175921
00221000213331444242 2 1202502042.175922
00221020213331444242 2 1202502042.175924
00221030213331444242 2 1202502042.175925
