3226154728074
3226154727939
3226154729478
3226154725833
3226154721459
3226154708337
3226154668971
3226155082314
3226154196579
3226153133697
3226164293958
3226140379113
3226111681299
3226413008346
3225767307531
3228479250954
3222667943619
3215694374817
3288916847238
3132011549193
2943725191539
4920731946906
684288899691
3226154728053
3226154727918
3226154727756
3226154729457
3226154725812
3226154721438
3226154668950
3226155082293
3226154196558
3226153133676
3226164293937
3226140379092
3226111681278
3226413008325
3225767307510
3228479250933
3222667943598
3215694374796
3288916847217
3132011549172
2943725191518
4920731946885
684288899670
3226154728035
3226154727963
3226154727801
3226154729502
3226154725857
3226154721483
3226154708361
3226154668995
3226155082338
3226154196603
3226153133721
3226164293982
3226140379137
3226111681323
3226413008370
3225767307555
3228479250978
3222667943643
3215694374841
3288916847262
3132011549217
2943725191563
4920731946930
684288899715
3226154728089
3226154728152
3226154727855
3226154729556
3226154725911
3226154669049
3226155082392
3226154196657
3226153133775
3226164294036
3226140379191
3226111681377
3226413008424
3225767307609
3228479251032
3222667943697
3215694374895
3288916847316
3132011549271
2943725191617
4920731946984
684288899769
3226154727522
3226154727585
3226154727450
3226154728989
3226154725344
3226154720970
3226154668482
3226155081825
3226153133208
3226164293469
3226140378624
3226111680810
3226413007857
3225767307042
3228479250465
3222667943130
3215694374328
3288916846749
3132011548704
2943725191050
4920731946417
684288899202
3226154728737
3226154728800
3226154728665
3226154728503
3226154726559
3226154722185
3226154669697
3226155083040
3226154197305
3226153134423
3226164294684
3226140379839
3226111682025
3226413009072
3225767308257
3228479251680
3222667944345
3215694375543
3288916847964
3132011549919
2943725192265
4920731947632
684288900417
3226154730195
3226154730258
3226154730123
3226154729961
3226154731662
3226154723643
3226154671155
3226155084498
3226154198763
3226153135881
3226164296142
3226140381297
3226111683483
3226413010530
3225767309715
3228479253138
3222667945803
3215694377001
3288916849422
3132011551377
2943725193723
4920731949090
684288901875
3226154714886
3226154714949
3226154714814
3226154714652
3226154716353
3226154712708
3226154655846
3226155069189
3226154183454
3226153120572
3226164280833
3226140365988
3226111668174
3226412995221
3225767294406
3228479237829
3222667930494
3215694361692
3288916834113
3132011536068
2943725178414
4920731933781
684288886566
3226154747697
3226154747691
3226154747754
3226154747619
3226154747457
3226154749158
3226154745513
3226154741139
3226154688651
3226155101994
3226154216259
3226153153377
3226164313638
3226140398793
3226111700979
3226413028026
3225767327211
3228479270634
3222667963299
3215694394497
3288916866918
3132011568873
2943725211219
4920731966586
684288919371
3226154609910
3226154609973
3226154609676
3226154611377
3226154607732
3226154603358
3226154964213
3226153015596
3226164175857
3226140261012
3226111563198
3226412890245
3225767189430
3228479132853
3222667825518
3215694256716
3288916729137
3132011431092
2943725073438
4920731828805
684288781590
3226154905155
3226154905218
3226154905083
3226154904921
3226154906622
3226154902977
3226154898603
3226154846115
3226154373723
3226153310841
3226164471102
3226140556257
3226111858443
3226413185490
3225767484675
3228479428098
3222668120763
3215694551961
3288917024382
3132011726337
2943725368683
4920732124050
684289076835
3226155259449
3226155259512
3226155259377
3226155259215
3226155260916
3226155257271
3226155252897
3226155200409
3226155613752
3226153665135
3226164825396
3226140910551
3226112212737
3226413539784
3225767838969
3228479782392
3222668475057
3215694906255
3288917378676
3132012080631
2943725722977
4920732478344
684289431129
3226151539362
3226151539425
3226151539290
3226151539128
3226151540829
3226151537184
3226151532810
3226151480322
3226151893665
3226151007930
3226161105309
3226137190464
3226108492650
3226409819697
3225764118882
3228476062305
3222664754970
3215691186168
3288913658589
3132008360544
2943722002890
4920728758257
684285711042
3226159510977
3226159511040
3226159510905
3226159510743
3226159512444
3226159508799
3226159504425
3226159451937
3226159865280
3226158979545
3226157916663
3226145162079
3226116464265
3226417791312
3225772090497
3228484033920
3222672726585
3215699157783
3288921630204
3132016332159
2943729974505
4920736729872
684293682657
3226169076915
3226169076978
3226169076843
3226169076681
3226169078382
3226169074737
3226169070363
3226169017875
3226169431218
3226167482601
3226178642862
3226126030203
3226427357250
3225781656435
3228493599858
3222682292523
3215708723721
3288931196142
3132025898097
2943739540443
4920746295810
684303248595
3226068634566
3226068634629
3226068634494
3226068634332
3226068636033
3226068632388
3226068628014
3226068575526
3226068988869
3226068103134
3226067040252
3226078200513
3226054285668
3226326914901
3225681214086
3228393157509
3222581850174
3215608281372
3288830753793
3131925455748
2943639098094
4920645853461
684202806246
3226283868171
3226283868234
3226283868099
3226283867937
3226283869638
3226283865993
3226283861619
3226283809131
3226284222474
3226283336739
3226282273857
3226293434118
3226269519273
3226240821459
3225896447691
3228608391114
3222797083779
3215823514977
3289045987398
3132140689353
2943854331699
4920861087066
684418039851
3225379887030
3225379887093
3225379886958
3225379886796
3225379888497
3225379884852
3225379880478
3225379827990
3225380241333
3225379355598
3225378292716
3225389452977
3225365538132
3225336840318
3225638167365
3227704409973
3221893102638
3214919533836
3288142006257
3131236708212
2942950350558
4919957105925
683514058710
3227316989475
3227316989538
3227316989403
3227316989241
3227316990942
3227316982923
3227316930435
3227317343778
3227315395161
3227326555422
3227302640577
3227273942763
3227575269810
3226929568995
3223830205083
3216856636281
3290079108702
3133173810657
2944887453003
4921894208370
685451161155
3229641512409
3229641512472
3229641512337
3229641512175
3229641513876
3229641510231
3229641505857
3229641453369
3229641866712
3229640980977
3229639918095
3229651078356
3229627163511
3229598465697
3229899792744
3229254091929
3231966035352
3219181159215
3292403631636
3135498333591
2947211975937
4924218731304
687775684089
3205234021602
3205234021665
3205234021530
3205234021368
3205234023069
3205234019424
3205234015050
3205233962562
3205234375905
3205232427288
3205243587549
3205219672704
3205190974890
3205492301937
3204846601122
3207558544545
3201747237210
3267996140829
3111090842784
2922804485130
4899811240497
663368193282
3257535787617
3257535787680
3257535787545
3257535787383
3257535789084
3257535785439
3257535781065
3257535728577
3257536141920
3257535256185
3257534193303
3257545353564
3257521438719
3257492740905
3257794067952
3257148367137
3259860310560
3254049003225
3247075434423
3163392608799
2975106251145
4952113006512
715669959297
3320297906835
3320297906898
3320297906763
3320297906601
3320297908302
3320297904657
3320297900283
3320297847795
3320298261138
3320297375403
3320296312521
3320307472782
3320283557937
3320254860123
3320556187170
3319910486355
3322622429778
3316811122443
3309837553641
3383060026062
3037868370363
5014875125730
778432078515
2661295655046
2661295655109
2661295654974
2661295654812
2661295656513
2661295652868
2661295648494
2661295596006
2661296009349
2661295123614
2661294060732
2661305220993
2661281306148
2661252608334
2661553935381
2660908234566
2663620177989
2657808870654
2650835301852
2724057774273
2567152476228
4355872873941
119429826726
4073443337451
4073443337514
4073443337379
4073443337217
4073443338918
4073443335273
4073443330899
4073443278411
4073443691754
4073442806019
4073441743137
4073452903398
4073428988553
4073400290739
4073701617786
4073055916971
4075767860394
4069956553059
4062982984257
4136205456678
3979300158633
3791013800979
1531577509131
5768020556337
5768020556400
5768020556265
5768020556103
5768020557804
5768020554159
5768020549785
5768020497297
5768020910640
5768020024905
5768018962023
5768030122284
5768006207439
5767977509625
5768278836672
5767633135857
5770345079280
5764533771945
5757560203143
5830782675564
5673877377519
5485591019865
7462597775232
