3225379827990
3320297847795
3132011490141
684288840639
3225767248479
3227316930435
3226154846115
3226164234906
3226169017875
3226283809131
3226154669697
3226111622247
3226140320061
3226154668959
2661295596006
3228479191902
2943725132487
4920731887854
3226155023262
3226154671155
3226154655846
3226412949294
3226154668725
3288916788186
3226068575526
3229641453369
5768020497297
3257535728577
3226154670426
3226154668482
3226159451937
4073443278411
3226154662407
3226154668950
3222667884567
3205233962562
3215694315765
3226154666781
