1601407738
1601411834
1601415930
1601420026
1601669882
1601673978
1601678074
1601682170
1601932026
1601936122
1601940218
1601944314
1602194170
1602198266
1602202362
1602206458
1609796346
1609800442
1609804538
1609808634
1610058490
1610062586
1610066682
1610070778
1610320634
1610324730
1610328826
1610332922
1610582778
1610586874
1610590970
1610595066
2138278650
2138282746
2138286842
2138290938
2138540794
2138544890
2138548986
2138553082
2138802938
2138807034
2138811130
2138815226
2139065082
2139069178
2139073274
2139077370
2146667258
2146671354
2146929402
2146933498
2147191546
2147195642
2147199738
2147453690
2147457786
2147465978
