04211300220031004001 2 1202410163.183634
02411300220031004001 2 1202410163.183634
04121300220031004001 2 1202410163.183635
04221300220031004001 2 1202410163.183635
00421300220031004001 2 1202410163.183635
01421300220031004001 2 1202410163.183636
02421300220031004001 2 1202410163.183636
04421300220031004001 2 1202410163.183637
02141300220031004001 2 1202410163.183637
00241300220031004001 2 1202410163.183638
01241300220031004001 2 1202410163.183638
02241300220031004001 2 1202410163.183638
04241300220031004001 2 1202410163.183639
02441300220031004001 2 1202410163.183639
04211310220031004001 2 1202410163.183640
02411310220031004001 2 1202410163.183640
04121310220031004001 2 1202410163.183641
04221310220031004001 2 1202410163.183641
00421310220031004001 2 1202410163.183642
01421310220031004001 2 1202410163.183642
02421310220031004001 2 1202410163.183643
04421310220031004001 2 1202410163.183643
02141310220031004001 2 1202410163.183644
00241310220031004001 2 1202410163.183644
01241310220031004001 2 1202410163.183645
02241310220031004001 2 1202410163.183645
04241310220031004001 2 1202410163.183646
02441310220031004001 2 1202410163.183646
04111320220031004001 2 1202410163.183647
04211320220031004001 2 1202410163.183647
00411320220031004001 2 1202410163.183648
01411320220031004001 2 1202410163.183648
02411320220031004001 2 1202410163.183649
04411320220031004001 2 1202410163.183649
04121320220031004001 2 1202410163.183649
04221320220031004001 2 1202410163.183650
00421320220031004001 2 1202410163.183650
01421320220031004001 2 1202410163.183651
02421320220031004001 2 1202410163.183651
04421320220031004001 2 1202410163.183652
00141320220031004001 2 1202410163.183652
01141320220031004001 2 1202410163.183653
02141320220031004001 2 1202410163.183653
04141320220031004001 2 1202410163.183653
00241320220031004001 2 1202410163.183654
01241320220031004001 2 1202410163.183654
02241320220031004001 2 1202410163.183655
04241320220031004001 2 1202410163.183655
00441320220031004001 2 1202410163.183656
01441320220031004001 2 1202410163.183656
02441320220031004001 2 1202410163.183656
04441320220031004001 2 1202410163.183657
04211030220031004001 2 1202410163.183657
02411030220031004001 2 1202410163.183658
04121030220031004001 2 1202410163.183658
04221030220031004001 2 1202410163.183659
00421030220031004001 2 1202410163.183659
01421030220031004001 2 1202410163.183659
02421030220031004001 2 1202410163.183700
04421030220031004001 2 1202410163.183700
02141030220031004001 2 1202410163.183701
00241030220031004001 2 1202410163.183701
01241030220031004001 2 1202410163.183702
02241030220031004001 2 1202410163.183702
04241030220031004001 2 1202410163.183702
02441030220031004001 2 1202410163.183703
04211130220031004001 2 1202410163.183703
02411130220031004001 2 1202410163.183704
04121130220031004001 2 1202410163.183704
04221130220031004001 2 1202410163.183705
00421130220031004001 2 1202410163.183705
01421130220031004001 2 1202410163.183706
02421130220031004001 2 1202410163.183706
04421130220031004001 2 1202410163.183706
02141130220031004001 2 1202410163.183707
00241130220031004001 2 1202410163.183707
01241130220031004001 2 1202410163.183708
02241130220031004001 2 1202410163.183708
04241130220031004001 2 1202410163.183709
02441130220031004001 2 1202410163.183709
04111230220031004001 2 1202410163.183709
04211230220031004001 2 1202410163.183710
00411230220031004001 2 1202410163.183710
01411230220031004001 2 1202410163.183711
02411230220031004001 2 1202410163.183711
04411230220031004001 2 1202410163.183712
04121230220031004001 2 1202410163.183712
04221230220031004001 2 1202410163.183712
00421230220031004001 2 1202410163.183713
01421230220031004001 2 1202410163.183713
02421230220031004001 2 1202410163.183714
04421230220031004001 2 1202410163.183714
00141230220031004001 2 1202410163.183715
01141230220031004001 2 1202410163.183715
02141230220031004001 2 1202410163.183715
04141230220031004001 2 1202410163.183716
00241230220031004001 2 1202410163.183716
01241230220031004001 2 1202410163.183717
02241230220031004001 2 1202410163.183717
04241230220031004001 2 1202410163.183718
00441230220031004001 2 1202410163.183718
01441230220031004001 2 1202410163.183719
02441230220031004001 2 1202410163.183719
04441230220031004001 2 1202410163.183719
04211330220031004001 2 1202410163.183720
02411330220031004001 2 1202410163.183720
04121330220031004001 2 1202410163.183721
04221330220031004001 2 1202410163.183721
00421330220031004001 2 1202410163.183722
01421330220031004001 2 1202410163.183722
02421330220031004001 2 1202410163.183722
04421330220031004001 2 1202410163.183723
02141330220031004001 2 1202410163.183723
00241330220031004001 2 1202410163.183724
01241330220031004001 2 1202410163.183724
02241330220031004001 2 1202410163.183725
04241330220031004001 2 1202410163.183725
02441330220031004001 2 1202410163.183725
02111430220031004001 2 1202410163.183726
00211430220031004001 2 1202410163.183726
01211430220031004001 2 1202410163.183727
02211430220031004001 2 1202410163.183727
04211430220031004001 2 1202410163.183728
02411430220031004001 2 1202410163.183728
00121430220031004001 2 1202410163.183728
01121430220031004001 2 1202410163.183729
02121430220031004001 2 1202410163.183729
04121430220031004001 2 1202410163.183730
00221430220031004001 2 1202410163.183730
01221430220031004001 2 1202410163.183731
02221430220031004001 2 1202410163.183731
04221430220031004001 2 1202410163.183732
00421430220031004001 2 1202410163.183732
01421430220031004001 2 1202410163.183732
02421430220031004001 2 1202410163.183733
04421430220031004001 2 1202410163.183733
02141430220031004001 2 1202410163.183734
00241430220031004001 2 1202410163.183734
01241430220031004001 2 1202410163.183735
02241430220031004001 2 1202410163.183735
04241430220031004001 2 1202410163.183735
02441430220031004001 2 1202410163.183736
02111340220031004001 2 1202410163.183736
00211340220031004001 2 1202410163.183737
01211340220031004001 2 1202410163.183738
02211340220031004001 2 1202410163.183738
04211340220031004001 2 1202410163.183739
02411340220031004001 2 1202410163.183739
00121340220031004001 2 1202410163.183740
01121340220031004001 2 1202410163.183741
02121340220031004001 2 1202410163.183741
04121340220031004001 2 1202410163.183742
00221340220031004001 2 1202410163.183742
01221340220031004001 2 1202410163.183743
02221340220031004001 2 1202410163.183744
04221340220031004001 2 1202410163.183744
00421340220031004001 2 1202410163.183745
01421340220031004001 2 1202410163.183745
02421340220031004001 2 1202410163.183746
04421340220031004001 2 1202410163.183747
02141340220031004001 2 1202410163.183747
00241340220031004001 2 1202410163.183748
01241340220031004001 2 1202410163.183749
02241340220031004001 2 1202410163.183749
04241340220031004001 2 1202410163.183750
02441340220031004001 2 1202410163.183750
04111302220031004001 2 1202410163.183751
04211302220031004001 2 1202410163.183751
00411302220031004001 2 1202410163.183752
01411302220031004001 2 1202410163.183752
02411302220031004001 2 1202410163.183752
04411302220031004001 2 1202410163.183753
04121302220031004001 2 1202410163.183753
04221302220031004001 2 1202410163.183754
00421302220031004001 2 1202410163.183754
01421302220031004001 2 1202410163.183755
02421302220031004001 2 1202410163.183755
04421302220031004001 2 1202410163.183756
00141302220031004001 2 1202410163.183756
01141302220031004001 2 1202410163.183756
02141302220031004001 2 1202410163.183757
04141302220031004001 2 1202410163.183757
00241302220031004001 2 1202410163.183758
01241302220031004001 2 1202410163.183758
02241302220031004001 2 1202410163.183759
04241302220031004001 2 1202410163.183759
00441302220031004001 2 1202410163.183759
01441302220031004001 2 1202410163.183800
02441302220031004001 2 1202410163.183800
04441302220031004001 2 1202410163.183801
04111312220031004001 2 1202410163.183801
04211312220031004001 2 1202410163.183802
00411312220031004001 2 1202410163.183802
01411312220031004001 2 1202410163.183803
02411312220031004001 2 1202410163.183803
04411312220031004001 2 1202410163.183804
04121312220031004001 2 1202410163.183804
04221312220031004001 2 1202410163.183805
00421312220031004001 2 1202410163.183805
01421312220031004001 2 1202410163.183806
02421312220031004001 2 1202410163.183806
04421312220031004001 2 1202410163.183807
00141312220031004001 2 1202410163.183807
01141312220031004001 2 1202410163.183808
02141312220031004001 2 1202410163.183808
04141312220031004001 2 1202410163.183809
00241312220031004001 2 1202410163.183809
01241312220031004001 2 1202410163.183810
02241312220031004001 2 1202410163.183810
04241312220031004001 2 1202410163.183811
00441312220031004001 2 1202410163.183811
01441312220031004001 2 1202410163.183812
02441312220031004001 2 1202410163.183812
04441312220031004001 2 1202410163.183813
04111322220031004001 2 1202410163.183813
04211322220031004001 2 1202410163.183814
00411322220031004001 2 1202410163.183814
01411322220031004001 2 1202410163.183815
02411322220031004001 2 1202410163.183815
04411322220031004001 2 1202410163.183816
04121322220031004001 2 1202410163.183816
04221322220031004001 2 1202410163.183816
00421322220031004001 2 1202410163.183817
01421322220031004001 2 1202410163.183817
02421322220031004001 2 1202410163.183818
04421322220031004001 2 1202410163.183818
00141322220031004001 2 1202410163.183819
01141322220031004001 2 1202410163.183819
02141322220031004001 2 1202410163.183819
04141322220031004001 2 1202410163.183820
00241322220031004001 2 1202410163.183820
01241322220031004001 2 1202410163.183821
02241322220031004001 2 1202410163.183821
04241322220031004001 2 1202410163.183822
00441322220031004001 2 1202410163.183822
01441322220031004001 2 1202410163.183822
02441322220031004001 2 1202410163.183823
04441322220031004001 2 1202410163.183823
04111032220031004001 2 1202410163.183824
04211032220031004001 2 1202410163.183824
00411032220031004001 2 1202410163.183825
01411032220031004001 2 1202410163.183825
02411032220031004001 2 1202410163.183826
04411032220031004001 2 1202410163.183826
04121032220031004001 2 1202410163.183826
04221032220031004001 2 1202410163.183827
00421032220031004001 2 1202410163.183827
01421032220031004001 2 1202410163.183828
02421032220031004001 2 1202410163.183828
04421032220031004001 2 1202410163.183829
00141032220031004001 2 1202410163.183829
01141032220031004001 2 1202410163.183829
02141032220031004001 2 1202410163.183830
04141032220031004001 2 1202410163.183830
00241032220031004001 2 1202410163.183831
01241032220031004001 2 1202410163.183831
02241032220031004001 2 1202410163.183832
04241032220031004001 2 1202410163.183832
00441032220031004001 2 1202410163.183832
01441032220031004001 2 1202410163.183833
02441032220031004001 2 1202410163.183833
04441032220031004001 2 1202410163.183834
04111132220031004001 2 1202410163.183834
04211132220031004001 2 1202410163.183835
00411132220031004001 2 1202410163.183835
01411132220031004001 2 1202410163.183835
02411132220031004001 2 1202410163.183836
04411132220031004001 2 1202410163.183836
04121132220031004001 2 1202410163.183837
04221132220031004001 2 1202410163.183837
00421132220031004001 2 1202410163.183838
01421132220031004001 2 1202410163.183838
02421132220031004001 2 1202410163.183838
04421132220031004001 2 1202410163.183839
00141132220031004001 2 1202410163.183839
01141132220031004001 2 1202410163.183840
02141132220031004001 2 1202410163.183840
04141132220031004001 2 1202410163.183841
00241132220031004001 2 1202410163.183841
01241132220031004001 2 1202410163.183842
02241132220031004001 2 1202410163.183842
04241132220031004001 2 1202410163.183842
00441132220031004001 2 1202410163.183843
01441132220031004001 2 1202410163.183843
02441132220031004001 2 1202410163.183844
04441132220031004001 2 1202410163.183844
04111232220031004001 2 1202410163.183845
04211232220031004001 2 1202410163.183845
00411232220031004001 2 1202410163.183845
01411232220031004001 2 1202410163.183846
02411232220031004001 2 1202410163.183846
04411232220031004001 2 1202410163.183847
04121232220031004001 2 1202410163.183847
04221232220031004001 2 1202410163.183848
00421232220031004001 2 1202410163.183848
01421232220031004001 2 1202410163.183848
02421232220031004001 2 1202410163.183849
04421232220031004001 2 1202410163.183849
00141232220031004001 2 1202410163.183850
01141232220031004001 2 1202410163.183850
02141232220031004001 2 1202410163.183851
04141232220031004001 2 1202410163.183851
00241232220031004001 2 1202410163.183851
01241232220031004001 2 1202410163.183852
02241232220031004001 2 1202410163.183852
04241232220031004001 2 1202410163.183853
00441232220031004001 2 1202410163.183853
01441232220031004001 2 1202410163.183854
02441232220031004001 2 1202410163.183854
04441232220031004001 2 1202410163.183855
04111332220031004001 2 1202410163.183855
04211332220031004001 2 1202410163.183855
00411332220031004001 2 1202410163.183856
01411332220031004001 2 1202410163.183856
02411332220031004001 2 1202410163.183857
04411332220031004001 2 1202410163.183857
04121332220031004001 2 1202410163.183858
04221332220031004001 2 1202410163.183858
00421332220031004001 2 1202410163.183858
01421332220031004001 2 1202410163.183859
02421332220031004001 2 1202410163.183859
04421332220031004001 2 1202410163.183900
00141332220031004001 2 1202410163.183900
01141332220031004001 2 1202410163.183901
02141332220031004001 2 1202410163.183901
04141332220031004001 2 1202410163.183901
00241332220031004001 2 1202410163.183902
01241332220031004001 2 1202410163.183902
02241332220031004001 2 1202410163.183903
04241332220031004001 2 1202410163.183903
00441332220031004001 2 1202410163.183904
01441332220031004001 2 1202410163.183904
02441332220031004001 2 1202410163.183904
04441332220031004001 2 1202410163.183905
00111432220031004001 2 1202410163.183905
01111432220031004001 2 1202410163.183906
02111432220031004001 2 1202410163.183906
04111432220031004001 2 1202410163.183907
00211432220031004001 2 1202410163.183907
01211432220031004001 2 1202410163.183908
02211432220031004001 2 1202410163.183908
04211432220031004001 2 1202410163.183908
00411432220031004001 2 1202410163.183909
01411432220031004001 2 1202410163.183909
02411432220031004001 2 1202410163.183910
04411432220031004001 2 1202410163.183910
00121432220031004001 2 1202410163.183911
01121432220031004001 2 1202410163.183911
02121432220031004001 2 1202410163.183911
04121432220031004001 2 1202410163.183912
00221432220031004001 2 1202410163.183912
01221432220031004001 2 1202410163.183913
02221432220031004001 2 1202410163.183913
04221432220031004001 2 1202410163.183914
00421432220031004001 2 1202410163.183914
01421432220031004001 2 1202410163.183914
02421432220031004001 2 1202410163.183915
04421432220031004001 2 1202410163.183915
00141432220031004001 2 1202410163.183916
01141432220031004001 2 1202410163.183916
02141432220031004001 2 1202410163.183917
04141432220031004001 2 1202410163.183917
00241432220031004001 2 1202410163.183917
01241432220031004001 2 1202410163.183918
02241432220031004001 2 1202410163.183918
04241432220031004001 2 1202410163.183919
00441432220031004001 2 1202410163.183919
01441432220031004001 2 1202410163.183920
02441432220031004001 2 1202410163.183920
04441432220031004001 2 1202410163.183921
00111342220031004001 2 1202410163.183921
01111342220031004001 2 1202410163.183922
02111342220031004001 2 1202410163.183922
04111342220031004001 2 1202410163.183923
00211342220031004001 2 1202410163.183924
01211342220031004001 2 1202410163.183924
02211342220031004001 2 1202410163.183925
04211342220031004001 2 1202410163.183925
00411342220031004001 2 1202410163.183926
01411342220031004001 2 1202410163.183927
02411342220031004001 2 1202410163.183927
04411342220031004001 2 1202410163.183928
00121342220031004001 2 1202410163.183928
01121342220031004001 2 1202410163.183929
02121342220031004001 2 1202410163.183930
04121342220031004001 2 1202410163.183930
00221342220031004001 2 1202410163.183931
01221342220031004001 2 1202410163.183931
02221342220031004001 2 1202410163.183932
04221342220031004001 2 1202410163.183933
00421342220031004001 2 1202410163.183933
01421342220031004001 2 1202410163.183934
02421342220031004001 2 1202410163.183934
04421342220031004001 2 1202410163.183935
00141342220031004001 2 1202410163.183936
01141342220031004001 2 1202410163.183936
02141342220031004001 2 1202410163.183937
04141342220031004001 2 1202410163.183937
00241342220031004001 2 1202410163.183938
01241342220031004001 2 1202410163.183939
02241342220031004001 2 1202410163.183939
04241342220031004001 2 1202410163.183940
00441342220031004001 2 1202410163.183940
01441342220031004001 2 1202410163.183941
02441342220031004001 2 1202410163.183942
04441342220031004001 2 1202410163.183942
04211003220031004001 2 1202410163.183943
02411003220031004001 2 1202410163.183943
04121003220031004001 2 1202410163.183943
04221003220031004001 2 1202410163.183944
00421003220031004001 2 1202410163.183944
01421003220031004001 2 1202410163.183945
02421003220031004001 2 1202410163.183945
04421003220031004001 2 1202410163.183946
02141003220031004001 2 1202410163.183946
00241003220031004001 2 1202410163.183947
01241003220031004001 2 1202410163.183947
02241003220031004001 2 1202410163.183947
04241003220031004001 2 1202410163.183948
02441003220031004001 2 1202410163.183948
04211103220031004001 2 1202410163.183949
02411103220031004001 2 1202410163.183949
04121103220031004001 2 1202410163.183950
04221103220031004001 2 1202410163.183950
00421103220031004001 2 1202410163.183950
01421103220031004001 2 1202410163.183951
02421103220031004001 2 1202410163.183951
04421103220031004001 2 1202410163.183952
02141103220031004001 2 1202410163.183952
00241103220031004001 2 1202410163.183953
01241103220031004001 2 1202410163.183953
02241103220031004001 2 1202410163.183953
04241103220031004001 2 1202410163.183954
02441103220031004001 2 1202410163.183954
04111203220031004001 2 1202410163.183955
04211203220031004001 2 1202410163.183955
00411203220031004001 2 1202410163.183956
01411203220031004001 2 1202410163.183956
02411203220031004001 2 1202410163.183956
04411203220031004001 2 1202410163.183957
04121203220031004001 2 1202410163.183957
04221203220031004001 2 1202410163.183958
00421203220031004001 2 1202410163.183958
01421203220031004001 2 1202410163.183959
02421203220031004001 2 1202410163.183959
04421203220031004001 2 1202410163.184000
00141203220031004001 2 1202410163.184000
01141203220031004001 2 1202410163.184000
02141203220031004001 2 1202410163.184001
04141203220031004001 2 1202410163.184001
00241203220031004001 2 1202410163.184002
01241203220031004001 2 1202410163.184002
02241203220031004001 2 1202410163.184003
04241203220031004001 2 1202410163.184003
00441203220031004001 2 1202410163.184003
01441203220031004001 2 1202410163.184004
02441203220031004001 2 1202410163.184004
04441203220031004001 2 1202410163.184005
04211303220031004001 2 1202410163.184005
02411303220031004001 2 1202410163.184006
04121303220031004001 2 1202410163.184006
04221303220031004001 2 1202410163.184007
00421303220031004001 2 1202410163.184007
01421303220031004001 2 1202410163.184007
02421303220031004001 2 1202410163.184008
04421303220031004001 2 1202410163.184008
02141303220031004001 2 1202410163.184009
00241303220031004001 2 1202410163.184009
01241303220031004001 2 1202410163.184010
02241303220031004001 2 1202410163.184010
04241303220031004001 2 1202410163.184010
02441303220031004001 2 1202410163.184011
02111403220031004001 2 1202410163.184011
00211403220031004001 2 1202410163.184012
01211403220031004001 2 1202410163.184012
02211403220031004001 2 1202410163.184013
04211403220031004001 2 1202410163.184013
02411403220031004001 2 1202410163.184013
00121403220031004001 2 1202410163.184014
01121403220031004001 2 1202410163.184014
02121403220031004001 2 1202410163.184015
04121403220031004001 2 1202410163.184015
00221403220031004001 2 1202410163.184016
01221403220031004001 2 1202410163.184016
02221403220031004001 2 1202410163.184017
04221403220031004001 2 1202410163.184017
00421403220031004001 2 1202410163.184017
01421403220031004001 2 1202410163.184018
02421403220031004001 2 1202410163.184018
04421403220031004001 2 1202410163.184019
02141403220031004001 2 1202410163.184019
00241403220031004001 2 1202410163.184020
01241403220031004001 2 1202410163.184020
02241403220031004001 2 1202410163.184020
04241403220031004001 2 1202410163.184021
02441403220031004001 2 1202410163.184021
04211013220031004001 2 1202410163.184022
02411013220031004001 2 1202410163.184022
04121013220031004001 2 1202410163.184023
04221013220031004001 2 1202410163.184023
00421013220031004001 2 1202410163.184024
01421013220031004001 2 1202410163.184024
02421013220031004001 2 1202410163.184025
04421013220031004001 2 1202410163.184025
02141013220031004001 2 1202410163.184026
00241013220031004001 2 1202410163.184026
01241013220031004001 2 1202410163.184027
02241013220031004001 2 1202410163.184028
04241013220031004001 2 1202410163.184028
02441013220031004001 2 1202410163.184029
04211113220031004001 2 1202410163.184029
02411113220031004001 2 1202410163.184030
04121113220031004001 2 1202410163.184030
04221113220031004001 2 1202410163.184031
00421113220031004001 2 1202410163.184031
01421113220031004001 2 1202410163.184032
02421113220031004001 2 1202410163.184032
04421113220031004001 2 1202410163.184033
02141113220031004001 2 1202410163.184033
00241113220031004001 2 1202410163.184034
01241113220031004001 2 1202410163.184034
02241113220031004001 2 1202410163.184035
04241113220031004001 2 1202410163.184035
02441113220031004001 2 1202410163.184036
04111213220031004001 2 1202410163.184036
04211213220031004001 2 1202410163.184037
00411213220031004001 2 1202410163.184037
01411213220031004001 2 1202410163.184038
02411213220031004001 2 1202410163.184038
04411213220031004001 2 1202410163.184039
04121213220031004001 2 1202410163.184039
04221213220031004001 2 1202410163.184040
00421213220031004001 2 1202410163.184040
01421213220031004001 2 1202410163.184041
02421213220031004001 2 1202410163.184041
04421213220031004001 2 1202410163.184042
00141213220031004001 2 1202410163.184042
01141213220031004001 2 1202410163.184043
02141213220031004001 2 1202410163.184043
04141213220031004001 2 1202410163.184044
00241213220031004001 2 1202410163.184044
01241213220031004001 2 1202410163.184045
02241213220031004001 2 1202410163.184045
04241213220031004001 2 1202410163.184046
00441213220031004001 2 1202410163.184046
01441213220031004001 2 1202410163.184047
02441213220031004001 2 1202410163.184047
04441213220031004001 2 1202410163.184048
04211313220031004001 2 1202410163.184049
02411313220031004001 2 1202410163.184049
04121313220031004001 2 1202410163.184050
04221313220031004001 2 1202410163.184050
00421313220031004001 2 1202410163.184051
01421313220031004001 2 1202410163.184051
02421313220031004001 2 1202410163.184052
04421313220031004001 2 1202410163.184052
02141313220031004001 2 1202410163.184053
00241313220031004001 2 1202410163.184053
01241313220031004001 2 1202410163.184054
02241313220031004001 2 1202410163.184054
04241313220031004001 2 1202410163.184055
02441313220031004001 2 1202410163.184055
02111413220031004001 2 1202410163.184056
00211413220031004001 2 1202410163.184056
01211413220031004001 2 1202410163.184057
02211413220031004001 2 1202410163.184057
04211413220031004001 2 1202410163.184058
02411413220031004001 2 1202410163.184058
00121413220031004001 2 1202410163.184059
01121413220031004001 2 1202410163.184059
02121413220031004001 2 1202410163.184100
04121413220031004001 2 1202410163.184100
00221413220031004001 2 1202410163.184101
01221413220031004001 2 1202410163.184101
02221413220031004001 2 1202410163.184102
04221413220031004001 2 1202410163.184102
00421413220031004001 2 1202410163.184103
01421413220031004001 2 1202410163.184103
02421413220031004001 2 1202410163.184104
04421413220031004001 2 1202410163.184104
02141413220031004001 2 1202410163.184105
00241413220031004001 2 1202410163.184105
01241413220031004001 2 1202410163.184106
02241413220031004001 2 1202410163.184106
04241413220031004001 2 1202410163.184107
02441413220031004001 2 1202410163.184107
04111023220031004001 2 1202410163.184108
04211023220031004001 2 1202410163.184108
00411023220031004001 2 1202410163.184109
01411023220031004001 2 1202410163.184109
02411023220031004001 2 1202410163.184110
04411023220031004001 2 1202410163.184110
04121023220031004001 2 1202410163.184111
04221023220031004001 2 1202410163.184111
00421023220031004001 2 1202410163.184111
01421023220031004001 2 1202410163.184112
02421023220031004001 2 1202410163.184112
04421023220031004001 2 1202410163.184113
00141023220031004001 2 1202410163.184113
01141023220031004001 2 1202410163.184114
02141023220031004001 2 1202410163.184114
04141023220031004001 2 1202410163.184114
00241023220031004001 2 1202410163.184115
01241023220031004001 2 1202410163.184115
02241023220031004001 2 1202410163.184116
04241023220031004001 2 1202410163.184116
00441023220031004001 2 1202410163.184117
01441023220031004001 2 1202410163.184117
02441023220031004001 2 1202410163.184118
04441023220031004001 2 1202410163.184118
04111123220031004001 2 1202410163.184118
04211123220031004001 2 1202410163.184119
00411123220031004001 2 1202410163.184119
01411123220031004001 2 1202410163.184120
02411123220031004001 2 1202410163.184120
04411123220031004001 2 1202410163.184121
04121123220031004001 2 1202410163.184121
04221123220031004001 2 1202410163.184121
00421123220031004001 2 1202410163.184122
01421123220031004001 2 1202410163.184122
02421123220031004001 2 1202410163.184123
04421123220031004001 2 1202410163.184123
00141123220031004001 2 1202410163.184124
01141123220031004001 2 1202410163.184124
02141123220031004001 2 1202410163.184124
04141123220031004001 2 1202410163.184125
00241123220031004001 2 1202410163.184125
01241123220031004001 2 1202410163.184126
02241123220031004001 2 1202410163.184126
04241123220031004001 2 1202410163.184127
00441123220031004001 2 1202410163.184127
01441123220031004001 2 1202410163.184128
02441123220031004001 2 1202410163.184128
04441123220031004001 2 1202410163.184128
04111223220031004001 2 1202410163.184129
04211223220031004001 2 1202410163.184129
00411223220031004001 2 1202410163.184130
01411223220031004001 2 1202410163.184130
02411223220031004001 2 1202410163.184131
04411223220031004001 2 1202410163.184131
04121223220031004001 2 1202410163.184132
04221223220031004001 2 1202410163.184132
00421223220031004001 2 1202410163.184132
01421223220031004001 2 1202410163.184133
02421223220031004001 2 1202410163.184133
04421223220031004001 2 1202410163.184134
00141223220031004001 2 1202410163.184134
01141223220031004001 2 1202410163.184135
02141223220031004001 2 1202410163.184135
04141223220031004001 2 1202410163.184135
00241223220031004001 2 1202410163.184136
01241223220031004001 2 1202410163.184136
02241223220031004001 2 1202410163.184137
04241223220031004001 2 1202410163.184137
00441223220031004001 2 1202410163.184138
01441223220031004001 2 1202410163.184138
02441223220031004001 2 1202410163.184138
04441223220031004001 2 1202410163.184139
04111323220031004001 2 1202410163.184139
04211323220031004001 2 1202410163.184140
00411323220031004001 2 1202410163.184140
01411323220031004001 2 1202410163.184141
02411323220031004001 2 1202410163.184141
04411323220031004001 2 1202410163.184142
04121323220031004001 2 1202410163.184142
04221323220031004001 2 1202410163.184142
00421323220031004001 2 1202410163.184143
01421323220031004001 2 1202410163.184143
02421323220031004001 2 1202410163.184144
04421323220031004001 2 1202410163.184144
00141323220031004001 2 1202410163.184145
01141323220031004001 2 1202410163.184145
02141323220031004001 2 1202410163.184145
04141323220031004001 2 1202410163.184146
00241323220031004001 2 1202410163.184146
01241323220031004001 2 1202410163.184147
02241323220031004001 2 1202410163.184147
04241323220031004001 2 1202410163.184148
00441323220031004001 2 1202410163.184148
01441323220031004001 2 1202410163.184149
02441323220031004001 2 1202410163.184149
04441323220031004001 2 1202410163.184149
00111423220031004001 2 1202410163.184150
01111423220031004001 2 1202410163.184150
02111423220031004001 2 1202410163.184151
04111423220031004001 2 1202410163.184151
00211423220031004001 2 1202410163.184152
01211423220031004001 2 1202410163.184152
02211423220031004001 2 1202410163.184152
04211423220031004001 2 1202410163.184153
00411423220031004001 2 1202410163.184153
01411423220031004001 2 1202410163.184154
02411423220031004001 2 1202410163.184154
04411423220031004001 2 1202410163.184155
00121423220031004001 2 1202410163.184155
01121423220031004001 2 1202410163.184156
02121423220031004001 2 1202410163.184156
04121423220031004001 2 1202410163.184156
00221423220031004001 2 1202410163.184157
01221423220031004001 2 1202410163.184157
02221423220031004001 2 1202410163.184158
04221423220031004001 2 1202410163.184158
00421423220031004001 2 1202410163.184159
01421423220031004001 2 1202410163.184159
02421423220031004001 2 1202410163.184159
04421423220031004001 2 1202410163.184200
00141423220031004001 2 1202410163.184200
01141423220031004001 2 1202410163.184201
02141423220031004001 2 1202410163.184201
04141423220031004001 2 1202410163.184202
00241423220031004001 2 1202410163.184202
01241423220031004001 2 1202410163.184203
02241423220031004001 2 1202410163.184203
04241423220031004001 2 1202410163.184203
00441423220031004001 2 1202410163.184204
01441423220031004001 2 1202410163.184204
02441423220031004001 2 1202410163.184205
04441423220031004001 2 1202410163.184205
04211033220031004001 2 1202410163.184206
02411033220031004001 2 1202410163.184206
04121033220031004001 2 1202410163.184206
04221033220031004001 2 1202410163.184207
00421033220031004001 2 1202410163.184207
01421033220031004001 2 1202410163.184208
02421033220031004001 2 1202410163.184208
04421033220031004001 2 1202410163.184209
02141033220031004001 2 1202410163.184209
00241033220031004001 2 1202410163.184210
01241033220031004001 2 1202410163.184210
02241033220031004001 2 1202410163.184210
04241033220031004001 2 1202410163.184211
02441033220031004001 2 1202410163.184211
04211133220031004001 2 1202410163.184212
02411133220031004001 2 1202410163.184212
04121133220031004001 2 1202410163.184213
04221133220031004001 2 1202410163.184213
00421133220031004001 2 1202410163.184213
01421133220031004001 2 1202410163.184214
02421133220031004001 2 1202410163.184214
04421133220031004001 2 1202410163.184215
02141133220031004001 2 1202410163.184215
00241133220031004001 2 1202410163.184216
01241133220031004001 2 1202410163.184216
02241133220031004001 2 1202410163.184216
04241133220031004001 2 1202410163.184217
02441133220031004001 2 1202410163.184217
04111233220031004001 2 1202410163.184218
04211233220031004001 2 1202410163.184218
00411233220031004001 2 1202410163.184219
01411233220031004001 2 1202410163.184219
02411233220031004001 2 1202410163.184220
04411233220031004001 2 1202410163.184220
04121233220031004001 2 1202410163.184220
04221233220031004001 2 1202410163.184221
00421233220031004001 2 1202410163.184221
01421233220031004001 2 1202410163.184222
02421233220031004001 2 1202410163.184222
04421233220031004001 2 1202410163.184223
00141233220031004001 2 1202410163.184223
01141233220031004001 2 1202410163.184223
02141233220031004001 2 1202410163.184224
04141233220031004001 2 1202410163.184224
00241233220031004001 2 1202410163.184225
01241233220031004001 2 1202410163.184225
02241233220031004001 2 1202410163.184226
04241233220031004001 2 1202410163.184226
00441233220031004001 2 1202410163.184227
01441233220031004001 2 1202410163.184227
02441233220031004001 2 1202410163.184227
04441233220031004001 2 1202410163.184228
04211333220031004001 2 1202410163.184228
02411333220031004001 2 1202410163.184229
04121333220031004001 2 1202410163.184229
04221333220031004001 2 1202410163.184230
00421333220031004001 2 1202410163.184230
01421333220031004001 2 1202410163.184230
02421333220031004001 2 1202410163.184231
04421333220031004001 2 1202410163.184231
02141333220031004001 2 1202410163.184232
00241333220031004001 2 1202410163.184232
01241333220031004001 2 1202410163.184233
02241333220031004001 2 1202410163.184233
04241333220031004001 2 1202410163.184234
02441333220031004001 2 1202410163.184234
02111433220031004001 2 1202410163.184234
00211433220031004001 2 1202410163.184235
01211433220031004001 2 1202410163.184235
02211433220031004001 2 1202410163.184236
04211433220031004001 2 1202410163.184236
02411433220031004001 2 1202410163.184237
00121433220031004001 2 1202410163.184237
01121433220031004001 2 1202410163.184237
02121433220031004001 2 1202410163.184238
04121433220031004001 2 1202410163.184238
00221433220031004001 2 1202410163.184239
01221433220031004001 2 1202410163.184239
02221433220031004001 2 1202410163.184240
04221433220031004001 2 1202410163.184240
00421433220031004001 2 1202410163.184240
01421433220031004001 2 1202410163.184241
02421433220031004001 2 1202410163.184241
04421433220031004001 2 1202410163.184242
02141433220031004001 2 1202410163.184242
00241433220031004001 2 1202410163.184243
01241433220031004001 2 1202410163.184243
02241433220031004001 2 1202410163.184244
04241433220031004001 2 1202410163.184244
02441433220031004001 2 1202410163.184244
02111043220031004001 2 1202410163.184245
00211043220031004001 2 1202410163.184246
01211043220031004001 2 1202410163.184246
02211043220031004001 2 1202410163.184247
04211043220031004001 2 1202410163.184247
02411043220031004001 2 1202410163.184248
00121043220031004001 2 1202410163.184249
01121043220031004001 2 1202410163.184249
02121043220031004001 2 1202410163.184250
04121043220031004001 2 1202410163.184250
00221043220031004001 2 1202410163.184251
01221043220031004001 2 1202410163.184252
02221043220031004001 2 1202410163.184252
04221043220031004001 2 1202410163.184253
00421043220031004001 2 1202410163.184253
01421043220031004001 2 1202410163.184254
02421043220031004001 2 1202410163.184255
04421043220031004001 2 1202410163.184255
02141043220031004001 2 1202410163.184256
00241043220031004001 2 1202410163.184257
01241043220031004001 2 1202410163.184257
02241043220031004001 2 1202410163.184258
04241043220031004001 2 1202410163.184258
02441043220031004001 2 1202410163.184259
02111143220031004001 2 1202410163.184300
00211143220031004001 2 1202410163.184300
01211143220031004001 2 1202410163.184301
02211143220031004001 2 1202410163.184301
04211143220031004001 2 1202410163.184302
02411143220031004001 2 1202410163.184303
00121143220031004001 2 1202410163.184303
01121143220031004001 2 1202410163.184304
02121143220031004001 2 1202410163.184304
04121143220031004001 2 1202410163.184305
00221143220031004001 2 1202410163.184306
01221143220031004001 2 1202410163.184306
02221143220031004001 2 1202410163.184307
04221143220031004001 2 1202410163.184307
00421143220031004001 2 1202410163.184308
01421143220031004001 2 1202410163.184309
02421143220031004001 2 1202410163.184309
04421143220031004001 2 1202410163.184310
02141143220031004001 2 1202410163.184310
00241143220031004001 2 1202410163.184311
01241143220031004001 2 1202410163.184312
02241143220031004001 2 1202410163.184312
04241143220031004001 2 1202410163.184313
02441143220031004001 2 1202410163.184313
00111243220031004001 2 1202410163.184314
01111243220031004001 2 1202410163.184315
02111243220031004001 2 1202410163.184315
04111243220031004001 2 1202410163.184316
00211243220031004001 2 1202410163.184317
01211243220031004001 2 1202410163.184317
02211243220031004001 2 1202410163.184318
04211243220031004001 2 1202410163.184318
00411243220031004001 2 1202410163.184319
01411243220031004001 2 1202410163.184320
02411243220031004001 2 1202410163.184320
04411243220031004001 2 1202410163.184321
00121243220031004001 2 1202410163.184321
01121243220031004001 2 1202410163.184322
02121243220031004001 2 1202410163.184323
04121243220031004001 2 1202410163.184323
00221243220031004001 2 1202410163.184324
01221243220031004001 2 1202410163.184324
02221243220031004001 2 1202410163.184325
04221243220031004001 2 1202410163.184326
00421243220031004001 2 1202410163.184326
01421243220031004001 2 1202410163.184327
02421243220031004001 2 1202410163.184327
04421243220031004001 2 1202410163.184328
00141243220031004001 2 1202410163.184329
01141243220031004001 2 1202410163.184329
02141243220031004001 2 1202410163.184330
04141243220031004001 2 1202410163.184330
00241243220031004001 2 1202410163.184331
01241243220031004001 2 1202410163.184332
02241243220031004001 2 1202410163.184332
04241243220031004001 2 1202410163.184333
00441243220031004001 2 1202410163.184333
01441243220031004001 2 1202410163.184334
02441243220031004001 2 1202410163.184335
04441243220031004001 2 1202410163.184335
02111343220031004001 2 1202410163.184336
00211343220031004001 2 1202410163.184336
01211343220031004001 2 1202410163.184337
02211343220031004001 2 1202410163.184338
04211343220031004001 2 1202410163.184338
02411343220031004001 2 1202410163.184339
00121343220031004001 2 1202410163.184340
01121343220031004001 2 1202410163.184340
02121343220031004001 2 1202410163.184341
04121343220031004001 2 1202410163.184341
00221343220031004001 2 1202410163.184342
01221343220031004001 2 1202410163.184343
02221343220031004001 2 1202410163.184343
04221343220031004001 2 1202410163.184344
00421343220031004001 2 1202410163.184344
01421343220031004001 2 1202410163.184345
02421343220031004001 2 1202410163.184346
04421343220031004001 2 1202410163.184346
02141343220031004001 2 1202410163.184347
00241343220031004001 2 1202410163.184347
01241343220031004001 2 1202410163.184348
02241343220031004001 2 1202410163.184349
04241343220031004001 2 1202410163.184349
02441343220031004001 2 1202410163.184350
02111443220031004001 2 1202410163.184350
00211443220031004001 2 1202410163.184351
01211443220031004001 2 1202410163.184352
02211443220031004001 2 1202410163.184352
04211443220031004001 2 1202410163.184353
02411443220031004001 2 1202410163.184353
00121443220031004001 2 1202410163.184354
01121443220031004001 2 1202410163.184355
02121443220031004001 2 1202410163.184355
04121443220031004001 2 1202410163.184356
00221443220031004001 2 1202410163.184356
01221443220031004001 2 1202410163.184357
02221443220031004001 2 1202410163.184358
04221443220031004001 2 1202410163.184358
00421443220031004001 2 1202410163.184359
01421443220031004001 2 1202410163.184359
02421443220031004001 2 1202410163.184400
04421443220031004001 2 1202410163.184401
02141443220031004001 2 1202410163.184401
00241443220031004001 2 1202410163.184402
01241443220031004001 2 1202410163.184403
02241443220031004001 2 1202410163.184403
04241443220031004001 2 1202410163.184404
02441443220031004001 2 1202410163.184404
02111304220031004001 2 1202410163.184405
00211304220031004001 2 1202410163.184405
01211304220031004001 2 1202410163.184406
02211304220031004001 2 1202410163.184406
04211304220031004001 2 1202410163.184407
02411304220031004001 2 1202410163.184407
00121304220031004001 2 1202410163.184407
01121304220031004001 2 1202410163.184408
02121304220031004001 2 1202410163.184408
04121304220031004001 2 1202410163.184409
00221304220031004001 2 1202410163.184409
01221304220031004001 2 1202410163.184410
02221304220031004001 2 1202410163.184410
04221304220031004001 2 1202410163.184410
00421304220031004001 2 1202410163.184411
01421304220031004001 2 1202410163.184411
02421304220031004001 2 1202410163.184412
04421304220031004001 2 1202410163.184412
02141304220031004001 2 1202410163.184413
00241304220031004001 2 1202410163.184413
01241304220031004001 2 1202410163.184413
02241304220031004001 2 1202410163.184414
04241304220031004001 2 1202410163.184414
02441304220031004001 2 1202410163.184415
02111314220031004001 2 1202410163.184415
00211314220031004001 2 1202410163.184416
01211314220031004001 2 1202410163.184416
02211314220031004001 2 1202410163.184417
04211314220031004001 2 1202410163.184417
02411314220031004001 2 1202410163.184418
00121314220031004001 2 1202410163.184418
01121314220031004001 2 1202410163.184419
02121314220031004001 2 1202410163.184419
04121314220031004001 2 1202410163.184420
00221314220031004001 2 1202410163.184420
01221314220031004001 2 1202410163.184421
02221314220031004001 2 1202410163.184421
04221314220031004001 2 1202410163.184422
00421314220031004001 2 1202410163.184422
01421314220031004001 2 1202410163.184423
02421314220031004001 2 1202410163.184424
04421314220031004001 2 1202410163.184424
02141314220031004001 2 1202410163.184425
00241314220031004001 2 1202410163.184425
01241314220031004001 2 1202410163.184426
02241314220031004001 2 1202410163.184426
04241314220031004001 2 1202410163.184427
02441314220031004001 2 1202410163.184427
00111324220031004001 2 1202410163.184428
01111324220031004001 2 1202410163.184428
02111324220031004001 2 1202410163.184428
04111324220031004001 2 1202410163.184429
00211324220031004001 2 1202410163.184429
01211324220031004001 2 1202410163.184430
02211324220031004001 2 1202410163.184430
04211324220031004001 2 1202410163.184431
00411324220031004001 2 1202410163.184431
01411324220031004001 2 1202410163.184431
02411324220031004001 2 1202410163.184432
04411324220031004001 2 1202410163.184432
00121324220031004001 2 1202410163.184433
01121324220031004001 2 1202410163.184433
02121324220031004001 2 1202410163.184434
04121324220031004001 2 1202410163.184434
00221324220031004001 2 1202410163.184434
01221324220031004001 2 1202410163.184435
02221324220031004001 2 1202410163.184435
04221324220031004001 2 1202410163.184436
00421324220031004001 2 1202410163.184436
01421324220031004001 2 1202410163.184437
02421324220031004001 2 1202410163.184437
04421324220031004001 2 1202410163.184438
00141324220031004001 2 1202410163.184438
01141324220031004001 2 1202410163.184438
02141324220031004001 2 1202410163.184439
04141324220031004001 2 1202410163.184439
00241324220031004001 2 1202410163.184440
01241324220031004001 2 1202410163.184440
02241324220031004001 2 1202410163.184441
04241324220031004001 2 1202410163.184441
00441324220031004001 2 1202410163.184441
01441324220031004001 2 1202410163.184442
02441324220031004001 2 1202410163.184442
04441324220031004001 2 1202410163.184443
02111034220031004001 2 1202410163.184443
00211034220031004001 2 1202410163.184444
01211034220031004001 2 1202410163.184444
02211034220031004001 2 1202410163.184444
04211034220031004001 2 1202410163.184445
02411034220031004001 2 1202410163.184445
00121034220031004001 2 1202410163.184446
01121034220031004001 2 1202410163.184446
02121034220031004001 2 1202410163.184447
04121034220031004001 2 1202410163.184447
00221034220031004001 2 1202410163.184448
01221034220031004001 2 1202410163.184448
02221034220031004001 2 1202410163.184448
04221034220031004001 2 1202410163.184449
00421034220031004001 2 1202410163.184449
01421034220031004001 2 1202410163.184450
02421034220031004001 2 1202410163.184450
04421034220031004001 2 1202410163.184451
02141034220031004001 2 1202410163.184451
00241034220031004001 2 1202410163.184451
01241034220031004001 2 1202410163.184452
02241034220031004001 2 1202410163.184452
04241034220031004001 2 1202410163.184453
02441034220031004001 2 1202410163.184453
02111134220031004001 2 1202410163.184454
00211134220031004001 2 1202410163.184454
01211134220031004001 2 1202410163.184455
02211134220031004001 2 1202410163.184455
04211134220031004001 2 1202410163.184455
02411134220031004001 2 1202410163.184456
00121134220031004001 2 1202410163.184456
01121134220031004001 2 1202410163.184457
02121134220031004001 2 1202410163.184457
04121134220031004001 2 1202410163.184458
00221134220031004001 2 1202410163.184458
01221134220031004001 2 1202410163.184458
02221134220031004001 2 1202410163.184459
04221134220031004001 2 1202410163.184459
00421134220031004001 2 1202410163.184500
01421134220031004001 2 1202410163.184500
02421134220031004001 2 1202410163.184501
04421134220031004001 2 1202410163.184501
02141134220031004001 2 1202410163.184501
00241134220031004001 2 1202410163.184502
01241134220031004001 2 1202410163.184502
02241134220031004001 2 1202410163.184503
04241134220031004001 2 1202410163.184503
02441134220031004001 2 1202410163.184504
00111234220031004001 2 1202410163.184504
01111234220031004001 2 1202410163.184505
02111234220031004001 2 1202410163.184505
04111234220031004001 2 1202410163.184505
00211234220031004001 2 1202410163.184506
01211234220031004001 2 1202410163.184506
02211234220031004001 2 1202410163.184507
04211234220031004001 2 1202410163.184507
00411234220031004001 2 1202410163.184508
01411234220031004001 2 1202410163.184508
02411234220031004001 2 1202410163.184508
04411234220031004001 2 1202410163.184509
00121234220031004001 2 1202410163.184509
01121234220031004001 2 1202410163.184510
02121234220031004001 2 1202410163.184510
04121234220031004001 2 1202410163.184511
00221234220031004001 2 1202410163.184511
01221234220031004001 2 1202410163.184512
02221234220031004001 2 1202410163.184512
04221234220031004001 2 1202410163.184512
00421234220031004001 2 1202410163.184513
01421234220031004001 2 1202410163.184513
02421234220031004001 2 1202410163.184514
04421234220031004001 2 1202410163.184514
00141234220031004001 2 1202410163.184515
01141234220031004001 2 1202410163.184515
02141234220031004001 2 1202410163.184515
04141234220031004001 2 1202410163.184516
00241234220031004001 2 1202410163.184516
01241234220031004001 2 1202410163.184517
02241234220031004001 2 1202410163.184517
04241234220031004001 2 1202410163.184518
00441234220031004001 2 1202410163.184518
01441234220031004001 2 1202410163.184519
02441234220031004001 2 1202410163.184519
04441234220031004001 2 1202410163.184519
02111334220031004001 2 1202410163.184520
00211334220031004001 2 1202410163.184520
01211334220031004001 2 1202410163.184521
02211334220031004001 2 1202410163.184521
04211334220031004001 2 1202410163.184522
02411334220031004001 2 1202410163.184522
00121334220031004001 2 1202410163.184522
01121334220031004001 2 1202410163.184523
02121334220031004001 2 1202410163.184523
04121334220031004001 2 1202410163.184524
00221334220031004001 2 1202410163.184524
01221334220031004001 2 1202410163.184525
02221334220031004001 2 1202410163.184525
04221334220031004001 2 1202410163.184526
00421334220031004001 2 1202410163.184526
01421334220031004001 2 1202410163.184526
02421334220031004001 2 1202410163.184527
04421334220031004001 2 1202410163.184527
02141334220031004001 2 1202410163.184528
00241334220031004001 2 1202410163.184528
01241334220031004001 2 1202410163.184529
02241334220031004001 2 1202410163.184529
04241334220031004001 2 1202410163.184529
02441334220031004001 2 1202410163.184530
02111434220031004001 2 1202410163.184530
00211434220031004001 2 1202410163.184531
01211434220031004001 2 1202410163.184531
02211434220031004001 2 1202410163.184532
04211434220031004001 2 1202410163.184532
02411434220031004001 2 1202410163.184533
00121434220031004001 2 1202410163.184533
01121434220031004001 2 1202410163.184533
02121434220031004001 2 1202410163.184534
04121434220031004001 2 1202410163.184534
00221434220031004001 2 1202410163.184535
01221434220031004001 2 1202410163.184535
02221434220031004001 2 1202410163.184536
04221434220031004001 2 1202410163.184536
00421434220031004001 2 1202410163.184536
01421434220031004001 2 1202410163.184537
02421434220031004001 2 1202410163.184537
04421434220031004001 2 1202410163.184538
02141434220031004001 2 1202410163.184538
00241434220031004001 2 1202410163.184539
01241434220031004001 2 1202410163.184539
02241434220031004001 2 1202410163.184539
04241434220031004001 2 1202410163.184540
02441434220031004001 2 1202410163.184540
02111344220031004001 2 1202410163.184541
00211344220031004001 2 1202410163.184542
01211344220031004001 2 1202410163.184542
02211344220031004001 2 1202410163.184543
04211344220031004001 2 1202410163.184543
02411344220031004001 2 1202410163.184544
00121344220031004001 2 1202410163.184545
01121344220031004001 2 1202410163.184545
02121344220031004001 2 1202410163.184546
04121344220031004001 2 1202410163.184546
00221344220031004001 2 1202410163.184547
01221344220031004001 2 1202410163.184548
02221344220031004001 2 1202410163.184548
04221344220031004001 2 1202410163.184549
00421344220031004001 2 1202410163.184549
01421344220031004001 2 1202410163.184550
02421344220031004001 2 1202410163.184551
04421344220031004001 2 1202410163.184551
02141344220031004001 2 1202410163.184552
00241344220031004001 2 1202410163.184553
01241344220031004001 2 1202410163.184553
02241344220031004001 2 1202410163.184554
04241344220031004001 2 1202410163.184554
02441344220031004001 2 1202410163.184555
04211300221031004001 2 1202410163.185206
02411300221031004001 2 1202410163.185206
04121300221031004001 2 1202410163.185207
04221300221031004001 2 1202410163.185207
00421300221031004001 2 1202410163.185208
01421300221031004001 2 1202410163.185208
02421300221031004001 2 1202410163.185209
04421300221031004001 2 1202410163.185209
02141300221031004001 2 1202410163.185209
00241300221031004001 2 1202410163.185210
01241300221031004001 2 1202410163.185210
02241300221031004001 2 1202410163.185211
04241300221031004001 2 1202410163.185211
02441300221031004001 2 1202410163.185212
04211310221031004001 2 1202410163.185212
02411310221031004001 2 1202410163.185213
04121310221031004001 2 1202410163.185213
04221310221031004001 2 1202410163.185214
00421310221031004001 2 1202410163.185214
01421310221031004001 2 1202410163.185215
02421310221031004001 2 1202410163.185215
04421310221031004001 2 1202410163.185216
02141310221031004001 2 1202410163.185216
00241310221031004001 2 1202410163.185217
01241310221031004001 2 1202410163.185218
02241310221031004001 2 1202410163.185218
04241310221031004001 2 1202410163.185219
02441310221031004001 2 1202410163.185219
04111320221031004001 2 1202410163.185220
04211320221031004001 2 1202410163.185220
00411320221031004001 2 1202410163.185221
01411320221031004001 2 1202410163.185221
02411320221031004001 2 1202410163.185222
04411320221031004001 2 1202410163.185222
04121320221031004001 2 1202410163.185223
04221320221031004001 2 1202410163.185223
00421320221031004001 2 1202410163.185224
01421320221031004001 2 1202410163.185224
02421320221031004001 2 1202410163.185224
04421320221031004001 2 1202410163.185225
00141320221031004001 2 1202410163.185225
01141320221031004001 2 1202410163.185226
02141320221031004001 2 1202410163.185227
04141320221031004001 2 1202410163.185227
00241320221031004001 2 1202410163.185228
01241320221031004001 2 1202410163.185228
02241320221031004001 2 1202410163.185229
04241320221031004001 2 1202410163.185229
00441320221031004001 2 1202410163.185230
01441320221031004001 2 1202410163.185230
02441320221031004001 2 1202410163.185231
04441320221031004001 2 1202410163.185231
04211030221031004001 2 1202410163.185231
02411030221031004001 2 1202410163.185232
04121030221031004001 2 1202410163.185232
04221030221031004001 2 1202410163.185233
00421030221031004001 2 1202410163.185233
01421030221031004001 2 1202410163.185234
02421030221031004001 2 1202410163.185234
04421030221031004001 2 1202410163.185235
02141030221031004001 2 1202410163.185235
00241030221031004001 2 1202410163.185235
01241030221031004001 2 1202410163.185236
02241030221031004001 2 1202410163.185236
04241030221031004001 2 1202410163.185237
02441030221031004001 2 1202410163.185237
04211130221031004001 2 1202410163.185238
02411130221031004001 2 1202410163.185238
04121130221031004001 2 1202410163.185239
04221130221031004001 2 1202410163.185239
00421130221031004001 2 1202410163.185240
01421130221031004001 2 1202410163.185240
02421130221031004001 2 1202410163.185240
04421130221031004001 2 1202410163.185241
02141130221031004001 2 1202410163.185241
00241130221031004001 2 1202410163.185242
01241130221031004001 2 1202410163.185242
02241130221031004001 2 1202410163.185243
04241130221031004001 2 1202410163.185243
02441130221031004001 2 1202410163.185244
04111230221031004001 2 1202410163.185244
04211230221031004001 2 1202410163.185245
00411230221031004001 2 1202410163.185245
01411230221031004001 2 1202410163.185245
02411230221031004001 2 1202410163.185246
04411230221031004001 2 1202410163.185246
04121230221031004001 2 1202410163.185247
04221230221031004001 2 1202410163.185247
00421230221031004001 2 1202410163.185248
01421230221031004001 2 1202410163.185248
02421230221031004001 2 1202410163.185249
04421230221031004001 2 1202410163.185249
00141230221031004001 2 1202410163.185250
01141230221031004001 2 1202410163.185250
02141230221031004001 2 1202410163.185250
04141230221031004001 2 1202410163.185251
00241230221031004001 2 1202410163.185251
01241230221031004001 2 1202410163.185252
02241230221031004001 2 1202410163.185252
04241230221031004001 2 1202410163.185253
00441230221031004001 2 1202410163.185253
01441230221031004001 2 1202410163.185254
02441230221031004001 2 1202410163.185254
04441230221031004001 2 1202410163.185255
04211330221031004001 2 1202410163.185255
02411330221031004001 2 1202410163.185255
04121330221031004001 2 1202410163.185256
04221330221031004001 2 1202410163.185256
00421330221031004001 2 1202410163.185257
01421330221031004001 2 1202410163.185257
02421330221031004001 2 1202410163.185258
04421330221031004001 2 1202410163.185258
02141330221031004001 2 1202410163.185259
00241330221031004001 2 1202410163.185259
01241330221031004001 2 1202410163.185259
02241330221031004001 2 1202410163.185300
04241330221031004001 2 1202410163.185300
02441330221031004001 2 1202410163.185301
02111430221031004001 2 1202410163.185301
00211430221031004001 2 1202410163.185302
01211430221031004001 2 1202410163.185302
02211430221031004001 2 1202410163.185303
04211430221031004001 2 1202410163.185303
02411430221031004001 2 1202410163.185304
00121430221031004001 2 1202410163.185304
01121430221031004001 2 1202410163.185304
02121430221031004001 2 1202410163.185305
04121430221031004001 2 1202410163.185305
00221430221031004001 2 1202410163.185306
01221430221031004001 2 1202410163.185306
02221430221031004001 2 1202410163.185307
04221430221031004001 2 1202410163.185307
00421430221031004001 2 1202410163.185308
01421430221031004001 2 1202410163.185308
02421430221031004001 2 1202410163.185308
04421430221031004001 2 1202410163.185309
02141430221031004001 2 1202410163.185309
00241430221031004001 2 1202410163.185310
01241430221031004001 2 1202410163.185310
02241430221031004001 2 1202410163.185311
04241430221031004001 2 1202410163.185311
02441430221031004001 2 1202410163.185312
02111340221031004001 2 1202410163.185312
00211340221031004001 2 1202410163.185313
01211340221031004001 2 1202410163.185314
02211340221031004001 2 1202410163.185314
04211340221031004001 2 1202410163.185315
02411340221031004001 2 1202410163.185315
00121340221031004001 2 1202410163.185316
01121340221031004001 2 1202410163.185317
02121340221031004001 2 1202410163.185317
04121340221031004001 2 1202410163.185318
00221340221031004001 2 1202410163.185319
01221340221031004001 2 1202410163.185319
02221340221031004001 2 1202410163.185320
04221340221031004001 2 1202410163.185321
00421340221031004001 2 1202410163.185321
01421340221031004001 2 1202410163.185322
02421340221031004001 2 1202410163.185322
04421340221031004001 2 1202410163.185323
02141340221031004001 2 1202410163.185324
00241340221031004001 2 1202410163.185324
01241340221031004001 2 1202410163.185325
02241340221031004001 2 1202410163.185326
04241340221031004001 2 1202410163.185326
02441340221031004001 2 1202410163.185327
04111302221031004001 2 1202410163.185327
04211302221031004001 2 1202410163.185328
00411302221031004001 2 1202410163.185328
01411302221031004001 2 1202410163.185329
02411302221031004001 2 1202410163.185329
04411302221031004001 2 1202410163.185330
04121302221031004001 2 1202410163.185330
04221302221031004001 2 1202410163.185330
00421302221031004001 2 1202410163.185331
01421302221031004001 2 1202410163.185331
02421302221031004001 2 1202410163.185332
04421302221031004001 2 1202410163.185332
00141302221031004001 2 1202410163.185333
01141302221031004001 2 1202410163.185333
02141302221031004001 2 1202410163.185334
04141302221031004001 2 1202410163.185334
00241302221031004001 2 1202410163.185335
01241302221031004001 2 1202410163.185335
02241302221031004001 2 1202410163.185335
04241302221031004001 2 1202410163.185336
00441302221031004001 2 1202410163.185336
01441302221031004001 2 1202410163.185337
02441302221031004001 2 1202410163.185337
04441302221031004001 2 1202410163.185338
04111312221031004001 2 1202410163.185338
04211312221031004001 2 1202410163.185339
00411312221031004001 2 1202410163.185339
01411312221031004001 2 1202410163.185340
02411312221031004001 2 1202410163.185340
04411312221031004001 2 1202410163.185341
04121312221031004001 2 1202410163.185341
04221312221031004001 2 1202410163.185342
00421312221031004001 2 1202410163.185342
01421312221031004001 2 1202410163.185343
02421312221031004001 2 1202410163.185344
04421312221031004001 2 1202410163.185344
00141312221031004001 2 1202410163.185345
01141312221031004001 2 1202410163.185345
02141312221031004001 2 1202410163.185346
04141312221031004001 2 1202410163.185346
00241312221031004001 2 1202410163.185347
01241312221031004001 2 1202410163.185347
02241312221031004001 2 1202410163.185348
04241312221031004001 2 1202410163.185348
00441312221031004001 2 1202410163.185349
01441312221031004001 2 1202410163.185349
02441312221031004001 2 1202410163.185350
04441312221031004001 2 1202410163.185350
04111322221031004001 2 1202410163.185351
04211322221031004001 2 1202410163.185352
00411322221031004001 2 1202410163.185352
01411322221031004001 2 1202410163.185352
02411322221031004001 2 1202410163.185353
04411322221031004001 2 1202410163.185353
04121322221031004001 2 1202410163.185354
04221322221031004001 2 1202410163.185354
00421322221031004001 2 1202410163.185355
01421322221031004001 2 1202410163.185355
02421322221031004001 2 1202410163.185356
04421322221031004001 2 1202410163.185356
00141322221031004001 2 1202410163.185357
01141322221031004001 2 1202410163.185357
02141322221031004001 2 1202410163.185358
04141322221031004001 2 1202410163.185359
00241322221031004001 2 1202410163.185359
01241322221031004001 2 1202410163.185400
