0121102226433510400205021000 1202403225.193057
0121102226433514400205021000 1202403225.193057
0121102226433516400205021000 1202403225.193058
0121102226433510400605021000 1202403225.193058
0121102226433514400605021000 1202403225.193058
0121102226433516400605021000 1202403225.193058
0126104526433561400605121420 1202403225.193058
0126104526433564400605121420 1202403225.193058
0121102521433102400102624001 1202403225.193058
0121102521433112400102624001 1202403225.193058
0121102521433122400102624001 1202403225.193058
0121102521433142400102624001 1202403225.193059
0121102521433152400102624001 1202403225.193059
0121102521433162400102624001 1202403225.193059
0121102521433102400202624001 1202403225.193059
0121102521433112400202624001 1202403225.193059
0121102521433122400202624001 1202403225.193059
0121102521433142400202624001 1202403225.193059
0121102521433152400202624001 1202403225.193059
0121102521433162400202624001 1202403225.193100
0122102025433510400605662103 1202403225.193100
0122102525433515400605662103 1202403225.193100
0121104521433561400605222511 1202403225.193100
0121104521433564400605222511 1202403225.193100
0122102521433010400106264202 1202403225.193100
0122106521433010400106264202 1202403225.193100
0122102521433110400106264202 1202403225.193100
0122106521433110400106264202 1202403225.193100
0122100521433060400106264202 1202403225.193101
0122102521433060400106264202 1202403225.193101
0122103521433060400106264202 1202403225.193101
0122104521433060400106264202 1202403225.193101
0122105521433060400106264202 1202403225.193101
0122106521433060400106264202 1202403225.193101
0122100521433160400106264202 1202403225.193101
0122102521433160400106264202 1202403225.193101
0122103521433160400106264202 1202403225.193102
0122104521433160400106264202 1202403225.193102
0122105521433160400106264202 1202403225.193102
0122106521433160400106264202 1202403225.193102
0122106521433001400106264202 1202403225.193102
0122106521433011400106264202 1202403225.193102
0122106521433041400106264202 1202403225.193102
0122106521433051400106264202 1202403225.193102
0122104521433061400106264202 1202403225.193102
0122106521433061400106264202 1202403225.193103
0122100521433161400106264202 1202403225.193103
0122102521433014400106264202 1202403225.193103
0122106521433014400106264202 1202403225.193103
0122100521433064400106264202 1202403225.193103
0122102521433064400106264202 1202403225.193103
0122103521433064400106264202 1202403225.193103
0122104521433064400106264202 1202403225.193103
0122105521433064400106264202 1202403225.193103
0122106521433064400106264202 1202403225.193104
0122100521433006400106264202 1202403225.193104
0122102521433006400106264202 1202403225.193104
0122103521433006400106264202 1202403225.193104
0122104521433006400106264202 1202403225.193104
0122105521433006400106264202 1202403225.193104
0122106521433006400106264202 1202403225.193104
0122102521433016400106264202 1202403225.193104
0122104521433016400106264202 1202403225.193104
0122106521433016400106264202 1202403225.193105
0122100521433046400106264202 1202403225.193105
0122102521433046400106264202 1202403225.193105
0122103521433046400106264202 1202403225.193105
0122104521433046400106264202 1202403225.193105
0122105521433046400106264202 1202403225.193105
0122106521433046400106264202 1202403225.193105
0122100521433056400106264202 1202403225.193105
0122102521433056400106264202 1202403225.193105
0122103521433056400106264202 1202403225.193106
0122104521433056400106264202 1202403225.193106
0122105521433056400106264202 1202403225.193106
0122106521433056400106264202 1202403225.193106
0122100521433066400106264202 1202403225.193106
0122102521433066400106264202 1202403225.193106
0122103521433066400106264202 1202403225.193106
0122104521433066400106264202 1202403225.193106
0122105521433066400106264202 1202403225.193107
