0144100226333604424106241535 2 1202604164.211737
0144102226333604424106241535 2 1202604164.211737
0144103226333604424106241535 2 1202604164.211737
0144105226333604424106241535 2 1202604164.211738
0144100226333604424206241535 2 1202604164.211742
0144102226333604424206241535 2 1202604164.211742
0144103226333604424206241535 2 1202604164.211743
0144105226333604424206241535 2 1202604164.211743
0141105521333144424206241535 2 1202604164.211744
0144100226333604424606241535 2 1202604164.211747
0144102226333604424606241535 2 1202604164.211748
0144103226333604424606241535 2 1202604164.211748
0144105226333604424606241535 2 1202604164.211749
0141106621333544424211010124 2 1202604164.212312
