0546102020003102404200002301 1 1202502053.040600
0546102020103102404200002301 1 1202502053.040606
0546102020303102404200002301 1 1202502053.040612
0516102020403102404200002301 1 1202502053.040618
0546102020403102404200002301 1 1202502053.040624
0546102020503102404200002301 1 1202502053.040630
0546102020003112404200002301 1 1202502053.040637
0546102020103112404200002301 1 1202502053.040644
0546102020303112404200002301 1 1202502053.040650
0516102020403112404200002301 1 1202502053.040656
0546102020403112404200002301 1 1202502053.040702
0546102020503112404200002301 1 1202502053.040708
0546102020003122404200002301 1 1202502053.040715
0546102020103122404200002301 1 1202502053.040721
0546102020303122404200002301 1 1202502053.040727
0516102020403122404200002301 1 1202502053.040734
0546102020403122404200002301 1 1202502053.040740
0546102020503122404200002301 1 1202502053.040746
0546102020003142404200002301 1 1202502053.040753
0546102020103142404200002301 1 1202502053.040759
0546102020303142404200002301 1 1202502053.040805
0516102020403142404200002301 1 1202502053.040811
0546102020403142404200002301 1 1202502053.040817
0546102020503142404200002301 1 1202502053.040823
0546102020003152404200002301 1 1202502053.040831
0546102020103152404200002301 1 1202502053.040837
0546102020303152404200002301 1 1202502053.040843
0516102020403152404200002301 1 1202502053.040849
0546102020403152404200002301 1 1202502053.040855
0546102020503152404200002301 1 1202502053.040901
0546102020003162404200002301 1 1202502053.040909
0546102020103162404200002301 1 1202502053.040915
0546102020303162404200002301 1 1202502053.040921
0516102020403162404200002301 1 1202502053.040927
0546102020403162404200002301 1 1202502053.040933
0546102020503162404200002301 1 1202502053.040939
0546102020003102424200002301 1 1202502053.041028
0546102020103102424200002301 1 1202502053.041034
0546102020303102424200002301 1 1202502053.041040
0546102020403102424200002301 1 1202502053.041046
0546102020503102424200002301 1 1202502053.041052
0546102020003112424200002301 1 1202502053.041059
0546102020103112424200002301 1 1202502053.041105
0546102020303112424200002301 1 1202502053.041111
0546102020403112424200002301 1 1202502053.041117
0546102020503112424200002301 1 1202502053.041123
0546102020003122424200002301 1 1202502053.041130
0546102020103122424200002301 1 1202502053.041136
0546102020303122424200002301 1 1202502053.041142
0546102020403122424200002301 1 1202502053.041149
0546102020503122424200002301 1 1202502053.041155
0546102020003142424200002301 1 1202502053.041202
0546102020103142424200002301 1 1202502053.041208
0546102020303142424200002301 1 1202502053.041214
0546102020403142424200002301 1 1202502053.041220
0546102020503142424200002301 1 1202502053.041226
0546102020003152424200002301 1 1202502053.041233
0546102020103152424200002301 1 1202502053.041239
0546102020303152424200002301 1 1202502053.041245
0546102020403152424200002301 1 1202502053.041251
0546102020503152424200002301 1 1202502053.041257
0546102020003162424200002301 1 1202502053.041304
0546102020103162424200002301 1 1202502053.041310
0546102020303162424200002301 1 1202502053.041316
0546102020403162424200002301 1 1202502053.041322
0546102020503162424200002301 1 1202502053.041329
0546102020003102434200002301 1 1202502053.041621
0546102020103102434200002301 1 1202502053.041627
0546102020303102434200002301 1 1202502053.041633
0546102020403102434200002301 1 1202502053.041639
0546102020503102434200002301 1 1202502053.041645
0546102020003112434200002301 1 1202502053.041652
0546102020103112434200002301 1 1202502053.041658
0546102020303112434200002301 1 1202502053.041704
0546102020403112434200002301 1 1202502053.041710
0546102020503112434200002301 1 1202502053.041716
0546102020003122434200002301 1 1202502053.041724
0546102020103122434200002301 1 1202502053.041730
0546102020303122434200002301 1 1202502053.041736
0546102020403122434200002301 1 1202502053.041742
0546102020503122434200002301 1 1202502053.041748
0546102020003142434200002301 1 1202502053.041755
0546102020103142434200002301 1 1202502053.041801
0546102020303142434200002301 1 1202502053.041807
0546102020403142434200002301 1 1202502053.041813
0546102020503142434200002301 1 1202502053.041819
0546102020003152434200002301 1 1202502053.041826
0546102020103152434200002301 1 1202502053.041832
0546102020303152434200002301 1 1202502053.041838
0546102020403152434200002301 1 1202502053.041844
0546102020503152434200002301 1 1202502053.041850
0546102020003162434200002301 1 1202502053.041857
0546102020103162434200002301 1 1202502053.041904
0546102020303162434200002301 1 1202502053.041910
0546102020403162434200002301 1 1202502053.041916
0546102020503162434200002301 1 1202502053.041922
0546102020003102454200002301 1 1202502053.041955
0546102020103102454200002301 1 1202502053.042001
0546102020303102454200002301 1 1202502053.042007
0546102020403102454200002301 1 1202502053.042013
0546102020503102454200002301 1 1202502053.042019
0546102020003112454200002301 1 1202502053.042026
0546102020103112454200002301 1 1202502053.042032
0546102020303112454200002301 1 1202502053.042038
0546102020403112454200002301 1 1202502053.042044
0546102020503112454200002301 1 1202502053.042050
0546102020003122454200002301 1 1202502053.042057
0546102020103122454200002301 1 1202502053.042104
0546102020303122454200002301 1 1202502053.042110
0546102020403122454200002301 1 1202502053.042116
0546102020503122454200002301 1 1202502053.042122
0546102020003142454200002301 1 1202502053.042129
0546102020103142454200002301 1 1202502053.042135
0546102020303142454200002301 1 1202502053.042141
0546102020403142454200002301 1 1202502053.042147
0546102020503142454200002301 1 1202502053.042153
0546102020003152454200002301 1 1202502053.042200
0546102020103152454200002301 1 1202502053.042206
0546102020303152454200002301 1 1202502053.042212
0546102020403152454200002301 1 1202502053.042218
0546102020503152454200002301 1 1202502053.042224
0546102020003162454200002301 1 1202502053.042231
0546102020103162454200002301 1 1202502053.042237
0546102020303162454200002301 1 1202502053.042243
0546102020403162454200002301 1 1202502053.042249
0546102020503162454200002301 1 1202502053.042255
0546102020003102464200002301 1 1202502053.042325
0546102020103102464200002301 1 1202502053.042331
0546102020303102464200002301 1 1202502053.042337
0546102020403102464200002301 1 1202502053.042343
0546102020503102464200002301 1 1202502053.042350
0546102020003112464200002301 1 1202502053.042356
0546102020103112464200002301 1 1202502053.042402
0546102020303112464200002301 1 1202502053.042408
0546102020403112464200002301 1 1202502053.042415
0546102020503112464200002301 1 1202502053.042421
0546102020003122464200002301 1 1202502053.042427
0546102020103122464200002301 1 1202502053.042433
0546102020303122464200002301 1 1202502053.042439
0546102020403122464200002301 1 1202502053.042446
0546102020503122464200002301 1 1202502053.042452
0546102020003142464200002301 1 1202502053.042458
0546102020103142464200002301 1 1202502053.042504
0546102020303142464200002301 1 1202502053.042511
0546102020403142464200002301 1 1202502053.042517
0546102020503142464200002301 1 1202502053.042523
0546102020003152464200002301 1 1202502053.042529
0546102020103152464200002301 1 1202502053.042535
0546102020303152464200002301 1 1202502053.042542
0546102020403152464200002301 1 1202502053.042548
0546102020503152464200002301 1 1202502053.042554
0546102020003162464200002301 1 1202502053.042600
0546102020103162464200002301 1 1202502053.042606
0546102020303162464200002301 1 1202502053.042613
0546102020403162464200002301 1 1202502053.042619
0546102020503162464200002301 1 1202502053.042625
0516102020403102404600002301 1 1202502053.042739
0516102020403112404600002301 1 1202502053.042747
0516102020403122404600002301 1 1202502053.042754
0516102020403142404600002301 1 1202502053.042802
0516102020403152404600002301 1 1202502053.042809
0516102020403162404600002301 1 1202502053.042817
0124103225313144424610002301 2 1202502053.084713
0164103225003144424210002431 2 1202502064.033724
0164103225103144424210002431 2 1202502064.033813
0164103225303144424210002431 2 1202502064.033901
0164103225403144424210002431 2 1202502064.033950
0164103225503144424210002431 2 1202502064.034049
0164103225013144424210002431 2 1202502064.034138
0164103225113144424210002431 2 1202502064.034227
0164103225313144424210002431 2 1202502064.034316
0164103225413144424210002431 2 1202502064.034407
0164103225513144424210002431 2 1202502064.034507
0164103225033144424210002431 2 1202502064.034555
0164103225133144424210002431 2 1202502064.034644
0164103225333144424210002431 2 1202502064.034749
0164103225433144424210002431 2 1202502064.034838
0164103225533144424210002431 2 1202502064.034937
0164103225043144424210002431 2 1202502064.035026
0164103225143144424210002431 2 1202502064.035114
0164103225343144424210002431 2 1202502064.035203
0164103225443144424210002431 2 1202502064.035252
0164103225543144424210002431 2 1202502064.035351
0164103225053144424210002431 2 1202502064.035450
0164103225153144424210002431 2 1202502064.035549
0164103225353144424210002431 2 1202502064.035659
0164103225453144424210002431 2 1202502064.035758
0164103225553144424210002431 2 1202502064.035857
0164103225003144424610002431 2 1202502075.003047
0164103225103144424610002431 2 1202502075.003136
0164103225303144424610002431 2 1202502075.003242
0164103225403144424610002431 2 1202502075.003331
0164103225503144424610002431 2 1202502075.003431
0164103225013144424610002431 2 1202502075.003519
0164103225113144424610002431 2 1202502075.003616
0124103225313144424610002431 2 1202502075.003741
0164103225313144424610002431 2 1202502075.003748
0164103225413144424610002431 2 1202502075.003842
0164103225513144424610002431 2 1202502075.003941
0164103225033144424610002431 2 1202502075.004030
0164103225133144424610002431 2 1202502075.004119
0164103225333144424610002431 2 1202502075.004315
0164103225433144424610002431 2 1202502075.004404
0164103225533144424610002431 2 1202502075.004503
0164103225043144424610002431 2 1202502075.004552
0164103225143144424610002431 2 1202502075.004641
0164103225343144424610002431 2 1202502075.004737
0164103225443144424610002431 2 1202502075.004826
0164103225543144424610002431 2 1202502075.004925
0164103225053144424610002431 2 1202502075.005024
0164103225153144424610002431 2 1202502075.005135
0164103225353144424610002431 2 1202502075.005427
0164103225453144424610002431 2 1202502075.005526
0164103225553144424610002431 2 1202502075.005625
0124103225313144464210002151 2 1202502086.023452
0124103225313144424610002151 2 1202502086.093019
0124103225313144464610002151 2 1202502086.154915
0110152020303640424200000164 1 1202502086.190454
0110152521303640424200000164 1 1202502086.190514
0110152026303640424200000164 1 1202502086.190519
0522150021313546424200000164 2 1202502086.191104
0422160021313144424200000505 2 1202502086.192143
0042156621313045424200000225 2 1202502086.201338
