0546102020003102404200002300 1 1202502053.010822
0546106020003102404200002300 1 1202502053.010828
0546102020103102404200002300 1 1202502053.010834
0546106020103102404200002300 1 1202502053.010840
0546102020303102404200002300 1 1202502053.010846
0546106020303102404200002300 1 1202502053.010852
0516102020403102404200002300 1 1202502053.010858
0546102020403102404200002300 1 1202502053.010904
0546106020403102404200002300 1 1202502053.010910
0546102020503102404200002300 1 1202502053.010916
0546106020503102404200002300 1 1202502053.010922
0546106020013102404200002300 1 1202502053.010928
0546106020113102404200002300 1 1202502053.010934
0546106020313102404200002300 1 1202502053.010940
0546106020413102404200002300 1 1202502053.010947
0546106020513102404200002300 1 1202502053.010953
0546106020033102404200002300 1 1202502053.010959
0546106020133102404200002300 1 1202502053.011005
0546106020333102404200002300 1 1202502053.011011
0546106020433102404200002300 1 1202502053.011017
0546106020533102404200002300 1 1202502053.011023
0526106020043102404200002300 1 1202502053.011029
0546106020043102404200002300 1 1202502053.011035
0526106020143102404200002300 1 1202502053.011041
0546106020143102404200002300 1 1202502053.011047
0526106020343102404200002300 1 1202502053.011053
0546106020343102404200002300 1 1202502053.011059
0526106020443102404200002300 1 1202502053.011106
0546106020443102404200002300 1 1202502053.011112
0526106020543102404200002300 1 1202502053.011118
0546106020543102404200002300 1 1202502053.011124
0546106020053102404200002300 1 1202502053.011130
0546106020153102404200002300 1 1202502053.011136
0546106020353102404200002300 1 1202502053.011142
0546106020453102404200002300 1 1202502053.011148
0546106020553102404200002300 1 1202502053.011154
0546102020003112404200002300 1 1202502053.011210
0546106020003112404200002300 1 1202502053.011216
0546102020103112404200002300 1 1202502053.011223
0546106020103112404200002300 1 1202502053.011229
0546102020303112404200002300 1 1202502053.011235
0546106020303112404200002300 1 1202502053.011241
0516102020403112404200002300 1 1202502053.011247
0546102020403112404200002300 1 1202502053.011253
0546106020403112404200002300 1 1202502053.011259
0546102020503112404200002300 1 1202502053.011305
0546106020503112404200002300 1 1202502053.011311
0546106020013112404200002300 1 1202502053.011317
0546106020113112404200002300 1 1202502053.011323
0546106020313112404200002300 1 1202502053.011329
0546106020413112404200002300 1 1202502053.011335
0546106020513112404200002300 1 1202502053.011341
0546106020033112404200002300 1 1202502053.011347
0546106020133112404200002300 1 1202502053.011354
0546106020333112404200002300 1 1202502053.011400
0546106020433112404200002300 1 1202502053.011406
0546106020533112404200002300 1 1202502053.011412
0526106020043112404200002300 1 1202502053.011418
0546106020043112404200002300 1 1202502053.011424
0526106020143112404200002300 1 1202502053.011430
0546106020143112404200002300 1 1202502053.011436
0526106020343112404200002300 1 1202502053.011442
0546106020343112404200002300 1 1202502053.011448
0526106020443112404200002300 1 1202502053.011454
0546106020443112404200002300 1 1202502053.011500
0526106020543112404200002300 1 1202502053.011507
0546106020543112404200002300 1 1202502053.011513
0546106020053112404200002300 1 1202502053.011519
0546106020153112404200002300 1 1202502053.011525
0546106020353112404200002300 1 1202502053.011531
0546106020453112404200002300 1 1202502053.011537
0546106020553112404200002300 1 1202502053.011543
0546102020003122404200002300 1 1202502053.011559
0546106020003122404200002300 1 1202502053.011605
0546102020103122404200002300 1 1202502053.011611
0546106020103122404200002300 1 1202502053.011617
0546102020303122404200002300 1 1202502053.011624
0546106020303122404200002300 1 1202502053.011630
0516102020403122404200002300 1 1202502053.011636
0546102020403122404200002300 1 1202502053.011642
0546106020403122404200002300 1 1202502053.011648
0546102020503122404200002300 1 1202502053.011654
0546106020503122404200002300 1 1202502053.011700
0546106020013122404200002300 1 1202502053.011706
0546106020113122404200002300 1 1202502053.011712
0546106020313122404200002300 1 1202502053.011718
0546106020413122404200002300 1 1202502053.011724
0546106020513122404200002300 1 1202502053.011730
0546106020033122404200002300 1 1202502053.011736
0546106020133122404200002300 1 1202502053.011742
0546106020333122404200002300 1 1202502053.011749
0546106020433122404200002300 1 1202502053.011755
0546106020533122404200002300 1 1202502053.011801
0526106020043122404200002300 1 1202502053.011807
0546106020043122404200002300 1 1202502053.011813
0526106020143122404200002300 1 1202502053.011819
0546106020143122404200002300 1 1202502053.011825
0526106020343122404200002300 1 1202502053.011831
0546106020343122404200002300 1 1202502053.011837
0526106020443122404200002300 1 1202502053.011843
0546106020443122404200002300 1 1202502053.011849
0526106020543122404200002300 1 1202502053.011856
0546106020543122404200002300 1 1202502053.011902
0546106020053122404200002300 1 1202502053.011908
0546106020153122404200002300 1 1202502053.011914
0546106020353122404200002300 1 1202502053.011920
0546106020453122404200002300 1 1202502053.011926
0546106020553122404200002300 1 1202502053.011932
0546102020003142404200002300 1 1202502053.011948
0546106020003142404200002300 1 1202502053.011954
0546102020103142404200002300 1 1202502053.012000
0546106020103142404200002300 1 1202502053.012006
0546102020303142404200002300 1 1202502053.012012
0546106020303142404200002300 1 1202502053.012018
0516102020403142404200002300 1 1202502053.012024
0546102020403142404200002300 1 1202502053.012031
0546106020403142404200002300 1 1202502053.012037
0546102020503142404200002300 1 1202502053.012043
0546106020503142404200002300 1 1202502053.012049
0546106020013142404200002300 1 1202502053.012055
0546106020113142404200002300 1 1202502053.012101
0546106020313142404200002300 1 1202502053.012107
0546106020413142404200002300 1 1202502053.012113
0546106020513142404200002300 1 1202502053.012119
0546106020033142404200002300 1 1202502053.012125
0546106020133142404200002300 1 1202502053.012131
0546106020333142404200002300 1 1202502053.012137
0546106020433142404200002300 1 1202502053.012143
0546106020533142404200002300 1 1202502053.012149
0526106020043142404200002300 1 1202502053.012155
0546106020043142404200002300 1 1202502053.012201
0526106020143142404200002300 1 1202502053.012208
0546106020143142404200002300 1 1202502053.012214
0526106020343142404200002300 1 1202502053.012220
0546106020343142404200002300 1 1202502053.012226
0526106020443142404200002300 1 1202502053.012232
0546106020443142404200002300 1 1202502053.012238
0526106020543142404200002300 1 1202502053.012244
0546106020543142404200002300 1 1202502053.012250
0546106020053142404200002300 1 1202502053.012257
0546106020153142404200002300 1 1202502053.012303
0546106020353142404200002300 1 1202502053.012309
0546106020453142404200002300 1 1202502053.012315
0546106020553142404200002300 1 1202502053.012321
0546102020003152404200002300 1 1202502053.012339
0546106020003152404200002300 1 1202502053.012345
0546102020103152404200002300 1 1202502053.012351
0546106020103152404200002300 1 1202502053.012357
0546102020303152404200002300 1 1202502053.012403
0546106020303152404200002300 1 1202502053.012409
0516102020403152404200002300 1 1202502053.012415
0546102020403152404200002300 1 1202502053.012421
0546106020403152404200002300 1 1202502053.012427
0546102020503152404200002300 1 1202502053.012434
0546106020503152404200002300 1 1202502053.012440
0546106020013152404200002300 1 1202502053.012446
0546106020113152404200002300 1 1202502053.012452
0546106020313152404200002300 1 1202502053.012458
0546106020413152404200002300 1 1202502053.012504
0546106020513152404200002300 1 1202502053.012510
0546106020033152404200002300 1 1202502053.012516
0546106020133152404200002300 1 1202502053.012522
0546106020333152404200002300 1 1202502053.012528
0546106020433152404200002300 1 1202502053.012540
0546106020533152404200002300 1 1202502053.012546
0526106020043152404200002300 1 1202502053.012552
0546106020043152404200002300 1 1202502053.012558
0526106020143152404200002300 1 1202502053.012604
0546106020143152404200002300 1 1202502053.012610
0526106020343152404200002300 1 1202502053.012616
0546106020343152404200002300 1 1202502053.012623
0526106020443152404200002300 1 1202502053.012629
0546106020443152404200002300 1 1202502053.012635
0526106020543152404200002300 1 1202502053.012641
0546106020543152404200002300 1 1202502053.012647
0546106020053152404200002300 1 1202502053.012653
0546106020153152404200002300 1 1202502053.012700
0546106020353152404200002300 1 1202502053.012706
0546106020453152404200002300 1 1202502053.012712
0546106020553152404200002300 1 1202502053.012718
0546102020003162404200002300 1 1202502053.012734
0546106020003162404200002300 1 1202502053.012740
0546102020103162404200002300 1 1202502053.012746
0546106020103162404200002300 1 1202502053.012752
0546102020303162404200002300 1 1202502053.012758
0546106020303162404200002300 1 1202502053.012804
0516102020403162404200002300 1 1202502053.012810
0546102020403162404200002300 1 1202502053.012816
0546106020403162404200002300 1 1202502053.012822
0546102020503162404200002300 1 1202502053.012828
0546106020503162404200002300 1 1202502053.012834
0546106020013162404200002300 1 1202502053.012840
0546106020113162404200002300 1 1202502053.012846
0546106020313162404200002300 1 1202502053.012852
0546106020413162404200002300 1 1202502053.012858
0546106020513162404200002300 1 1202502053.012905
0546106020033162404200002300 1 1202502053.012911
0546106020133162404200002300 1 1202502053.012917
0546106020333162404200002300 1 1202502053.012923
0546106020433162404200002300 1 1202502053.012929
0546106020533162404200002300 1 1202502053.012935
0526106020043162404200002300 1 1202502053.012941
0546106020043162404200002300 1 1202502053.012947
0526106020143162404200002300 1 1202502053.012953
0546106020143162404200002300 1 1202502053.013000
0526106020343162404200002300 1 1202502053.013006
0546106020343162404200002300 1 1202502053.013012
0526106020443162404200002300 1 1202502053.013018
0546106020443162404200002300 1 1202502053.013024
0526106020543162404200002300 1 1202502053.013030
0546106020543162404200002300 1 1202502053.013036
0546106020053162404200002300 1 1202502053.013042
0546106020153162404200002300 1 1202502053.013048
0546106020353162404200002300 1 1202502053.013055
0546106020453162404200002300 1 1202502053.013101
0546106020553162404200002300 1 1202502053.013107
0546102020003102424200002300 1 1202502053.013231
0546106020003102424200002300 1 1202502053.013237
0546102020103102424200002300 1 1202502053.013243
0546106020103102424200002300 1 1202502053.013249
0546102020303102424200002300 1 1202502053.013255
0546106020303102424200002300 1 1202502053.013301
0546102020403102424200002300 1 1202502053.013307
0546106020403102424200002300 1 1202502053.013313
0546102020503102424200002300 1 1202502053.013319
0546106020503102424200002300 1 1202502053.013326
0546106020013102424200002300 1 1202502053.013332
0546106020113102424200002300 1 1202502053.013338
0546106020313102424200002300 1 1202502053.013344
0546106020413102424200002300 1 1202502053.013350
0546106020513102424200002300 1 1202502053.013356
0546106020033102424200002300 1 1202502053.013402
0546106020133102424200002300 1 1202502053.013408
0546106020333102424200002300 1 1202502053.013414
0546106020433102424200002300 1 1202502053.013420
0546106020533102424200002300 1 1202502053.013426
0546106020043102424200002300 1 1202502053.013432
0546106020143102424200002300 1 1202502053.013438
0546106020343102424200002300 1 1202502053.013444
0546106020443102424200002300 1 1202502053.013450
0546106020543102424200002300 1 1202502053.013457
0546106020053102424200002300 1 1202502053.013503
0546106020153102424200002300 1 1202502053.013509
0546106020353102424200002300 1 1202502053.013515
0546106020453102424200002300 1 1202502053.013521
0546106020553102424200002300 1 1202502053.013527
0546102020003112424200002300 1 1202502053.013535
0546106020003112424200002300 1 1202502053.013541
0546102020103112424200002300 1 1202502053.013547
0546106020103112424200002300 1 1202502053.013553
0546102020303112424200002300 1 1202502053.013559
0546106020303112424200002300 1 1202502053.013605
0546102020403112424200002300 1 1202502053.013611
0546106020403112424200002300 1 1202502053.013617
0546102020503112424200002300 1 1202502053.013623
0546106020503112424200002300 1 1202502053.013629
0546106020013112424200002300 1 1202502053.013635
0546106020113112424200002300 1 1202502053.013641
0546106020313112424200002300 1 1202502053.013647
0546106020413112424200002300 1 1202502053.013653
0546106020513112424200002300 1 1202502053.013659
0546106020033112424200002300 1 1202502053.013706
0546106020133112424200002300 1 1202502053.013712
0546106020333112424200002300 1 1202502053.013718
0546106020433112424200002300 1 1202502053.013724
0546106020533112424200002300 1 1202502053.013730
0546106020043112424200002300 1 1202502053.013736
0546106020143112424200002300 1 1202502053.013742
0546106020343112424200002300 1 1202502053.013748
0546106020443112424200002300 1 1202502053.013754
0546106020543112424200002300 1 1202502053.013800
0546106020053112424200002300 1 1202502053.013806
0546106020153112424200002300 1 1202502053.013812
0546106020353112424200002300 1 1202502053.013818
0546106020453112424200002300 1 1202502053.013824
0546106020553112424200002300 1 1202502053.013830
0546102020003122424200002300 1 1202502053.013838
0546106020003122424200002300 1 1202502053.013844
0546102020103122424200002300 1 1202502053.013850
0546106020103122424200002300 1 1202502053.013856
0546102020303122424200002300 1 1202502053.013902
0546106020303122424200002300 1 1202502053.013908
0546102020403122424200002300 1 1202502053.013914
0546106020403122424200002300 1 1202502053.013921
0546102020503122424200002300 1 1202502053.013927
0546106020503122424200002300 1 1202502053.013933
0546106020013122424200002300 1 1202502053.013939
0546106020113122424200002300 1 1202502053.013945
0546106020313122424200002300 1 1202502053.013951
0546106020413122424200002300 1 1202502053.013957
0546106020513122424200002300 1 1202502053.014003
0546106020033122424200002300 1 1202502053.014009
0546106020133122424200002300 1 1202502053.014015
0546106020333122424200002300 1 1202502053.014021
0546106020433122424200002300 1 1202502053.014027
0546106020533122424200002300 1 1202502053.014033
0546106020043122424200002300 1 1202502053.014039
0546106020143122424200002300 1 1202502053.014045
0546106020343122424200002300 1 1202502053.014051
0546106020443122424200002300 1 1202502053.014058
0546106020543122424200002300 1 1202502053.014104
0546106020053122424200002300 1 1202502053.014110
0546106020153122424200002300 1 1202502053.014116
0546106020353122424200002300 1 1202502053.014122
0546106020453122424200002300 1 1202502053.014128
0546106020553122424200002300 1 1202502053.014135
0546102020003142424200002300 1 1202502053.014142
0546106020003142424200002300 1 1202502053.014148
0546102020103142424200002300 1 1202502053.014154
0546106020103142424200002300 1 1202502053.014200
0546102020303142424200002300 1 1202502053.014207
0546106020303142424200002300 1 1202502053.014213
0546102020403142424200002300 1 1202502053.014219
0546106020403142424200002300 1 1202502053.014225
0546102020503142424200002300 1 1202502053.014231
0546106020503142424200002300 1 1202502053.014237
0546106020013142424200002300 1 1202502053.014243
0546106020113142424200002300 1 1202502053.014249
0546106020313142424200002300 1 1202502053.014255
0546106020413142424200002300 1 1202502053.014301
0546106020513142424200002300 1 1202502053.014307
0546106020033142424200002300 1 1202502053.014313
0546106020133142424200002300 1 1202502053.014319
0546106020333142424200002300 1 1202502053.014325
0546106020433142424200002300 1 1202502053.014331
0546106020533142424200002300 1 1202502053.014338
0546106020043142424200002300 1 1202502053.014344
0546106020143142424200002300 1 1202502053.014350
0546106020343142424200002300 1 1202502053.014356
0546106020443142424200002300 1 1202502053.014402
0546106020543142424200002300 1 1202502053.014408
0546106020053142424200002300 1 1202502053.014414
0546106020153142424200002300 1 1202502053.014420
0546106020353142424200002300 1 1202502053.014426
0546106020453142424200002300 1 1202502053.014432
0546106020553142424200002300 1 1202502053.014438
0546102020003152424200002300 1 1202502053.014446
0546106020003152424200002300 1 1202502053.014452
0546102020103152424200002300 1 1202502053.014458
0546106020103152424200002300 1 1202502053.014504
0546102020303152424200002300 1 1202502053.014510
0546106020303152424200002300 1 1202502053.014516
0546102020403152424200002300 1 1202502053.014522
0546106020403152424200002300 1 1202502053.014528
0546102020503152424200002300 1 1202502053.014534
0546106020503152424200002300 1 1202502053.014540
0546106020013152424200002300 1 1202502053.014546
0546106020113152424200002300 1 1202502053.014552
0546106020313152424200002300 1 1202502053.014558
0546106020413152424200002300 1 1202502053.014604
0546106020513152424200002300 1 1202502053.014610
0546106020033152424200002300 1 1202502053.014616
0546106020133152424200002300 1 1202502053.014623
0546106020333152424200002300 1 1202502053.014629
0546106020433152424200002300 1 1202502053.014635
0546106020533152424200002300 1 1202502053.014641
0546106020043152424200002300 1 1202502053.014647
0546106020143152424200002300 1 1202502053.014653
0546106020343152424200002300 1 1202502053.014659
0546106020443152424200002300 1 1202502053.014705
0546106020543152424200002300 1 1202502053.014711
0546106020053152424200002300 1 1202502053.014717
0546106020153152424200002300 1 1202502053.014723
0546106020353152424200002300 1 1202502053.014729
0546106020453152424200002300 1 1202502053.014735
0546106020553152424200002300 1 1202502053.014741
0546102020003162424200002300 1 1202502053.014749
0546106020003162424200002300 1 1202502053.014755
0546102020103162424200002300 1 1202502053.014801
0546106020103162424200002300 1 1202502053.014807
0546102020303162424200002300 1 1202502053.014813
0546106020303162424200002300 1 1202502053.014819
0546102020403162424200002300 1 1202502053.014825
0546106020403162424200002300 1 1202502053.014831
0546102020503162424200002300 1 1202502053.014837
0546106020503162424200002300 1 1202502053.014843
0546106020013162424200002300 1 1202502053.014849
0546106020113162424200002300 1 1202502053.014855
0546106020313162424200002300 1 1202502053.014901
0546106020413162424200002300 1 1202502053.014908
0546106020513162424200002300 1 1202502053.014914
0546106020033162424200002300 1 1202502053.014920
0546106020133162424200002300 1 1202502053.014926
0546106020333162424200002300 1 1202502053.014932
0546106020433162424200002300 1 1202502053.014938
0546106020533162424200002300 1 1202502053.014944
0546106020043162424200002300 1 1202502053.014950
0546106020143162424200002300 1 1202502053.014956
0546106020343162424200002300 1 1202502053.015002
0546106020443162424200002300 1 1202502053.015008
0546106020543162424200002300 1 1202502053.015014
0546106020053162424200002300 1 1202502053.015020
0546106020153162424200002300 1 1202502053.015026
0546106020353162424200002300 1 1202502053.015032
0546106020453162424200002300 1 1202502053.015038
0546106020553162424200002300 1 1202502053.015045
0546102020003102434200002300 1 1202502053.020108
0546106020003102434200002300 1 1202502053.020114
0546102020103102434200002300 1 1202502053.020120
0546106020103102434200002300 1 1202502053.020126
0546102020303102434200002300 1 1202502053.020133
0546106020303102434200002300 1 1202502053.020139
0546102020403102434200002300 1 1202502053.020145
0546106020403102434200002300 1 1202502053.020151
0546102020503102434200002300 1 1202502053.020157
0546106020503102434200002300 1 1202502053.020203
0546106020013102434200002300 1 1202502053.020209
0546106020113102434200002300 1 1202502053.020215
0546106020313102434200002300 1 1202502053.020221
0546106020413102434200002300 1 1202502053.020227
0546106020513102434200002300 1 1202502053.020233
0546106020033102434200002300 1 1202502053.020239
0546106020133102434200002300 1 1202502053.020245
0546106020333102434200002300 1 1202502053.020251
0546106020433102434200002300 1 1202502053.020258
0546106020533102434200002300 1 1202502053.020304
0546106020043102434200002300 1 1202502053.020310
0546106020143102434200002300 1 1202502053.020316
0546106020343102434200002300 1 1202502053.020322
0546106020443102434200002300 1 1202502053.020328
0546106020543102434200002300 1 1202502053.020334
0546106020053102434200002300 1 1202502053.020340
0546106020153102434200002300 1 1202502053.020346
0546106020353102434200002300 1 1202502053.020352
0546106020453102434200002300 1 1202502053.020358
0546106020553102434200002300 1 1202502053.020404
0546102020003112434200002300 1 1202502053.020412
0546106020003112434200002300 1 1202502053.020418
0546102020103112434200002300 1 1202502053.020424
0546106020103112434200002300 1 1202502053.020430
0546102020303112434200002300 1 1202502053.020436
0546106020303112434200002300 1 1202502053.020442
0546102020403112434200002300 1 1202502053.020448
0546106020403112434200002300 1 1202502053.020454
0546102020503112434200002300 1 1202502053.020500
0546106020503112434200002300 1 1202502053.020507
0546106020013112434200002300 1 1202502053.020513
0546106020113112434200002300 1 1202502053.020519
0546106020313112434200002300 1 1202502053.020525
0546106020413112434200002300 1 1202502053.020531
0546106020513112434200002300 1 1202502053.020537
0546106020033112434200002300 1 1202502053.020543
0546106020133112434200002300 1 1202502053.020549
0546106020333112434200002300 1 1202502053.020555
0546106020433112434200002300 1 1202502053.020601
0546106020533112434200002300 1 1202502053.020607
0546106020043112434200002300 1 1202502053.020613
0546106020143112434200002300 1 1202502053.020619
0546106020343112434200002300 1 1202502053.020625
0546106020443112434200002300 1 1202502053.020631
0546106020543112434200002300 1 1202502053.020638
0546106020053112434200002300 1 1202502053.020644
0546106020153112434200002300 1 1202502053.020650
0546106020353112434200002300 1 1202502053.020656
0546106020453112434200002300 1 1202502053.020702
0546106020553112434200002300 1 1202502053.020708
0546102020003122434200002300 1 1202502053.020716
0546106020003122434200002300 1 1202502053.020722
0546102020103122434200002300 1 1202502053.020728
0546106020103122434200002300 1 1202502053.020734
0546102020303122434200002300 1 1202502053.020740
0546106020303122434200002300 1 1202502053.020746
0546102020403122434200002300 1 1202502053.020752
0546106020403122434200002300 1 1202502053.020758
0546102020503122434200002300 1 1202502053.020804
0546106020503122434200002300 1 1202502053.020810
0546106020013122434200002300 1 1202502053.020816
0546106020113122434200002300 1 1202502053.020822
0546106020313122434200002300 1 1202502053.020828
0546106020413122434200002300 1 1202502053.020834
0546106020513122434200002300 1 1202502053.020840
0546106020033122434200002300 1 1202502053.020846
0546106020133122434200002300 1 1202502053.020853
0546106020333122434200002300 1 1202502053.020859
0546106020433122434200002300 1 1202502053.020905
0546106020533122434200002300 1 1202502053.020911
0546106020043122434200002300 1 1202502053.020917
0546106020143122434200002300 1 1202502053.020923
0546106020343122434200002300 1 1202502053.020929
0546106020443122434200002300 1 1202502053.020935
0546106020543122434200002300 1 1202502053.020941
0546106020053122434200002300 1 1202502053.020947
0546106020153122434200002300 1 1202502053.020953
0546106020353122434200002300 1 1202502053.020959
0546106020453122434200002300 1 1202502053.021005
0546106020553122434200002300 1 1202502053.021011
0546102020003142434200002300 1 1202502053.021019
0546106020003142434200002300 1 1202502053.021025
0546102020103142434200002300 1 1202502053.021031
0546106020103142434200002300 1 1202502053.021037
0546102020303142434200002300 1 1202502053.021043
0546106020303142434200002300 1 1202502053.021049
0546102020403142434200002300 1 1202502053.021055
0546106020403142434200002300 1 1202502053.021101
0546102020503142434200002300 1 1202502053.021108
0546106020503142434200002300 1 1202502053.021114
0546106020013142434200002300 1 1202502053.021120
0546106020113142434200002300 1 1202502053.021126
0546106020313142434200002300 1 1202502053.021132
0546106020413142434200002300 1 1202502053.021138
0546106020513142434200002300 1 1202502053.021144
0546106020033142434200002300 1 1202502053.021150
0546106020133142434200002300 1 1202502053.021156
0546106020333142434200002300 1 1202502053.021202
0546106020433142434200002300 1 1202502053.021208
0546106020533142434200002300 1 1202502053.021214
0546106020043142434200002300 1 1202502053.021220
0546106020143142434200002300 1 1202502053.021226
0546106020343142434200002300 1 1202502053.021232
0546106020443142434200002300 1 1202502053.021238
0546106020543142434200002300 1 1202502053.021244
0546106020053142434200002300 1 1202502053.021251
0546106020153142434200002300 1 1202502053.021257
0546106020353142434200002300 1 1202502053.021303
0546106020453142434200002300 1 1202502053.021309
0546106020553142434200002300 1 1202502053.021315
0546102020003152434200002300 1 1202502053.021322
0546106020003152434200002300 1 1202502053.021328
0546102020103152434200002300 1 1202502053.021334
0546106020103152434200002300 1 1202502053.021340
0546102020303152434200002300 1 1202502053.021346
0546106020303152434200002300 1 1202502053.021353
0546102020403152434200002300 1 1202502053.021359
0546106020403152434200002300 1 1202502053.021405
0546102020503152434200002300 1 1202502053.021411
0546106020503152434200002300 1 1202502053.021417
0546106020013152434200002300 1 1202502053.021423
0546106020113152434200002300 1 1202502053.021429
0546106020313152434200002300 1 1202502053.021435
0546106020413152434200002300 1 1202502053.021441
0546106020513152434200002300 1 1202502053.021447
0546106020033152434200002300 1 1202502053.021453
0546106020133152434200002300 1 1202502053.021459
0546106020333152434200002300 1 1202502053.021505
0546106020433152434200002300 1 1202502053.021511
0546106020533152434200002300 1 1202502053.021517
0546106020043152434200002300 1 1202502053.021523
0546106020143152434200002300 1 1202502053.021530
0546106020343152434200002300 1 1202502053.021536
0546106020443152434200002300 1 1202502053.021542
0546106020543152434200002300 1 1202502053.021548
0546106020053152434200002300 1 1202502053.021554
0546106020153152434200002300 1 1202502053.021600
0546106020353152434200002300 1 1202502053.021606
0546106020453152434200002300 1 1202502053.021612
0546106020553152434200002300 1 1202502053.021618
0546102020003162434200002300 1 1202502053.021626
0546106020003162434200002300 1 1202502053.021632
0546102020103162434200002300 1 1202502053.021638
0546106020103162434200002300 1 1202502053.021644
0546102020303162434200002300 1 1202502053.021650
0546106020303162434200002300 1 1202502053.021656
0546102020403162434200002300 1 1202502053.021702
0546106020403162434200002300 1 1202502053.021708
0546102020503162434200002300 1 1202502053.021714
0546106020503162434200002300 1 1202502053.021720
0546106020013162434200002300 1 1202502053.021726
0546106020113162434200002300 1 1202502053.021732
0546106020313162434200002300 1 1202502053.021738
0546106020413162434200002300 1 1202502053.021744
0546106020513162434200002300 1 1202502053.021750
0546106020033162434200002300 1 1202502053.021756
0546106020133162434200002300 1 1202502053.021802
0546106020333162434200002300 1 1202502053.021809
0546106020433162434200002300 1 1202502053.021815
0546106020533162434200002300 1 1202502053.021821
0546106020043162434200002300 1 1202502053.021827
0546106020143162434200002300 1 1202502053.021833
0546106020343162434200002300 1 1202502053.021839
0546106020443162434200002300 1 1202502053.021845
0546106020543162434200002300 1 1202502053.021851
0546106020053162434200002300 1 1202502053.021857
0546106020153162434200002300 1 1202502053.021903
0546106020353162434200002300 1 1202502053.021909
0546106020453162434200002300 1 1202502053.021915
0546106020553162434200002300 1 1202502053.021921
0546102020003102454200002300 1 1202502053.022024
0546106020003102454200002300 1 1202502053.022030
0546102020103102454200002300 1 1202502053.022036
0546106020103102454200002300 1 1202502053.022042
0546102020303102454200002300 1 1202502053.022048
0546106020303102454200002300 1 1202502053.022054
0546102020403102454200002300 1 1202502053.022100
0546106020403102454200002300 1 1202502053.022106
0546102020503102454200002300 1 1202502053.022112
0546106020503102454200002300 1 1202502053.022118
0546106020013102454200002300 1 1202502053.022124
0546106020113102454200002300 1 1202502053.022130
0546106020313102454200002300 1 1202502053.022137
0546106020413102454200002300 1 1202502053.022143
0546106020513102454200002300 1 1202502053.022149
0546106020033102454200002300 1 1202502053.022155
0546106020133102454200002300 1 1202502053.022201
0546106020333102454200002300 1 1202502053.022207
0546106020433102454200002300 1 1202502053.022220
0546106020533102454200002300 1 1202502053.022226
0546106020043102454200002300 1 1202502053.022232
0546106020143102454200002300 1 1202502053.022238
0546106020343102454200002300 1 1202502053.022244
0546106020443102454200002300 1 1202502053.022250
0546106020543102454200002300 1 1202502053.022256
0546106020053102454200002300 1 1202502053.022303
0546106020153102454200002300 1 1202502053.022309
0546106020353102454200002300 1 1202502053.022315
0546106020453102454200002300 1 1202502053.022321
0546106020553102454200002300 1 1202502053.022327
0546102020003112454200002300 1 1202502053.022352
0546106020003112454200002300 1 1202502053.022358
0546102020103112454200002300 1 1202502053.022404
0546106020103112454200002300 1 1202502053.022410
0546102020303112454200002300 1 1202502053.022416
0546106020303112454200002300 1 1202502053.022422
0546102020403112454200002300 1 1202502053.022428
0546106020403112454200002300 1 1202502053.022434
0546102020503112454200002300 1 1202502053.022440
0546106020503112454200002300 1 1202502053.022446
0546106020013112454200002300 1 1202502053.022452
0546106020113112454200002300 1 1202502053.022459
0546106020313112454200002300 1 1202502053.022505
0546106020413112454200002300 1 1202502053.022511
0546106020513112454200002300 1 1202502053.022517
0546106020033112454200002300 1 1202502053.022523
0546106020133112454200002300 1 1202502053.022529
0546106020333112454200002300 1 1202502053.022535
0546106020433112454200002300 1 1202502053.022548
0546106020533112454200002300 1 1202502053.022554
0546106020043112454200002300 1 1202502053.022600
0546106020143112454200002300 1 1202502053.022606
0546106020343112454200002300 1 1202502053.022612
0546106020443112454200002300 1 1202502053.022619
0546106020543112454200002300 1 1202502053.022625
0546106020053112454200002300 1 1202502053.022631
0546106020153112454200002300 1 1202502053.022637
0546106020353112454200002300 1 1202502053.022643
0546106020453112454200002300 1 1202502053.022649
0546106020553112454200002300 1 1202502053.022655
0546102020003122454200002300 1 1202502053.022720
0546106020003122454200002300 1 1202502053.022726
0546102020103122454200002300 1 1202502053.022732
0546106020103122454200002300 1 1202502053.022738
0546102020303122454200002300 1 1202502053.022744
0546106020303122454200002300 1 1202502053.022750
0546102020403122454200002300 1 1202502053.022756
0546106020403122454200002300 1 1202502053.022802
0546102020503122454200002300 1 1202502053.022808
0546106020503122454200002300 1 1202502053.022814
0546106020013122454200002300 1 1202502053.022821
0546106020113122454200002300 1 1202502053.022827
0546106020313122454200002300 1 1202502053.022833
0546106020413122454200002300 1 1202502053.022839
0546106020513122454200002300 1 1202502053.022845
0546106020033122454200002300 1 1202502053.022851
0546106020133122454200002300 1 1202502053.022857
0546106020333122454200002300 1 1202502053.022903
0546106020433122454200002300 1 1202502053.022916
0546106020533122454200002300 1 1202502053.022922
0546106020043122454200002300 1 1202502053.022928
0546106020143122454200002300 1 1202502053.022934
0546106020343122454200002300 1 1202502053.022940
0546106020443122454200002300 1 1202502053.022947
0546106020543122454200002300 1 1202502053.022953
0546106020053122454200002300 1 1202502053.022959
0546106020153122454200002300 1 1202502053.023005
0546106020353122454200002300 1 1202502053.023011
0546106020453122454200002300 1 1202502053.023017
0546106020553122454200002300 1 1202502053.023023
0546102020003142454200002300 1 1202502053.023048
0546106020003142454200002300 1 1202502053.023054
0546102020103142454200002300 1 1202502053.023100
0546106020103142454200002300 1 1202502053.023106
0546102020303142454200002300 1 1202502053.023112
0546106020303142454200002300 1 1202502053.023118
0546102020403142454200002300 1 1202502053.023124
0546106020403142454200002300 1 1202502053.023130
0546102020503142454200002300 1 1202502053.023136
0546106020503142454200002300 1 1202502053.023142
0546106020013142454200002300 1 1202502053.023148
0546106020113142454200002300 1 1202502053.023154
0546106020313142454200002300 1 1202502053.023201
0546106020413142454200002300 1 1202502053.023207
0546106020513142454200002300 1 1202502053.023213
0546106020033142454200002300 1 1202502053.023219
0546106020133142454200002300 1 1202502053.023225
0546106020333142454200002300 1 1202502053.023231
0546106020433142454200002300 1 1202502053.023244
0546106020533142454200002300 1 1202502053.023250
0546106020043142454200002300 1 1202502053.023256
0546106020143142454200002300 1 1202502053.023302
0546106020343142454200002300 1 1202502053.023308
0546106020443142454200002300 1 1202502053.023314
0546106020543142454200002300 1 1202502053.023320
0546106020053142454200002300 1 1202502053.023327
0546106020153142454200002300 1 1202502053.023333
0546106020353142454200002300 1 1202502053.023339
0546106020453142454200002300 1 1202502053.023345
0546106020553142454200002300 1 1202502053.023351
0546102020003152454200002300 1 1202502053.023416
0546106020003152454200002300 1 1202502053.023422
0546102020103152454200002300 1 1202502053.023428
0546106020103152454200002300 1 1202502053.023434
0546102020303152454200002300 1 1202502053.023440
0546106020303152454200002300 1 1202502053.023446
0546102020403152454200002300 1 1202502053.023452
0546106020403152454200002300 1 1202502053.023458
0546102020503152454200002300 1 1202502053.023504
0546106020503152454200002300 1 1202502053.023510
0546106020013152454200002300 1 1202502053.023516
0546106020113152454200002300 1 1202502053.023522
0546106020313152454200002300 1 1202502053.023528
0546106020413152454200002300 1 1202502053.023534
0546106020513152454200002300 1 1202502053.023540
0546106020033152454200002300 1 1202502053.023547
0546106020133152454200002300 1 1202502053.023553
0546106020333152454200002300 1 1202502053.023559
0546106020433152454200002300 1 1202502053.023612
0546106020533152454200002300 1 1202502053.023618
0546106020043152454200002300 1 1202502053.023624
0546106020143152454200002300 1 1202502053.023630
0546106020343152454200002300 1 1202502053.023636
0546106020443152454200002300 1 1202502053.023642
0546106020543152454200002300 1 1202502053.023648
0546106020053152454200002300 1 1202502053.023654
0546106020153152454200002300 1 1202502053.023700
0546106020353152454200002300 1 1202502053.023707
0546106020453152454200002300 1 1202502053.023713
0546106020553152454200002300 1 1202502053.023719
0546102020003162454200002300 1 1202502053.023744
0546106020003162454200002300 1 1202502053.023750
0546102020103162454200002300 1 1202502053.023756
0546106020103162454200002300 1 1202502053.023802
0546102020303162454200002300 1 1202502053.023808
0546106020303162454200002300 1 1202502053.023814
0546102020403162454200002300 1 1202502053.023820
0546106020403162454200002300 1 1202502053.023826
0546102020503162454200002300 1 1202502053.023832
0546106020503162454200002300 1 1202502053.023838
0546106020013162454200002300 1 1202502053.023844
0546106020113162454200002300 1 1202502053.023850
0546106020313162454200002300 1 1202502053.023856
0546106020413162454200002300 1 1202502053.023902
0546106020513162454200002300 1 1202502053.023908
0546106020033162454200002300 1 1202502053.023915
0546106020133162454200002300 1 1202502053.023921
0546106020333162454200002300 1 1202502053.023927
0546106020433162454200002300 1 1202502053.023940
0546106020533162454200002300 1 1202502053.023946
0546106020043162454200002300 1 1202502053.023952
0546106020143162454200002300 1 1202502053.023958
0546106020343162454200002300 1 1202502053.024004
0546106020443162454200002300 1 1202502053.024010
0546106020543162454200002300 1 1202502053.024016
0546106020053162454200002300 1 1202502053.024022
0546106020153162454200002300 1 1202502053.024028
0546106020353162454200002300 1 1202502053.024035
0546106020453162454200002300 1 1202502053.024041
0546106020553162454200002300 1 1202502053.024047
0546102020003102464200002300 1 1202502053.024145
0546106020003102464200002300 1 1202502053.024151
0546102020103102464200002300 1 1202502053.024157
0546106020103102464200002300 1 1202502053.024203
0546102020303102464200002300 1 1202502053.024209
0546106020303102464200002300 1 1202502053.024215
0546102020403102464200002300 1 1202502053.024221
0546106020403102464200002300 1 1202502053.024227
0546102020503102464200002300 1 1202502053.024233
0546106020503102464200002300 1 1202502053.024240
0546106020013102464200002300 1 1202502053.024246
0546106020113102464200002300 1 1202502053.024252
0546106020313102464200002300 1 1202502053.024258
0546106020413102464200002300 1 1202502053.024304
0546106020513102464200002300 1 1202502053.024310
0546106020033102464200002300 1 1202502053.024316
0546106020133102464200002300 1 1202502053.024322
0546106020333102464200002300 1 1202502053.024328
0546106020433102464200002300 1 1202502053.024334
0546106020533102464200002300 1 1202502053.024340
0546106020043102464200002300 1 1202502053.024346
0546106020143102464200002300 1 1202502053.024352
0546106020343102464200002300 1 1202502053.024358
0546106020443102464200002300 1 1202502053.024404
0546106020543102464200002300 1 1202502053.024410
0546106020053102464200002300 1 1202502053.024416
0546106020153102464200002300 1 1202502053.024423
0546106020353102464200002300 1 1202502053.024429
0546106020453102464200002300 1 1202502053.024435
0546106020553102464200002300 1 1202502053.024441
0546102020003112464200002300 1 1202502053.024448
0546106020003112464200002300 1 1202502053.024454
0546102020103112464200002300 1 1202502053.024500
0546106020103112464200002300 1 1202502053.024506
0546102020303112464200002300 1 1202502053.024512
0546106020303112464200002300 1 1202502053.024518
0546102020403112464200002300 1 1202502053.024524
0546106020403112464200002300 1 1202502053.024531
0546102020503112464200002300 1 1202502053.024537
0546106020503112464200002300 1 1202502053.024543
0546106020013112464200002300 1 1202502053.024549
0546106020113112464200002300 1 1202502053.024555
0546106020313112464200002300 1 1202502053.024601
0546106020413112464200002300 1 1202502053.024607
0546106020513112464200002300 1 1202502053.024613
0546106020033112464200002300 1 1202502053.024619
0546106020133112464200002300 1 1202502053.024625
0546106020333112464200002300 1 1202502053.024631
0546106020433112464200002300 1 1202502053.024637
0546106020533112464200002300 1 1202502053.024643
0546106020043112464200002300 1 1202502053.024649
0546106020143112464200002300 1 1202502053.024655
0546106020343112464200002300 1 1202502053.024701
0546106020443112464200002300 1 1202502053.024708
0546106020543112464200002300 1 1202502053.024714
0546106020053112464200002300 1 1202502053.024720
0546106020153112464200002300 1 1202502053.024726
0546106020353112464200002300 1 1202502053.024732
0546106020453112464200002300 1 1202502053.024738
0546106020553112464200002300 1 1202502053.024744
0546102020003122464200002300 1 1202502053.024751
0546106020003122464200002300 1 1202502053.024757
0546102020103122464200002300 1 1202502053.024804
0546106020103122464200002300 1 1202502053.024810
0546102020303122464200002300 1 1202502053.024816
0546106020303122464200002300 1 1202502053.024822
0546102020403122464200002300 1 1202502053.024828
0546106020403122464200002300 1 1202502053.024834
0546102020503122464200002300 1 1202502053.024840
0546106020503122464200002300 1 1202502053.024846
0546106020013122464200002300 1 1202502053.024853
0546106020113122464200002300 1 1202502053.024859
0546106020313122464200002300 1 1202502053.024905
0546106020413122464200002300 1 1202502053.024911
0546106020513122464200002300 1 1202502053.024917
0546106020033122464200002300 1 1202502053.024923
0546106020133122464200002300 1 1202502053.024929
0546106020333122464200002300 1 1202502053.024935
0546106020433122464200002300 1 1202502053.024941
0546106020533122464200002300 1 1202502053.024947
0546106020043122464200002300 1 1202502053.024953
0546106020143122464200002300 1 1202502053.024959
0546106020343122464200002300 1 1202502053.025005
0546106020443122464200002300 1 1202502053.025011
0546106020543122464200002300 1 1202502053.025017
0546106020053122464200002300 1 1202502053.025023
0546106020153122464200002300 1 1202502053.025030
0546106020353122464200002300 1 1202502053.025036
0546106020453122464200002300 1 1202502053.025042
0546106020553122464200002300 1 1202502053.025048
0546102020003142464200002300 1 1202502053.025055
0546106020003142464200002300 1 1202502053.025101
0546102020103142464200002300 1 1202502053.025107
0546106020103142464200002300 1 1202502053.025113
0546102020303142464200002300 1 1202502053.025119
0546106020303142464200002300 1 1202502053.025125
0546102020403142464200002300 1 1202502053.025131
0546106020403142464200002300 1 1202502053.025137
0546102020503142464200002300 1 1202502053.025144
0546106020503142464200002300 1 1202502053.025150
0546106020013142464200002300 1 1202502053.025156
0546106020113142464200002300 1 1202502053.025202
0546106020313142464200002300 1 1202502053.025208
0546106020413142464200002300 1 1202502053.025214
0546106020513142464200002300 1 1202502053.025220
0546106020033142464200002300 1 1202502053.025226
0546106020133142464200002300 1 1202502053.025232
0546106020333142464200002300 1 1202502053.025238
0546106020433142464200002300 1 1202502053.025244
0546106020533142464200002300 1 1202502053.025250
0546106020043142464200002300 1 1202502053.025256
0546106020143142464200002300 1 1202502053.025302
0546106020343142464200002300 1 1202502053.025308
0546106020443142464200002300 1 1202502053.025314
0546106020543142464200002300 1 1202502053.025320
0546106020053142464200002300 1 1202502053.025327
0546106020153142464200002300 1 1202502053.025333
0546106020353142464200002300 1 1202502053.025339
0546106020453142464200002300 1 1202502053.025345
0546106020553142464200002300 1 1202502053.025351
0546102020003152464200002300 1 1202502053.025358
0546106020003152464200002300 1 1202502053.025404
0546102020103152464200002300 1 1202502053.025410
0546106020103152464200002300 1 1202502053.025416
0546102020303152464200002300 1 1202502053.025422
0546106020303152464200002300 1 1202502053.025428
0546102020403152464200002300 1 1202502053.025434
0546106020403152464200002300 1 1202502053.025440
0546102020503152464200002300 1 1202502053.025446
0546106020503152464200002300 1 1202502053.025452
0546106020013152464200002300 1 1202502053.025458
0546106020113152464200002300 1 1202502053.025505
0546106020313152464200002300 1 1202502053.025511
0546106020413152464200002300 1 1202502053.025517
0546106020513152464200002300 1 1202502053.025523
0546106020033152464200002300 1 1202502053.025529
0546106020133152464200002300 1 1202502053.025535
0546106020333152464200002300 1 1202502053.025541
0546106020433152464200002300 1 1202502053.025547
0546106020533152464200002300 1 1202502053.025553
0546106020043152464200002300 1 1202502053.025559
0546106020143152464200002300 1 1202502053.025605
0546106020343152464200002300 1 1202502053.025611
0546106020443152464200002300 1 1202502053.025617
0546106020543152464200002300 1 1202502053.025623
0546106020053152464200002300 1 1202502053.025629
0546106020153152464200002300 1 1202502053.025635
0546106020353152464200002300 1 1202502053.025642
0546106020453152464200002300 1 1202502053.025648
0546106020553152464200002300 1 1202502053.025654
0546102020003162464200002300 1 1202502053.025701
0546106020003162464200002300 1 1202502053.025707
0546102020103162464200002300 1 1202502053.025713
0546106020103162464200002300 1 1202502053.025719
0546102020303162464200002300 1 1202502053.025725
0546106020303162464200002300 1 1202502053.025731
0546102020403162464200002300 1 1202502053.025737
0546106020403162464200002300 1 1202502053.025743
0546102020503162464200002300 1 1202502053.025749
0546106020503162464200002300 1 1202502053.025755
0546106020013162464200002300 1 1202502053.025802
0546106020113162464200002300 1 1202502053.025808
0546106020313162464200002300 1 1202502053.025814
0546106020413162464200002300 1 1202502053.025820
0546106020513162464200002300 1 1202502053.025826
0546106020033162464200002300 1 1202502053.025832
0546106020133162464200002300 1 1202502053.025838
0546106020333162464200002300 1 1202502053.025844
0546106020433162464200002300 1 1202502053.025850
0546106020533162464200002300 1 1202502053.025856
0546106020043162464200002300 1 1202502053.025902
0546106020143162464200002300 1 1202502053.025908
0546106020343162464200002300 1 1202502053.025914
0546106020443162464200002300 1 1202502053.025920
0546106020543162464200002300 1 1202502053.025926
0546106020053162464200002300 1 1202502053.025933
0546106020153162464200002300 1 1202502053.025939
0546106020353162464200002300 1 1202502053.025945
0546106020453162464200002300 1 1202502053.025951
0546106020553162464200002300 1 1202502053.025957
0516102020403102404600002300 1 1202502053.030154
0526106020043102404600002300 1 1202502053.030200
0526106020143102404600002300 1 1202502053.030206
0526106020343102404600002300 1 1202502053.030212
0526106020443102404600002300 1 1202502053.030219
0526106020543102404600002300 1 1202502053.030225
0516102020403112404600002300 1 1202502053.030242
0526106020043112404600002300 1 1202502053.030248
0526106020143112404600002300 1 1202502053.030254
0526106020343112404600002300 1 1202502053.030300
0526106020443112404600002300 1 1202502053.030307
0526106020543112404600002300 1 1202502053.030313
0516102020403122404600002300 1 1202502053.030330
0526106020043122404600002300 1 1202502053.030336
0526106020143122404600002300 1 1202502053.030342
0526106020343122404600002300 1 1202502053.030348
0526106020443122404600002300 1 1202502053.030355
0526106020543122404600002300 1 1202502053.030401
0516102020403142404600002300 1 1202502053.030417
0526106020043142404600002300 1 1202502053.030424
0526106020143142404600002300 1 1202502053.030430
0526106020343142404600002300 1 1202502053.030436
0526106020443142404600002300 1 1202502053.030443
0526106020543142404600002300 1 1202502053.030449
0516102020403152404600002300 1 1202502053.030508
0526106020043152404600002300 1 1202502053.030520
0526106020143152404600002300 1 1202502053.030526
0526106020343152404600002300 1 1202502053.030532
0526106020443152404600002300 1 1202502053.030539
0526106020543152404600002300 1 1202502053.030545
0516102020403162404600002300 1 1202502053.030602
0526106020043162404600002300 1 1202502053.030608
0526106020143162404600002300 1 1202502053.030615
0526106020343162404600002300 1 1202502053.030621
0526106020443162404600002300 1 1202502053.030627
0526106020543162404600002300 1 1202502053.030633
0124103225313144424610002300 2 1202502053.074906
