0111102220343050464200003211 2 1202502053.011439
0121102220343050464200003211 2 1202502053.011443
0121102220343051464200003211 2 1202502053.011456
0122100021343151464200003211 2 1202502053.011501
0122105021343102464200003211 2 1202502053.011508
0111102220343502464200003211 2 1202502053.011514
0122105021343112464200003211 2 1202502053.011519
0111102220343512464200003211 2 1202502053.011525
0122105021343122464200003211 2 1202502053.011530
0111102220343522464200003211 2 1202502053.011536
0122105021343142464200003211 2 1202502053.011542
0111102220343542464200003211 2 1202502053.011547
0111102220343052464200003211 2 1202502053.011552
0121102220343052464200003211 2 1202502053.011557
0122100021343152464200003211 2 1202502053.011602
0122102021343152464200003211 2 1202502053.011607
0122103021343152464200003211 2 1202502053.011611
0122105021343152464200003211 2 1202502053.011616
0122106021343152464200003211 2 1202502053.011621
0111102220343552464200003211 2 1202502053.011627
0121102220343054464200003211 2 1202502053.011638
0121102220343005464200003211 2 1202502053.011644
0121102220343015464200003211 2 1202502053.011651
0121102220343025464200003211 2 1202502053.011657
0121102220343045464200003211 2 1202502053.011703
0121102220343055464200003211 2 1202502053.011709
0122153021143555464200003211 2 1202502053.011716
0522103021143000464210003211 2 1202502053.030540
0122103025143000464210003211 2 1202502053.030545
0522103025143000464210003211 2 1202502053.030550
0522123025143000464210003211 2 1202502053.030554
0522133025143000464210003211 2 1202502053.030559
0522163025143000464210003211 2 1202502053.030604
0522103225143000464210003211 2 1202502053.030611
0522123225143000464210003211 2 1202502053.030616
0522133225143000464210003211 2 1202502053.030621
0522163225143000464210003211 2 1202502053.030625
0522103325143000464210003211 2 1202502053.030630
0522123325143000464210003211 2 1202502053.030635
0522133325143000464210003211 2 1202502053.030640
0522163325143000464210003211 2 1202502053.030644
0522103625143000464210003211 2 1202502053.030649
0522123625143000464210003211 2 1202502053.030654
0522133625143000464210003211 2 1202502053.030658
0522163625143000464210003211 2 1202502053.030703
0111102220343050464210003211 2 1202502053.030726
0121102220343050464210003211 2 1202502053.030730
0522120025343501464210003211 2 1202502053.030807
0522130025343501464210003211 2 1202502053.030812
0522160025343501464210003211 2 1202502053.030816
0522100225343501464210003211 2 1202502053.030821
0522120225343501464210003211 2 1202502053.030826
0522130225343501464210003211 2 1202502053.030830
0522160225343501464210003211 2 1202502053.030835
0522100325343501464210003211 2 1202502053.030840
0522120325343501464210003211 2 1202502053.030845
0522130325343501464210003211 2 1202502053.030849
0522160325343501464210003211 2 1202502053.030854
0522100625343501464210003211 2 1202502053.030859
0522120625343501464210003211 2 1202502053.030903
0522130625343501464210003211 2 1202502053.030908
0522160625343501464210003211 2 1202502053.030913
0522120025343511464210003211 2 1202502053.030918
0522130025343511464210003211 2 1202502053.030923
0522160025343511464210003211 2 1202502053.030928
0522100225343511464210003211 2 1202502053.030935
0522120225343511464210003211 2 1202502053.030940
0522130225343511464210003211 2 1202502053.030945
0522160225343511464210003211 2 1202502053.030950
0522100325343511464210003211 2 1202502053.030954
0522120325343511464210003211 2 1202502053.030959
0522130325343511464210003211 2 1202502053.031004
0522160325343511464210003211 2 1202502053.031009
0522100625343511464210003211 2 1202502053.031013
0522120625343511464210003211 2 1202502053.031018
0522130625343511464210003211 2 1202502053.031023
0522160625343511464210003211 2 1202502053.031027
0522120025343521464210003211 2 1202502053.031033
0522130025343521464210003211 2 1202502053.031038
0522160025343521464210003211 2 1202502053.031043
0522100225343521464210003211 2 1202502053.031048
0522120225343521464210003211 2 1202502053.031052
0522130225343521464210003211 2 1202502053.031057
0522160225343521464210003211 2 1202502053.031102
0522100325343521464210003211 2 1202502053.031106
0522120325343521464210003211 2 1202502053.031111
0522130325343521464210003211 2 1202502053.031116
0522160325343521464210003211 2 1202502053.031120
0522100625343521464210003211 2 1202502053.031125
0522120625343521464210003211 2 1202502053.031130
0522130625343521464210003211 2 1202502053.031135
0522160625343521464210003211 2 1202502053.031139
0522120025343541464210003211 2 1202502053.031145
0522130025343541464210003211 2 1202502053.031150
0522160025343541464210003211 2 1202502053.031155
0522100225343541464210003211 2 1202502053.031159
0522120225343541464210003211 2 1202502053.031204
0522130225343541464210003211 2 1202502053.031209
0522160225343541464210003211 2 1202502053.031213
0522100325343541464210003211 2 1202502053.031218
0522120325343541464210003211 2 1202502053.031223
0522130325343541464210003211 2 1202502053.031227
0522160325343541464210003211 2 1202502053.031232
0522100625343541464210003211 2 1202502053.031237
0522120625343541464210003211 2 1202502053.031241
0522130625343541464210003211 2 1202502053.031246
0522160625343541464210003211 2 1202502053.031251
0121102220343051464210003211 2 1202502053.031256
0522120025343551464210003211 2 1202502053.031301
0522130025343551464210003211 2 1202502053.031306
0522160025343551464210003211 2 1202502053.031311
0522100225343551464210003211 2 1202502053.031318
0522120225343551464210003211 2 1202502053.031323
0522130225343551464210003211 2 1202502053.031328
0522160225343551464210003211 2 1202502053.031333
0522100325343551464210003211 2 1202502053.031337
0522120325343551464210003211 2 1202502053.031342
0522130325343551464210003211 2 1202502053.031347
0522160325343551464210003211 2 1202502053.031351
0522100625343551464210003211 2 1202502053.031356
0522120625343551464210003211 2 1202502053.031401
0522130625343551464210003211 2 1202502053.031406
0522160625343551464210003211 2 1202502053.031410
0522102021343102464210003211 2 1202502053.031416
0522103021343102464210003211 2 1202502053.031420
0522106021343102464210003211 2 1202502053.031425
0122102025343102464210003211 2 1202502053.031430
0522102025343102464210003211 2 1202502053.031434
0122103025343102464210003211 2 1202502053.031439
0522103025343102464210003211 2 1202502053.031444
0122106025343102464210003211 2 1202502053.031449
0522106025343102464210003211 2 1202502053.031453
0122102021343502464210003211 2 1202502053.031459
0522102021343502464210003211 2 1202502053.031504
0122103021343502464210003211 2 1202502053.031508
0522103021343502464210003211 2 1202502053.031513
0122106021343502464210003211 2 1202502053.031518
0522106021343502464210003211 2 1202502053.031523
0522120025343502464210003211 2 1202502053.031527
0522130025343502464210003211 2 1202502053.031532
0522160025343502464210003211 2 1202502053.031537
0122102025343502464210003211 2 1202502053.031541
0522102025343502464210003211 2 1202502053.031546
0522122025343502464210003211 2 1202502053.031551
0522132025343502464210003211 2 1202502053.031556
0522162025343502464210003211 2 1202502053.031600
0122103025343502464210003211 2 1202502053.031605
0522103025343502464210003211 2 1202502053.031610
0522123025343502464210003211 2 1202502053.031614
0522133025343502464210003211 2 1202502053.031619
0522163025343502464210003211 2 1202502053.031624
0122106025343502464210003211 2 1202502053.031629
0522106025343502464210003211 2 1202502053.031633
0522126025343502464210003211 2 1202502053.031638
0522136025343502464210003211 2 1202502053.031643
0522166025343502464210003211 2 1202502053.031647
0522100225343502464210003211 2 1202502053.031655
0522120225343502464210003211 2 1202502053.031700
0522130225343502464210003211 2 1202502053.031704
0522160225343502464210003211 2 1202502053.031709
0522102225343502464210003211 2 1202502053.031717
0522122225343502464210003211 2 1202502053.031721
0522132225343502464210003211 2 1202502053.031726
0522162225343502464210003211 2 1202502053.031731
0522103225343502464210003211 2 1202502053.031738
0522123225343502464210003211 2 1202502053.031743
0522133225343502464210003211 2 1202502053.031748
0522163225343502464210003211 2 1202502053.031752
0522106225343502464210003211 2 1202502053.031800
0522126225343502464210003211 2 1202502053.031805
0522136225343502464210003211 2 1202502053.031809
0522166225343502464210003211 2 1202502053.031814
0522100325343502464210003211 2 1202502053.031819
0522120325343502464210003211 2 1202502053.031824
0522130325343502464210003211 2 1202502053.031828
0522160325343502464210003211 2 1202502053.031833
0522102325343502464210003211 2 1202502053.031838
0522122325343502464210003211 2 1202502053.031842
0522132325343502464210003211 2 1202502053.031847
0522162325343502464210003211 2 1202502053.031852
0522103325343502464210003211 2 1202502053.031857
0522123325343502464210003211 2 1202502053.031901
0522133325343502464210003211 2 1202502053.031906
0522163325343502464210003211 2 1202502053.031911
0522106325343502464210003211 2 1202502053.031916
0522126325343502464210003211 2 1202502053.031920
0522136325343502464210003211 2 1202502053.031925
0522166325343502464210003211 2 1202502053.031930
0522100625343502464210003211 2 1202502053.031934
0522120625343502464210003211 2 1202502053.031939
0522130625343502464210003211 2 1202502053.031944
0522160625343502464210003211 2 1202502053.031949
0522102625343502464210003211 2 1202502053.031953
0522122625343502464210003211 2 1202502053.031958
0522132625343502464210003211 2 1202502053.032003
0522162625343502464210003211 2 1202502053.032007
0522103625343502464210003211 2 1202502053.032012
0522123625343502464210003211 2 1202502053.032017
0522133625343502464210003211 2 1202502053.032021
0522163625343502464210003211 2 1202502053.032026
0522106625343502464210003211 2 1202502053.032031
0522126625343502464210003211 2 1202502053.032036
0522136625343502464210003211 2 1202502053.032040
0522166625343502464210003211 2 1202502053.032045
0522102021343112464210003211 2 1202502053.032050
0522103021343112464210003211 2 1202502053.032055
0522106021343112464210003211 2 1202502053.032100
0122102025343112464210003211 2 1202502053.032104
0522102025343112464210003211 2 1202502053.032109
0122103025343112464210003211 2 1202502053.032114
0522103025343112464210003211 2 1202502053.032118
0122106025343112464210003211 2 1202502053.032123
0522106025343112464210003211 2 1202502053.032128
0122102021343512464210003211 2 1202502053.032134
0522102021343512464210003211 2 1202502053.032138
0122103021343512464210003211 2 1202502053.032143
0522103021343512464210003211 2 1202502053.032148
0122106021343512464210003211 2 1202502053.032152
0522106021343512464210003211 2 1202502053.032157
0522120025343512464210003211 2 1202502053.032202
0522130025343512464210003211 2 1202502053.032207
0522160025343512464210003211 2 1202502053.032211
0122102025343512464210003211 2 1202502053.032216
0522102025343512464210003211 2 1202502053.032221
0522122025343512464210003211 2 1202502053.032225
0522132025343512464210003211 2 1202502053.032230
0522162025343512464210003211 2 1202502053.032235
0122103025343512464210003211 2 1202502053.032239
0522103025343512464210003211 2 1202502053.032244
0522123025343512464210003211 2 1202502053.032249
0522133025343512464210003211 2 1202502053.032254
0522163025343512464210003211 2 1202502053.032258
0122106025343512464210003211 2 1202502053.032303
0522106025343512464210003211 2 1202502053.032308
0522126025343512464210003211 2 1202502053.032312
0522136025343512464210003211 2 1202502053.032317
0522166025343512464210003211 2 1202502053.032322
0522100225343512464210003211 2 1202502053.032329
0522120225343512464210003211 2 1202502053.032334
0522130225343512464210003211 2 1202502053.032339
0522160225343512464210003211 2 1202502053.032344
0522102225343512464210003211 2 1202502053.032351
0522122225343512464210003211 2 1202502053.032356
0522132225343512464210003211 2 1202502053.032401
0522162225343512464210003211 2 1202502053.032405
0522103225343512464210003211 2 1202502053.032413
0522123225343512464210003211 2 1202502053.032417
0522133225343512464210003211 2 1202502053.032422
0522163225343512464210003211 2 1202502053.032427
0522106225343512464210003211 2 1202502053.032434
0522126225343512464210003211 2 1202502053.032439
0522136225343512464210003211 2 1202502053.032444
0522166225343512464210003211 2 1202502053.032449
0522100325343512464210003211 2 1202502053.032453
0522120325343512464210003211 2 1202502053.032458
0522130325343512464210003211 2 1202502053.032503
0522160325343512464210003211 2 1202502053.032507
0522102325343512464210003211 2 1202502053.032512
0522122325343512464210003211 2 1202502053.032517
0522132325343512464210003211 2 1202502053.032522
0522162325343512464210003211 2 1202502053.032526
0522103325343512464210003211 2 1202502053.032531
0522123325343512464210003211 2 1202502053.032536
0522133325343512464210003211 2 1202502053.032540
0522163325343512464210003211 2 1202502053.032545
0522106325343512464210003211 2 1202502053.032550
0522126325343512464210003211 2 1202502053.032555
0522136325343512464210003211 2 1202502053.032559
0522166325343512464210003211 2 1202502053.032604
0522100625343512464210003211 2 1202502053.032609
0522120625343512464210003211 2 1202502053.032613
0522130625343512464210003211 2 1202502053.032618
0522160625343512464210003211 2 1202502053.032623
0522102625343512464210003211 2 1202502053.032628
0522122625343512464210003211 2 1202502053.032632
0522132625343512464210003211 2 1202502053.032637
0522162625343512464210003211 2 1202502053.032642
0522103625343512464210003211 2 1202502053.032646
0522123625343512464210003211 2 1202502053.032651
0522133625343512464210003211 2 1202502053.032656
0522163625343512464210003211 2 1202502053.032701
0522106625343512464210003211 2 1202502053.032705
0522126625343512464210003211 2 1202502053.032710
0522136625343512464210003211 2 1202502053.032715
0522166625343512464210003211 2 1202502053.032719
0522102021343122464210003211 2 1202502053.032725
0522103021343122464210003211 2 1202502053.032729
0522106021343122464210003211 2 1202502053.032734
0122102025343122464210003211 2 1202502053.032739
0522102025343122464210003211 2 1202502053.032744
0122103025343122464210003211 2 1202502053.032748
0522103025343122464210003211 2 1202502053.032753
0122106025343122464210003211 2 1202502053.032758
0522106025343122464210003211 2 1202502053.032802
0122102021343522464210003211 2 1202502053.032808
0522102021343522464210003211 2 1202502053.032813
0122103021343522464210003211 2 1202502053.032818
0522103021343522464210003211 2 1202502053.032822
0122106021343522464210003211 2 1202502053.032827
0522106021343522464210003211 2 1202502053.032832
0522120025343522464210003211 2 1202502053.032836
0522130025343522464210003211 2 1202502053.032841
0522160025343522464210003211 2 1202502053.032846
0122102025343522464210003211 2 1202502053.032851
0522102025343522464210003211 2 1202502053.032855
0522122025343522464210003211 2 1202502053.032900
0522132025343522464210003211 2 1202502053.032905
0522162025343522464210003211 2 1202502053.032909
0122103025343522464210003211 2 1202502053.032914
0522103025343522464210003211 2 1202502053.032919
0522123025343522464210003211 2 1202502053.032923
0522133025343522464210003211 2 1202502053.032928
0522163025343522464210003211 2 1202502053.032933
0122106025343522464210003211 2 1202502053.032938
0522106025343522464210003211 2 1202502053.032942
0522126025343522464210003211 2 1202502053.032947
0522136025343522464210003211 2 1202502053.032952
0522166025343522464210003211 2 1202502053.032956
0522100225343522464210003211 2 1202502053.033004
0522120225343522464210003211 2 1202502053.033009
0522130225343522464210003211 2 1202502053.033013
0522160225343522464210003211 2 1202502053.033018
0522102225343522464210003211 2 1202502053.033026
0522122225343522464210003211 2 1202502053.033030
0522132225343522464210003211 2 1202502053.033035
0522162225343522464210003211 2 1202502053.033040
0522103225343522464210003211 2 1202502053.033047
0522123225343522464210003211 2 1202502053.033052
0522133225343522464210003211 2 1202502053.033057
0522163225343522464210003211 2 1202502053.033101
0522106225343522464210003211 2 1202502053.033109
0522126225343522464210003211 2 1202502053.033114
0522136225343522464210003211 2 1202502053.033118
0522166225343522464210003211 2 1202502053.033123
0522100325343522464210003211 2 1202502053.033128
0522120325343522464210003211 2 1202502053.033133
0522130325343522464210003211 2 1202502053.033137
0522160325343522464210003211 2 1202502053.033142
0522102325343522464210003211 2 1202502053.033147
0522122325343522464210003211 2 1202502053.033152
0522132325343522464210003211 2 1202502053.033156
0522162325343522464210003211 2 1202502053.033201
0522103325343522464210003211 2 1202502053.033206
0522123325343522464210003211 2 1202502053.033211
0522133325343522464210003211 2 1202502053.033215
0522163325343522464210003211 2 1202502053.033220
0522106325343522464210003211 2 1202502053.033225
0522126325343522464210003211 2 1202502053.033229
0522136325343522464210003211 2 1202502053.033234
0522166325343522464210003211 2 1202502053.033239
0522100625343522464210003211 2 1202502053.033244
0522120625343522464210003211 2 1202502053.033248
0522130625343522464210003211 2 1202502053.033253
0522160625343522464210003211 2 1202502053.033258
0522102625343522464210003211 2 1202502053.033302
0522122625343522464210003211 2 1202502053.033307
0522132625343522464210003211 2 1202502053.033312
0522162625343522464210003211 2 1202502053.033317
0522103625343522464210003211 2 1202502053.033321
0522123625343522464210003211 2 1202502053.033326
0522133625343522464210003211 2 1202502053.033331
0522163625343522464210003211 2 1202502053.033335
0522106625343522464210003211 2 1202502053.033340
0522126625343522464210003211 2 1202502053.033345
0522136625343522464210003211 2 1202502053.033349
0522166625343522464210003211 2 1202502053.033354
0522102021343142464210003211 2 1202502053.033359
0522103021343142464210003211 2 1202502053.033404
0522106021343142464210003211 2 1202502053.033409
0122102025343142464210003211 2 1202502053.033413
0522102025343142464210003211 2 1202502053.033418
0122103025343142464210003211 2 1202502053.033423
0522103025343142464210003211 2 1202502053.033428
0122106025343142464210003211 2 1202502053.033432
0522106025343142464210003211 2 1202502053.033437
0122102021343542464210003211 2 1202502053.033443
0522102021343542464210003211 2 1202502053.033447
0122103021343542464210003211 2 1202502053.033452
0522103021343542464210003211 2 1202502053.033457
0122106021343542464210003211 2 1202502053.033501
0522106021343542464210003211 2 1202502053.033506
0522120025343542464210003211 2 1202502053.033511
0522130025343542464210003211 2 1202502053.033516
0522160025343542464210003211 2 1202502053.033520
0122102025343542464210003211 2 1202502053.033525
0522102025343542464210003211 2 1202502053.033530
0522122025343542464210003211 2 1202502053.033534
0522132025343542464210003211 2 1202502053.033539
0522162025343542464210003211 2 1202502053.033544
0122103025343542464210003211 2 1202502053.033549
0522103025343542464210003211 2 1202502053.033553
0522123025343542464210003211 2 1202502053.033558
0522133025343542464210003211 2 1202502053.033603
0522163025343542464210003211 2 1202502053.033607
0122106025343542464210003211 2 1202502053.033612
0522106025343542464210003211 2 1202502053.033617
0522126025343542464210003211 2 1202502053.033622
0522136025343542464210003211 2 1202502053.033626
0522166025343542464210003211 2 1202502053.033631
0522100225343542464210003211 2 1202502053.033639
0522120225343542464210003211 2 1202502053.033643
0522130225343542464210003211 2 1202502053.033648
0522160225343542464210003211 2 1202502053.033653
0522102225343542464210003211 2 1202502053.033700
0522122225343542464210003211 2 1202502053.033705
0522132225343542464210003211 2 1202502053.033710
0522162225343542464210003211 2 1202502053.033714
0522103225343542464210003211 2 1202502053.033722
0522123225343542464210003211 2 1202502053.033727
0522133225343542464210003211 2 1202502053.033731
0522163225343542464210003211 2 1202502053.033736
0522106225343542464210003211 2 1202502053.033744
0522126225343542464210003211 2 1202502053.033748
0522136225343542464210003211 2 1202502053.033753
0522166225343542464210003211 2 1202502053.033758
0522100325343542464210003211 2 1202502053.033802
0522120325343542464210003211 2 1202502053.033807
0522130325343542464210003211 2 1202502053.033812
0522160325343542464210003211 2 1202502053.033817
0522102325343542464210003211 2 1202502053.033821
0522122325343542464210003211 2 1202502053.033826
0522132325343542464210003211 2 1202502053.033831
0522162325343542464210003211 2 1202502053.033835
0522103325343542464210003211 2 1202502053.033840
0522123325343542464210003211 2 1202502053.033845
0522133325343542464210003211 2 1202502053.033850
0522163325343542464210003211 2 1202502053.033854
0522106325343542464210003211 2 1202502053.033859
0522126325343542464210003211 2 1202502053.033904
0522136325343542464210003211 2 1202502053.033908
0522166325343542464210003211 2 1202502053.033913
0522100625343542464210003211 2 1202502053.033918
0522120625343542464210003211 2 1202502053.033923
0522130625343542464210003211 2 1202502053.033927
0522160625343542464210003211 2 1202502053.033932
0522102625343542464210003211 2 1202502053.033937
0522122625343542464210003211 2 1202502053.033941
0522132625343542464210003211 2 1202502053.033946
0522162625343542464210003211 2 1202502053.033951
0522103625343542464210003211 2 1202502053.033956
0522123625343542464210003211 2 1202502053.034000
0522133625343542464210003211 2 1202502053.034005
0522163625343542464210003211 2 1202502053.034010
0522106625343542464210003211 2 1202502053.034014
0522126625343542464210003211 2 1202502053.034019
0522136625343542464210003211 2 1202502053.034024
0522166625343542464210003211 2 1202502053.034029
0111102220343052464210003211 2 1202502053.034033
0121102220343052464210003211 2 1202502053.034038
0122102021343152464210003211 2 1202502053.034043
0522102021343152464210003211 2 1202502053.034048
0122103021343152464210003211 2 1202502053.034053
0522103021343152464210003211 2 1202502053.034057
0122106021343152464210003211 2 1202502053.034102
0522106021343152464210003211 2 1202502053.034107
0122102025343152464210003211 2 1202502053.034111
0522102025343152464210003211 2 1202502053.034116
0122103025343152464210003211 2 1202502053.034121
0522103025343152464210003211 2 1202502053.034125
0122106025343152464210003211 2 1202502053.034130
0522106025343152464210003211 2 1202502053.034135
0122102021343552464210003211 2 1202502053.034141
0522102021343552464210003211 2 1202502053.034145
0122103021343552464210003211 2 1202502053.034150
0522103021343552464210003211 2 1202502053.034155
0122106021343552464210003211 2 1202502053.034159
0522106021343552464210003211 2 1202502053.034204
0522120025343552464210003211 2 1202502053.034209
0522130025343552464210003211 2 1202502053.034213
0522160025343552464210003211 2 1202502053.034218
0122102025343552464210003211 2 1202502053.034223
0522102025343552464210003211 2 1202502053.034228
0522122025343552464210003211 2 1202502053.034232
0522132025343552464210003211 2 1202502053.034237
0522162025343552464210003211 2 1202502053.034242
0122103025343552464210003211 2 1202502053.034246
0522103025343552464210003211 2 1202502053.034251
0522123025343552464210003211 2 1202502053.034256
0522133025343552464210003211 2 1202502053.034301
0522163025343552464210003211 2 1202502053.034305
0122106025343552464210003211 2 1202502053.034310
0522106025343552464210003211 2 1202502053.034315
0522126025343552464210003211 2 1202502053.034319
0522136025343552464210003211 2 1202502053.034324
0522166025343552464210003211 2 1202502053.034329
0522100225343552464210003211 2 1202502053.034336
0522120225343552464210003211 2 1202502053.034341
0522130225343552464210003211 2 1202502053.034346
0522160225343552464210003211 2 1202502053.034351
0522102225343552464210003211 2 1202502053.034358
0522122225343552464210003211 2 1202502053.034403
0522132225343552464210003211 2 1202502053.034408
0522162225343552464210003211 2 1202502053.034412
0522103225343552464210003211 2 1202502053.034420
0522123225343552464210003211 2 1202502053.034424
0522133225343552464210003211 2 1202502053.034429
0522163225343552464210003211 2 1202502053.034434
0522106225343552464210003211 2 1202502053.034441
0522126225343552464210003211 2 1202502053.034446
0522136225343552464210003211 2 1202502053.034451
0522166225343552464210003211 2 1202502053.034456
0522100325343552464210003211 2 1202502053.034500
0522120325343552464210003211 2 1202502053.034505
0522130325343552464210003211 2 1202502053.034510
0522160325343552464210003211 2 1202502053.034514
0522102325343552464210003211 2 1202502053.034519
0522122325343552464210003211 2 1202502053.034524
0522132325343552464210003211 2 1202502053.034529
0522162325343552464210003211 2 1202502053.034533
0522103325343552464210003211 2 1202502053.034538
0522123325343552464210003211 2 1202502053.034543
0522133325343552464210003211 2 1202502053.034547
0522163325343552464210003211 2 1202502053.034552
0522106325343552464210003211 2 1202502053.034557
0522126325343552464210003211 2 1202502053.034602
0522136325343552464210003211 2 1202502053.034606
0522166325343552464210003211 2 1202502053.034611
0522100625343552464210003211 2 1202502053.034616
0522120625343552464210003211 2 1202502053.034620
0522130625343552464210003211 2 1202502053.034625
0522160625343552464210003211 2 1202502053.034630
0522102625343552464210003211 2 1202502053.034635
0522122625343552464210003211 2 1202502053.034639
0522132625343552464210003211 2 1202502053.034644
0522162625343552464210003211 2 1202502053.034649
0522103625343552464210003211 2 1202502053.034653
0522123625343552464210003211 2 1202502053.034658
0522133625343552464210003211 2 1202502053.034703
0522163625343552464210003211 2 1202502053.034708
0522106625343552464210003211 2 1202502053.034712
0522126625343552464210003211 2 1202502053.034717
0522136625343552464210003211 2 1202502053.034722
0522166625343552464210003211 2 1202502053.034726
0121102220343054464210003211 2 1202502053.034736
0121102220343005464210003211 2 1202502053.034742
0122102021343105464210003211 2 1202502053.034747
0522102021343105464210003211 2 1202502053.034751
0122103021343105464210003211 2 1202502053.034756
0522103021343105464210003211 2 1202502053.034801
0122106021343105464210003211 2 1202502053.034805
0522106021343105464210003211 2 1202502053.034810
0122102025343105464210003211 2 1202502053.034815
0522102025343105464210003211 2 1202502053.034819
0122103025343105464210003211 2 1202502053.034824
0522103025343105464210003211 2 1202502053.034829
0122106025343105464210003211 2 1202502053.034834
0522106025343105464210003211 2 1202502053.034838
0122102021343505464210003211 2 1202502053.034844
0522102021343505464210003211 2 1202502053.034848
0122103021343505464210003211 2 1202502053.034853
0522103021343505464210003211 2 1202502053.034858
0122106021343505464210003211 2 1202502053.034903
0522106021343505464210003211 2 1202502053.034907
0522120025343505464210003211 2 1202502053.034912
0522130025343505464210003211 2 1202502053.034917
0522160025343505464210003211 2 1202502053.034921
0122102025343505464210003211 2 1202502053.034926
0522102025343505464210003211 2 1202502053.034931
0522122025343505464210003211 2 1202502053.034935
0522132025343505464210003211 2 1202502053.034940
0522162025343505464210003211 2 1202502053.034945
0122103025343505464210003211 2 1202502053.034950
0522103025343505464210003211 2 1202502053.034954
0522123025343505464210003211 2 1202502053.034959
0522133025343505464210003211 2 1202502053.035004
0522163025343505464210003211 2 1202502053.035008
0122106025343505464210003211 2 1202502053.035013
0522106025343505464210003211 2 1202502053.035018
0522126025343505464210003211 2 1202502053.035022
0522136025343505464210003211 2 1202502053.035027
0522166025343505464210003211 2 1202502053.035032
0522100225343505464210003211 2 1202502053.035036
0522120225343505464210003211 2 1202502053.035041
0522130225343505464210003211 2 1202502053.035046
0522160225343505464210003211 2 1202502053.035051
0522102225343505464210003211 2 1202502053.035055
0522122225343505464210003211 2 1202502053.035100
0522132225343505464210003211 2 1202502053.035105
0522162225343505464210003211 2 1202502053.035109
0522103225343505464210003211 2 1202502053.035114
0522123225343505464210003211 2 1202502053.035119
0522133225343505464210003211 2 1202502053.035123
0522163225343505464210003211 2 1202502053.035128
0522106225343505464210003211 2 1202502053.035133
0522126225343505464210003211 2 1202502053.035138
0522136225343505464210003211 2 1202502053.035142
0522166225343505464210003211 2 1202502053.035147
0522100325343505464210003211 2 1202502053.035152
0522120325343505464210003211 2 1202502053.035156
0522130325343505464210003211 2 1202502053.035201
0522160325343505464210003211 2 1202502053.035206
0522102325343505464210003211 2 1202502053.035210
0522122325343505464210003211 2 1202502053.035215
0522132325343505464210003211 2 1202502053.035220
0522162325343505464210003211 2 1202502053.035224
0522103325343505464210003211 2 1202502053.035229
0522123325343505464210003211 2 1202502053.035234
0522133325343505464210003211 2 1202502053.035239
0522163325343505464210003211 2 1202502053.035243
0522106325343505464210003211 2 1202502053.035248
0522126325343505464210003211 2 1202502053.035253
0522136325343505464210003211 2 1202502053.035257
0522166325343505464210003211 2 1202502053.035302
0522100625343505464210003211 2 1202502053.035307
0522120625343505464210003211 2 1202502053.035311
0522130625343505464210003211 2 1202502053.035316
0522160625343505464210003211 2 1202502053.035321
0522102625343505464210003211 2 1202502053.035325
0522122625343505464210003211 2 1202502053.035330
0522132625343505464210003211 2 1202502053.035335
0522162625343505464210003211 2 1202502053.035340
0522103625343505464210003211 2 1202502053.035344
0522123625343505464210003211 2 1202502053.035349
0522133625343505464210003211 2 1202502053.035354
0522163625343505464210003211 2 1202502053.035358
0522106625343505464210003211 2 1202502053.035403
0522126625343505464210003211 2 1202502053.035408
0522136625343505464210003211 2 1202502053.035412
0522166625343505464210003211 2 1202502053.035417
0121102220343015464210003211 2 1202502053.035422
0122102021343115464210003211 2 1202502053.035427
0522102021343115464210003211 2 1202502053.035432
0122103021343115464210003211 2 1202502053.035436
0522103021343115464210003211 2 1202502053.035441
0122106021343115464210003211 2 1202502053.035446
0522106021343115464210003211 2 1202502053.035450
0122102025343115464210003211 2 1202502053.035455
0522102025343115464210003211 2 1202502053.035500
0122103025343115464210003211 2 1202502053.035505
0522103025343115464210003211 2 1202502053.035509
0122106025343115464210003211 2 1202502053.035514
0522106025343115464210003211 2 1202502053.035519
0122102021343515464210003211 2 1202502053.035524
0522102021343515464210003211 2 1202502053.035529
0122103021343515464210003211 2 1202502053.035533
0522103021343515464210003211 2 1202502053.035538
0122106021343515464210003211 2 1202502053.035543
0522106021343515464210003211 2 1202502053.035548
0522120025343515464210003211 2 1202502053.035552
0522130025343515464210003211 2 1202502053.035557
0522160025343515464210003211 2 1202502053.035602
0122102025343515464210003211 2 1202502053.035606
0522102025343515464210003211 2 1202502053.035611
0522122025343515464210003211 2 1202502053.035616
0522132025343515464210003211 2 1202502053.035620
0522162025343515464210003211 2 1202502053.035625
0122103025343515464210003211 2 1202502053.035630
0522103025343515464210003211 2 1202502053.035635
0522123025343515464210003211 2 1202502053.035639
0522133025343515464210003211 2 1202502053.035644
0522163025343515464210003211 2 1202502053.035649
0122106025343515464210003211 2 1202502053.035653
0522106025343515464210003211 2 1202502053.035658
0522126025343515464210003211 2 1202502053.035703
0522136025343515464210003211 2 1202502053.035707
0522166025343515464210003211 2 1202502053.035712
0522100225343515464210003211 2 1202502053.035720
0522120225343515464210003211 2 1202502053.035724
0522130225343515464210003211 2 1202502053.035729
0522160225343515464210003211 2 1202502053.035734
0522102225343515464210003211 2 1202502053.035739
0522122225343515464210003211 2 1202502053.035743
0522132225343515464210003211 2 1202502053.035748
0522162225343515464210003211 2 1202502053.035753
0522103225343515464210003211 2 1202502053.035757
0522123225343515464210003211 2 1202502053.035802
0522133225343515464210003211 2 1202502053.035807
0522163225343515464210003211 2 1202502053.035811
0522106225343515464210003211 2 1202502053.035816
0522126225343515464210003211 2 1202502053.035821
0522136225343515464210003211 2 1202502053.035825
0522166225343515464210003211 2 1202502053.035830
0522100325343515464210003211 2 1202502053.035835
0522120325343515464210003211 2 1202502053.035840
0522130325343515464210003211 2 1202502053.035844
0522160325343515464210003211 2 1202502053.035849
0522102325343515464210003211 2 1202502053.035854
0522122325343515464210003211 2 1202502053.035858
0522132325343515464210003211 2 1202502053.035903
0522162325343515464210003211 2 1202502053.035908
0522103325343515464210003211 2 1202502053.035913
0522123325343515464210003211 2 1202502053.035917
0522133325343515464210003211 2 1202502053.035922
0522163325343515464210003211 2 1202502053.035927
0522106325343515464210003211 2 1202502053.035931
0522126325343515464210003211 2 1202502053.035936
0522136325343515464210003211 2 1202502053.035941
0522166325343515464210003211 2 1202502053.035945
0522100625343515464210003211 2 1202502053.035950
0522120625343515464210003211 2 1202502053.035955
0522130625343515464210003211 2 1202502053.040000
0522160625343515464210003211 2 1202502053.040004
0522102625343515464210003211 2 1202502053.040009
0522122625343515464210003211 2 1202502053.040014
0522132625343515464210003211 2 1202502053.040018
0522162625343515464210003211 2 1202502053.040023
0522103625343515464210003211 2 1202502053.040028
0522123625343515464210003211 2 1202502053.040032
0522133625343515464210003211 2 1202502053.040037
0522163625343515464210003211 2 1202502053.040042
0522106625343515464210003211 2 1202502053.040047
0522126625343515464210003211 2 1202502053.040051
0522136625343515464210003211 2 1202502053.040056
0522166625343515464210003211 2 1202502053.040101
0121102220343025464210003211 2 1202502053.040106
0122102021343125464210003211 2 1202502053.040110
0522102021343125464210003211 2 1202502053.040115
0122103021343125464210003211 2 1202502053.040120
0522103021343125464210003211 2 1202502053.040125
0122106021343125464210003211 2 1202502053.040129
0522106021343125464210003211 2 1202502053.040134
0122102025343125464210003211 2 1202502053.040139
0522102025343125464210003211 2 1202502053.040143
0122103025343125464210003211 2 1202502053.040148
0522103025343125464210003211 2 1202502053.040153
0122106025343125464210003211 2 1202502053.040157
0522106025343125464210003211 2 1202502053.040202
0122102021343525464210003211 2 1202502053.040208
0522102021343525464210003211 2 1202502053.040212
0122103021343525464210003211 2 1202502053.040217
0522103021343525464210003211 2 1202502053.040222
0122106021343525464210003211 2 1202502053.040226
0522106021343525464210003211 2 1202502053.040231
0522120025343525464210003211 2 1202502053.040236
0522130025343525464210003211 2 1202502053.040240
0522160025343525464210003211 2 1202502053.040245
0122102025343525464210003211 2 1202502053.040250
0522102025343525464210003211 2 1202502053.040255
0522122025343525464210003211 2 1202502053.040259
0522132025343525464210003211 2 1202502053.040304
0522162025343525464210003211 2 1202502053.040309
0122103025343525464210003211 2 1202502053.040313
0522103025343525464210003211 2 1202502053.040318
0522123025343525464210003211 2 1202502053.040323
0522133025343525464210003211 2 1202502053.040327
0522163025343525464210003211 2 1202502053.040332
0122106025343525464210003211 2 1202502053.040337
0522106025343525464210003211 2 1202502053.040342
0522126025343525464210003211 2 1202502053.040346
0522136025343525464210003211 2 1202502053.040351
0522166025343525464210003211 2 1202502053.040356
0522100225343525464210003211 2 1202502053.040400
0522120225343525464210003211 2 1202502053.040405
0522130225343525464210003211 2 1202502053.040410
0522160225343525464210003211 2 1202502053.040414
0522102225343525464210003211 2 1202502053.040419
0522122225343525464210003211 2 1202502053.040424
0522132225343525464210003211 2 1202502053.040428
0522162225343525464210003211 2 1202502053.040433
0522103225343525464210003211 2 1202502053.040438
0522123225343525464210003211 2 1202502053.040443
0522133225343525464210003211 2 1202502053.040447
0522163225343525464210003211 2 1202502053.040452
0522106225343525464210003211 2 1202502053.040457
0522126225343525464210003211 2 1202502053.040501
0522136225343525464210003211 2 1202502053.040506
0522166225343525464210003211 2 1202502053.040511
0522100325343525464210003211 2 1202502053.040515
0522120325343525464210003211 2 1202502053.040520
0522130325343525464210003211 2 1202502053.040525
0522160325343525464210003211 2 1202502053.040530
0522102325343525464210003211 2 1202502053.040534
0522122325343525464210003211 2 1202502053.040539
0522132325343525464210003211 2 1202502053.040544
0522162325343525464210003211 2 1202502053.040548
0522103325343525464210003211 2 1202502053.040553
0522123325343525464210003211 2 1202502053.040558
0522133325343525464210003211 2 1202502053.040602
0522163325343525464210003211 2 1202502053.040607
0522106325343525464210003211 2 1202502053.040612
0522126325343525464210003211 2 1202502053.040616
0522136325343525464210003211 2 1202502053.040621
0522166325343525464210003211 2 1202502053.040626
0522100625343525464210003211 2 1202502053.040631
0522120625343525464210003211 2 1202502053.040635
0522130625343525464210003211 2 1202502053.040640
0522160625343525464210003211 2 1202502053.040645
0522102625343525464210003211 2 1202502053.040649
0522122625343525464210003211 2 1202502053.040654
0522132625343525464210003211 2 1202502053.040659
0522162625343525464210003211 2 1202502053.040703
0522103625343525464210003211 2 1202502053.040708
0522123625343525464210003211 2 1202502053.040713
0522133625343525464210003211 2 1202502053.040717
0522163625343525464210003211 2 1202502053.040722
0522106625343525464210003211 2 1202502053.040727
0522126625343525464210003211 2 1202502053.040732
0522136625343525464210003211 2 1202502053.040736
0522166625343525464210003211 2 1202502053.040741
0121102220343045464210003211 2 1202502053.040746
0122102021343145464210003211 2 1202502053.040751
0522102021343145464210003211 2 1202502053.040755
0122103021343145464210003211 2 1202502053.040800
0522103021343145464210003211 2 1202502053.040805
0122106021343145464210003211 2 1202502053.040811
0522106021343145464210003211 2 1202502053.040815
0122102025343145464210003211 2 1202502053.040820
0522102025343145464210003211 2 1202502053.040825
0122103025343145464210003211 2 1202502053.040829
0522103025343145464210003211 2 1202502053.040834
0122106025343145464210003211 2 1202502053.040839
0522106025343145464210003211 2 1202502053.040843
0122102021343545464210003211 2 1202502053.040849
0522102021343545464210003211 2 1202502053.040854
0122103021343545464210003211 2 1202502053.040858
0522103021343545464210003211 2 1202502053.040903
0122106021343545464210003211 2 1202502053.040908
0522106021343545464210003211 2 1202502053.040912
0522120025343545464210003211 2 1202502053.040917
0522130025343545464210003211 2 1202502053.040922
0522160025343545464210003211 2 1202502053.040926
0122102025343545464210003211 2 1202502053.040931
0522102025343545464210003211 2 1202502053.040936
0522122025343545464210003211 2 1202502053.040941
0522132025343545464210003211 2 1202502053.040945
0522162025343545464210003211 2 1202502053.040950
0122103025343545464210003211 2 1202502053.040955
0522103025343545464210003211 2 1202502053.040959
0522123025343545464210003211 2 1202502053.041004
0522133025343545464210003211 2 1202502053.041009
0522163025343545464210003211 2 1202502053.041013
0122106025343545464210003211 2 1202502053.041018
0522106025343545464210003211 2 1202502053.041023
0522126025343545464210003211 2 1202502053.041028
0522136025343545464210003211 2 1202502053.041032
0522166025343545464210003211 2 1202502053.041037
0522100225343545464210003211 2 1202502053.041042
0522120225343545464210003211 2 1202502053.041046
0522130225343545464210003211 2 1202502053.041051
0522160225343545464210003211 2 1202502053.041056
0522102225343545464210003211 2 1202502053.041100
0522122225343545464210003211 2 1202502053.041105
0522132225343545464210003211 2 1202502053.041110
0522162225343545464210003211 2 1202502053.041114
0522103225343545464210003211 2 1202502053.041119
0522123225343545464210003211 2 1202502053.041124
0522133225343545464210003211 2 1202502053.041129
0522163225343545464210003211 2 1202502053.041133
0522106225343545464210003211 2 1202502053.041138
0522126225343545464210003211 2 1202502053.041143
0522136225343545464210003211 2 1202502053.041147
0522166225343545464210003211 2 1202502053.041152
0522100325343545464210003211 2 1202502053.041157
0522120325343545464210003211 2 1202502053.041201
0522130325343545464210003211 2 1202502053.041206
0522160325343545464210003211 2 1202502053.041211
0522102325343545464210003211 2 1202502053.041216
0522122325343545464210003211 2 1202502053.041220
0522132325343545464210003211 2 1202502053.041225
0522162325343545464210003211 2 1202502053.041230
0522103325343545464210003211 2 1202502053.041234
0522123325343545464210003211 2 1202502053.041239
0522133325343545464210003211 2 1202502053.041244
0522163325343545464210003211 2 1202502053.041248
0522106325343545464210003211 2 1202502053.041253
0522126325343545464210003211 2 1202502053.041258
0522136325343545464210003211 2 1202502053.041303
0522166325343545464210003211 2 1202502053.041307
0522100625343545464210003211 2 1202502053.041312
0522120625343545464210003211 2 1202502053.041317
0522130625343545464210003211 2 1202502053.041321
0522160625343545464210003211 2 1202502053.041326
0522102625343545464210003211 2 1202502053.041331
0522122625343545464210003211 2 1202502053.041335
0522132625343545464210003211 2 1202502053.041340
0522162625343545464210003211 2 1202502053.041345
0522103625343545464210003211 2 1202502053.041349
0522123625343545464210003211 2 1202502053.041354
0522133625343545464210003211 2 1202502053.041359
0522163625343545464210003211 2 1202502053.041404
0522106625343545464210003211 2 1202502053.041408
0522126625343545464210003211 2 1202502053.041413
0522136625343545464210003211 2 1202502053.041418
0522166625343545464210003211 2 1202502053.041422
0121102220343055464210003211 2 1202502053.041427
0122102021343155464210003211 2 1202502053.041432
0522102021343155464210003211 2 1202502053.041437
0122103021343155464210003211 2 1202502053.041442
0522103021343155464210003211 2 1202502053.041446
0122106021343155464210003211 2 1202502053.041451
0522106021343155464210003211 2 1202502053.041456
0122102025343155464210003211 2 1202502053.041500
0522102025343155464210003211 2 1202502053.041505
0122103025343155464210003211 2 1202502053.041510
0522103025343155464210003211 2 1202502053.041515
0122106025343155464210003211 2 1202502053.041519
0522106025343155464210003211 2 1202502053.041524
0122102021343555464210003211 2 1202502053.041529
0522102021343555464210003211 2 1202502053.041534
0122103021343555464210003211 2 1202502053.041539
0522103021343555464210003211 2 1202502053.041543
0122106021343555464210003211 2 1202502053.041548
0522106021343555464210003211 2 1202502053.041553
0522120025343555464210003211 2 1202502053.041558
0522130025343555464210003211 2 1202502053.041602
0522160025343555464210003211 2 1202502053.041607
0122102025343555464210003211 2 1202502053.041612
0522102025343555464210003211 2 1202502053.041616
0522122025343555464210003211 2 1202502053.041621
0522132025343555464210003211 2 1202502053.041626
0522162025343555464210003211 2 1202502053.041631
0122103025343555464210003211 2 1202502053.041635
0522103025343555464210003211 2 1202502053.041640
0522123025343555464210003211 2 1202502053.041645
0522133025343555464210003211 2 1202502053.041649
0522163025343555464210003211 2 1202502053.041654
0122106025343555464210003211 2 1202502053.041659
0522106025343555464210003211 2 1202502053.041704
0522126025343555464210003211 2 1202502053.041708
0522136025343555464210003211 2 1202502053.041713
0522166025343555464210003211 2 1202502053.041718
0522100225343555464210003211 2 1202502053.041725
0522120225343555464210003211 2 1202502053.041730
0522130225343555464210003211 2 1202502053.041735
0522160225343555464210003211 2 1202502053.041739
0522102225343555464210003211 2 1202502053.041747
0522122225343555464210003211 2 1202502053.041752
0522132225343555464210003211 2 1202502053.041756
0522162225343555464210003211 2 1202502053.041801
0522103225343555464210003211 2 1202502053.041809
0522123225343555464210003211 2 1202502053.041813
0522133225343555464210003211 2 1202502053.041818
0522163225343555464210003211 2 1202502053.041823
0522106225343555464210003211 2 1202502053.041830
0522126225343555464210003211 2 1202502053.041835
0522136225343555464210003211 2 1202502053.041840
0522166225343555464210003211 2 1202502053.041844
0522100325343555464210003211 2 1202502053.041849
0522120325343555464210003211 2 1202502053.041854
0522130325343555464210003211 2 1202502053.041859
0522160325343555464210003211 2 1202502053.041903
0522102325343555464210003211 2 1202502053.041908
0522122325343555464210003211 2 1202502053.041913
0522132325343555464210003211 2 1202502053.041917
0522162325343555464210003211 2 1202502053.041922
0522103325343555464210003211 2 1202502053.041927
0522123325343555464210003211 2 1202502053.041932
0522133325343555464210003211 2 1202502053.041936
0522163325343555464210003211 2 1202502053.041941
0522106325343555464210003211 2 1202502053.041946
0522126325343555464210003211 2 1202502053.041950
0522136325343555464210003211 2 1202502053.041955
0522166325343555464210003211 2 1202502053.042000
0522100625343555464210003211 2 1202502053.042005
0522120625343555464210003211 2 1202502053.042009
0522130625343555464210003211 2 1202502053.042014
0522160625343555464210003211 2 1202502053.042019
0522102625343555464210003211 2 1202502053.042023
0522122625343555464210003211 2 1202502053.042028
0522132625343555464210003211 2 1202502053.042033
0522162625343555464210003211 2 1202502053.042038
0522103625343555464210003211 2 1202502053.042042
0522123625343555464210003211 2 1202502053.042047
0522133625343555464210003211 2 1202502053.042052
0522163625343555464210003211 2 1202502053.042056
0522106625343555464210003211 2 1202502053.042101
0522126625343555464210003211 2 1202502053.042106
0522136625343555464210003211 2 1202502053.042110
0522166625343555464210003211 2 1202502053.042115
0125103021143000464220003211 2 1202502053.043926
0111102520343000464220003211 2 1202502053.043931
0121102520343000464220003211 2 1202502053.043935
0111102521343000464220003211 5 1202502053.043940
0125100021343100464220003211 2 1202502053.043945
0125102021343100464220003211 2 1202502053.043950
0125103021343100464220003211 2 1202502053.043955
0125105021343100464220003211 1 1202502053.043959
0125106021343100464220003211 2 1202502053.044004
0125103021143010464220003211 2 1202502053.044011
0111102520343010464220003211 2 1202502053.044015
0121102520343010464220003211 2 1202502053.044020
0125100021343110464220003211 2 1202502053.044025
0125102021343110464220003211 2 1202502053.044030
0125103021343110464220003211 2 1202502053.044034
0125105021343110464220003211 1 1202502053.044039
0125106021343110464220003211 2 1202502053.044044
0125103021143020464220003211 2 1202502053.044051
0111102520343020464220003211 2 1202502053.044055
0121102520343020464220003211 2 1202502053.044100
0125100021343120464220003211 2 1202502053.044105
0125102021343120464220003211 2 1202502053.044110
0125103021343120464220003211 2 1202502053.044115
0125105021343120464220003211 1 1202502053.044119
0125106021343120464220003211 2 1202502053.044124
0125103021143040464220003211 2 1202502053.044130
0111102520343040464220003211 2 1202502053.044135
0121102520343040464220003211 2 1202502053.044140
0125100021343140464220003211 2 1202502053.044145
0125102021343140464220003211 2 1202502053.044149
0125103021343140464220003211 2 1202502053.044154
0125105021343140464220003211 1 1202502053.044159
0125106021343140464220003211 2 1202502053.044204
0122103021143050464220003211 2 1202502053.044210
0125103021143050464220003211 2 1202502053.044215
0111102220343050464220003211 2 1202502053.044219
0121102220343050464220003211 2 1202502053.044224
0111102520343050464220003211 2 1202502053.044229
0121102520343050464220003211 2 1202502053.044233
0111102521343050464220003211 5 1202502053.044238
0125100021343150464220003211 2 1202502053.044243
0125102021343150464220003211 2 1202502053.044248
0125103021343150464220003211 2 1202502053.044253
0125105021343150464220003211 1 1202502053.044257
0125106021343150464220003211 2 1202502053.044302
0125103021143001464220003211 2 1202502053.044308
0121102520343001464220003211 2 1202502053.044313
0125100021343101464220003211 2 1202502053.044318
0125102021343101464220003211 2 1202502053.044323
0125103021343101464220003211 2 1202502053.044328
0121105021343101464220003211 1 1202502053.044332
0122105021343101464220003211 1 1202502053.044337
0125105021343101464220003211 1 1202502053.044342
0125106021343101464220003211 2 1202502053.044347
0125103021143011464220003211 2 1202502053.044353
0121102520343011464220003211 2 1202502053.044358
0125100021343111464220003211 2 1202502053.044403
0125102021343111464220003211 2 1202502053.044408
0125103021343111464220003211 2 1202502053.044412
0121105021343111464220003211 1 1202502053.044417
0122105021343111464220003211 1 1202502053.044422
0125105021343111464220003211 1 1202502053.044427
0125106021343111464220003211 2 1202502053.044431
0125103021143021464220003211 2 1202502053.044437
0121102520343021464220003211 2 1202502053.044442
0125100021343121464220003211 2 1202502053.044447
0125102021343121464220003211 2 1202502053.044452
0125103021343121464220003211 2 1202502053.044457
0121105021343121464220003211 1 1202502053.044501
0122105021343121464220003211 1 1202502053.044506
0125105021343121464220003211 1 1202502053.044511
0125106021343121464220003211 2 1202502053.044516
0125103021143041464220003211 2 1202502053.044522
0121102520343041464220003211 2 1202502053.044527
0125100021343141464220003211 2 1202502053.044532
0125102021343141464220003211 2 1202502053.044537
0125103021343141464220003211 2 1202502053.044541
0121105021343141464220003211 1 1202502053.044546
0122105021343141464220003211 1 1202502053.044551
0125105021343141464220003211 1 1202502053.044555
0125106021343141464220003211 2 1202502053.044600
0125103021143051464220003211 2 1202502053.044607
0121102220343051464220003211 2 1202502053.044611
0121102520343051464220003211 2 1202502053.044616
0122100021343151464220003211 2 1202502053.044621
0125100021343151464220003211 2 1202502053.044626
0125102021343151464220003211 2 1202502053.044630
0125103021343151464220003211 2 1202502053.044635
0121105021343151464220003211 1 1202502053.044640
0122105021343151464220003211 1 1202502053.044645
0125105021343151464220003211 1 1202502053.044649
0125106021343151464220003211 2 1202502053.044654
0125103021143002464220003211 2 1202502053.044701
0111102520343002464220003211 2 1202502053.044705
0121102520343002464220003211 2 1202502053.044710
0121105020343102464220003211 1 1202502053.044715
0125100021343102464220003211 2 1202502053.044720
0125102021343102464220003211 2 1202502053.044724
0125103021343102464220003211 2 1202502053.044729
0121105021343102464220003211 1 1202502053.044734
0122105021343102464220003211 1 1202502053.044739
0125105021343102464220003211 1 1202502053.044743
0125106021343102464220003211 2 1202502053.044748
0125103021143012464220003211 2 1202502053.044755
0111102520343012464220003211 2 1202502053.044759
0121102520343012464220003211 2 1202502053.044804
0121105020343112464220003211 1 1202502053.044809
0125100021343112464220003211 2 1202502053.044814
0125102021343112464220003211 2 1202502053.044818
0125103021343112464220003211 2 1202502053.044823
0121105021343112464220003211 1 1202502053.044828
0122105021343112464220003211 1 1202502053.044833
0125105021343112464220003211 1 1202502053.044837
0125106021343112464220003211 2 1202502053.044842
0125103021143022464220003211 2 1202502053.044849
0111102520343022464220003211 2 1202502053.044853
0121102520343022464220003211 2 1202502053.044858
0121105020343122464220003211 1 1202502053.044903
0125100021343122464220003211 2 1202502053.044908
0125102021343122464220003211 2 1202502053.044912
0125103021343122464220003211 2 1202502053.044917
0121105021343122464220003211 1 1202502053.044922
0122105021343122464220003211 1 1202502053.044927
0125105021343122464220003211 1 1202502053.044931
0125106021343122464220003211 2 1202502053.044936
0125103021143042464220003211 2 1202502053.044943
0111102520343042464220003211 2 1202502053.044947
0121102520343042464220003211 2 1202502053.044952
0121105020343142464220003211 1 1202502053.044957
0125100021343142464220003211 2 1202502053.045002
0125102021343142464220003211 2 1202502053.045006
0125103021343142464220003211 2 1202502053.045011
0121105021343142464220003211 1 1202502053.045016
0122105021343142464220003211 1 1202502053.045021
0125105021343142464220003211 1 1202502053.045025
0125106021343142464220003211 2 1202502053.045030
0125103021143052464220003211 2 1202502053.045036
0111102220343052464220003211 2 1202502053.045041
0121102220343052464220003211 2 1202502053.045046
0111102520343052464220003211 2 1202502053.045050
0121102520343052464220003211 2 1202502053.045055
0121105020343152464220003211 1 1202502053.045100
0122100021343152464220003211 2 1202502053.045105
0125100021343152464220003211 2 1202502053.045110
0122102021343152464220003211 2 1202502053.045114
0125102021343152464220003211 2 1202502053.045119
0122103021343152464220003211 2 1202502053.045124
0125103021343152464220003211 2 1202502053.045128
0121105021343152464220003211 1 1202502053.045133
0122105021343152464220003211 1 1202502053.045138
0125105021343152464220003211 1 1202502053.045143
0122106021343152464220003211 2 1202502053.045147
0125106021343152464220003211 2 1202502053.045152
0125103021143004464220003211 2 1202502053.045158
0121102520343004464220003211 2 1202502053.045203
0125100021343104464220003211 2 1202502053.045208
0125102021343104464220003211 2 1202502053.045213
0125103021343104464220003211 2 1202502053.045217
0125105021343104464220003211 1 1202502053.045222
0125106021343104464220003211 2 1202502053.045227
0125103021143014464220003211 2 1202502053.045233
0121102520343014464220003211 2 1202502053.045238
0125100021343114464220003211 2 1202502053.045243
0125102021343114464220003211 2 1202502053.045248
0125103021343114464220003211 2 1202502053.045252
0125105021343114464220003211 1 1202502053.045257
0125106021343114464220003211 2 1202502053.045302
0125103021143024464220003211 2 1202502053.045308
0121102520343024464220003211 2 1202502053.045313
0125100021343124464220003211 2 1202502053.045318
0125102021343124464220003211 2 1202502053.045323
0125103021343124464220003211 2 1202502053.045327
0125105021343124464220003211 1 1202502053.045332
0125106021343124464220003211 2 1202502053.045337
0125103021143044464220003211 2 1202502053.045343
0121102520343044464220003211 2 1202502053.045348
0125100021343144464220003211 2 1202502053.045353
0125102021343144464220003211 2 1202502053.045358
0125103021343144464220003211 2 1202502053.045402
0125105021343144464220003211 1 1202502053.045407
0125106021343144464220003211 2 1202502053.045412
0125103021143054464220003211 2 1202502053.045418
0121102220343054464220003211 2 1202502053.045423
0121102520343054464220003211 2 1202502053.045427
0125100021343154464220003211 2 1202502053.045432
0125102021343154464220003211 2 1202502053.045437
0125103021343154464220003211 2 1202502053.045442
0125105021343154464220003211 1 1202502053.045446
0125106021343154464220003211 2 1202502053.045451
0122103021143005464220003211 2 1202502053.045458
0125103021143005464220003211 2 1202502053.045502
0111102220343005464220003211 2 1202502053.045507
0121102220343005464220003211 2 1202502053.045512
0111102520343005464220003211 2 1202502053.045516
0121102520343005464220003211 2 1202502053.045521
0111102521343005464220003211 5 1202502053.045526
0121105020343105464220003211 1 1202502053.045531
0125100021343105464220003211 2 1202502053.045535
0125102021343105464220003211 2 1202502053.045540
0125103021343105464220003211 2 1202502053.045545
0125105021343105464220003211 1 1202502053.045550
0125106021343105464220003211 2 1202502053.045554
0125103021143015464220003211 2 1202502053.045601
0111102220343015464220003211 2 1202502053.045605
0121102220343015464220003211 2 1202502053.045610
0111102520343015464220003211 2 1202502053.045615
0121102520343015464220003211 2 1202502053.045619
0111102521343015464220003211 5 1202502053.045624
0121105020343115464220003211 1 1202502053.045629
0125100021343115464220003211 2 1202502053.045634
0125102021343115464220003211 2 1202502053.045638
0125103021343115464220003211 2 1202502053.045643
0125105021343115464220003211 1 1202502053.045648
0125106021343115464220003211 2 1202502053.045653
0125103021143025464220003211 2 1202502053.045659
0111102220343025464220003211 2 1202502053.045704
0121102220343025464220003211 2 1202502053.045708
0111102520343025464220003211 2 1202502053.045713
0121102520343025464220003211 2 1202502053.045718
0111102521343025464220003211 5 1202502053.045722
0121105020343125464220003211 1 1202502053.045727
0125100021343125464220003211 2 1202502053.045732
0125102021343125464220003211 2 1202502053.045737
0125103021343125464220003211 2 1202502053.045741
0125105021343125464220003211 1 1202502053.045746
0125106021343125464220003211 2 1202502053.045751
0125103021143045464220003211 2 1202502053.045757
0111102220343045464220003211 2 1202502053.045802
0121102220343045464220003211 2 1202502053.045807
0111102520343045464220003211 2 1202502053.045811
0121102520343045464220003211 2 1202502053.045816
0111102521343045464220003211 5 1202502053.045821
0121105020343145464220003211 1 1202502053.045826
0125100021343145464220003211 2 1202502053.045830
0125102021343145464220003211 2 1202502053.045835
0125103021343145464220003211 2 1202502053.045840
0125105021343145464220003211 1 1202502053.045844
0125106021343145464220003211 2 1202502053.045849
0122103021143055464220003211 2 1202502053.045856
0125103021143055464220003211 2 1202502053.045900
0111102220343055464220003211 2 1202502053.045905
0121102220343055464220003211 2 1202502053.045910
0111102520343055464220003211 2 1202502053.045914
0121102520343055464220003211 2 1202502053.045919
0111102521343055464220003211 5 1202502053.045924
0121105020343155464220003211 1 1202502053.045929
0125100021343155464220003211 2 1202502053.045933
0125102021343155464220003211 2 1202502053.045938
0125103021343155464220003211 2 1202502053.045943
0125105021343155464220003211 1 1202502053.045947
0125106021343155464220003211 2 1202502053.045952
0122103021143000464520003211 2 1202502053.051926
0125103021143000464520003211 2 1202502053.051930
0111102220343000464520003211 2 1202502053.051935
0121102220343000464520003211 2 1202502053.051940
0111102520343000464520003211 2 1202502053.051944
0121102520343000464520003211 2 1202502053.051949
0111102521343000464520003211 5 1202502053.051954
0125100021343100464520003211 2 1202502053.051959
0125102021343100464520003211 2 1202502053.052003
0125103021343100464520003211 2 1202502053.052008
0125105021343100464520003211 1 1202502053.052013
0125106021343100464520003211 2 1202502053.052017
0125103021143010464520003211 2 1202502053.052024
0111102220343010464520003211 2 1202502053.052028
0121102220343010464520003211 2 1202502053.052033
0111102520343010464520003211 2 1202502053.052038
0121102520343010464520003211 2 1202502053.052042
0125100021343110464520003211 2 1202502053.052048
0125102021343110464520003211 2 1202502053.052052
0125103021343110464520003211 2 1202502053.052057
0125105021343110464520003211 1 1202502053.052102
0125106021343110464520003211 2 1202502053.052107
0125103021143020464520003211 2 1202502053.052113
0111102220343020464520003211 2 1202502053.052118
0121102220343020464520003211 2 1202502053.052122
0111102520343020464520003211 2 1202502053.052127
0121102520343020464520003211 2 1202502053.052132
0125100021343120464520003211 2 1202502053.052137
0125102021343120464520003211 2 1202502053.052141
0125103021343120464520003211 2 1202502053.052146
0125105021343120464520003211 1 1202502053.052151
0125106021343120464520003211 2 1202502053.052155
0125103021143040464520003211 2 1202502053.052202
0111102220343040464520003211 2 1202502053.052206
0121102220343040464520003211 2 1202502053.052211
0111102520343040464520003211 2 1202502053.052216
0121102520343040464520003211 2 1202502053.052220
0125100021343140464520003211 2 1202502053.052225
0125102021343140464520003211 2 1202502053.052230
0125103021343140464520003211 2 1202502053.052235
0125105021343140464520003211 1 1202502053.052239
0125106021343140464520003211 2 1202502053.052244
0122103021143050464520003211 2 1202502053.052250
0125103021143050464520003211 2 1202502053.052255
0111102220343050464520003211 2 1202502053.052300
0121102220343050464520003211 2 1202502053.052304
0111102520343050464520003211 2 1202502053.052309
0121102520343050464520003211 2 1202502053.052314
0111102521343050464520003211 5 1202502053.052318
0125100021343150464520003211 2 1202502053.052324
0125102021343150464520003211 2 1202502053.052328
0125103021343150464520003211 2 1202502053.052333
0125105021343150464520003211 1 1202502053.052338
0125106021343150464520003211 2 1202502053.052342
0125103021143001464520003211 2 1202502053.052349
0121102220343001464520003211 2 1202502053.052353
0121102520343001464520003211 2 1202502053.052358
0122100021343101464520003211 2 1202502053.052403
0125100021343101464520003211 2 1202502053.052408
0125102021343101464520003211 2 1202502053.052412
0125103021343101464520003211 2 1202502053.052417
0121105021343101464520003211 1 1202502053.052422
0122105021343101464520003211 1 1202502053.052427
0125105021343101464520003211 1 1202502053.052431
0125106021343101464520003211 2 1202502053.052436
0125103021143011464520003211 2 1202502053.052442
0121102220343011464520003211 2 1202502053.052447
0121102520343011464520003211 2 1202502053.052452
0122100021343111464520003211 2 1202502053.052457
0125100021343111464520003211 2 1202502053.052501
0125102021343111464520003211 2 1202502053.052506
0125103021343111464520003211 2 1202502053.052511
0121105021343111464520003211 1 1202502053.052515
0122105021343111464520003211 1 1202502053.052520
0125105021343111464520003211 1 1202502053.052525
0125106021343111464520003211 2 1202502053.052530
0125103021143021464520003211 2 1202502053.052536
0121102220343021464520003211 2 1202502053.052540
0121102520343021464520003211 2 1202502053.052545
0122100021343121464520003211 2 1202502053.052550
0125100021343121464520003211 2 1202502053.052555
0125102021343121464520003211 2 1202502053.052559
0125103021343121464520003211 2 1202502053.052604
0121105021343121464520003211 1 1202502053.052609
0122105021343121464520003211 1 1202502053.052613
0125105021343121464520003211 1 1202502053.052618
0125106021343121464520003211 2 1202502053.052623
0125103021143041464520003211 2 1202502053.052629
0121102220343041464520003211 2 1202502053.052634
0121102520343041464520003211 2 1202502053.052638
0122100021343141464520003211 2 1202502053.052644
0125100021343141464520003211 2 1202502053.052648
0125102021343141464520003211 2 1202502053.052653
0125103021343141464520003211 2 1202502053.052658
0121105021343141464520003211 1 1202502053.052702
0122105021343141464520003211 1 1202502053.052707
0125105021343141464520003211 1 1202502053.052712
0125106021343141464520003211 2 1202502053.052717
0125103021143051464520003211 2 1202502053.052723
0121102220343051464520003211 2 1202502053.052728
0121102520343051464520003211 2 1202502053.052732
0122100021343151464520003211 2 1202502053.052737
0125100021343151464520003211 2 1202502053.052742
0125102021343151464520003211 2 1202502053.052747
0125103021343151464520003211 2 1202502053.052751
0121105021343151464520003211 1 1202502053.052756
0122105021343151464520003211 1 1202502053.052801
0125105021343151464520003211 1 1202502053.052806
0125106021343151464520003211 2 1202502053.052810
0125103021143002464520003211 2 1202502053.052817
0111102220343002464520003211 2 1202502053.052821
0121102220343002464520003211 2 1202502053.052826
0111102520343002464520003211 2 1202502053.052831
0121102520343002464520003211 2 1202502053.052835
0121105020343102464520003211 1 1202502053.052840
0122100021343102464520003211 2 1202502053.052845
0125100021343102464520003211 2 1202502053.052850
0122102021343102464520003211 2 1202502053.052854
0125102021343102464520003211 2 1202502053.052859
0122103021343102464520003211 2 1202502053.052904
0125103021343102464520003211 2 1202502053.052909
0121105021343102464520003211 1 1202502053.052913
0122105021343102464520003211 1 1202502053.052918
0125105021343102464520003211 1 1202502053.052923
0122106021343102464520003211 2 1202502053.052928
0125106021343102464520003211 2 1202502053.052932
0125103021143012464520003211 2 1202502053.052939
0111102220343012464520003211 2 1202502053.052943
0121102220343012464520003211 2 1202502053.052948
0111102520343012464520003211 2 1202502053.052953
0121102520343012464520003211 2 1202502053.052957
0121105020343112464520003211 1 1202502053.053002
0122100021343112464520003211 2 1202502053.053007
0125100021343112464520003211 2 1202502053.053012
0122102021343112464520003211 2 1202502053.053016
0125102021343112464520003211 2 1202502053.053021
0122103021343112464520003211 2 1202502053.053026
0125103021343112464520003211 2 1202502053.053031
0121105021343112464520003211 1 1202502053.053035
0122105021343112464520003211 1 1202502053.053040
0125105021343112464520003211 1 1202502053.053045
0122106021343112464520003211 2 1202502053.053049
0125106021343112464520003211 2 1202502053.053054
0125103021143022464520003211 2 1202502053.053100
0111102220343022464520003211 2 1202502053.053105
0121102220343022464520003211 2 1202502053.053110
0111102520343022464520003211 2 1202502053.053114
0121102520343022464520003211 2 1202502053.053119
0121105020343122464520003211 1 1202502053.053124
0122100021343122464520003211 2 1202502053.053129
0125100021343122464520003211 2 1202502053.053134
0122102021343122464520003211 2 1202502053.053138
0125102021343122464520003211 2 1202502053.053143
0122103021343122464520003211 2 1202502053.053148
0125103021343122464520003211 2 1202502053.053152
0121105021343122464520003211 1 1202502053.053157
0122105021343122464520003211 1 1202502053.053202
0125105021343122464520003211 1 1202502053.053207
0122106021343122464520003211 2 1202502053.053211
0125106021343122464520003211 2 1202502053.053216
0125103021143042464520003211 2 1202502053.053222
0111102220343042464520003211 2 1202502053.053227
0121102220343042464520003211 2 1202502053.053232
0111102520343042464520003211 2 1202502053.053236
0121102520343042464520003211 2 1202502053.053241
0121105020343142464520003211 1 1202502053.053246
0122100021343142464520003211 2 1202502053.053251
0125100021343142464520003211 2 1202502053.053255
0122102021343142464520003211 2 1202502053.053300
0125102021343142464520003211 2 1202502053.053305
0122103021343142464520003211 2 1202502053.053309
0125103021343142464520003211 2 1202502053.053314
0121105021343142464520003211 1 1202502053.053319
0122105021343142464520003211 1 1202502053.053324
0125105021343142464520003211 1 1202502053.053328
0122106021343142464520003211 2 1202502053.053333
0125106021343142464520003211 2 1202502053.053338
0125103021143052464520003211 2 1202502053.053344
0111102220343052464520003211 2 1202502053.053349
0121102220343052464520003211 2 1202502053.053353
0111102520343052464520003211 2 1202502053.053358
0121102520343052464520003211 2 1202502053.053403
0121105020343152464520003211 1 1202502053.053408
0122100021343152464520003211 2 1202502053.053412
0125100021343152464520003211 2 1202502053.053417
0122102021343152464520003211 2 1202502053.053422
0125102021343152464520003211 2 1202502053.053427
0122103021343152464520003211 2 1202502053.053431
0125103021343152464520003211 2 1202502053.053436
0121105021343152464520003211 1 1202502053.053441
0122105021343152464520003211 1 1202502053.053446
0125105021343152464520003211 1 1202502053.053450
0122106021343152464520003211 2 1202502053.053455
0125106021343152464520003211 2 1202502053.053500
0125103021143004464520003211 2 1202502053.053506
0121102220343004464520003211 2 1202502053.053511
0121102520343004464520003211 2 1202502053.053515
0125100021343104464520003211 2 1202502053.053520
0125102021343104464520003211 2 1202502053.053525
0125103021343104464520003211 2 1202502053.053530
0125105021343104464520003211 1 1202502053.053534
0125106021343104464520003211 2 1202502053.053539
0125103021143014464520003211 2 1202502053.053545
0121102220343014464520003211 2 1202502053.053550
0121102520343014464520003211 2 1202502053.053555
0125100021343114464520003211 2 1202502053.053600
0125102021343114464520003211 2 1202502053.053604
0125103021343114464520003211 2 1202502053.053609
0125105021343114464520003211 1 1202502053.053614
0125106021343114464520003211 2 1202502053.053619
0125103021143024464520003211 2 1202502053.053625
0121102220343024464520003211 2 1202502053.053630
0121102520343024464520003211 2 1202502053.053634
0125100021343124464520003211 2 1202502053.053639
0125102021343124464520003211 2 1202502053.053644
0125103021343124464520003211 2 1202502053.053649
0125105021343124464520003211 1 1202502053.053653
0125106021343124464520003211 2 1202502053.053658
0125103021143044464520003211 2 1202502053.053705
0121102220343044464520003211 2 1202502053.053709
0121102520343044464520003211 2 1202502053.053714
0125100021343144464520003211 2 1202502053.053719
0125102021343144464520003211 2 1202502053.053724
0125103021343144464520003211 2 1202502053.053728
0125105021343144464520003211 1 1202502053.053733
0125106021343144464520003211 2 1202502053.053738
0125103021143054464520003211 2 1202502053.053744
0121102220343054464520003211 2 1202502053.053749
0121102520343054464520003211 2 1202502053.053753
0125100021343154464520003211 2 1202502053.053758
0125102021343154464520003211 2 1202502053.053803
0125103021343154464520003211 2 1202502053.053808
0125105021343154464520003211 1 1202502053.053812
0125106021343154464520003211 2 1202502053.053817
0122103021143005464520003211 2 1202502053.053824
0125103021143005464520003211 2 1202502053.053828
0111102220343005464520003211 2 1202502053.053833
0121102220343005464520003211 2 1202502053.053838
0111102520343005464520003211 2 1202502053.053842
0121102520343005464520003211 2 1202502053.053847
0111102521343005464520003211 5 1202502053.053852
0121105020343105464520003211 1 1202502053.053857
0125100021343105464520003211 2 1202502053.053901
0125102021343105464520003211 2 1202502053.053906
0125103021343105464520003211 2 1202502053.053911
0125105021343105464520003211 1 1202502053.053915
0125106021343105464520003211 2 1202502053.053920
0125103021143015464520003211 2 1202502053.053926
0111102220343015464520003211 2 1202502053.053931
0121102220343015464520003211 2 1202502053.053936
0111102520343015464520003211 2 1202502053.053940
0121102520343015464520003211 2 1202502053.053945
0111102521343015464520003211 5 1202502053.053950
0121105020343115464520003211 1 1202502053.053955
0125100021343115464520003211 2 1202502053.054000
0125102021343115464520003211 2 1202502053.054004
0125103021343115464520003211 2 1202502053.054009
0125105021343115464520003211 1 1202502053.054014
0125106021343115464520003211 2 1202502053.054018
0125103021143025464520003211 2 1202502053.054025
0111102220343025464520003211 2 1202502053.054029
0121102220343025464520003211 2 1202502053.054034
0111102520343025464520003211 2 1202502053.054039
0121102520343025464520003211 2 1202502053.054043
0111102521343025464520003211 5 1202502053.054048
0121105020343125464520003211 1 1202502053.054053
0125100021343125464520003211 2 1202502053.054058
0125102021343125464520003211 2 1202502053.054102
0125103021343125464520003211 2 1202502053.054107
0125105021343125464520003211 1 1202502053.054112
0125106021343125464520003211 2 1202502053.054117
0125103021143045464520003211 2 1202502053.054123
0111102220343045464520003211 2 1202502053.054128
0121102220343045464520003211 2 1202502053.054132
0111102520343045464520003211 2 1202502053.054137
0121102520343045464520003211 2 1202502053.054141
0111102521343045464520003211 5 1202502053.054146
0121105020343145464520003211 1 1202502053.054151
0125100021343145464520003211 2 1202502053.054156
0125102021343145464520003211 2 1202502053.054201
0125103021343145464520003211 2 1202502053.054205
0125105021343145464520003211 1 1202502053.054210
0125106021343145464520003211 2 1202502053.054215
0122103021143055464520003211 2 1202502053.054221
0125103021143055464520003211 2 1202502053.054226
0111102220343055464520003211 2 1202502053.054231
0121102220343055464520003211 2 1202502053.054235
0111102520343055464520003211 2 1202502053.054240
0121102520343055464520003211 2 1202502053.054245
0111102521343055464520003211 5 1202502053.054249
0121105020343155464520003211 1 1202502053.054254
0125100021343155464520003211 2 1202502053.054259
0125102021343155464520003211 2 1202502053.054304
0125103021343155464520003211 2 1202502053.054308
0125105021343155464520003211 1 1202502053.054313
0125106021343155464520003211 2 1202502053.054318
0122105021343102464230003211 2 1202502053.054610
0122105021343112464230003211 2 1202502053.054616
0122105021343122464230003211 2 1202502053.054623
0122105021343142464230003211 2 1202502053.054629
0546102020003102404200002313 1 1202502053.072350
0546102020103102404200002313 1 1202502053.072357
0546102020303102404200002313 1 1202502053.072403
0516102020403102404200002313 1 1202502053.072409
0546102020403102404200002313 1 1202502053.072415
0546102020503102404200002313 1 1202502053.072421
0546102020003112404200002313 1 1202502053.072435
0546102020103112404200002313 1 1202502053.072442
0546102020303112404200002313 1 1202502053.072448
0516102020403112404200002313 1 1202502053.072454
0546102020403112404200002313 1 1202502053.072500
0546102020503112404200002313 1 1202502053.072506
0546102020003122404200002313 1 1202502053.072521
0546102020103122404200002313 1 1202502053.072527
0546102020303122404200002313 1 1202502053.072533
0516102020403122404200002313 1 1202502053.072539
0546102020403122404200002313 1 1202502053.072545
0546102020503122404200002313 1 1202502053.072551
0546102020003142404200002313 1 1202502053.072605
0546102020103142404200002313 1 1202502053.072612
0546102020303142404200002313 1 1202502053.072618
0516102020403142404200002313 1 1202502053.072624
0546102020403142404200002313 1 1202502053.072630
0546102020503142404200002313 1 1202502053.072636
0546102020003152404200002313 1 1202502053.072653
0546102020103152404200002313 1 1202502053.072659
0546102020303152404200002313 1 1202502053.072705
0516102020403152404200002313 1 1202502053.072711
0546102020403152404200002313 1 1202502053.072717
0546102020503152404200002313 1 1202502053.072723
0546102020003162404200002313 1 1202502053.072738
0546102020103162404200002313 1 1202502053.072744
0546102020303162404200002313 1 1202502053.072750
0516102020403162404200002313 1 1202502053.072756
0546102020403162404200002313 1 1202502053.072802
0546102020503162404200002313 1 1202502053.072809
0546102020003102424200002313 1 1202502053.072911
0546102020103102424200002313 1 1202502053.072917
0546102020303102424200002313 1 1202502053.072923
0546102020403102424200002313 1 1202502053.072929
0546102020503102424200002313 1 1202502053.072935
0546102020003112424200002313 1 1202502053.072942
0546102020103112424200002313 1 1202502053.072948
0546102020303112424200002313 1 1202502053.072954
0546102020403112424200002313 1 1202502053.073000
0546102020503112424200002313 1 1202502053.073006
0546102020003122424200002313 1 1202502053.073013
0546102020103122424200002313 1 1202502053.073019
0546102020303122424200002313 1 1202502053.073025
0546102020403122424200002313 1 1202502053.073032
0546102020503122424200002313 1 1202502053.073038
0546102020003142424200002313 1 1202502053.073045
0546102020103142424200002313 1 1202502053.073051
0546102020303142424200002313 1 1202502053.073057
0546102020403142424200002313 1 1202502053.073103
0546102020503142424200002313 1 1202502053.073109
0546102020003152424200002313 1 1202502053.073116
0546102020103152424200002313 1 1202502053.073122
0546102020303152424200002313 1 1202502053.073128
0546102020403152424200002313 1 1202502053.073134
0546102020503152424200002313 1 1202502053.073140
0546102020003162424200002313 1 1202502053.073147
0546102020103162424200002313 1 1202502053.073153
0546102020303162424200002313 1 1202502053.073159
0546102020403162424200002313 1 1202502053.073205
0546102020503162424200002313 1 1202502053.073211
0546102020003102434200002313 1 1202502053.074550
0546102020103102434200002313 1 1202502053.074556
0546102020303102434200002313 1 1202502053.074602
0546102020403102434200002313 1 1202502053.074609
0546102020503102434200002313 1 1202502053.074615
0546102020003112434200002313 1 1202502053.074622
0546102020103112434200002313 1 1202502053.074628
0546102020303112434200002313 1 1202502053.074634
0546102020403112434200002313 1 1202502053.074640
0546102020503112434200002313 1 1202502053.074646
0546102020003122434200002313 1 1202502053.074653
0546102020103122434200002313 1 1202502053.074659
0546102020303122434200002313 1 1202502053.074705
0546102020403122434200002313 1 1202502053.074711
0546102020503122434200002313 1 1202502053.074717
0546102020003142434200002313 1 1202502053.074724
0546102020103142434200002313 1 1202502053.074731
0546102020303142434200002313 1 1202502053.074737
0546102020403142434200002313 1 1202502053.074743
0546102020503142434200002313 1 1202502053.074749
0546102020003152434200002313 1 1202502053.074756
0546102020103152434200002313 1 1202502053.074802
0546102020303152434200002313 1 1202502053.074808
0546102020403152434200002313 1 1202502053.074814
0546102020503152434200002313 1 1202502053.074820
0546102020003162434200002313 1 1202502053.074827
0546102020103162434200002313 1 1202502053.074833
0546102020303162434200002313 1 1202502053.074839
0546102020403162434200002313 1 1202502053.074845
0546102020503162434200002313 1 1202502053.074851
0546102020003102454200002313 1 1202502053.074956
0546102020103102454200002313 1 1202502053.075002
0546102020303102454200002313 1 1202502053.075008
0546102020403102454200002313 1 1202502053.075014
0546102020503102454200002313 1 1202502053.075020
0546102020003112454200002313 1 1202502053.075045
0546102020103112454200002313 1 1202502053.075051
0546102020303112454200002313 1 1202502053.075057
0546102020403112454200002313 1 1202502053.075103
0546102020503112454200002313 1 1202502053.075109
0546102020003122454200002313 1 1202502053.075134
0546102020103122454200002313 1 1202502053.075140
0546102020303122454200002313 1 1202502053.075146
0546102020403122454200002313 1 1202502053.075152
0546102020503122454200002313 1 1202502053.075158
0546102020003142454200002313 1 1202502053.075223
0546102020103142454200002313 1 1202502053.075229
0546102020303142454200002313 1 1202502053.075235
0546102020403142454200002313 1 1202502053.075241
0546102020503142454200002313 1 1202502053.075247
0546102020003152454200002313 1 1202502053.075312
0546102020103152454200002313 1 1202502053.075318
0546102020303152454200002313 1 1202502053.075324
0546102020403152454200002313 1 1202502053.075330
0546102020503152454200002313 1 1202502053.075336
0546102020003162454200002313 1 1202502053.075400
0546102020103162454200002313 1 1202502053.075406
0546102020303162454200002313 1 1202502053.075412
0546102020403162454200002313 1 1202502053.075419
0546102020503162454200002313 1 1202502053.075425
0546102020003102464200002313 1 1202502053.075504
0546102020103102464200002313 1 1202502053.075510
0546102020303102464200002313 1 1202502053.075516
0546102020403102464200002313 1 1202502053.075522
0546102020503102464200002313 1 1202502053.075528
0546102020003112464200002313 1 1202502053.075535
0546102020103112464200002313 1 1202502053.075541
0546102020303112464200002313 1 1202502053.075547
0546102020403112464200002313 1 1202502053.075553
0546102020503112464200002313 1 1202502053.075559
0546102020003122464200002313 1 1202502053.075606
0546102020103122464200002313 1 1202502053.075612
0546102020303122464200002313 1 1202502053.075618
0546102020403122464200002313 1 1202502053.075624
0546102020503122464200002313 1 1202502053.075630
0546102020003142464200002313 1 1202502053.075637
0546102020103142464200002313 1 1202502053.075643
0546102020303142464200002313 1 1202502053.075649
0546102020403142464200002313 1 1202502053.075655
0546102020503142464200002313 1 1202502053.075701
0546102020003152464200002313 1 1202502053.075708
0546102020103152464200002313 1 1202502053.075714
0546102020303152464200002313 1 1202502053.075720
0546102020403152464200002313 1 1202502053.075726
0546102020503152464200002313 1 1202502053.075732
0546102020003162464200002313 1 1202502053.075739
0546102020103162464200002313 1 1202502053.075745
0546102020303162464200002313 1 1202502053.075751
0546102020403162464200002313 1 1202502053.075757
0546102020503162464200002313 1 1202502053.075803
0516102020403102404600002313 1 1202502053.075951
0516102020403112404600002313 1 1202502053.080006
0516102020403122404600002313 1 1202502053.080020
0516102020403142404600002313 1 1202502053.080035
0516102020403152404600002313 1 1202502053.080053
0516102020403162404600002313 1 1202502053.080108
0124103225313144424610002313 2 1202502053.131154
0512102023403106404200002033 1 1202502053.211140
0512102023403116404200002033 1 1202502053.211149
0512102023403126404200002033 1 1202502053.211157
0512102023403146404200002033 1 1202502053.211206
0512102023403156404200002033 1 1202502053.211214
0512102023403166404200002033 1 1202502053.211222
0542102023003106404600002033 1 1202502064.133119
0542102023103106404600002033 1 1202502064.133125
0542102023303106404600002033 1 1202502064.133131
0512102023403106404600002033 1 1202502064.133137
0542102023403106404600002033 1 1202502064.133143
0542102023503106404600002033 1 1202502064.133149
0542102023003116404600002033 1 1202502064.133158
0542102023103116404600002033 1 1202502064.133204
0542102023303116404600002033 1 1202502064.133210
0512102023403116404600002033 1 1202502064.133216
0542102023403116404600002033 1 1202502064.133222
0542102023503116404600002033 1 1202502064.133228
0542102023003126404600002033 1 1202502064.133237
0542102023103126404600002033 1 1202502064.133243
0542102023303126404600002033 1 1202502064.133249
0512102023403126404600002033 1 1202502064.133255
0542102023403126404600002033 1 1202502064.133301
0542102023503126404600002033 1 1202502064.133307
0542102023003146404600002033 1 1202502064.133316
0542102023103146404600002033 1 1202502064.133322
0542102023303146404600002033 1 1202502064.133328
0512102023403146404600002033 1 1202502064.133334
0542102023403146404600002033 1 1202502064.133340
0542102023503146404600002033 1 1202502064.133346
0542102023003156404600002033 1 1202502064.133355
0542102023103156404600002033 1 1202502064.133401
0542102023303156404600002033 1 1202502064.133407
0512102023403156404600002033 1 1202502064.133413
0542102023403156404600002033 1 1202502064.133419
0542102023503156404600002033 1 1202502064.133425
0542102023003166404600002033 1 1202502064.133434
0542102023103166404600002033 1 1202502064.133440
0542102023303166404600002033 1 1202502064.133446
0512102023403166404600002033 1 1202502064.133452
0542102023403166404600002033 1 1202502064.133458
0542102023503166404600002033 1 1202502064.133504
0542102023003106424600002033 1 1202502064.204518
0542102023103106424600002033 1 1202502064.204524
0542102023303106424600002033 1 1202502064.204530
0542102023403106424600002033 1 1202502064.204536
0542102023503106424600002033 1 1202502064.204542
0542102023003116424600002033 1 1202502064.204550
0542102023103116424600002033 1 1202502064.204556
0542102023303116424600002033 1 1202502064.204602
0542102023403116424600002033 1 1202502064.204608
0542102023503116424600002033 1 1202502064.204614
0542102023003126424600002033 1 1202502064.204622
0542102023103126424600002033 1 1202502064.204628
0542102023303126424600002033 1 1202502064.204634
0542102023403126424600002033 1 1202502064.204640
0542102023503126424600002033 1 1202502064.204646
0542102023003146424600002033 1 1202502064.204700
0542102023103146424600002033 1 1202502064.204707
0542102023303146424600002033 1 1202502064.204713
0542102023403146424600002033 1 1202502064.204720
0542102023503146424600002033 1 1202502064.204726
0542102023003156424600002033 1 1202502064.204742
0542102023103156424600002033 1 1202502064.204748
0542102023303156424600002033 1 1202502064.204754
0542102023403156424600002033 1 1202502064.204800
0542102023503156424600002033 1 1202502064.204806
0542102023003166424600002033 1 1202502064.204813
0542102023103166424600002033 1 1202502064.204819
0542102023303166424600002033 1 1202502064.204826
0542102023403166424600002033 1 1202502064.204832
0542102023503166424600002033 1 1202502064.204838
0542102023003106434600002033 1 1202502064.204936
0542102023103106434600002033 1 1202502064.204942
0542102023303106434600002033 1 1202502064.204948
0542102023403106434600002033 1 1202502064.204954
0542102023503106434600002033 1 1202502064.205000
0542102023003116434600002033 1 1202502064.205008
0542102023103116434600002033 1 1202502064.205014
0542102023303116434600002033 1 1202502064.205021
0542102023403116434600002033 1 1202502064.205027
0542102023503116434600002033 1 1202502064.205033
0542102023003126434600002033 1 1202502064.205041
0542102023103126434600002033 1 1202502064.205047
0542102023303126434600002033 1 1202502064.205053
0542102023403126434600002033 1 1202502064.205059
0542102023503126434600002033 1 1202502064.205105
0542102023003146434600002033 1 1202502064.205113
0542102023103146434600002033 1 1202502064.205119
0542102023303146434600002033 1 1202502064.205125
0542102023403146434600002033 1 1202502064.205131
0542102023503146434600002033 1 1202502064.205137
0542102023003156434600002033 1 1202502064.205145
0542102023103156434600002033 1 1202502064.205151
0542102023303156434600002033 1 1202502064.205157
0542102023403156434600002033 1 1202502064.205203
0542102023503156434600002033 1 1202502064.205209
0542102023003166434600002033 1 1202502064.205217
0542102023103166434600002033 1 1202502064.205223
0542102023303166434600002033 1 1202502064.205229
0542102023403166434600002033 1 1202502064.205235
0542102023503166434600002033 1 1202502064.205241
0542102023003106454600002033 1 1202502064.215529
0542102023103106454600002033 1 1202502064.215535
0542102023303106454600002033 1 1202502064.215541
0542102023403106454600002033 1 1202502064.215548
0542102023503106454600002033 1 1202502064.215554
0542102023003116454600002033 1 1202502064.215601
0542102023103116454600002033 1 1202502064.215607
0542102023303116454600002033 1 1202502064.215613
0542102023403116454600002033 1 1202502064.215620
0542102023503116454600002033 1 1202502064.215626
0542102023003126454600002033 1 1202502064.215633
0542102023103126454600002033 1 1202502064.215639
0542102023303126454600002033 1 1202502064.215645
0542102023403126454600002033 1 1202502064.215651
0542102023503126454600002033 1 1202502064.215657
0542102023003146454600002033 1 1202502064.215705
0542102023103146454600002033 1 1202502064.215711
0542102023303146454600002033 1 1202502064.215717
0542102023403146454600002033 1 1202502064.215723
0542102023503146454600002033 1 1202502064.215729
0542102023003156454600002033 1 1202502064.215736
0542102023103156454600002033 1 1202502064.215742
0542102023303156454600002033 1 1202502064.215748
0542102023403156454600002033 1 1202502064.215755
0542102023503156454600002033 1 1202502064.215801
0542102023003166454600002033 1 1202502064.215808
0542102023103166454600002033 1 1202502064.215814
0542102023303166454600002033 1 1202502064.215821
0542102023403166454600002033 1 1202502064.215827
0542102023503166454600002033 1 1202502064.215833
0542102023003106464600002033 1 1202502075.014721
0542102023103106464600002033 1 1202502075.014727
0542102023303106464600002033 1 1202502075.014733
0542102023403106464600002033 1 1202502075.014739
0542102023503106464600002033 1 1202502075.014745
0542102023003116464600002033 1 1202502075.014754
0542102023103116464600002033 1 1202502075.014800
0542102023303116464600002033 1 1202502075.014806
0542102023403116464600002033 1 1202502075.014812
0542102023503116464600002033 1 1202502075.014818
0542102023003126464600002033 1 1202502075.014826
0542102023103126464600002033 1 1202502075.014832
0542102023303126464600002033 1 1202502075.014838
0542102023403126464600002033 1 1202502075.014844
0542102023503126464600002033 1 1202502075.014850
0542102023003146464600002033 1 1202502075.014902
0542102023103146464600002033 1 1202502075.014908
0542102023303146464600002033 1 1202502075.014914
0542102023403146464600002033 1 1202502075.014920
0542102023503146464600002033 1 1202502075.014926
0542102023003156464600002033 1 1202502075.014934
0542102023103156464600002033 1 1202502075.014940
0542102023303156464600002033 1 1202502075.014946
0542102023403156464600002033 1 1202502075.014952
0542102023503156464600002033 1 1202502075.014958
0542102023003166464600002033 1 1202502075.015006
0542102023103166464600002033 1 1202502075.015012
0542102023303166464600002033 1 1202502075.015018
0542102023403166464600002033 1 1202502075.015024
0542102023503166464600002033 1 1202502075.015030
0124103225313144424610002033 2 1202502134.115111
0011162021353040424200000046 2 1202502182.041958
0011162021353540424200000046 2 1202502182.042025
