0144152621303000424200000010 1 1202502053.011211
0144152621303100424200000010 1 1202502053.011218
0144152621303200424200000010 1 1202502053.011225
0144152621303400424200000010 1 1202502053.011232
0144152621303500424200000010 1 1202502053.011240
0144152621303600424200000010 1 1202502053.011247
0120160021313540424200000010 2 1202502053.012151
0121160021313540424200000010 2 1202502053.012157
0141162220363540424200000010 1 1202502053.012420
0144152621303001424200000010 1 1202502053.013524
0144152621303101424200000010 1 1202502053.013531
0144152621303201424200000010 1 1202502053.013538
0144152621303401424200000010 1 1202502053.013545
0144152621303501424200000010 1 1202502053.013553
0144152621303601424200000010 1 1202502053.013600
0144152621303021424200000010 1 1202502053.013611
0144152621353121424200000010 2 1202502053.013621
0144152621353521424200000010 2 1202502053.013632
0144152621353141424200000010 2 1202502053.013654
0144152621363141424200000010 1 1202502053.013725
0120160021313541424200000010 2 1202502053.013745
0144152621353541424200000010 2 1202502053.013753
0144152621363541424200000010 1 1202502053.013814
0144152621303002424200000010 1 1202502053.013843
0144152621303102424200000010 1 1202502053.013850
0144152621303202424200000010 1 1202502053.013857
0144152621303402424200000010 1 1202502053.013904
0144152621303502424200000010 1 1202502053.013912
0144152621303602424200000010 1 1202502053.013919
0144152621303022424200000010 1 1202502053.013930
0144152621353122424200000010 2 1202502053.013938
0144152621353522424200000010 2 1202502053.013948
0144152621303142424200000010 2 1202502053.014004
0144152621313142424200000010 2 1202502053.014011
0144152621333142424200000010 2 1202502053.014019
0144152621343142424200000010 2 1202502053.014026
0144152621353142424200000010 2 1202502053.014034
0144152621363142424200000010 1 1202502053.014100
0144152621303542424200000010 2 1202502053.014119
0144152621313542424200000010 2 1202502053.014129
0144152621333542424200000010 2 1202502053.014137
0144152621343542424200000010 2 1202502053.014146
0144152621353542424200000010 2 1202502053.014155
0144152621363542424200000010 1 1202502053.014211
0144152621303004424200000010 1 1202502053.014228
0144152621303104424200000010 1 1202502053.014240
0144152621303204424200000010 1 1202502053.014258
0144152621303404424200000010 1 1202502053.014305
0144152621303504424200000010 1 1202502053.014313
0144152621303604424200000010 1 1202502053.014320
0144152621353124424200000010 2 1202502053.014404
0144152621303144424200000010 2 1202502053.014708
0144152621313144424200000010 2 1202502053.014738
0144152621333144424200000010 2 1202502053.014811
0144152621343144424200000010 2 1202502053.014835
0144152621353144424200000010 2 1202502053.014911
0144152621363144424200000010 1 1202502053.015131
0144152621303544424200000010 2 1202502053.015351
0120160021313544424200000010 2 1202502053.015441
0144152621313544424200000010 2 1202502053.015516
0144152621333544424200000010 2 1202502053.015559
0144152621343544424200000010 2 1202502053.015641
0144152621353544424200000010 2 1202502053.015724
0622152521363544424200000010 1 1202502053.020046
0622162521363544424200000010 1 1202502053.020107
0144152621363544424200000010 1 1202502053.020234
0120160021333154424200000010 2 1202502053.020832
0122160021333154424200000010 2 1202502053.020837
0124162021333154424200000010 2 1202502053.020848
0144152621303005424200000010 1 1202502053.021028
0144152621303105424200000010 1 1202502053.021036
0144152621303205424200000010 1 1202502053.021043
0144152621303405424200000010 1 1202502053.021051
0144152621303505424200000010 1 1202502053.021059
0144152621303605424200000010 1 1202502053.021106
0144152621303145424200000010 2 1202502053.021209
0144152621313145424200000010 2 1202502053.021216
0144152621333145424200000010 2 1202502053.021222
0144152621343145424200000010 2 1202502053.021229
0144152621353145424200000010 2 1202502053.021236
0144152621363145424200000010 1 1202502053.021319
0144152621303545424200000010 2 1202502053.021357
0120160021313545424200000010 2 1202502053.021434
0144152621313545424200000010 2 1202502053.021442
0144152621333545424200000010 2 1202502053.021450
0144152621343545424200000010 2 1202502053.021458
0144152621353545424200000010 2 1202502053.021507
0141162220363545424200000010 1 1202502053.021536
0622152521363545424200000010 1 1202502053.021624
0622162521363545424200000010 1 1202502053.021632
0144152621363545424200000010 1 1202502053.021700
0120160021313645424200000010 2 1202502053.021854
0144152621303006424200000010 1 1202502053.021907
0144152621303106424200000010 1 1202502053.021915
0144152621303206424200000010 1 1202502053.021922
0144152621303406424200000010 1 1202502053.021929
0144152621303506424200000010 1 1202502053.021936
0144152621303606424200000010 1 1202502053.021944
0144152621353126424200000010 2 1202502053.021956
0144152621353526424200000010 2 1202502053.022005
0144152621303146424200000010 2 1202502053.022356
0144152621313146424200000010 2 1202502053.022438
0144152621333146424200000010 2 1202502053.022505
0144152621343146424200000010 2 1202502053.022532
0144152621353146424200000010 2 1202502053.022617
0144152621363146424200000010 1 1202502053.022835
0144152621303546424200000010 2 1202502053.023132
0120160021313546424200000010 2 1202502053.023246
0121160021313546424200000010 2 1202502053.023252
0122160021313546424200000010 2 1202502053.023257
0144152621313546424200000010 2 1202502053.023334
0144152621333546424200000010 2 1202502053.023419
0144152621343546424200000010 2 1202502053.023504
0144152621353546424200000010 2 1202502053.023549
0622152521363546424200000010 1 1202502053.023835
0622162521363546424200000010 1 1202502053.023856
0144152621363546424200000010 1 1202502053.024006
0622152521363646424200000010 1 1202502053.024654
0622162521363646424200000010 1 1202502053.024714
0110152021343026404200000420 2 1202502053.025642
0110102021343526404200000420 2 1202502053.025648
0110152021343526404200000420 2 1202502053.025654
0144106621313500424200000420 2 1202502053.025710
0144103621313540424200000420 2 1202502053.030132
0041106621313540424200000420 2 1202502053.030146
0144106621313540424200000420 2 1202502053.030152
0144106621313501424200000420 2 1202502053.030229
0041106621313541424200000420 2 1202502053.030357
0144106621313502424200000420 2 1202502053.030428
0144153621113142424200000420 2 1202502053.030444
0144153621113542424200000420 2 1202502053.030507
0144150621333104424200000420 2 1202502053.030634
0144152621333104424200000420 2 1202502053.030711
0144153621333104424200000420 2 1202502053.030734
0144105621333104424200000420 2 1202502053.030748
0144155621333104424200000420 2 1202502053.030806
0541156621333104424200000420 2 1202502053.030820
0144156621333104424200000420 2 1202502053.030831
0144106621313504424200000420 2 1202502053.030850
0144100621033504424200000420 2 1202502053.030857
0144102621033504424200000420 2 1202502053.030904
0144103621033504424200000420 2 1202502053.030911
0144105621033504424200000420 2 1202502053.030918
0144106621033504424200000420 2 1202502053.030925
0144100621133504424200000420 2 1202502053.030931
0144150621333504424200000420 2 1202502053.030944
0144152621333504424200000420 2 1202502053.030952
0144153621333504424200000420 2 1202502053.031000
0144155621333504424200000420 2 1202502053.031008
0144156621333504424200000420 2 1202502053.031016
0144105621333014424200000420 2 1202502053.031038
0144105621033114424200000420 2 1202502053.031053
0144150621333114424200000420 2 1202502053.031145
0144152621333114424200000420 2 1202502053.031221
0144153621333114424200000420 2 1202502053.031244
0144105621333114424200000420 2 1202502053.031259
0144155621333114424200000420 2 1202502053.031317
0541156621333114424200000420 2 1202502053.031331
0144156621333114424200000420 2 1202502053.031342
0142102621033514424200000420 2 1202502053.031408
0144102621033514424200000420 2 1202502053.031413
0144105621033514424200000420 2 1202502053.031418
0144100621133514424200000420 2 1202502053.031426
0144150621333514424200000420 2 1202502053.031436
0144152621333514424200000420 2 1202502053.031444
0144153621333514424200000420 2 1202502053.031451
0144155621333514424200000420 2 1202502053.031501
0144156621333514424200000420 2 1202502053.031508
0144150621333124424200000420 2 1202502053.031620
0144152621333124424200000420 2 1202502053.031657
0144153621333124424200000420 2 1202502053.031720
0144155621333124424200000420 2 1202502053.031748
0541156621333124424200000420 2 1202502053.031802
0144156621333124424200000420 2 1202502053.031813
0144150621333524424200000420 2 1202502053.031837
0144152621333524424200000420 2 1202502053.031844
0144153621333524424200000420 2 1202502053.031851
0144155621333524424200000420 2 1202502053.031859
0144156621333524424200000420 2 1202502053.031906
0144153621113144424200000420 2 1202502053.032103
0144153621313144424200000420 2 1202502053.032154
0142105621033144424200000420 2 1202502053.032217
0144105621033144424200000420 2 1202502053.032222
0144150621333144424200000420 2 1202502053.032323
0144152621333144424200000420 2 1202502053.032359
0144153621333144424200000420 2 1202502053.032423
0144155621333144424200000420 2 1202502053.032455
0541156621333144424200000420 2 1202502053.032509
0144156621333144424200000420 2 1202502053.032520
0144103621013544424200000420 2 1202502053.032642
0144153621113544424200000420 2 1202502053.032710
0144103621313544424200000420 2 1202502053.032813
0144153621313544424200000420 2 1202502053.032823
0041106621313544424200000420 2 1202502053.032839
0144106621313544424200000420 2 1202502053.032849
0142100621033544424200000420 2 1202502053.032911
0144100621033544424200000420 2 1202502053.032915
0142102621033544424200000420 2 1202502053.032920
0144102621033544424200000420 2 1202502053.032924
0142103621033544424200000420 2 1202502053.032929
0144103621033544424200000420 2 1202502053.032934
0142105621033544424200000420 2 1202502053.032938
0144105621033544424200000420 2 1202502053.032943
0142106621033544424200000420 2 1202502053.032948
0144106621033544424200000420 2 1202502053.032952
0144100621133544424200000420 2 1202502053.032957
0144153621133544424200000420 2 1202502053.033009
0144100621333544424200000420 2 1202502053.033014
0144150621333544424200000420 2 1202502053.033021
0144102621333544424200000420 2 1202502053.033026
0144152621333544424200000420 2 1202502053.033033
0144103621333544424200000420 2 1202502053.033037
0144153621333544424200000420 2 1202502053.033045
0144105621333544424200000420 2 1202502053.033049
0144155621333544424200000420 2 1202502053.033056
0144106621333544424200000420 2 1202502053.033101
0144156621333544424200000420 2 1202502053.033108
0144100621033054424200000420 2 1202502053.033132
0144102621033054424200000420 2 1202502053.033137
0144103621033054424200000420 2 1202502053.033142
0144105621033054424200000420 2 1202502053.033147
0144106621033054424200000420 2 1202502053.033152
0144100621133054424200000420 2 1202502053.033158
0641100621633054424200000420 2 1202502053.033230
0144100621033154424200000420 2 1202502053.033236
0144102621033154424200000420 2 1202502053.033241
0144103621033154424200000420 2 1202502053.033247
0144105621033154424200000420 2 1202502053.033252
0144106621033154424200000420 2 1202502053.033257
0144100621133154424200000420 2 1202502053.033305
0641100621333154424200000420 2 1202502053.033405
0144150621333154424200000420 2 1202502053.033428
0144152621333154424200000420 2 1202502053.033528
0144153621333154424200000420 2 1202502053.033602
0144155621333154424200000420 2 1202502053.033633
0041106621333154424200000420 2 1202502053.033646
0541156621333154424200000420 2 1202502053.033704
0144156621333154424200000420 2 1202502053.033715
0144100621033554424200000420 2 1202502053.033735
0144102621033554424200000420 2 1202502053.033740
0144103621033554424200000420 2 1202502053.033745
0144105621033554424200000420 2 1202502053.033749
0144106621033554424200000420 2 1202502053.033754
0144100621133554424200000420 2 1202502053.033759
0144153621133554424200000420 2 1202502053.033809
0144100621333554424200000420 2 1202502053.033814
0144150621333554424200000420 2 1202502053.033821
0144102621333554424200000420 2 1202502053.033825
0144152621333554424200000420 2 1202502053.033833
0144103621333554424200000420 2 1202502053.033837
0144153621333554424200000420 2 1202502053.033845
0144105621333554424200000420 2 1202502053.033849
0144155621333554424200000420 2 1202502053.033856
0144106621333554424200000420 2 1202502053.033901
0144156621333554424200000420 2 1202502053.033908
0144105621033164424200000420 2 1202502053.033949
0144150621333164424200000420 2 1202502053.034122
0144152621333164424200000420 2 1202502053.034158
0144153621333164424200000420 2 1202502053.034221
0144155621333164424200000420 2 1202502053.034248
0541156621333164424200000420 2 1202502053.034303
0144156621333164424200000420 2 1202502053.034314
0144150621333564424200000420 2 1202502053.034339
0144152621333564424200000420 2 1202502053.034346
0144153621333564424200000420 2 1202502053.034353
0144155621333564424200000420 2 1202502053.034401
0144156621333564424200000420 2 1202502053.034408
0144106621313005424200000420 2 1202502053.034416
0144106621313105424200000420 2 1202502053.034421
0144106621313205424200000420 2 1202502053.034426
0144106621313405424200000420 2 1202502053.034431
0144106621313505424200000420 2 1202502053.034436
0144106621313605424200000420 2 1202502053.034441
0041106621313045424200000420 2 1202502053.034500
0144106621313045424200000420 2 1202502053.034505
0042156621313045424200000420 2 1202502053.034512
0144153621113145424200000420 2 1202502053.034528
0144103621013545424200000420 2 1202502053.034614
0144153621113545424200000420 2 1202502053.034624
0144103621313545424200000420 2 1202502053.034713
0144153621313545424200000420 2 1202502053.034720
0041106621313545424200000420 2 1202502053.034732
0144106621313506424200000420 2 1202502053.034807
0144153621113146424200000420 2 1202502053.034933
0144153621313146424200000420 2 1202502053.035028
0144103621013546424200000420 2 1202502053.035119
0144153621113546424200000420 2 1202502053.035153
0144153621313546424200000420 2 1202502053.035254
0115102220303041424226433422 1 1202502053.035825
0115102220303042424226433422 1 1202502053.035834
0115102220303041424526433422 1 1202502053.041029
0115102220303042424526433422 1 1202502053.041049
0524103021313544424210623142 2 1202502053.051116
0122100021633454424210623142 2 1202502053.051704
0122102021633454424210623142 2 1202502053.051712
0122103021633454424210623142 2 1202502053.051719
0122106021633454424210623142 2 1202502053.051727
0122100021643250434210623142 2 1202502053.052320
0122102021643250434210623142 2 1202502053.052328
0122103021643250434210623142 2 1202502053.052336
0122106021643250434210623142 2 1202502053.052343
0122100021643251434210623142 2 1202502053.052437
0122102021643251434210623142 2 1202502053.052445
0122103021643251434210623142 2 1202502053.052452
0122106021643251434210623142 2 1202502053.052500
0122100021643252434210623142 2 1202502053.052554
0122102021643252434210623142 2 1202502053.052601
0122103021643252434210623142 2 1202502053.052609
0122106021643252434210623142 2 1202502053.052616
0122100021643254434210623142 2 1202502053.052710
0122102021643254434210623142 2 1202502053.052718
0122103021643254434210623142 2 1202502053.052725
0122106021643254434210623142 2 1202502053.052733
0122100021643205434210623142 2 1202502053.052741
0122102021643205434210623142 2 1202502053.052748
0122103021643205434210623142 2 1202502053.052756
0122106021643205434210623142 2 1202502053.052803
0122100021643215434210623142 2 1202502053.052811
0122102021643215434210623142 2 1202502053.052818
0122103021643215434210623142 2 1202502053.052826
0122106021643215434210623142 2 1202502053.052833
0122100021643225434210623142 2 1202502053.052841
0122102021643225434210623142 2 1202502053.052849
0122103021643225434210623142 2 1202502053.052856
0122106021643225434210623142 2 1202502053.052904
0122100021643245434210623142 2 1202502053.052911
0122102021643245434210623142 2 1202502053.052919
0122103021643245434210623142 2 1202502053.052927
0122106021643245434210623142 2 1202502053.052934
0122100021643255434210623142 2 1202502053.052942
0122102021643255434210623142 2 1202502053.052949
0122103021643255434210623142 2 1202502053.052957
0122106021643255434210623142 2 1202502053.053004
0511122220343000464210623142 2 1202502053.053012
0511122220343002464210623142 2 1202502053.053025
0511122220343012464210623142 2 1202502053.053031
0511122220343022464210623142 2 1202502053.053036
0511122220343042464210623142 2 1202502053.053042
0511122220343052464210623142 2 1202502053.053047
0124103225313144424610002435 2 1202502086.030932
0124103225313144464210002155 2 1202502097.121640
0124103225313144424610002155 2 1202502097.195019
0124103225313144464610002155 2 1202502101.024821
