0112102526303041454220433450 1 1202502053.012304
0112102526303045454220433450 1 1202502053.015459
0112102526303041454520433450 1 1202502053.021111
0112102526303045454520433450 1 1202502053.023516
0111102220633454424200003012 2 1202502053.024056
0121102220633454424200003012 2 1202502053.024100
0111102220643250434200003012 2 1202502053.024135
0121102220643250434200003012 2 1202502053.024140
0111102220643251434200003012 2 1202502053.024157
0121102220643251434200003012 2 1202502053.024202
0111102220643252434200003012 2 1202502053.024219
0121102220643252434200003012 2 1202502053.024224
0111102220643254434200003012 2 1202502053.024241
0121102220643254434200003012 2 1202502053.024245
0111102220643205434200003012 2 1202502053.024252
0121102220643205434200003012 2 1202502053.024257
0111102220643215434200003012 2 1202502053.024304
0121102220643215434200003012 2 1202502053.024309
0111102220643225434200003012 2 1202502053.024316
0121102220643225434200003012 2 1202502053.024321
0111102220643245434200003012 2 1202502053.024328
0121102220643245434200003012 2 1202502053.024332
0111102220643255434200003012 2 1202502053.024340
0121102220643255434200003012 2 1202502053.024344
0111102220633454424210003012 2 1202502053.042803
0121102220633454424210003012 2 1202502053.042808
0111102220643250434210003012 2 1202502053.051139
0121102220643250434210003012 2 1202502053.051144
0111102220643251434210003012 2 1202502053.051155
0121102220643251434210003012 2 1202502053.051200
0111102220643252434210003012 2 1202502053.051211
0121102220643252434210003012 2 1202502053.051216
0111102220643254434210003012 2 1202502053.051227
0121102220643254434210003012 2 1202502053.051232
0111102220643205434210003012 2 1202502053.051238
0121102220643205434210003012 2 1202502053.051242
0111102220643215434210003012 2 1202502053.051248
0121102220643215434210003012 2 1202502053.051253
0111102220643225434210003012 2 1202502053.051259
0121102220643225434210003012 2 1202502053.051304
0111102220643245434210003012 2 1202502053.051309
0121102220643245434210003012 2 1202502053.051314
0111102220643255434210003012 2 1202502053.051320
0121102220643255434210003012 2 1202502053.051325
0121102524633202404220003012 5 1202502053.052245
0121102524633212404220003012 5 1202502053.052329
0121102524633222404220003012 5 1202502053.052432
0121102524633242404220003012 5 1202502053.052535
0121102524633252404220003012 5 1202502053.052700
0125100021633545404220003012 2 1202502053.053500
0125120021633545404220003012 2 1202502053.053506
0125130021633545404220003012 2 1202502053.053512
0125150021633545404220003012 2 1202502053.053518
0125160021633545404220003012 2 1202502053.053524
0125102021633545404220003012 2 1202502053.053530
0125122021633545404220003012 2 1202502053.053535
0125132021633545404220003012 2 1202502053.053541
0125152021633545404220003012 2 1202502053.053547
0125162021633545404220003012 2 1202502053.053553
0125103021633545404220003012 2 1202502053.053559
0125123021633545404220003012 2 1202502053.053605
0125133021633545404220003012 2 1202502053.053610
0125153021633545404220003012 2 1202502053.053616
0125163021633545404220003012 2 1202502053.053622
0125105021633545404220003012 1 1202502053.053628
0125125021633545404220003012 1 1202502053.053634
0125135021633545404220003012 1 1202502053.053640
0125155021633545404220003012 1 1202502053.053645
0125165021633545404220003012 1 1202502053.053651
0125106021633545404220003012 2 1202502053.053657
0125126021633545404220003012 2 1202502053.053703
0125136021633545404220003012 2 1202502053.053709
0125156021633545404220003012 2 1202502053.053714
0125166021633545404220003012 2 1202502053.053720
0125106021133404424220003012 2 1202502053.054013
0111102520633404424220003012 2 1202502053.054018
0121102520633404424220003012 2 1202502053.054023
0125106021133414424220003012 2 1202502053.054120
0111102520633414424220003012 2 1202502053.054125
0121102520633414424220003012 2 1202502053.054130
0125106021133424424220003012 2 1202502053.054227
0111102520633424424220003012 2 1202502053.054232
0121102520633424424220003012 2 1202502053.054237
0125106021133444424220003012 2 1202502053.054334
0111102520633444424220003012 2 1202502053.054339
0121102520633444424220003012 2 1202502053.054344
0125106021133454424220003012 2 1202502053.054529
0111102220633454424220003012 2 1202502053.054533
0121102220633454424220003012 2 1202502053.054538
0111102520633454424220003012 2 1202502053.054543
0121102520633454424220003012 2 1202502053.054547
0125106021133405424220003012 2 1202502053.054555
0125106021133415424220003012 2 1202502053.054602
0125106021133425424220003012 2 1202502053.054610
0125106021133445424220003012 2 1202502053.054617
0125100021633545424220003012 2 1202502053.054624
0125120021633545424220003012 2 1202502053.054629
0125130021633545424220003012 2 1202502053.054635
0125150021633545424220003012 2 1202502053.054641
0125160021633545424220003012 2 1202502053.054647
0125102021633545424220003012 2 1202502053.054653
0125122021633545424220003012 2 1202502053.054659
0125132021633545424220003012 2 1202502053.054704
0125152021633545424220003012 2 1202502053.054710
0125162021633545424220003012 2 1202502053.054716
0125103021633545424220003012 2 1202502053.054722
0125123021633545424220003012 2 1202502053.054728
0125133021633545424220003012 2 1202502053.054733
0125153021633545424220003012 2 1202502053.054739
0125163021633545424220003012 2 1202502053.054745
0125105021633545424220003012 1 1202502053.054751
0125125021633545424220003012 1 1202502053.054757
0125135021633545424220003012 1 1202502053.054803
0125155021633545424220003012 1 1202502053.054808
0125165021633545424220003012 1 1202502053.054814
0125106021633545424220003012 2 1202502053.054820
0125126021633545424220003012 2 1202502053.054826
0125136021633545424220003012 2 1202502053.054832
0125156021633545424220003012 2 1202502053.054838
0125166021633545424220003012 2 1202502053.054843
0125106021133455424220003012 2 1202502053.054850
0125106021143200434220003012 2 1202502053.054857
0111102520643200434220003012 2 1202502053.054902
0121102520643200434220003012 2 1202502053.054906
0111102220643500434220003012 2 1202502053.054912
0121102220643500434220003012 2 1202502053.054917
0111102520643500434220003012 2 1202502053.054921
0121102520643500434220003012 2 1202502053.054926
0121102521643500434220003012 5 1202502053.054931
0121102523643500434220003012 5 1202502053.054935
0121102524643500434220003012 5 1202502053.054940
0122105524643500434220003012 1 1202502053.054944
0121102526643500434220003012 5 1202502053.054949
0125106021143210434220003012 2 1202502053.054955
0111102520643210434220003012 2 1202502053.055000
0121102520643210434220003012 2 1202502053.055004
0111102220643510434220003012 2 1202502053.055010
0121102220643510434220003012 2 1202502053.055015
0111102520643510434220003012 2 1202502053.055019
0121102520643510434220003012 2 1202502053.055024
0121102521643510434220003012 5 1202502053.055029
0121102523643510434220003012 5 1202502053.055033
0121102524643510434220003012 5 1202502053.055038
0122105524643510434220003012 1 1202502053.055042
0121102526643510434220003012 5 1202502053.055047
0125106021143220434220003012 2 1202502053.055053
0111102520643220434220003012 2 1202502053.055058
0121102520643220434220003012 2 1202502053.055102
0111102220643520434220003012 2 1202502053.055108
0121102220643520434220003012 2 1202502053.055113
0111102520643520434220003012 2 1202502053.055117
0121102520643520434220003012 2 1202502053.055122
0121102521643520434220003012 5 1202502053.055127
0121102523643520434220003012 5 1202502053.055131
0121102524643520434220003012 5 1202502053.055136
0122105524643520434220003012 1 1202502053.055140
0121102526643520434220003012 5 1202502053.055145
0125106021143240434220003012 2 1202502053.055151
0111102520643240434220003012 2 1202502053.055156
0121102520643240434220003012 2 1202502053.055200
0111102220643540434220003012 2 1202502053.055206
0121102220643540434220003012 2 1202502053.055211
0111102520643540434220003012 2 1202502053.055216
0121102520643540434220003012 2 1202502053.055220
0121102521643540434220003012 5 1202502053.055225
0121102523643540434220003012 5 1202502053.055230
0121102524643540434220003012 5 1202502053.055234
0122105524643540434220003012 1 1202502053.055239
0121102526643540434220003012 5 1202502053.055243
0125106021143250434220003012 2 1202502053.055249
0111102220643250434220003012 2 1202502053.055254
0121102220643250434220003012 2 1202502053.055259
0111102520643250434220003012 2 1202502053.055303
0121102520643250434220003012 2 1202502053.055308
0111102220643550434220003012 2 1202502053.055314
0121102220643550434220003012 2 1202502053.055318
0111102520643550434220003012 2 1202502053.055323
0121102520643550434220003012 2 1202502053.055327
0121102521643550434220003012 5 1202502053.055332
0121102523643550434220003012 5 1202502053.055337
0121102524643550434220003012 5 1202502053.055341
0122105524643550434220003012 1 1202502053.055346
0121102526643550434220003012 5 1202502053.055351
0125106021143201434220003012 2 1202502053.055357
0111102520643201434220003012 2 1202502053.055401
0121102520643201434220003012 2 1202502053.055406
0111102220643501434220003012 2 1202502053.055412
0121102220643501434220003012 2 1202502053.055416
0111102520643501434220003012 2 1202502053.055421
0121102520643501434220003012 2 1202502053.055426
0121102521643501434220003012 5 1202502053.055430
0121102523643501434220003012 5 1202502053.055435
0121102524643501434220003012 5 1202502053.055439
0122105524643501434220003012 1 1202502053.055444
0121102526643501434220003012 5 1202502053.055449
0125106021143211434220003012 2 1202502053.055455
0111102520643211434220003012 2 1202502053.055500
0121102520643211434220003012 2 1202502053.055504
0111102220643511434220003012 2 1202502053.055510
0121102220643511434220003012 2 1202502053.055514
0111102520643511434220003012 2 1202502053.055519
0121102520643511434220003012 2 1202502053.055524
0121102521643511434220003012 5 1202502053.055528
0121102523643511434220003012 5 1202502053.055533
0121102524643511434220003012 5 1202502053.055537
0122105524643511434220003012 1 1202502053.055542
0121102526643511434220003012 5 1202502053.055547
0125106021143221434220003012 2 1202502053.055553
0111102520643221434220003012 2 1202502053.055558
0121102520643221434220003012 2 1202502053.055602
0111102220643521434220003012 2 1202502053.055608
0121102220643521434220003012 2 1202502053.055612
0111102520643521434220003012 2 1202502053.055617
0121102520643521434220003012 2 1202502053.055622
0121102521643521434220003012 5 1202502053.055626
0121102523643521434220003012 5 1202502053.055631
0121102524643521434220003012 5 1202502053.055636
0122105524643521434220003012 1 1202502053.055640
0121102526643521434220003012 5 1202502053.055645
0125106021143241434220003012 2 1202502053.055651
0111102520643241434220003012 2 1202502053.055655
0121102520643241434220003012 2 1202502053.055700
0111102220643541434220003012 2 1202502053.055706
0121102220643541434220003012 2 1202502053.055710
0111102520643541434220003012 2 1202502053.055715
0121102520643541434220003012 2 1202502053.055720
0121102521643541434220003012 5 1202502053.055724
0121102523643541434220003012 5 1202502053.055729
0121102524643541434220003012 5 1202502053.055733
0122105524643541434220003012 1 1202502053.055738
0121102526643541434220003012 5 1202502053.055743
0125106021143251434220003012 2 1202502053.055749
0111102220643251434220003012 2 1202502053.055753
0121102220643251434220003012 2 1202502053.055758
0111102520643251434220003012 2 1202502053.055803
0121102520643251434220003012 2 1202502053.055807
0111102220643551434220003012 2 1202502053.055813
0121102220643551434220003012 2 1202502053.055817
0111102520643551434220003012 2 1202502053.055822
0121102520643551434220003012 2 1202502053.055827
0121102521643551434220003012 5 1202502053.055831
0121102523643551434220003012 5 1202502053.055836
0121102524643551434220003012 5 1202502053.055841
0122105524643551434220003012 1 1202502053.055845
0121102526643551434220003012 5 1202502053.055850
0125106021143202434220003012 2 1202502053.055856
0111102520643202434220003012 2 1202502053.055901
0121102520643202434220003012 2 1202502053.055905
0111102220643502434220003012 2 1202502053.055911
0121102220643502434220003012 2 1202502053.055916
0111102520643502434220003012 2 1202502053.055920
0121102520643502434220003012 2 1202502053.055925
0121102521643502434220003012 5 1202502053.055929
0121102523643502434220003012 5 1202502053.055934
0121102524643502434220003012 5 1202502053.055939
0122105524643502434220003012 1 1202502053.055943
0121102526643502434220003012 5 1202502053.055948
0125106021143212434220003012 2 1202502053.055953
0111102520643212434220003012 2 1202502053.055958
0121102520643212434220003012 2 1202502053.060003
0111102220643512434220003012 2 1202502053.060008
0121102220643512434220003012 2 1202502053.060013
0111102520643512434220003012 2 1202502053.060018
0121102520643512434220003012 2 1202502053.060022
0121102521643512434220003012 5 1202502053.060027
0121102523643512434220003012 5 1202502053.060032
0121102524643512434220003012 5 1202502053.060036
0122105524643512434220003012 1 1202502053.060041
0121102526643512434220003012 5 1202502053.060045
0125106021143222434220003012 2 1202502053.060052
0111102520643222434220003012 2 1202502053.060056
0121102520643222434220003012 2 1202502053.060101
0111102220643522434220003012 2 1202502053.060107
0121102220643522434220003012 2 1202502053.060111
0111102520643522434220003012 2 1202502053.060116
0121102520643522434220003012 2 1202502053.060120
0121102521643522434220003012 5 1202502053.060125
0121102523643522434220003012 5 1202502053.060130
0121102524643522434220003012 5 1202502053.060134
0122105524643522434220003012 1 1202502053.060139
0121102526643522434220003012 5 1202502053.060144
0125106021143242434220003012 2 1202502053.060149
0111102520643242434220003012 2 1202502053.060154
0121102520643242434220003012 2 1202502053.060159
0111102220643542434220003012 2 1202502053.060204
0121102220643542434220003012 2 1202502053.060209
0111102520643542434220003012 2 1202502053.060214
0121102520643542434220003012 2 1202502053.060218
0121102521643542434220003012 5 1202502053.060223
0121102523643542434220003012 5 1202502053.060228
0121102524643542434220003012 5 1202502053.060232
0122105524643542434220003012 1 1202502053.060237
0121102526643542434220003012 5 1202502053.060241
0125106021143252434220003012 2 1202502053.060247
0111102220643252434220003012 2 1202502053.060252
0121102220643252434220003012 2 1202502053.060257
0111102520643252434220003012 2 1202502053.060301
0121102520643252434220003012 2 1202502053.060306
0111102220643552434220003012 2 1202502053.060312
0121102220643552434220003012 2 1202502053.060316
0111102520643552434220003012 2 1202502053.060321
0121102520643552434220003012 2 1202502053.060325
0121102521643552434220003012 5 1202502053.060330
0121102523643552434220003012 5 1202502053.060335
0121102524643552434220003012 5 1202502053.060339
0122105524643552434220003012 1 1202502053.060344
0121102526643552434220003012 5 1202502053.060349
0125106021143204434220003012 2 1202502053.060354
0111102520643204434220003012 2 1202502053.060359
0121102520643204434220003012 2 1202502053.060404
0111102220643504434220003012 2 1202502053.060409
0121102220643504434220003012 2 1202502053.060414
0111102520643504434220003012 2 1202502053.060419
0121102520643504434220003012 2 1202502053.060423
0121102521643504434220003012 5 1202502053.060428
0121102523643504434220003012 5 1202502053.060433
0121102524643504434220003012 5 1202502053.060437
0122105524643504434220003012 1 1202502053.060442
0121102526643504434220003012 5 1202502053.060446
0125106021143214434220003012 2 1202502053.060452
0111102520643214434220003012 2 1202502053.060457
0121102520643214434220003012 2 1202502053.060502
0111102220643514434220003012 2 1202502053.060507
0121102220643514434220003012 2 1202502053.060512
0111102520643514434220003012 2 1202502053.060517
0121102520643514434220003012 2 1202502053.060521
0121102521643514434220003012 5 1202502053.060526
0121102523643514434220003012 5 1202502053.060531
0121102524643514434220003012 5 1202502053.060535
0122105524643514434220003012 1 1202502053.060540
0121102526643514434220003012 5 1202502053.060544
0125106021143224434220003012 2 1202502053.060550
0111102520643224434220003012 2 1202502053.060555
0121102520643224434220003012 2 1202502053.060600
0111102220643524434220003012 2 1202502053.060605
0121102220643524434220003012 2 1202502053.060610
0111102520643524434220003012 2 1202502053.060615
0121102520643524434220003012 2 1202502053.060619
0121102521643524434220003012 5 1202502053.060624
0121102523643524434220003012 5 1202502053.060628
0121102524643524434220003012 5 1202502053.060633
0122105524643524434220003012 1 1202502053.060638
0121102526643524434220003012 5 1202502053.060642
0125106021143244434220003012 2 1202502053.060648
0111102520643244434220003012 2 1202502053.060653
0121102520643244434220003012 2 1202502053.060658
0111102220643544434220003012 2 1202502053.060703
0121102220643544434220003012 2 1202502053.060708
0111102520643544434220003012 2 1202502053.060713
0121102520643544434220003012 2 1202502053.060717
0121102521643544434220003012 5 1202502053.060722
0121102523643544434220003012 5 1202502053.060726
0121102524643544434220003012 5 1202502053.060731
0122105524643544434220003012 1 1202502053.060736
0121102526643544434220003012 5 1202502053.060740
0125106021143254434220003012 2 1202502053.060746
0111102220643254434220003012 2 1202502053.060751
0121102220643254434220003012 2 1202502053.060755
0111102520643254434220003012 2 1202502053.060800
0121102520643254434220003012 2 1202502053.060805
0111102220643554434220003012 2 1202502053.060810
0121102220643554434220003012 2 1202502053.060815
0111102520643554434220003012 2 1202502053.060820
0121102520643554434220003012 2 1202502053.060824
0121102521643554434220003012 5 1202502053.060829
0121102523643554434220003012 5 1202502053.060834
0121102524643554434220003012 5 1202502053.060838
0122105524643554434220003012 1 1202502053.060843
0121102526643554434220003012 5 1202502053.060847
0125106021143205434220003012 2 1202502053.060853
0111102220643205434220003012 2 1202502053.060858
0121102220643205434220003012 2 1202502053.060903
0111102520643205434220003012 2 1202502053.060907
0121102520643205434220003012 2 1202502053.060912
0111102220643505434220003012 2 1202502053.060918
0121102220643505434220003012 2 1202502053.060922
0111102520643505434220003012 2 1202502053.060927
0121102520643505434220003012 2 1202502053.060931
0121102521643505434220003012 5 1202502053.060936
0121102523643505434220003012 5 1202502053.060941
0121102524643505434220003012 5 1202502053.060945
0122105524643505434220003012 1 1202502053.060950
0121102526643505434220003012 5 1202502053.060955
0125106021143215434220003012 2 1202502053.061000
0111102220643215434220003012 2 1202502053.061005
0121102220643215434220003012 2 1202502053.061010
0111102520643215434220003012 2 1202502053.061015
0121102520643215434220003012 2 1202502053.061019
0111102220643515434220003012 2 1202502053.061025
0121102220643515434220003012 2 1202502053.061029
0111102520643515434220003012 2 1202502053.061034
0121102520643515434220003012 2 1202502053.061039
0121102521643515434220003012 5 1202502053.061043
0121102523643515434220003012 5 1202502053.061048
0121102524643515434220003012 5 1202502053.061052
0122105524643515434220003012 1 1202502053.061057
0121102526643515434220003012 5 1202502053.061102
0125106021143225434220003012 2 1202502053.061108
0111102220643225434220003012 2 1202502053.061112
0121102220643225434220003012 2 1202502053.061117
0111102520643225434220003012 2 1202502053.061122
0121102520643225434220003012 2 1202502053.061126
0111102220643525434220003012 2 1202502053.061132
0121102220643525434220003012 2 1202502053.061136
0111102520643525434220003012 2 1202502053.061141
0121102520643525434220003012 2 1202502053.061146
0121102521643525434220003012 5 1202502053.061150
0121102523643525434220003012 5 1202502053.061155
0121102524643525434220003012 5 1202502053.061200
0122105524643525434220003012 1 1202502053.061204
0121102526643525434220003012 5 1202502053.061209
0125106021143245434220003012 2 1202502053.061215
0111102220643245434220003012 2 1202502053.061219
0121102220643245434220003012 2 1202502053.061224
0111102520643245434220003012 2 1202502053.061229
0121102520643245434220003012 2 1202502053.061233
0125100021633545434220003012 2 1202502053.061240
0125120021633545434220003012 2 1202502053.061246
0125130021633545434220003012 2 1202502053.061251
0125150021633545434220003012 2 1202502053.061257
0125160021633545434220003012 2 1202502053.061303
0125102021633545434220003012 2 1202502053.061309
0125122021633545434220003012 2 1202502053.061315
0125132021633545434220003012 2 1202502053.061321
0125152021633545434220003012 2 1202502053.061326
0125162021633545434220003012 2 1202502053.061332
0125103021633545434220003012 2 1202502053.061338
0125123021633545434220003012 2 1202502053.061344
0125133021633545434220003012 2 1202502053.061350
0125153021633545434220003012 2 1202502053.061356
0125163021633545434220003012 2 1202502053.061401
0125105021633545434220003012 1 1202502053.061407
0125125021633545434220003012 1 1202502053.061413
0125135021633545434220003012 1 1202502053.061419
0125155021633545434220003012 1 1202502053.061425
0125165021633545434220003012 1 1202502053.061431
0125106021633545434220003012 2 1202502053.061436
0125126021633545434220003012 2 1202502053.061442
0125136021633545434220003012 2 1202502053.061448
0125156021633545434220003012 2 1202502053.061454
0125166021633545434220003012 2 1202502053.061500
0111102220643545434220003012 2 1202502053.061505
0121102220643545434220003012 2 1202502053.061509
0111102520643545434220003012 2 1202502053.061514
0121102520643545434220003012 2 1202502053.061518
0121102521643545434220003012 5 1202502053.061523
0121102523643545434220003012 5 1202502053.061528
0121102524643545434220003012 5 1202502053.061532
0122105524643545434220003012 1 1202502053.061537
0121102526643545434220003012 5 1202502053.061542
0125106021143255434220003012 2 1202502053.061548
0111102220643255434220003012 2 1202502053.061552
0121102220643255434220003012 2 1202502053.061557
0111102520643255434220003012 2 1202502053.061602
0121102520643255434220003012 2 1202502053.061606
0111102220643555434220003012 2 1202502053.061612
0121102220643555434220003012 2 1202502053.061616
0111102520643555434220003012 2 1202502053.061621
0121102520643555434220003012 2 1202502053.061626
0121102521643555434220003012 5 1202502053.061630
0121102523643555434220003012 5 1202502053.061635
0121102524643555434220003012 5 1202502053.061640
0122105524643555434220003012 1 1202502053.061644
0121102526643555434220003012 5 1202502053.061649
0111102220633404454220003012 2 1202502053.062205
0121102220633404454220003012 2 1202502053.062210
0111102520633404454220003012 2 1202502053.062214
0121102520633404454220003012 2 1202502053.062219
0121102521633404454220003012 5 1202502053.062223
0121102523633404454220003012 5 1202502053.062228
0122105523633404454220003012 1 1202502053.062233
0121102524633404454220003012 5 1202502053.062237
0121102526633404454220003012 5 1202502053.062242
0111102220633414454220003012 2 1202502053.062620
0121102220633414454220003012 2 1202502053.062624
0111102520633414454220003012 2 1202502053.062629
0121102520633414454220003012 2 1202502053.062633
0121102521633414454220003012 5 1202502053.062638
0121102523633414454220003012 5 1202502053.062643
0122105523633414454220003012 1 1202502053.062647
0121102524633414454220003012 5 1202502053.062652
0121102526633414454220003012 5 1202502053.062657
0111102220633424454220003012 2 1202502053.063034
0121102220633424454220003012 2 1202502053.063039
0111102520633424454220003012 2 1202502053.063043
0121102520633424454220003012 2 1202502053.063048
0121102521633424454220003012 5 1202502053.063053
0121102523633424454220003012 5 1202502053.063057
0122105523633424454220003012 1 1202502053.063102
0121102524633424454220003012 5 1202502053.063107
0121102526633424454220003012 5 1202502053.063111
0111102220633444454220003012 2 1202502053.063517
0121102220633444454220003012 2 1202502053.063522
0111102520633444454220003012 2 1202502053.063527
0121102520633444454220003012 2 1202502053.063531
0121102521633444454220003012 5 1202502053.063536
0121102523633444454220003012 5 1202502053.063540
0122105523633444454220003012 1 1202502053.063545
0121102524633444454220003012 5 1202502053.063550
0121102526633444454220003012 5 1202502053.063554
0111102220633454454220003012 2 1202502053.063932
0121102220633454454220003012 2 1202502053.063936
0111102520633454454220003012 2 1202502053.063941
0121102520633454454220003012 2 1202502053.063946
0121102521633454454220003012 5 1202502053.063950
0121102523633454454220003012 5 1202502053.063955
0122105523633454454220003012 1 1202502053.064000
0121102524633454454220003012 5 1202502053.064004
0121102526633454454220003012 5 1202502053.064009
0122105523633405454220003012 1 1202502053.064017
0122105523633415454220003012 1 1202502053.064025
0122105523633425454220003012 1 1202502053.064034
0122105523633445454220003012 1 1202502053.064042
0125100021633545454220003012 2 1202502053.064048
0125120021633545454220003012 2 1202502053.064054
0125130021633545454220003012 2 1202502053.064100
0125150021633545454220003012 2 1202502053.064106
0125160021633545454220003012 2 1202502053.064112
0125102021633545454220003012 2 1202502053.064117
0125122021633545454220003012 2 1202502053.064123
0125132021633545454220003012 2 1202502053.064129
0125152021633545454220003012 2 1202502053.064135
0125162021633545454220003012 2 1202502053.064141
0125103021633545454220003012 2 1202502053.064146
0125123021633545454220003012 2 1202502053.064152
0125133021633545454220003012 2 1202502053.064158
0125153021633545454220003012 2 1202502053.064204
0125163021633545454220003012 2 1202502053.064210
0125105021633545454220003012 1 1202502053.064216
0125125021633545454220003012 1 1202502053.064221
0125135021633545454220003012 1 1202502053.064227
0125155021633545454220003012 1 1202502053.064233
0125165021633545454220003012 1 1202502053.064239
0125106021633545454220003012 2 1202502053.064245
0125126021633545454220003012 2 1202502053.064251
0125136021633545454220003012 2 1202502053.064256
0125156021633545454220003012 2 1202502053.064302
0125166021633545454220003012 2 1202502053.064308
0122105523633455454220003012 1 1202502053.064316
0125100021633545464220003012 2 1202502053.064418
0125120021633545464220003012 2 1202502053.064424
0125130021633545464220003012 2 1202502053.064430
0125150021633545464220003012 2 1202502053.064436
0125160021633545464220003012 2 1202502053.064441
0125102021633545464220003012 2 1202502053.064447
0125122021633545464220003012 2 1202502053.064453
0125132021633545464220003012 2 1202502053.064459
0125152021633545464220003012 2 1202502053.064505
0125162021633545464220003012 2 1202502053.064510
0125103021633545464220003012 2 1202502053.064516
0125123021633545464220003012 2 1202502053.064522
0125133021633545464220003012 2 1202502053.064528
0125153021633545464220003012 2 1202502053.064534
0125163021633545464220003012 2 1202502053.064540
0125105021633545464220003012 1 1202502053.064545
0125125021633545464220003012 1 1202502053.064551
0125135021633545464220003012 1 1202502053.064557
0125155021633545464220003012 1 1202502053.064603
0125165021633545464220003012 1 1202502053.064609
0125106021633545464220003012 2 1202502053.064614
0125126021633545464220003012 2 1202502053.064620
0125136021633545464220003012 2 1202502053.064626
0125156021633545464220003012 2 1202502053.064632
0125166021633545464220003012 2 1202502053.064638
0121102524633202404520003012 5 1202502053.065811
0121102524633212404520003012 5 1202502053.065914
0121102524633222404520003012 5 1202502053.070047
0121102524633242404520003012 5 1202502053.070219
0121102524633252404520003012 5 1202502053.070352
0125100021633545404520003012 2 1202502053.071302
0125120021633545404520003012 2 1202502053.071308
0125130021633545404520003012 2 1202502053.071314
0125150021633545404520003012 2 1202502053.071319
0125160021633545404520003012 2 1202502053.071325
0125102021633545404520003012 2 1202502053.071331
0125122021633545404520003012 2 1202502053.071337
0125132021633545404520003012 2 1202502053.071343
0125152021633545404520003012 2 1202502053.071349
0125162021633545404520003012 2 1202502053.071354
0125103021633545404520003012 2 1202502053.071400
0125123021633545404520003012 2 1202502053.071406
0125133021633545404520003012 2 1202502053.071412
0125153021633545404520003012 2 1202502053.071418
0125163021633545404520003012 2 1202502053.071423
0125105021633545404520003012 1 1202502053.071429
0125125021633545404520003012 1 1202502053.071435
0125135021633545404520003012 1 1202502053.071441
0125155021633545404520003012 1 1202502053.071447
0125165021633545404520003012 1 1202502053.071453
0125106021633545404520003012 2 1202502053.071458
0125126021633545404520003012 2 1202502053.071504
0125136021633545404520003012 2 1202502053.071510
0125156021633545404520003012 2 1202502053.071516
0125166021633545404520003012 2 1202502053.071522
0125106021133404424520003012 2 1202502053.071921
0111102220633404424520003012 2 1202502053.071926
0121102220633404424520003012 2 1202502053.071931
0111102520633404424520003012 2 1202502053.071935
0121102520633404424520003012 2 1202502053.071940
0125106021133414424520003012 2 1202502053.072124
0111102220633414424520003012 2 1202502053.072129
0121102220633414424520003012 2 1202502053.072134
0111102520633414424520003012 2 1202502053.072138
0121102520633414424520003012 2 1202502053.072143
0125106021133424424520003012 2 1202502053.072328
0111102220633424424520003012 2 1202502053.072332
0121102220633424424520003012 2 1202502053.072337
0111102520633424424520003012 2 1202502053.072342
0121102520633424424520003012 2 1202502053.072346
0125106021133444424520003012 2 1202502053.072539
0111102220633444424520003012 2 1202502053.072543
0121102220633444424520003012 2 1202502053.072548
0111102520633444424520003012 2 1202502053.072553
0121102520633444424520003012 2 1202502053.072557
0125106021133454424520003012 2 1202502053.072742
0111102220633454424520003012 2 1202502053.072746
0121102220633454424520003012 2 1202502053.072751
0111102520633454424520003012 2 1202502053.072756
0121102520633454424520003012 2 1202502053.072800
0125106021133405424520003012 2 1202502053.072808
0125106021133415424520003012 2 1202502053.072815
0125106021133425424520003012 2 1202502053.072823
0125106021133445424520003012 2 1202502053.072831
0125100021633545424520003012 2 1202502053.072837
0125120021633545424520003012 2 1202502053.072843
0125130021633545424520003012 2 1202502053.072849
0125150021633545424520003012 2 1202502053.072855
0125160021633545424520003012 2 1202502053.072900
0125102021633545424520003012 2 1202502053.072906
0125122021633545424520003012 2 1202502053.072912
0125132021633545424520003012 2 1202502053.072918
0125152021633545424520003012 2 1202502053.072924
0125162021633545424520003012 2 1202502053.072930
0125103021633545424520003012 2 1202502053.072935
0125123021633545424520003012 2 1202502053.072941
0125133021633545424520003012 2 1202502053.072947
0125153021633545424520003012 2 1202502053.072953
0125163021633545424520003012 2 1202502053.072959
0125105021633545424520003012 1 1202502053.073005
0125125021633545424520003012 1 1202502053.073010
0125135021633545424520003012 1 1202502053.073016
0125155021633545424520003012 1 1202502053.073022
0125165021633545424520003012 1 1202502053.073028
0125106021633545424520003012 2 1202502053.073034
0125126021633545424520003012 2 1202502053.073040
0125136021633545424520003012 2 1202502053.073045
0125156021633545424520003012 2 1202502053.073051
0125166021633545424520003012 2 1202502053.073057
0125106021133455424520003012 2 1202502053.073104
0125106021143200434520003012 2 1202502053.073111
0111102220643200434520003012 2 1202502053.073115
0121102220643200434520003012 2 1202502053.073120
0111102520643200434520003012 2 1202502053.073125
0121102520643200434520003012 2 1202502053.073129
0111102220643500434520003012 2 1202502053.073135
0121102220643500434520003012 2 1202502053.073140
0111102520643500434520003012 2 1202502053.073144
0121102520643500434520003012 2 1202502053.073149
0121102521643500434520003012 5 1202502053.073154
0121102523643500434520003012 5 1202502053.073158
0121102524643500434520003012 5 1202502053.073203
0122105524643500434520003012 1 1202502053.073208
0121102526643500434520003012 5 1202502053.073212
0125106021143210434520003012 2 1202502053.073218
0111102220643210434520003012 2 1202502053.073223
0121102220643210434520003012 2 1202502053.073227
0111102520643210434520003012 2 1202502053.073232
0121102520643210434520003012 2 1202502053.073237
0111102220643510434520003012 2 1202502053.073242
0121102220643510434520003012 2 1202502053.073247
0111102520643510434520003012 2 1202502053.073252
0121102520643510434520003012 2 1202502053.073256
0121102521643510434520003012 5 1202502053.073301
0121102523643510434520003012 5 1202502053.073306
0121102524643510434520003012 5 1202502053.073310
0122105524643510434520003012 1 1202502053.073315
0121102526643510434520003012 5 1202502053.073319
0125106021143220434520003012 2 1202502053.073325
0111102220643220434520003012 2 1202502053.073330
0121102220643220434520003012 2 1202502053.073335
0111102520643220434520003012 2 1202502053.073339
0121102520643220434520003012 2 1202502053.073344
0111102220643520434520003012 2 1202502053.073349
0121102220643520434520003012 2 1202502053.073354
0111102520643520434520003012 2 1202502053.073359
0121102520643520434520003012 2 1202502053.073403
0121102521643520434520003012 5 1202502053.073408
0121102523643520434520003012 5 1202502053.073413
0121102524643520434520003012 5 1202502053.073417
0122105524643520434520003012 1 1202502053.073422
0121102526643520434520003012 5 1202502053.073426
0125106021143240434520003012 2 1202502053.073432
0111102220643240434520003012 2 1202502053.073437
0121102220643240434520003012 2 1202502053.073441
0111102520643240434520003012 2 1202502053.073446
0121102520643240434520003012 2 1202502053.073451
0111102220643540434520003012 2 1202502053.073456
0121102220643540434520003012 2 1202502053.073501
0111102520643540434520003012 2 1202502053.073506
0121102520643540434520003012 2 1202502053.073510
0121102521643540434520003012 5 1202502053.073515
0121102523643540434520003012 5 1202502053.073519
0121102524643540434520003012 5 1202502053.073524
0122105524643540434520003012 1 1202502053.073529
0121102526643540434520003012 5 1202502053.073533
0125106021143250434520003012 2 1202502053.073539
0111102220643250434520003012 2 1202502053.073544
0121102220643250434520003012 2 1202502053.073549
0111102520643250434520003012 2 1202502053.073553
0121102520643250434520003012 2 1202502053.073558
0111102220643550434520003012 2 1202502053.073603
0121102220643550434520003012 2 1202502053.073608
0111102520643550434520003012 2 1202502053.073613
0121102520643550434520003012 2 1202502053.073617
0121102521643550434520003012 5 1202502053.073622
0121102523643550434520003012 5 1202502053.073627
0121102524643550434520003012 5 1202502053.073631
0122105524643550434520003012 1 1202502053.073636
0121102526643550434520003012 5 1202502053.073640
0125106021143201434520003012 2 1202502053.073646
0111102220643201434520003012 2 1202502053.073651
0121102220643201434520003012 2 1202502053.073656
0111102520643201434520003012 2 1202502053.073700
0121102520643201434520003012 2 1202502053.073705
0111102220643501434520003012 2 1202502053.073710
0121102220643501434520003012 2 1202502053.073715
0111102520643501434520003012 2 1202502053.073720
0121102520643501434520003012 2 1202502053.073724
0121102521643501434520003012 5 1202502053.073729
0121102523643501434520003012 5 1202502053.073734
0121102524643501434520003012 5 1202502053.073738
0122105524643501434520003012 1 1202502053.073743
0121102526643501434520003012 5 1202502053.073747
0125106021143211434520003012 2 1202502053.073753
0111102220643211434520003012 2 1202502053.073758
0121102220643211434520003012 2 1202502053.073803
0111102520643211434520003012 2 1202502053.073807
0121102520643211434520003012 2 1202502053.073812
0111102220643511434520003012 2 1202502053.073818
0121102220643511434520003012 2 1202502053.073822
0111102520643511434520003012 2 1202502053.073827
0121102520643511434520003012 2 1202502053.073831
0121102521643511434520003012 5 1202502053.073836
0121102523643511434520003012 5 1202502053.073841
0121102524643511434520003012 5 1202502053.073845
0122105524643511434520003012 1 1202502053.073850
0121102526643511434520003012 5 1202502053.073854
0125106021143221434520003012 2 1202502053.073900
0111102220643221434520003012 2 1202502053.073905
0121102220643221434520003012 2 1202502053.073910
0111102520643221434520003012 2 1202502053.073914
0121102520643221434520003012 2 1202502053.073919
0111102220643521434520003012 2 1202502053.073925
0121102220643521434520003012 2 1202502053.073929
0111102520643521434520003012 2 1202502053.073934
0121102520643521434520003012 2 1202502053.073939
0121102521643521434520003012 5 1202502053.073943
0121102523643521434520003012 5 1202502053.073948
0121102524643521434520003012 5 1202502053.073952
0122105524643521434520003012 1 1202502053.073957
0121102526643521434520003012 5 1202502053.074002
0125106021143241434520003012 2 1202502053.074007
0111102220643241434520003012 2 1202502053.074012
0121102220643241434520003012 2 1202502053.074017
0111102520643241434520003012 2 1202502053.074021
0121102520643241434520003012 2 1202502053.074026
0111102220643541434520003012 2 1202502053.074032
0121102220643541434520003012 2 1202502053.074036
0111102520643541434520003012 2 1202502053.074041
0121102520643541434520003012 2 1202502053.074046
0121102521643541434520003012 5 1202502053.074050
0121102523643541434520003012 5 1202502053.074055
0121102524643541434520003012 5 1202502053.074059
0122105524643541434520003012 1 1202502053.074104
0121102526643541434520003012 5 1202502053.074109
0125106021143251434520003012 2 1202502053.074114
0111102220643251434520003012 2 1202502053.074119
0121102220643251434520003012 2 1202502053.074124
0111102520643251434520003012 2 1202502053.074129
0121102520643251434520003012 2 1202502053.074133
0111102220643551434520003012 2 1202502053.074139
0121102220643551434520003012 2 1202502053.074143
0111102520643551434520003012 2 1202502053.074148
0121102520643551434520003012 2 1202502053.074153
0121102521643551434520003012 5 1202502053.074157
0121102523643551434520003012 5 1202502053.074202
0121102524643551434520003012 5 1202502053.074207
0122105524643551434520003012 1 1202502053.074211
0121102526643551434520003012 5 1202502053.074216
0125106021143202434520003012 2 1202502053.074222
0111102220643202434520003012 2 1202502053.074227
0121102220643202434520003012 2 1202502053.074231
0111102520643202434520003012 2 1202502053.074236
0121102520643202434520003012 2 1202502053.074240
0111102220643502434520003012 2 1202502053.074246
0121102220643502434520003012 2 1202502053.074251
0111102520643502434520003012 2 1202502053.074255
0121102520643502434520003012 2 1202502053.074300
0121102521643502434520003012 5 1202502053.074304
0121102523643502434520003012 5 1202502053.074309
0121102524643502434520003012 5 1202502053.074314
0122105524643502434520003012 1 1202502053.074318
0121102526643502434520003012 5 1202502053.074323
0125106021143212434520003012 2 1202502053.074328
0111102220643212434520003012 2 1202502053.074333
0121102220643212434520003012 2 1202502053.074338
0111102520643212434520003012 2 1202502053.074342
0121102520643212434520003012 2 1202502053.074347
0111102220643512434520003012 2 1202502053.074353
0121102220643512434520003012 2 1202502053.074357
0111102520643512434520003012 2 1202502053.074402
0121102520643512434520003012 2 1202502053.074406
0121102521643512434520003012 5 1202502053.074411
0121102523643512434520003012 5 1202502053.074416
0121102524643512434520003012 5 1202502053.074420
0122105524643512434520003012 1 1202502053.074425
0121102526643512434520003012 5 1202502053.074429
0125106021143222434520003012 2 1202502053.074435
0111102220643222434520003012 2 1202502053.074440
0121102220643222434520003012 2 1202502053.074445
0111102520643222434520003012 2 1202502053.074449
0121102520643222434520003012 2 1202502053.074454
0111102220643522434520003012 2 1202502053.074500
0121102220643522434520003012 2 1202502053.074504
0111102520643522434520003012 2 1202502053.074509
0121102520643522434520003012 2 1202502053.074513
0121102521643522434520003012 5 1202502053.074518
0121102523643522434520003012 5 1202502053.074523
0121102524643522434520003012 5 1202502053.074527
0122105524643522434520003012 1 1202502053.074532
0121102526643522434520003012 5 1202502053.074537
0125106021143242434520003012 2 1202502053.074542
0111102220643242434520003012 2 1202502053.074547
0121102220643242434520003012 2 1202502053.074552
0111102520643242434520003012 2 1202502053.074556
0121102520643242434520003012 2 1202502053.074601
0111102220643542434520003012 2 1202502053.074607
0121102220643542434520003012 2 1202502053.074611
0111102520643542434520003012 2 1202502053.074616
0121102520643542434520003012 2 1202502053.074620
0121102521643542434520003012 5 1202502053.074625
0121102523643542434520003012 5 1202502053.074630
0121102524643542434520003012 5 1202502053.074634
0122105524643542434520003012 1 1202502053.074639
0121102526643542434520003012 5 1202502053.074643
0125106021143252434520003012 2 1202502053.074649
0111102220643252434520003012 2 1202502053.074654
0121102220643252434520003012 2 1202502053.074659
0111102520643252434520003012 2 1202502053.074703
0121102520643252434520003012 2 1202502053.074708
0111102220643552434520003012 2 1202502053.074714
0121102220643552434520003012 2 1202502053.074718
0111102520643552434520003012 2 1202502053.074723
0121102520643552434520003012 2 1202502053.074728
0121102521643552434520003012 5 1202502053.074732
0121102523643552434520003012 5 1202502053.074737
0121102524643552434520003012 5 1202502053.074741
0122105524643552434520003012 1 1202502053.074746
0121102526643552434520003012 5 1202502053.074751
0125106021143204434520003012 2 1202502053.074756
0111102220643204434520003012 2 1202502053.074801
0121102220643204434520003012 2 1202502053.074806
0111102520643204434520003012 2 1202502053.074810
0121102520643204434520003012 2 1202502053.074815
0111102220643504434520003012 2 1202502053.074821
0121102220643504434520003012 2 1202502053.074825
0111102520643504434520003012 2 1202502053.074830
0121102520643504434520003012 2 1202502053.074834
0121102521643504434520003012 5 1202502053.074839
0121102523643504434520003012 5 1202502053.074844
0121102524643504434520003012 5 1202502053.074848
0122105524643504434520003012 1 1202502053.074853
0121102526643504434520003012 5 1202502053.074858
0125106021143214434520003012 2 1202502053.074903
0111102220643214434520003012 2 1202502053.074908
0121102220643214434520003012 2 1202502053.074913
0111102520643214434520003012 2 1202502053.074917
0121102520643214434520003012 2 1202502053.074922
0111102220643514434520003012 2 1202502053.074928
0121102220643514434520003012 2 1202502053.074932
0111102520643514434520003012 2 1202502053.074937
0121102520643514434520003012 2 1202502053.074941
0121102521643514434520003012 5 1202502053.074946
0121102523643514434520003012 5 1202502053.074951
0121102524643514434520003012 5 1202502053.074955
0122105524643514434520003012 1 1202502053.075000
0121102526643514434520003012 5 1202502053.075005
0125106021143224434520003012 2 1202502053.075010
0111102220643224434520003012 2 1202502053.075015
0121102220643224434520003012 2 1202502053.075020
0111102520643224434520003012 2 1202502053.075024
0121102520643224434520003012 2 1202502053.075029
0111102220643524434520003012 2 1202502053.075035
0121102220643524434520003012 2 1202502053.075039
0111102520643524434520003012 2 1202502053.075044
0121102520643524434520003012 2 1202502053.075048
0121102521643524434520003012 5 1202502053.075053
0121102523643524434520003012 5 1202502053.075058
0121102524643524434520003012 5 1202502053.075102
0122105524643524434520003012 1 1202502053.075107
0121102526643524434520003012 5 1202502053.075111
0125106021143244434520003012 2 1202502053.075117
0111102220643244434520003012 2 1202502053.075122
0121102220643244434520003012 2 1202502053.075127
0111102520643244434520003012 2 1202502053.075131
0121102520643244434520003012 2 1202502053.075136
0111102220643544434520003012 2 1202502053.075142
0121102220643544434520003012 2 1202502053.075146
0111102520643544434520003012 2 1202502053.075151
0121102520643544434520003012 2 1202502053.075155
0121102521643544434520003012 5 1202502053.075200
0121102523643544434520003012 5 1202502053.075205
0121102524643544434520003012 5 1202502053.075209
0122105524643544434520003012 1 1202502053.075214
0121102526643544434520003012 5 1202502053.075218
0125106021143254434520003012 2 1202502053.075224
0111102220643254434520003012 2 1202502053.075229
0121102220643254434520003012 2 1202502053.075234
0111102520643254434520003012 2 1202502053.075238
0121102520643254434520003012 2 1202502053.075243
0111102220643554434520003012 2 1202502053.075249
0121102220643554434520003012 2 1202502053.075253
0111102520643554434520003012 2 1202502053.075258
0121102520643554434520003012 2 1202502053.075302
0121102521643554434520003012 5 1202502053.075307
0121102523643554434520003012 5 1202502053.075312
0121102524643554434520003012 5 1202502053.075316
0122105524643554434520003012 1 1202502053.075321
0121102526643554434520003012 5 1202502053.075325
0125106021143205434520003012 2 1202502053.075331
0111102220643205434520003012 2 1202502053.075336
0121102220643205434520003012 2 1202502053.075341
0111102520643205434520003012 2 1202502053.075345
0121102520643205434520003012 2 1202502053.075350
0111102220643505434520003012 2 1202502053.075356
0121102220643505434520003012 2 1202502053.075400
0111102520643505434520003012 2 1202502053.075405
0121102520643505434520003012 2 1202502053.075409
0121102521643505434520003012 5 1202502053.075414
0121102523643505434520003012 5 1202502053.075419
0121102524643505434520003012 5 1202502053.075423
0122105524643505434520003012 1 1202502053.075428
0121102526643505434520003012 5 1202502053.075433
0125106021143215434520003012 2 1202502053.075438
0111102220643215434520003012 2 1202502053.075443
0121102220643215434520003012 2 1202502053.075448
0111102520643215434520003012 2 1202502053.075452
0121102520643215434520003012 2 1202502053.075457
0111102220643515434520003012 2 1202502053.075503
0121102220643515434520003012 2 1202502053.075507
0111102520643515434520003012 2 1202502053.075512
0121102520643515434520003012 2 1202502053.075517
0121102521643515434520003012 5 1202502053.075521
0121102523643515434520003012 5 1202502053.075526
0121102524643515434520003012 5 1202502053.075530
0122105524643515434520003012 1 1202502053.075535
0121102526643515434520003012 5 1202502053.075540
0125106021143225434520003012 2 1202502053.075546
0111102220643225434520003012 2 1202502053.075550
0121102220643225434520003012 2 1202502053.075555
0111102520643225434520003012 2 1202502053.075600
0121102520643225434520003012 2 1202502053.075604
0111102220643525434520003012 2 1202502053.075610
0121102220643525434520003012 2 1202502053.075614
0111102520643525434520003012 2 1202502053.075619
0121102520643525434520003012 2 1202502053.075624
0121102521643525434520003012 5 1202502053.075628
0121102523643525434520003012 5 1202502053.075633
0121102524643525434520003012 5 1202502053.075637
0122105524643525434520003012 1 1202502053.075642
0121102526643525434520003012 5 1202502053.075647
0125106021143245434520003012 2 1202502053.075653
0111102220643245434520003012 2 1202502053.075657
0121102220643245434520003012 2 1202502053.075702
0111102520643245434520003012 2 1202502053.075707
0121102520643245434520003012 2 1202502053.075711
0125100021633545434520003012 2 1202502053.075718
0125120021633545434520003012 2 1202502053.075724
0125130021633545434520003012 2 1202502053.075729
0125150021633545434520003012 2 1202502053.075735
0125160021633545434520003012 2 1202502053.075741
0125102021633545434520003012 2 1202502053.075747
0125122021633545434520003012 2 1202502053.075753
0125132021633545434520003012 2 1202502053.075759
0125152021633545434520003012 2 1202502053.075804
0125162021633545434520003012 2 1202502053.075810
0125103021633545434520003012 2 1202502053.075816
0125123021633545434520003012 2 1202502053.075822
0125133021633545434520003012 2 1202502053.075828
0125153021633545434520003012 2 1202502053.075834
0125163021633545434520003012 2 1202502053.075839
0125105021633545434520003012 1 1202502053.075845
0125125021633545434520003012 1 1202502053.075851
0125135021633545434520003012 1 1202502053.075857
0125155021633545434520003012 1 1202502053.075903
0125165021633545434520003012 1 1202502053.075909
0125106021633545434520003012 2 1202502053.075914
0125126021633545434520003012 2 1202502053.075920
0125136021633545434520003012 2 1202502053.075926
0125156021633545434520003012 2 1202502053.075932
0125166021633545434520003012 2 1202502053.075938
0111102220643545434520003012 2 1202502053.075943
0121102220643545434520003012 2 1202502053.075947
0111102520643545434520003012 2 1202502053.075952
0121102520643545434520003012 2 1202502053.075957
0121102521643545434520003012 5 1202502053.080001
0121102523643545434520003012 5 1202502053.080006
0121102524643545434520003012 5 1202502053.080010
0122105524643545434520003012 1 1202502053.080015
0121102526643545434520003012 5 1202502053.080020
0125106021143255434520003012 2 1202502053.080026
0111102220643255434520003012 2 1202502053.080030
0121102220643255434520003012 2 1202502053.080035
0111102520643255434520003012 2 1202502053.080040
0121102520643255434520003012 2 1202502053.080044
0111102220643555434520003012 2 1202502053.080050
0121102220643555434520003012 2 1202502053.080054
0111102520643555434520003012 2 1202502053.080059
0121102520643555434520003012 2 1202502053.080104
0121102521643555434520003012 5 1202502053.080108
0121102523643555434520003012 5 1202502053.080113
0121102524643555434520003012 5 1202502053.080117
0122105524643555434520003012 1 1202502053.080122
0121102526643555434520003012 5 1202502053.080127
0111102220633404454520003012 2 1202502053.080650
0121102220633404454520003012 2 1202502053.080654
0111102520633404454520003012 2 1202502053.080659
0121102520633404454520003012 2 1202502053.080704
0121102521633404454520003012 5 1202502053.080708
0121102523633404454520003012 5 1202502053.080713
0122105523633404454520003012 1 1202502053.080718
0121102524633404454520003012 5 1202502053.080722
0121102526633404454520003012 5 1202502053.080727
0111102220633414454520003012 2 1202502053.081105
0121102220633414454520003012 2 1202502053.081109
0111102520633414454520003012 2 1202502053.081114
0121102520633414454520003012 2 1202502053.081119
0121102521633414454520003012 5 1202502053.081123
0121102523633414454520003012 5 1202502053.081128
0122105523633414454520003012 1 1202502053.081132
0121102524633414454520003012 5 1202502053.081137
0121102526633414454520003012 5 1202502053.081142
0111102220633424454520003012 2 1202502053.081519
0121102220633424454520003012 2 1202502053.081524
0111102520633424454520003012 2 1202502053.081529
0121102520633424454520003012 2 1202502053.081533
0121102521633424454520003012 5 1202502053.081538
0121102523633424454520003012 5 1202502053.081543
0122105523633424454520003012 1 1202502053.081547
0121102524633424454520003012 5 1202502053.081552
0121102526633424454520003012 5 1202502053.081556
0111102220633444454520003012 2 1202502053.082003
0121102220633444454520003012 2 1202502053.082007
0111102520633444454520003012 2 1202502053.082012
0121102520633444454520003012 2 1202502053.082017
0121102521633444454520003012 5 1202502053.082021
0121102523633444454520003012 5 1202502053.082026
0122105523633444454520003012 1 1202502053.082031
0121102524633444454520003012 5 1202502053.082035
0121102526633444454520003012 5 1202502053.082040
0111102220633454454520003012 2 1202502053.082418
0121102220633454454520003012 2 1202502053.082422
0111102520633454454520003012 2 1202502053.082427
0121102520633454454520003012 2 1202502053.082432
0121102521633454454520003012 5 1202502053.082436
0121102523633454454520003012 5 1202502053.082441
0122105523633454454520003012 1 1202502053.082445
0121102524633454454520003012 5 1202502053.082450
0121102526633454454520003012 5 1202502053.082455
0122105523633405454520003012 1 1202502053.082503
0122105523633415454520003012 1 1202502053.082511
0122105523633425454520003012 1 1202502053.082519
0122105523633445454520003012 1 1202502053.082527
0125100021633545454520003012 2 1202502053.082534
0125120021633545454520003012 2 1202502053.082539
0125130021633545454520003012 2 1202502053.082545
0125150021633545454520003012 2 1202502053.082551
0125160021633545454520003012 2 1202502053.082557
0125102021633545454520003012 2 1202502053.082603
0125122021633545454520003012 2 1202502053.082609
0125132021633545454520003012 2 1202502053.082614
0125152021633545454520003012 2 1202502053.082620
0125162021633545454520003012 2 1202502053.082626
0125103021633545454520003012 2 1202502053.082632
0125123021633545454520003012 2 1202502053.082638
0125133021633545454520003012 2 1202502053.082644
0125153021633545454520003012 2 1202502053.082650
0125163021633545454520003012 2 1202502053.082655
0125105021633545454520003012 1 1202502053.082701
0125125021633545454520003012 1 1202502053.082707
0125135021633545454520003012 1 1202502053.082713
0125155021633545454520003012 1 1202502053.082719
0125165021633545454520003012 1 1202502053.082725
0125106021633545454520003012 2 1202502053.082730
0125126021633545454520003012 2 1202502053.082736
0125136021633545454520003012 2 1202502053.082742
0125156021633545454520003012 2 1202502053.082748
0125166021633545454520003012 2 1202502053.082754
0122105523633455454520003012 1 1202502053.082801
0125100021633545464520003012 2 1202502053.082859
0125120021633545464520003012 2 1202502053.082905
0125130021633545464520003012 2 1202502053.082911
0125150021633545464520003012 2 1202502053.082917
0125160021633545464520003012 2 1202502053.082922
0125102021633545464520003012 2 1202502053.082928
0125122021633545464520003012 2 1202502053.082934
0125132021633545464520003012 2 1202502053.082940
0125152021633545464520003012 2 1202502053.082946
0125162021633545464520003012 2 1202502053.082951
0125103021633545464520003012 2 1202502053.082957
0125123021633545464520003012 2 1202502053.083003
0125133021633545464520003012 2 1202502053.083009
0125153021633545464520003012 2 1202502053.083015
0125163021633545464520003012 2 1202502053.083021
0125105021633545464520003012 1 1202502053.083026
0125125021633545464520003012 1 1202502053.083032
0125135021633545464520003012 1 1202502053.083038
0125155021633545464520003012 1 1202502053.083044
0125165021633545464520003012 1 1202502053.083050
0125106021633545464520003012 2 1202502053.083056
0125126021633545464520003012 2 1202502053.083101
0125136021633545464520003012 2 1202502053.083107
0125156021633545464520003012 2 1202502053.083113
0125166021633545464520003012 2 1202502053.083119
0112102526303041454220003422 1 1202502053.100458
0122105526333104454220003422 1 1202502053.100732
0122105526333114454220003422 1 1202502053.100948
0122105526333124454220003422 1 1202502053.101205
0122105526333144454220003422 1 1202502053.101439
0122105526333154454220003422 1 1202502053.101658
0122105526333105454220003422 1 1202502053.101708
0122105526333115454220003422 1 1202502053.101716
0122105526333125454220003422 1 1202502053.101723
0112102526303045454220003422 1 1202502053.101730
0122105526333145454220003422 1 1202502053.101736
0122105526333155454220003422 1 1202502053.101743
0112102526303041454520003422 1 1202502053.102632
0122105526333104454520003422 1 1202502053.102907
0122105526333114454520003422 1 1202502053.103123
0122105526333124454520003422 1 1202502053.103339
0122105526333144454520003422 1 1202502053.103613
0122105526333154454520003422 1 1202502053.103832
0122105526333105454520003422 1 1202502053.103842
0122105526333115454520003422 1 1202502053.103849
0122105526333125454520003422 1 1202502053.103857
0112102526303045454520003422 1 1202502053.103903
0122105526333145454520003422 1 1202502053.103908
0122105526333155454520003422 1 1202502053.103915
0512102023403106404200002053 1 1202502053.155225
0512102023403116404200002053 1 1202502053.155234
0512102023403126404200002053 1 1202502053.155242
0512102023403146404200002053 1 1202502053.155250
0512102023403156404200002053 1 1202502053.155258
0512102023403166404200002053 1 1202502053.155306
0542102023003106404600002053 1 1202502053.193038
0542102023103106404600002053 1 1202502053.193044
0542102023303106404600002053 1 1202502053.193050
0512102023403106404600002053 1 1202502053.193056
0542102023403106404600002053 1 1202502053.193102
0542102023503106404600002053 1 1202502053.193108
0542102023003116404600002053 1 1202502053.193117
0542102023103116404600002053 1 1202502053.193123
0542102023303116404600002053 1 1202502053.193129
0512102023403116404600002053 1 1202502053.193135
0542102023403116404600002053 1 1202502053.193141
0542102023503116404600002053 1 1202502053.193147
0542102023003126404600002053 1 1202502053.193156
0542102023103126404600002053 1 1202502053.193202
0542102023303126404600002053 1 1202502053.193208
0512102023403126404600002053 1 1202502053.193214
0542102023403126404600002053 1 1202502053.193220
0542102023503126404600002053 1 1202502053.193226
0542102023003146404600002053 1 1202502053.193234
0542102023103146404600002053 1 1202502053.193240
0542102023303146404600002053 1 1202502053.193246
0512102023403146404600002053 1 1202502053.193252
0542102023403146404600002053 1 1202502053.193258
0542102023503146404600002053 1 1202502053.193304
0542102023003156404600002053 1 1202502053.193313
0542102023103156404600002053 1 1202502053.193319
0542102023303156404600002053 1 1202502053.193325
0512102023403156404600002053 1 1202502053.193331
0542102023403156404600002053 1 1202502053.193337
0542102023503156404600002053 1 1202502053.193343
0542102023003166404600002053 1 1202502053.193352
0542102023103166404600002053 1 1202502053.193358
0542102023303166404600002053 1 1202502053.193404
0512102023403166404600002053 1 1202502053.193410
0542102023403166404600002053 1 1202502053.193416
0542102023503166404600002053 1 1202502053.193422
0542102023003106424600002053 1 1202502053.205401
0542102023103106424600002053 1 1202502053.205407
0542102023303106424600002053 1 1202502053.205414
0542102023403106424600002053 1 1202502053.205420
0542102023503106424600002053 1 1202502053.205426
0542102023003116424600002053 1 1202502053.205433
0542102023103116424600002053 1 1202502053.205439
0542102023303116424600002053 1 1202502053.205445
0542102023403116424600002053 1 1202502053.205451
0542102023503116424600002053 1 1202502053.205457
0542102023003126424600002053 1 1202502053.205504
0542102023103126424600002053 1 1202502053.205510
0542102023303126424600002053 1 1202502053.205517
0542102023403126424600002053 1 1202502053.205523
0542102023503126424600002053 1 1202502053.205529
0542102023003146424600002053 1 1202502053.205539
0542102023103146424600002053 1 1202502053.205545
0542102023303146424600002053 1 1202502053.205552
0542102023403146424600002053 1 1202502053.205558
0542102023503146424600002053 1 1202502053.205604
0542102023003156424600002053 1 1202502053.205613
0542102023103156424600002053 1 1202502053.205619
0542102023303156424600002053 1 1202502053.205626
0542102023403156424600002053 1 1202502053.205632
0542102023503156424600002053 1 1202502053.205638
0542102023003166424600002053 1 1202502053.205645
0542102023103166424600002053 1 1202502053.205651
0542102023303166424600002053 1 1202502053.205657
0542102023403166424600002053 1 1202502053.205703
0542102023503166424600002053 1 1202502053.205709
0542102023003106434600002053 1 1202502053.205801
0542102023103106434600002053 1 1202502053.205807
0542102023303106434600002053 1 1202502053.205813
0542102023403106434600002053 1 1202502053.205819
0542102023503106434600002053 1 1202502053.205825
0542102023003116434600002053 1 1202502053.205833
0542102023103116434600002053 1 1202502053.205839
0542102023303116434600002053 1 1202502053.205845
0542102023403116434600002053 1 1202502053.205851
0542102023503116434600002053 1 1202502053.205857
0542102023003126434600002053 1 1202502053.205905
0542102023103126434600002053 1 1202502053.205911
0542102023303126434600002053 1 1202502053.205917
0542102023403126434600002053 1 1202502053.205923
0542102023503126434600002053 1 1202502053.205929
0542102023003146434600002053 1 1202502053.205937
0542102023103146434600002053 1 1202502053.205943
0542102023303146434600002053 1 1202502053.205949
0542102023403146434600002053 1 1202502053.205955
0542102023503146434600002053 1 1202502053.210001
0542102023003156434600002053 1 1202502053.210008
0542102023103156434600002053 1 1202502053.210014
0542102023303156434600002053 1 1202502053.210020
0542102023403156434600002053 1 1202502053.210027
0542102023503156434600002053 1 1202502053.210033
0542102023003166434600002053 1 1202502053.210040
0542102023103166434600002053 1 1202502053.210047
0542102023303166434600002053 1 1202502053.210053
0542102023403166434600002053 1 1202502053.210059
0542102023503166434600002053 1 1202502053.210105
0542102023003106454600002053 1 1202502053.211831
0542102023103106454600002053 1 1202502053.211837
0542102023303106454600002053 1 1202502053.211843
0542102023403106454600002053 1 1202502053.211849
0542102023503106454600002053 1 1202502053.211855
0542102023003116454600002053 1 1202502053.211903
0542102023103116454600002053 1 1202502053.211909
0542102023303116454600002053 1 1202502053.211915
0542102023403116454600002053 1 1202502053.211921
0542102023503116454600002053 1 1202502053.211927
0542102023003126454600002053 1 1202502053.211934
0542102023103126454600002053 1 1202502053.211941
0542102023303126454600002053 1 1202502053.211947
0542102023403126454600002053 1 1202502053.211953
0542102023503126454600002053 1 1202502053.211959
0542102023003146454600002053 1 1202502053.212006
0542102023103146454600002053 1 1202502053.212012
0542102023303146454600002053 1 1202502053.212018
0542102023403146454600002053 1 1202502053.212024
0542102023503146454600002053 1 1202502053.212030
0542102023003156454600002053 1 1202502053.212038
0542102023103156454600002053 1 1202502053.212044
0542102023303156454600002053 1 1202502053.212050
0542102023403156454600002053 1 1202502053.212056
0542102023503156454600002053 1 1202502053.212102
0542102023003166454600002053 1 1202502053.212110
0542102023103166454600002053 1 1202502053.212116
0542102023303166454600002053 1 1202502053.212122
0542102023403166454600002053 1 1202502053.212128
0542102023503166454600002053 1 1202502053.212134
0542102023003106464600002053 1 1202502053.231936
0542102023103106464600002053 1 1202502053.231942
0542102023303106464600002053 1 1202502053.231948
0542102023403106464600002053 1 1202502053.231954
0542102023503106464600002053 1 1202502053.232001
0542102023003116464600002053 1 1202502053.232008
0542102023103116464600002053 1 1202502053.232014
0542102023303116464600002053 1 1202502053.232020
0542102023403116464600002053 1 1202502053.232026
0542102023503116464600002053 1 1202502053.232032
0542102023003126464600002053 1 1202502053.232040
0542102023103126464600002053 1 1202502053.232046
0542102023303126464600002053 1 1202502053.232052
0542102023403126464600002053 1 1202502053.232058
0542102023503126464600002053 1 1202502053.232104
0542102023003146464600002053 1 1202502053.232116
0542102023103146464600002053 1 1202502053.232122
0542102023303146464600002053 1 1202502053.232128
0542102023403146464600002053 1 1202502053.232134
0542102023503146464600002053 1 1202502053.232140
0542102023003156464600002053 1 1202502053.232148
0542102023103156464600002053 1 1202502053.232154
0542102023303156464600002053 1 1202502053.232200
0542102023403156464600002053 1 1202502053.232206
0542102023503156464600002053 1 1202502053.232212
0542102023003166464600002053 1 1202502053.232220
0542102023103166464600002053 1 1202502053.232226
0542102023303166464600002053 1 1202502053.232232
0542102023403166464600002053 1 1202502053.232238
0542102023503166464600002053 1 1202502053.232244
0124103225313144424610002053 2 1202502064.140445
0124103225313144464210002114 2 1202502075.181928
0124103225313144424610002114 2 1202502086.054001
0124103225313144464610002114 2 1202502086.113758
