0152102020403202404523633021 1 1202502053.011344
0152122020403202404523633021 1 1202502053.011349
0152132020403202404523633021 1 1202502053.011355
0152152020403202404523633021 1 1202502053.011401
0152162020403202404523633021 1 1202502053.011406
0152102020403212404523633021 1 1202502053.011455
0152122020403212404523633021 1 1202502053.011501
0152132020403212404523633021 1 1202502053.011506
0152152020403212404523633021 1 1202502053.011512
0152162020403212404523633021 1 1202502053.011518
0152102020403222404523633021 1 1202502053.011606
0152122020403222404523633021 1 1202502053.011612
0152132020403222404523633021 1 1202502053.011618
0152152020403222404523633021 1 1202502053.011623
0152162020403222404523633021 1 1202502053.011629
0152102020003242404523633021 1 1202502053.011718
0152122020003242404523633021 1 1202502053.011723
0152132020003242404523633021 1 1202502053.011729
0152152020003242404523633021 1 1202502053.011735
0152162020003242404523633021 1 1202502053.011740
0152102020103242404523633021 1 1202502053.011746
0152122020103242404523633021 1 1202502053.011752
0152132020103242404523633021 1 1202502053.011757
0152152020103242404523633021 1 1202502053.011803
0152162020103242404523633021 1 1202502053.011809
0152102020303242404523633021 1 1202502053.011815
0152122020303242404523633021 1 1202502053.011820
0152132020303242404523633021 1 1202502053.011826
0152152020303242404523633021 1 1202502053.011832
0152162020303242404523633021 1 1202502053.011837
0152102020403242404523633021 1 1202502053.011843
0152122020403242404523633021 1 1202502053.011849
0152132020403242404523633021 1 1202502053.011854
0152152020403242404523633021 1 1202502053.011900
0152162020403242404523633021 1 1202502053.011906
0152102020603242404523633021 1 1202502053.011912
0152122020603242404523633021 1 1202502053.011917
0152132020603242404523633021 1 1202502053.011923
0152152020603242404523633021 1 1202502053.011929
0152162020603242404523633021 1 1202502053.011934
0152102020403252404523633021 1 1202502053.012023
0152122020403252404523633021 1 1202502053.012029
0152132020403252404523633021 1 1202502053.012034
0152152020403252404523633021 1 1202502053.012040
0152162020403252404523633021 1 1202502053.012046
0152102020403202424523633021 1 1202502053.012743
0152122020403202424523633021 1 1202502053.012749
0152132020403202424523633021 1 1202502053.012755
0152152020403202424523633021 1 1202502053.012800
0152162020403202424523633021 1 1202502053.012806
0155102220003402424523633021 1 1202502053.012811
0155102220103402424523633021 1 1202502053.012815
0155102220303402424523633021 1 1202502053.012820
0155102220403402424523633021 1 1202502053.012825
0155102220603402424523633021 1 1202502053.012829
0152102020403212424523633021 1 1202502053.012835
0152122020403212424523633021 1 1202502053.012841
0152132020403212424523633021 1 1202502053.012847
0152152020403212424523633021 1 1202502053.012853
0152162020403212424523633021 1 1202502053.012858
0155102220003412424523633021 1 1202502053.012903
0155102220103412424523633021 1 1202502053.012908
0155102220303412424523633021 1 1202502053.012912
0155102220403412424523633021 1 1202502053.012917
0155102220603412424523633021 1 1202502053.012921
0152102020403222424523633021 1 1202502053.012928
0152122020403222424523633021 1 1202502053.012933
0152132020403222424523633021 1 1202502053.012939
0152152020403222424523633021 1 1202502053.012945
0152162020403222424523633021 1 1202502053.012950
0155102220003422424523633021 1 1202502053.012955
0155102220103422424523633021 1 1202502053.013000
0155102220303422424523633021 1 1202502053.013004
0155102220403422424523633021 1 1202502053.013009
0155102220603422424523633021 1 1202502053.013014
0152102020003242424523633021 1 1202502053.013022
0152122020003242424523633021 1 1202502053.013028
0152132020003242424523633021 1 1202502053.013034
0152152020003242424523633021 1 1202502053.013040
0152162020003242424523633021 1 1202502053.013045
0152102020103242424523633021 1 1202502053.013051
0152122020103242424523633021 1 1202502053.013057
0152132020103242424523633021 1 1202502053.013102
0152152020103242424523633021 1 1202502053.013108
0152162020103242424523633021 1 1202502053.013114
0152102020303242424523633021 1 1202502053.013119
0152122020303242424523633021 1 1202502053.013125
0152132020303242424523633021 1 1202502053.013131
0152152020303242424523633021 1 1202502053.013137
0152162020303242424523633021 1 1202502053.013142
0152102020403242424523633021 1 1202502053.013148
0152122020403242424523633021 1 1202502053.013154
0152132020403242424523633021 1 1202502053.013159
0152152020403242424523633021 1 1202502053.013205
0152162020403242424523633021 1 1202502053.013211
0152102020603242424523633021 1 1202502053.013216
0152122020603242424523633021 1 1202502053.013222
0152132020603242424523633021 1 1202502053.013228
0152152020603242424523633021 1 1202502053.013234
0152162020603242424523633021 1 1202502053.013239
0155102220003442424523633021 1 1202502053.013244
0155102220103442424523633021 1 1202502053.013249
0155102220303442424523633021 1 1202502053.013253
0155102220403442424523633021 1 1202502053.013258
0155102220603442424523633021 1 1202502053.013303
0152102020403252424523633021 1 1202502053.013309
0152122020403252424523633021 1 1202502053.013314
0152132020403252424523633021 1 1202502053.013320
0152152020403252424523633021 1 1202502053.013326
0152162020403252424523633021 1 1202502053.013331
0155102220003452424523633021 1 1202502053.013336
0155102220103452424523633021 1 1202502053.013341
0155102220303452424523633021 1 1202502053.013345
0155102220403452424523633021 1 1202502053.013350
0155102220603452424523633021 1 1202502053.013355
0155102220003404424523633021 1 1202502053.014627
0151105220003404424523633021 2 1202502053.014631
0155102220103404424523633021 1 1202502053.014636
0151105220103404424523633021 2 1202502053.014641
0155102220303404424523633021 1 1202502053.014645
0151105220303404424523633021 2 1202502053.014650
0155102220403404424523633021 1 1202502053.014655
0151105220403404424523633021 2 1202502053.014659
0155102220603404424523633021 1 1202502053.014704
0151105220603404424523633021 2 1202502053.014708
0151105220013404424523633021 2 1202502053.014713
0151105220113404424523633021 2 1202502053.014718
0151105220313404424523633021 2 1202502053.014722
0151105220413404424523633021 2 1202502053.014727
0151105220613404424523633021 2 1202502053.014731
0151102220033404424523633021 2 1202502053.014736
0151105220033404424523633021 2 1202502053.014741
0151102220133404424523633021 2 1202502053.014745
0151105220133404424523633021 2 1202502053.014750
0151102220333404424523633021 2 1202502053.014754
0151105220333404424523633021 2 1202502053.014759
0151102220433404424523633021 2 1202502053.014804
0151105220433404424523633021 2 1202502053.014808
0121102220633404424523633021 2 1202502053.014813
0151102220633404424523633021 2 1202502053.014817
0121105220633404424523633021 2 1202502053.014822
0151105220633404424523633021 2 1202502053.014827
0151105220043404424523633021 2 1202502053.014831
0151105220143404424523633021 2 1202502053.014836
0151105220343404424523633021 2 1202502053.014840
0151105220443404424523633021 2 1202502053.014845
0151105220643404424523633021 2 1202502053.014850
0151105220063404424523633021 2 1202502053.014854
0151105220163404424523633021 2 1202502053.014859
0151105220363404424523633021 2 1202502053.014903
0151105220463404424523633021 2 1202502053.014908
0151105220663404424523633021 2 1202502053.014913
0155102220003414424523633021 1 1202502053.020144
0151105220003414424523633021 2 1202502053.020149
0155102220103414424523633021 1 1202502053.020154
0151105220103414424523633021 2 1202502053.020158
0155102220303414424523633021 1 1202502053.020203
0151105220303414424523633021 2 1202502053.020207
0155102220403414424523633021 1 1202502053.020212
0151105220403414424523633021 2 1202502053.020217
0155102220603414424523633021 1 1202502053.020221
0151105220603414424523633021 2 1202502053.020226
0151105220013414424523633021 2 1202502053.020231
0151105220113414424523633021 2 1202502053.020235
0151105220313414424523633021 2 1202502053.020240
0151105220413414424523633021 2 1202502053.020244
0151105220613414424523633021 2 1202502053.020249
0151102220033414424523633021 2 1202502053.020254
0151105220033414424523633021 2 1202502053.020258
0151102220133414424523633021 2 1202502053.020303
0151105220133414424523633021 2 1202502053.020307
0151102220333414424523633021 2 1202502053.020312
0151105220333414424523633021 2 1202502053.020317
0151102220433414424523633021 2 1202502053.020321
0151105220433414424523633021 2 1202502053.020326
0121102220633414424523633021 2 1202502053.020330
0151102220633414424523633021 2 1202502053.020335
0121105220633414424523633021 2 1202502053.020340
0151105220633414424523633021 2 1202502053.020344
0151105220043414424523633021 2 1202502053.020349
0151105220143414424523633021 2 1202502053.020353
0151105220343414424523633021 2 1202502053.020358
0151105220443414424523633021 2 1202502053.020403
0151105220643414424523633021 2 1202502053.020407
0151105220063414424523633021 2 1202502053.020412
0151105220163414424523633021 2 1202502053.020416
0151105220363414424523633021 2 1202502053.020421
0151105220463414424523633021 2 1202502053.020426
0151105220663414424523633021 2 1202502053.020430
0155102220003424424523633021 1 1202502053.021702
0151105220003424424523633021 2 1202502053.021707
0155102220103424424523633021 1 1202502053.021711
0151105220103424424523633021 2 1202502053.021716
0155102220303424424523633021 1 1202502053.021721
0151105220303424424523633021 2 1202502053.021725
0155102220403424424523633021 1 1202502053.021730
0151105220403424424523633021 2 1202502053.021734
0155102220603424424523633021 1 1202502053.021739
0151105220603424424523633021 2 1202502053.021744
0151105220013424424523633021 2 1202502053.021748
0151105220113424424523633021 2 1202502053.021753
0151105220313424424523633021 2 1202502053.021757
0151105220413424424523633021 2 1202502053.021802
0151105220613424424523633021 2 1202502053.021807
0151102220033424424523633021 2 1202502053.021811
0151105220033424424523633021 2 1202502053.021816
0151102220133424424523633021 2 1202502053.021820
0151105220133424424523633021 2 1202502053.021825
0151102220333424424523633021 2 1202502053.021830
0151105220333424424523633021 2 1202502053.021834
0151102220433424424523633021 2 1202502053.021839
0151105220433424424523633021 2 1202502053.021843
0121102220633424424523633021 2 1202502053.021848
0151102220633424424523633021 2 1202502053.021853
0121105220633424424523633021 2 1202502053.021857
0151105220633424424523633021 2 1202502053.021902
0151105220043424424523633021 2 1202502053.021906
0151105220143424424523633021 2 1202502053.021911
0151105220343424424523633021 2 1202502053.021916
0151105220443424424523633021 2 1202502053.021920
0151105220643424424523633021 2 1202502053.021925
0151105220063424424523633021 2 1202502053.021929
0151105220163424424523633021 2 1202502053.021934
0151105220363424424523633021 2 1202502053.021939
0151105220463424424523633021 2 1202502053.021943
0151105220663424424523633021 2 1202502053.021948
0155102220003444424523633021 1 1202502053.023331
0151105220003444424523633021 2 1202502053.023336
0155102220103444424523633021 1 1202502053.023340
0151105220103444424523633021 2 1202502053.023345
0155102220303444424523633021 1 1202502053.023350
0151105220303444424523633021 2 1202502053.023354
0155102220403444424523633021 1 1202502053.023359
0151105220403444424523633021 2 1202502053.023403
0155102220603444424523633021 1 1202502053.023408
0151105220603444424523633021 2 1202502053.023413
0151105220013444424523633021 2 1202502053.023417
0151105220113444424523633021 2 1202502053.023422
0151105220313444424523633021 2 1202502053.023426
0151105220413444424523633021 2 1202502053.023431
0151105220613444424523633021 2 1202502053.023436
0151102220033444424523633021 2 1202502053.023440
0151105220033444424523633021 2 1202502053.023445
0151102220133444424523633021 2 1202502053.023449
0151105220133444424523633021 2 1202502053.023454
0151102220333444424523633021 2 1202502053.023459
0151105220333444424523633021 2 1202502053.023503
0151102220433444424523633021 2 1202502053.023508
0151105220433444424523633021 2 1202502053.023513
0121102220633444424523633021 2 1202502053.023517
0151102220633444424523633021 2 1202502053.023522
0121105220633444424523633021 2 1202502053.023526
0151105220633444424523633021 2 1202502053.023531
0151105220043444424523633021 2 1202502053.023536
0151105220143444424523633021 2 1202502053.023540
0151105220343444424523633021 2 1202502053.023545
0151105220443444424523633021 2 1202502053.023549
0151105220643444424523633021 2 1202502053.023554
0151105220063444424523633021 2 1202502053.023559
0151105220163444424523633021 2 1202502053.023603
0151105220363444424523633021 2 1202502053.023608
0151105220463444424523633021 2 1202502053.023612
0151105220663444424523633021 2 1202502053.023617
0155102220003454424523633021 1 1202502053.024849
0151105220003454424523633021 2 1202502053.024854
0155102220103454424523633021 1 1202502053.024858
0151105220103454424523633021 2 1202502053.024903
0155102220303454424523633021 1 1202502053.024907
0151105220303454424523633021 2 1202502053.024912
0155102220403454424523633021 1 1202502053.024917
0151105220403454424523633021 2 1202502053.024921
0155102220603454424523633021 1 1202502053.024926
0151105220603454424523633021 2 1202502053.024931
0151105220013454424523633021 2 1202502053.024935
0151105220113454424523633021 2 1202502053.024940
0151105220313454424523633021 2 1202502053.024944
0151105220413454424523633021 2 1202502053.024949
0151105220613454424523633021 2 1202502053.024954
0151102220033454424523633021 2 1202502053.024958
0151105220033454424523633021 2 1202502053.025003
0151102220133454424523633021 2 1202502053.025007
0151105220133454424523633021 2 1202502053.025012
0151102220333454424523633021 2 1202502053.025017
0151105220333454424523633021 2 1202502053.025021
0151102220433454424523633021 2 1202502053.025026
0151105220433454424523633021 2 1202502053.025030
0121102220633454424523633021 2 1202502053.025035
0151102220633454424523633021 2 1202502053.025040
0121105220633454424523633021 2 1202502053.025044
0151105220633454424523633021 2 1202502053.025049
0151105220043454424523633021 2 1202502053.025053
0151105220143454424523633021 2 1202502053.025058
0151105220343454424523633021 2 1202502053.025103
0151105220443454424523633021 2 1202502053.025107
0151105220643454424523633021 2 1202502053.025112
0151105220063454424523633021 2 1202502053.025116
0151105220163454424523633021 2 1202502053.025121
0151105220363454424523633021 2 1202502053.025126
0151105220463454424523633021 2 1202502053.025130
0151105220663454424523633021 2 1202502053.025135
0121102220643200434523633021 2 1202502053.025143
0121102220643210434523633021 2 1202502053.025148
0121102220643220434523633021 2 1202502053.025153
0121102220643240434523633021 2 1202502053.025159
0121102220643250434523633021 2 1202502053.025204
0121102220643201434523633021 2 1202502053.025209
0121102220643211434523633021 2 1202502053.025214
0121102220643221434523633021 2 1202502053.025219
0121102220643241434523633021 2 1202502053.025224
0121102220643251434523633021 2 1202502053.025229
0152102020403202434523633021 1 1202502053.025235
0152122020403202434523633021 1 1202502053.025241
0152132020403202434523633021 1 1202502053.025247
0152152020403202434523633021 1 1202502053.025252
0152162020403202434523633021 1 1202502053.025258
0121102220643202434523633021 2 1202502053.025303
0152102020403212434523633021 1 1202502053.025309
0152122020403212434523633021 1 1202502053.025315
0152132020403212434523633021 1 1202502053.025320
0152152020403212434523633021 1 1202502053.025326
0152162020403212434523633021 1 1202502053.025332
0121102220643212434523633021 2 1202502053.025336
0152102020403222434523633021 1 1202502053.025343
0152122020403222434523633021 1 1202502053.025348
0152132020403222434523633021 1 1202502053.025354
0152152020403222434523633021 1 1202502053.025400
0152162020403222434523633021 1 1202502053.025405
0121102220643222434523633021 2 1202502053.025410
0152102020003242434523633021 1 1202502053.025416
0152122020003242434523633021 1 1202502053.025422
0152132020003242434523633021 1 1202502053.025427
0152152020003242434523633021 1 1202502053.025433
0152162020003242434523633021 1 1202502053.025439
0152102020103242434523633021 1 1202502053.025444
0152122020103242434523633021 1 1202502053.025450
0152132020103242434523633021 1 1202502053.025456
0152152020103242434523633021 1 1202502053.025502
0152162020103242434523633021 1 1202502053.025507
0152102020303242434523633021 1 1202502053.025513
0152122020303242434523633021 1 1202502053.025519
0152132020303242434523633021 1 1202502053.025524
0152152020303242434523633021 1 1202502053.025530
0152162020303242434523633021 1 1202502053.025536
0152102020403242434523633021 1 1202502053.025542
0152122020403242434523633021 1 1202502053.025547
0152132020403242434523633021 1 1202502053.025553
0152152020403242434523633021 1 1202502053.025559
0152162020403242434523633021 1 1202502053.025604
0152102020603242434523633021 1 1202502053.025610
0152122020603242434523633021 1 1202502053.025616
0152132020603242434523633021 1 1202502053.025621
0152152020603242434523633021 1 1202502053.025627
0152162020603242434523633021 1 1202502053.025633
0121102220643242434523633021 2 1202502053.025638
0152102020403252434523633021 1 1202502053.025644
0152122020403252434523633021 1 1202502053.025649
0152132020403252434523633021 1 1202502053.025655
0152152020403252434523633021 1 1202502053.025701
0152162020403252434523633021 1 1202502053.025706
0121102220643252434523633021 2 1202502053.025711
0121102220643204434523633021 2 1202502053.025716
0121102220643214434523633021 2 1202502053.025721
0121102220643224434523633021 2 1202502053.025727
0121102220643244434523633021 2 1202502053.025732
0121102220643254434523633021 2 1202502053.025737
0121102220643205434523633021 2 1202502053.025742
0121102220643215434523633021 2 1202502053.025747
0121102220643225434523633021 2 1202502053.025752
0121102220643245434523633021 2 1202502053.025757
0121102220643255434523633021 2 1202502053.025802
0152102020403202454523633021 1 1202502053.025813
0152122020403202454523633021 1 1202502053.025819
0152132020403202454523633021 1 1202502053.025825
0152152020403202454523633021 1 1202502053.025830
0152162020403202454523633021 1 1202502053.025836
0152102020403212454523633021 1 1202502053.025842
0152122020403212454523633021 1 1202502053.025848
0152132020403212454523633021 1 1202502053.025853
0152152020403212454523633021 1 1202502053.025859
0152162020403212454523633021 1 1202502053.025905
0152102020403222454523633021 1 1202502053.025911
0152122020403222454523633021 1 1202502053.025917
0152132020403222454523633021 1 1202502053.025922
0152152020403222454523633021 1 1202502053.025928
0152162020403222454523633021 1 1202502053.025934
0152102020003242454523633021 1 1202502053.025940
0152122020003242454523633021 1 1202502053.025946
0152132020003242454523633021 1 1202502053.025951
0152152020003242454523633021 1 1202502053.025957
0152162020003242454523633021 1 1202502053.030003
0152102020103242454523633021 1 1202502053.030008
0152122020103242454523633021 1 1202502053.030014
0152132020103242454523633021 1 1202502053.030020
0152152020103242454523633021 1 1202502053.030026
0152162020103242454523633021 1 1202502053.030031
0152102020303242454523633021 1 1202502053.030037
0152122020303242454523633021 1 1202502053.030043
0152132020303242454523633021 1 1202502053.030048
0152152020303242454523633021 1 1202502053.030054
0152162020303242454523633021 1 1202502053.030100
0152102020403242454523633021 1 1202502053.030105
0152122020403242454523633021 1 1202502053.030111
0152132020403242454523633021 1 1202502053.030117
0152152020403242454523633021 1 1202502053.030122
0152162020403242454523633021 1 1202502053.030128
0152102020603242454523633021 1 1202502053.030134
0152122020603242454523633021 1 1202502053.030140
0152132020603242454523633021 1 1202502053.030145
0152152020603242454523633021 1 1202502053.030151
0152162020603242454523633021 1 1202502053.030157
0152102020403252454523633021 1 1202502053.030203
0152122020403252454523633021 1 1202502053.030209
0152132020403252454523633021 1 1202502053.030215
0152152020403252454523633021 1 1202502053.030220
0152162020403252454523633021 1 1202502053.030226
0152102020403202464523633021 1 1202502053.030242
0152122020403202464523633021 1 1202502053.030248
0152132020403202464523633021 1 1202502053.030253
0152152020403202464523633021 1 1202502053.030259
0152162020403202464523633021 1 1202502053.030305
0152102020403212464523633021 1 1202502053.030311
0152122020403212464523633021 1 1202502053.030317
0152132020403212464523633021 1 1202502053.030322
0152152020403212464523633021 1 1202502053.030328
0152162020403212464523633021 1 1202502053.030334
0152102020403222464523633021 1 1202502053.030340
0152122020403222464523633021 1 1202502053.030346
0152132020403222464523633021 1 1202502053.030351
0152152020403222464523633021 1 1202502053.030357
0152162020403222464523633021 1 1202502053.030403
0152102020003242464523633021 1 1202502053.030409
0152122020003242464523633021 1 1202502053.030415
0152132020003242464523633021 1 1202502053.030420
0152152020003242464523633021 1 1202502053.030426
0152162020003242464523633021 1 1202502053.030432
0152102020103242464523633021 1 1202502053.030437
0152122020103242464523633021 1 1202502053.030443
0152132020103242464523633021 1 1202502053.030449
0152152020103242464523633021 1 1202502053.030455
0152162020103242464523633021 1 1202502053.030500
0152102020303242464523633021 1 1202502053.030506
0152122020303242464523633021 1 1202502053.030512
0152132020303242464523633021 1 1202502053.030517
0152152020303242464523633021 1 1202502053.030523
0152162020303242464523633021 1 1202502053.030529
0152102020403242464523633021 1 1202502053.030535
0152122020403242464523633021 1 1202502053.030540
0152132020403242464523633021 1 1202502053.030546
0152152020403242464523633021 1 1202502053.030552
0152162020403242464523633021 1 1202502053.030557
0152102020603242464523633021 1 1202502053.030603
0152122020603242464523633021 1 1202502053.030609
0152132020603242464523633021 1 1202502053.030614
0152152020603242464523633021 1 1202502053.030620
0152162020603242464523633021 1 1202502053.030626
0152102020403252464523633021 1 1202502053.030632
0152122020403252464523633021 1 1202502053.030638
0152132020403252464523633021 1 1202502053.030643
0152152020403252464523633021 1 1202502053.030649
0152162020403252464523633021 1 1202502053.030655
0562102023003106404200002034 1 1202502053.071454
0562102023103106404200002034 1 1202502053.071500
0562102023303106404200002034 1 1202502053.071506
0512102023403106404200002034 1 1202502053.071512
0562102023403106404200002034 1 1202502053.071518
0562102023503106404200002034 1 1202502053.071524
0562102023003116404200002034 1 1202502053.071532
0562102023103116404200002034 1 1202502053.071538
0562102023303116404200002034 1 1202502053.071544
0512102023403116404200002034 1 1202502053.071550
0562102023403116404200002034 1 1202502053.071556
0562102023503116404200002034 1 1202502053.071602
0562102023003126404200002034 1 1202502053.071610
0562102023103126404200002034 1 1202502053.071616
0562102023303126404200002034 1 1202502053.071623
0512102023403126404200002034 1 1202502053.071629
0562102023403126404200002034 1 1202502053.071635
0562102023503126404200002034 1 1202502053.071641
0562102023003146404200002034 1 1202502053.071649
0562102023103146404200002034 1 1202502053.071655
0562102023303146404200002034 1 1202502053.071701
0512102023403146404200002034 1 1202502053.071707
0562102023403146404200002034 1 1202502053.071713
0562102023503146404200002034 1 1202502053.071719
0562102023003156404200002034 1 1202502053.071727
0562102023103156404200002034 1 1202502053.071733
0562102023303156404200002034 1 1202502053.071739
0512102023403156404200002034 1 1202502053.071745
0562102023403156404200002034 1 1202502053.071751
0562102023503156404200002034 1 1202502053.071757
0562102023003166404200002034 1 1202502053.071810
0562102023103166404200002034 1 1202502053.071816
0562102023303166404200002034 1 1202502053.071822
0512102023403166404200002034 1 1202502053.071828
0562102023403166404200002034 1 1202502053.071834
0562102023503166404200002034 1 1202502053.071840
0542102023003106404600002034 1 1202502053.093128
0562102023003106404600002034 1 1202502053.093134
0542102023103106404600002034 1 1202502053.093140
0562102023103106404600002034 1 1202502053.093146
0542102023303106404600002034 1 1202502053.093152
0562102023303106404600002034 1 1202502053.093158
0512102023403106404600002034 1 1202502053.093204
0542102023403106404600002034 1 1202502053.093210
0562102023403106404600002034 1 1202502053.093216
0542102023503106404600002034 1 1202502053.093222
0562102023503106404600002034 1 1202502053.093228
0542102023003116404600002034 1 1202502053.093237
0562102023003116404600002034 1 1202502053.093243
0542102023103116404600002034 1 1202502053.093249
0562102023103116404600002034 1 1202502053.093255
0542102023303116404600002034 1 1202502053.093301
0562102023303116404600002034 1 1202502053.093307
0512102023403116404600002034 1 1202502053.093313
0542102023403116404600002034 1 1202502053.093319
0562102023403116404600002034 1 1202502053.093325
0542102023503116404600002034 1 1202502053.093331
0562102023503116404600002034 1 1202502053.093337
0542102023003126404600002034 1 1202502053.093345
0562102023003126404600002034 1 1202502053.093352
0542102023103126404600002034 1 1202502053.093358
0562102023103126404600002034 1 1202502053.093404
0542102023303126404600002034 1 1202502053.093410
0562102023303126404600002034 1 1202502053.093416
0512102023403126404600002034 1 1202502053.093422
0542102023403126404600002034 1 1202502053.093428
0562102023403126404600002034 1 1202502053.093434
0542102023503126404600002034 1 1202502053.093440
0562102023503126404600002034 1 1202502053.093446
0542102023003146404600002034 1 1202502053.093454
0562102023003146404600002034 1 1202502053.093500
0542102023103146404600002034 1 1202502053.093506
0562102023103146404600002034 1 1202502053.093512
0542102023303146404600002034 1 1202502053.093518
0562102023303146404600002034 1 1202502053.093525
0512102023403146404600002034 1 1202502053.093531
0542102023403146404600002034 1 1202502053.093537
0562102023403146404600002034 1 1202502053.093543
0542102023503146404600002034 1 1202502053.093549
0562102023503146404600002034 1 1202502053.093555
0542102023003156404600002034 1 1202502053.093603
0562102023003156404600002034 1 1202502053.093609
0542102023103156404600002034 1 1202502053.093615
0562102023103156404600002034 1 1202502053.093621
0542102023303156404600002034 1 1202502053.093627
0562102023303156404600002034 1 1202502053.093634
0512102023403156404600002034 1 1202502053.093640
0542102023403156404600002034 1 1202502053.093646
0562102023403156404600002034 1 1202502053.093652
0542102023503156404600002034 1 1202502053.093658
0562102023503156404600002034 1 1202502053.093704
0542102023003166404600002034 1 1202502053.093717
0562102023003166404600002034 1 1202502053.093723
0542102023103166404600002034 1 1202502053.093729
0562102023103166404600002034 1 1202502053.093735
0542102023303166404600002034 1 1202502053.093741
0562102023303166404600002034 1 1202502053.093747
0512102023403166404600002034 1 1202502053.093753
0542102023403166404600002034 1 1202502053.093759
0562102023403166404600002034 1 1202502053.093805
0542102023503166404600002034 1 1202502053.093811
0562102023503166404600002034 1 1202502053.093817
0542102023003106424600002034 1 1202502053.103339
0542102023103106424600002034 1 1202502053.103345
0542102023303106424600002034 1 1202502053.103351
0542102023403106424600002034 1 1202502053.103357
0542102023503106424600002034 1 1202502053.103403
0542102023003116424600002034 1 1202502053.103411
0542102023103116424600002034 1 1202502053.103417
0542102023303116424600002034 1 1202502053.103423
0542102023403116424600002034 1 1202502053.103429
0542102023503116424600002034 1 1202502053.103435
0542102023003126424600002034 1 1202502053.103442
0542102023103126424600002034 1 1202502053.103448
0542102023303126424600002034 1 1202502053.103454
0542102023403126424600002034 1 1202502053.103500
0542102023503126424600002034 1 1202502053.103506
0542102023003146424600002034 1 1202502053.103520
0542102023103146424600002034 1 1202502053.103526
0542102023303146424600002034 1 1202502053.103533
0542102023403146424600002034 1 1202502053.103539
0542102023503146424600002034 1 1202502053.103545
0542102023003156424600002034 1 1202502053.103601
0542102023103156424600002034 1 1202502053.103607
0542102023303156424600002034 1 1202502053.103613
0542102023403156424600002034 1 1202502053.103619
0542102023503156424600002034 1 1202502053.103625
0542102023003166424600002034 1 1202502053.103632
0542102023103166424600002034 1 1202502053.103638
0542102023303166424600002034 1 1202502053.103644
0542102023403166424600002034 1 1202502053.103650
0542102023503166424600002034 1 1202502053.103656
0542102023003106434600002034 1 1202502053.103801
0542102023103106434600002034 1 1202502053.103807
0542102023303106434600002034 1 1202502053.103813
0542102023403106434600002034 1 1202502053.103820
0542102023503106434600002034 1 1202502053.103826
0542102023003116434600002034 1 1202502053.103834
0542102023103116434600002034 1 1202502053.103840
0542102023303116434600002034 1 1202502053.103846
0542102023403116434600002034 1 1202502053.103852
0542102023503116434600002034 1 1202502053.103858
0542102023003126434600002034 1 1202502053.103906
0542102023103126434600002034 1 1202502053.103912
0542102023303126434600002034 1 1202502053.103918
0542102023403126434600002034 1 1202502053.103924
0542102023503126434600002034 1 1202502053.103930
0542102023003146434600002034 1 1202502053.103938
0542102023103146434600002034 1 1202502053.103944
0542102023303146434600002034 1 1202502053.103950
0542102023403146434600002034 1 1202502053.103956
0542102023503146434600002034 1 1202502053.104002
0542102023003156434600002034 1 1202502053.104010
0542102023103156434600002034 1 1202502053.104016
0542102023303156434600002034 1 1202502053.104022
0542102023403156434600002034 1 1202502053.104028
0542102023503156434600002034 1 1202502053.104034
0542102023003166434600002034 1 1202502053.104042
0542102023103166434600002034 1 1202502053.104049
0542102023303166434600002034 1 1202502053.104055
0542102023403166434600002034 1 1202502053.104101
0542102023503166434600002034 1 1202502053.104107
0542102023003106454600002034 1 1202502053.105934
0542102023103106454600002034 1 1202502053.105940
0542102023303106454600002034 1 1202502053.105946
0542102023403106454600002034 1 1202502053.105952
0542102023503106454600002034 1 1202502053.105958
0542102023003116454600002034 1 1202502053.110005
0542102023103116454600002034 1 1202502053.110011
0542102023303116454600002034 1 1202502053.110017
0542102023403116454600002034 1 1202502053.110023
0542102023503116454600002034 1 1202502053.110029
0542102023003126454600002034 1 1202502053.110036
0542102023103126454600002034 1 1202502053.110042
0542102023303126454600002034 1 1202502053.110048
0542102023403126454600002034 1 1202502053.110054
0542102023503126454600002034 1 1202502053.110100
0542102023003146454600002034 1 1202502053.110107
0542102023103146454600002034 1 1202502053.110113
0542102023303146454600002034 1 1202502053.110120
0542102023403146454600002034 1 1202502053.110126
0542102023503146454600002034 1 1202502053.110132
0542102023003156454600002034 1 1202502053.110139
0542102023103156454600002034 1 1202502053.110145
0542102023303156454600002034 1 1202502053.110151
0542102023403156454600002034 1 1202502053.110157
0542102023503156454600002034 1 1202502053.110203
0542102023003166454600002034 1 1202502053.110210
0542102023103166454600002034 1 1202502053.110216
0542102023303166454600002034 1 1202502053.110222
0542102023403166454600002034 1 1202502053.110228
0542102023503166454600002034 1 1202502053.110234
0542102023003106464600002034 1 1202502053.114742
0542102023103106464600002034 1 1202502053.114748
0542102023303106464600002034 1 1202502053.114754
0542102023403106464600002034 1 1202502053.114800
0542102023503106464600002034 1 1202502053.114806
0542102023003116464600002034 1 1202502053.114813
0542102023103116464600002034 1 1202502053.114819
0542102023303116464600002034 1 1202502053.114825
0542102023403116464600002034 1 1202502053.114832
0542102023503116464600002034 1 1202502053.114838
0542102023003126464600002034 1 1202502053.114845
0542102023103126464600002034 1 1202502053.114851
0542102023303126464600002034 1 1202502053.114857
0542102023403126464600002034 1 1202502053.114903
0542102023503126464600002034 1 1202502053.114909
0542102023003146464600002034 1 1202502053.114921
0542102023103146464600002034 1 1202502053.114927
0542102023303146464600002034 1 1202502053.114933
0542102023403146464600002034 1 1202502053.114939
0542102023503146464600002034 1 1202502053.114945
0542102023003156464600002034 1 1202502053.114952
0542102023103156464600002034 1 1202502053.114959
0542102023303156464600002034 1 1202502053.115005
0542102023403156464600002034 1 1202502053.115011
0542102023503156464600002034 1 1202502053.115017
0542102023003166464600002034 1 1202502053.115024
0542102023103166464600002034 1 1202502053.115030
0542102023303166464600002034 1 1202502053.115036
0542102023403166464600002034 1 1202502053.115042
0542102023503166464600002034 1 1202502053.115048
0161102225453116404210002034 1 1202502053.175029
0161102225053166404210002034 6 1202502053.175044
0161102225153166404210002034 6 1202502053.175049
0161102225353166404210002034 6 1202502053.175057
0161102225453166404210002034 6 1202502053.175102
0161102225553166404210002034 6 1202502053.175107
0161102225453116404610002034 1 1202502064.161943
0161102225053166404610002034 6 1202502064.161958
0161102225153166404610002034 6 1202502064.162003
0161102225353166404610002034 6 1202502064.162010
0161102225453166404610002034 6 1202502064.162016
0161102225553166404610002034 6 1202502064.162021
0124103225313144424610002034 2 1202502064.203255
0124103225313144424610002444 2 1202502086.055510
