014110212003354042020000
014110212003350442020000
014110212003354542020000
014110212003350442020200
014110212003351542020200
014110212003354542020200
014110252033304542010110
014110252033300442020110
014110252003301042010410
014110252003304042010410
014110252035304042010410
014110252003311042010410
014110252003304042010410
014110252035304042010410
014110252003314042010410
014110252035314142010410
014110252035304242010410
014110252033310442010410
014110252003301442010410
014110252003311442010410
014110252003304442010410
014110252003314442010410
014110252033314442010410
014110252035314442010410
014110252003305442010410
014110252003315442010410
014110252003301542010410
014110252003311542010410
014110252003304542010410
014110252033304542010410
014110252035304542010410
014110252003314542010410
014110252003301042020410
014110252003311042020410
014110252003304042020410
014110252033304042020410
014110252003314042020410
014110252035314042020410
014110252035314142020410
014110252035314142020410
014110252003301442020410
014110252003311442020410
014110252003304442020410
014110252003314442020410
014110252003305442020410
014110252003315442020410
014110252003301542020410
014110252003311542020410
014110252003304542020410