014110212003354042020000
014110212013354042020000
014110212023354042020000
014110212033354042020000
014110212043354042020000
014110212053354042020000
014110212003350442020000
014110212013350442020000
014110212023350442020000
014110212033350442020000
014110212043350442020000
014110212053350442020000
014110212003351442020000
014110212013351442020000
014110212023351442020000
014110212033351442020000
014110212043351442020000
014110212053351442020000
014110212003352442020000
014110212013352442020000
014110212023352442020000
014110212033352442020000
014110212043352442020000
014110212053352442020000
014110212003353442020000
014110212013353442020000
014110212023353442020000
014110212033353442020000
014110212043353442020000
014110212053353442020000
014110212003354442020000
014110212013354442020000
014110212023354442020000
014110212033354442020000
014110212043354442020000
014110212053354442020000
014110212003355442020000
014110212013355442020000
014110212023355442020000
014110212033355442020000
014110212043355442020000
014110212043355442020000
