0141105521333144424206241106 2 1202604164.211517
0141105521333644424206241106 2 1202604164.211518
0121102020333564424116000441 2 1202604164.212723
0121100021333564424116000441 2 1202604164.212723
0125100021333564424116000441 2 1202604164.212724
0121102021333564424116000441 2 1202604164.212724
0125102021333564424116000441 2 1202604164.212724
0121102020333564424216000441 2 1202604164.212727
0121100021333564424216000441 2 1202604164.212728
0125100021333564424216000441 2 1202604164.212728
0121102021333564424216000441 2 1202604164.212728
0125102021333564424216000441 2 1202604164.212728
0121102020333564424516000441 2 1202604164.212732
0121100021333564424516000441 2 1202604164.212732
0125100021333564424516000441 2 1202604164.212732
0121102021333564424516000441 2 1202604164.212733
0125102021333564424516000441 2 1202604164.212733
0144102225333502424116000521 2 1202604164.212751
0144102625333502424116000521 2 1202604164.212751
0144102626333504424116000521 2 1202604164.212753
