0124100521333154424206262000 2 1202503156.202107
0124102521333154424206262000 2 1202503156.202109
0124103521333154424206262000 2 1202503156.202110
0124105521333154424206262000 2 1202503156.202116
0124106521333154424206262000 1 1202503156.202120
0124100521333154424606262000 2 1202503156.202121
0124102521333154424606262000 2 1202503156.202122
0124103521333154424606262000 2 1202503156.202122
0124105521333154424606262000 2 1202503156.202123
0124106521333154424606262000 1 1202503156.202123
0144152621353141424200000210 2 1202503156.202123
0144152621363541424200000210 1 1202503156.202123
0144152621303542424200000210 2 1202503156.202124
0144152621313542424200000210 2 1202503156.202124
0144152621333542424200000210 2 1202503156.202124
0144152621343542424200000210 2 1202503156.202124
0144152621353542424200000210 2 1202503156.202124
0144152621363542424200000210 1 1202503156.202124
0144152621353124424200000210 2 1202503156.202124
0144152621303546424200000210 2 1202503156.202125
0144152621313546424200000210 2 1202503156.202125
0144152621333546424200000210 2 1202503156.202125
0144152621343546424200000210 2 1202503156.202125
0144152621353546424200000210 2 1202503156.202125
0144152621363546424200000210 1 1202503156.202125
0144153621113542424200000120 2 1202503156.202126
0144150621333104424200000120 2 1202503156.202126
0144152621333104424200000120 2 1202503156.202126
0144153621333104424200000120 2 1202503156.202126
0144155621333104424200000120 2 1202503156.202126
0541156621333104424200000120 2 1202503156.202126
0144156621333104424200000120 2 1202503156.202126
0144150621333114424200000120 2 1202503156.202126
0144152621333114424200000120 2 1202503156.202126
0144153621333114424200000120 2 1202503156.202126
0144155621333114424200000120 2 1202503156.202126
0541156621333114424200000120 2 1202503156.202126
0144156621333114424200000120 2 1202503156.202126
0144150621333124424200000120 2 1202503156.202126
0144152621333124424200000120 2 1202503156.202126
0144153621333124424200000120 2 1202503156.202127
0144155621333124424200000120 2 1202503156.202127
0541156621333124424200000120 2 1202503156.202127
0144156621333124424200000120 2 1202503156.202127
0144150621333144424200000120 2 1202503156.202127
0144152621333144424200000120 2 1202503156.202127
0144153621333144424200000120 2 1202503156.202127
0144155621333144424200000120 2 1202503156.202127
0541156621333144424200000120 2 1202503156.202127
0144156621333144424200000120 2 1202503156.202127
0144150621333154424200000120 2 1202503156.202127
0144152621333154424200000120 2 1202503156.202127
0144153621333154424200000120 2 1202503156.202127
0144155621333154424200000120 2 1202503156.202127
0041106621333154424200000120 2 1202503156.202127
0541156621333154424200000120 2 1202503156.202128
0144156621333154424200000120 2 1202503156.202128
0144150621333164424200000120 2 1202503156.202128
0144152621333164424200000120 2 1202503156.202128
0144153621333164424200000120 2 1202503156.202128
0144155621333164424200000120 2 1202503156.202128
0541156621333164424200000120 2 1202503156.202128
0144156621333164424200000120 2 1202503156.202128
0144153621113546424200000120 2 1202503156.202128
0144153621313546424200000120 2 1202503156.202128
0160105220303041424204461320 6 1202503156.202128
0160105220303141424204461320 6 1202503156.202128
0160103220103045424204461320 6 1202503156.202128
0141162620533104424202660640 2 1202503156.202128
0141162620533114424202660640 2 1202503156.202129
0141162620533144424202660640 2 1202503156.202129
0121162620333054424202660640 2 1202503156.202129
0121162620333154424202660640 2 1202503156.202129
0141162620533164424202660640 2 1202503156.202129
0522152621353545424200100201 1 1202503156.202129
0114152220303040424601152301 1 1202503156.202129
0114152225303040424601152301 1 1202503156.202129
0114152220353040424601152301 1 1202503156.202129
0104152225353040424601152301 1 1202503156.202129
0114152225353040424601152301 1 1202503156.202129
0124152225353040424601152301 1 1202503156.202129
0144152225353040424601152301 1 1202503156.202129
0154152225353040424601152301 1 1202503156.202129
0164152225353040424601152301 1 1202503156.202129
0114152220303140424601152301 1 1202503156.202129
0114152225303140424601152301 1 1202503156.202129
0144152225303140424601152301 1 1202503156.202129
0114152220353140424601152301 1 1202503156.202129
0104152225353140424601152301 1 1202503156.202130
0114152225353140424601152301 1 1202503156.202130
0124152225353140424601152301 1 1202503156.202130
0144152225353140424601152301 1 1202503156.202130
0154152225353140424601152301 1 1202503156.202130
0164152225353140424601152301 1 1202503156.202130
0114152220303540424601152301 1 1202503156.202130
0114152225303540424601152301 1 1202503156.202130
0214152225303540424601152301 1 1202503156.202130
0114152220353540424601152301 1 1202503156.202130
0104152225353540424601152301 1 1202503156.202130
0204152225353540424601152301 1 1202503156.202130
0114152225353540424601152301 1 1202503156.202130
0214152225353540424601152301 1 1202503156.202130
0124152225353540424601152301 1 1202503156.202130
0224152225353540424601152301 1 1202503156.202130
0144152225353540424601152301 1 1202503156.202130
0244152225353540424601152301 1 1202503156.202130
0154152225353540424601152301 1 1202503156.202130
0254152225353540424601152301 1 1202503156.202130
0164152225353540424601152301 1 1202503156.202130
0264152225353540424601152301 1 1202503156.202131
0114152225303044424601152301 1 1202503156.202131
0104152225353044424601152301 1 1202503156.202131
0114152225353044424601152301 1 1202503156.202131
0124152225353044424601152301 1 1202503156.202131
0144152225353044424601152301 1 1202503156.202131
0154152225353044424601152301 1 1202503156.202131
0164152225353044424601152301 1 1202503156.202131
0022106021353045424601152301 2 1202503156.202131
0065102521303545424205110211 2 1202503156.202131
0055102621303545424205110211 2 1202503156.202131
0065102621303545424205110211 2 1202503156.202131
0055102521303546424205110211 2 1202503156.202131
0065102521303546424205110211 2 1202503156.202131
0055102621303546424205110211 2 1202503156.202131
0065102621303546424205110211 2 1202503156.202131
0524156021313040424206260621 2 1202503156.202131
0641106521313040424206260621 2 1202503156.202132
0524156521313040424206260621 2 1202503156.202132
0641166521313040424206260621 2 1202503156.202132
0524156621313040424206260621 2 1202503156.202132
0144166521313540424206260621 2 1202503156.202132
0144166621313540424206260621 2 1202503156.202132
0041105521333104424206260621 2 1202503156.202132
0041105621333104424206260621 2 1202503156.202132
0041105521333114424206260621 2 1202503156.202132
0041105621333114424206260621 2 1202503156.202132
0041105521333124424206260621 2 1202503156.202132
0041105621333124424206260621 2 1202503156.202132
0114102521333144424206260621 2 1202503156.202132
0041105521333144424206260621 2 1202503156.202132
0041105621333144424206260621 2 1202503156.202133
0041105521333154424206260621 2 1202503156.202133
0041105621333154424206260621 2 1202503156.202133
0041105521333164424206260621 2 1202503156.202133
0041105621333164424206260621 2 1202503156.202133
0012152321403016404202500261 1 1202503156.202139
0012152321403026404202500261 1 1202503156.202140
0111152021343120464200000002 1 1202503156.202140
0111152021343121464200000002 1 1202503156.202140
0011162021353040424200000602 2 1202503156.202140
0011162021353540424200000602 2 1202503156.202140
0011162021353044424200000602 2 1202503156.202141
0145100521033164424204210252 2 1202503156.202141
0145100521133164424204210252 2 1202503156.202141
0011162021353040424200000652 2 1202503156.202141
0011162021353540424200000652 2 1202503156.202141
0011162021353044424200000652 2 1202503156.202141
0011162021363044424200000652 2 1202503156.202141
0124103521153104424602652333 2 1202503156.202141
0124103521153114424602652333 2 1202503156.202142
0124103521153124424602652333 2 1202503156.202142
0124103521153144424602652333 2 1202503156.202142
0124103521153154424602652333 2 1202503156.202142
0124103521153164424602652333 2 1202503156.202142
0424153021113140424601242304 2 1202503156.202142
0424153021313140424601242304 2 1202503156.202142
0426153021113144424601242304 2 1202503156.202142
0426153021313144424601242304 2 1202503156.202142
0526153021313144424601242304 2 1202503156.202142
0626153021313144424601242304 2 1202503156.202142
0110102220303544424601242304 1 1202503156.202142
0110102220303045424601242304 1 1202503156.202142
0110102220303145424601242304 1 1202503156.202142
0110102220303545424601242304 1 1202503156.202142
0141100521363010424204213014 2 1202503156.202142
0141100521363110424204213014 2 1202503156.202142
0144100521363040424204213014 2 1202503156.202143
0141100521363111424204213014 2 1202503156.202143
0144100521363002424204213014 2 1202503156.202143
0112102521363542424204213014 2 1202503156.202146
0112102521363552424204213014 2 1202503156.202148
0144100521633104424204213014 2 1202503156.202148
0144100521363104424204213014 2 1202503156.202148
0144100521633204424204213014 2 1202503156.202150
0144100521633114424204213014 2 1202503156.202150
0144100521633214424204213014 2 1202503156.202151
0144100521633224424204213014 2 1202503156.202151
0144100521633044424204213014 2 1202503156.202151
0144100521633244424204213014 2 1202503156.202152
0112102521363544424204213014 2 1202503156.202153
0144100521633254424204213014 2 1202503156.202153
0144100521363005424204213014 2 1202503156.202154
0144100521363015424204213014 2 1202503156.202154
0141100521363115424204213014 2 1202503156.202154
0141100521363515424204213014 2 1202503156.202154
0112152223463001404205200214 1 1202503156.202154
0112152223463011404205200214 1 1202503156.202154
0112152223463021404205200214 1 1202503156.202154
0112152621343521404205200214 1 1202503156.202154
0112152223463041404205200214 1 1202503156.202154
0112152223463051404205200214 1 1202503156.202154
0112152223463061404205200214 1 1202503156.202155
0241152621433102404205200214 2 1202503156.202227
0241152621433112404205200214 2 1202503156.202228
0241152621433122404205200214 2 1202503156.202229
0241152621433142404205200214 2 1202503156.202230
0241152621433152404205200214 2 1202503156.202231
0241152621433162404205200214 2 1202503156.202232
0244153521613540424205200214 2 1202503156.202232
0246152521363540424205200214 1 1202503156.202232
0541152621353042424205200214 2 1202503156.202232
0046152521033004424205200214 2 1202503156.202232
0522152521363544424205200214 1 1202503156.202232
0041155521333064424205200214 2 1202503156.202232
0041105521333164424205200214 2 1202503156.202232
0012152321363545424205200214 1 1202503156.202232
0246152521363545424205200214 2 1202503156.202233
0246152521363546424205200214 1 1202503156.202233
0041156621313540424200000024 2 1202503156.202233
0141166621313540424200000024 2 1202503156.202233
0012162521303641424200000024 1 1202503156.202233
0012162521303044424200000024 1 1202503156.202233
0015102021333064454202412334 2 1202503156.202237
0111152021363120404200000444 1 1202503156.202237
0111152021363121404200000444 1 1202503156.202237
0121105521363010464520043205 5 1202503156.202244
0114152220303040424201160615 1 1202503156.202244
0114152225303040424201160615 1 1202503156.202244
0114152220353040424201160615 1 1202503156.202244
0104152225353040424201160615 1 1202503156.202244
0114152225353040424201160615 1 1202503156.202244
0124152225353040424201160615 1 1202503156.202244
0144152225353040424201160615 1 1202503156.202244
0154152225353040424201160615 1 1202503156.202244
0164152225353040424201160615 1 1202503156.202244
0114152220363040424201160615 1 1202503156.202244
0104152225363040424201160615 1 1202503156.202244
0114152225363040424201160615 1 1202503156.202244
0124152225363040424201160615 1 1202503156.202244
0144152225363040424201160615 1 1202503156.202244
0154152225363040424201160615 1 1202503156.202244
0164152225363040424201160615 1 1202503156.202244
0114152220303140424201160615 1 1202503156.202244
0114152225303140424201160615 1 1202503156.202244
0114152220353140424201160615 1 1202503156.202245
0104152225353140424201160615 1 1202503156.202245
0114152225353140424201160615 1 1202503156.202245
0124152225353140424201160615 1 1202503156.202245
0144152225353140424201160615 1 1202503156.202245
0154152225353140424201160615 1 1202503156.202245
0164152225353140424201160615 1 1202503156.202245
0114152220363140424201160615 1 1202503156.202245
0104152225363140424201160615 1 1202503156.202245
0114152225363140424201160615 1 1202503156.202245
0124152225363140424201160615 1 1202503156.202245
0144152225363140424201160615 1 1202503156.202245
0154152225363140424201160615 1 1202503156.202245
0164152225363140424201160615 1 1202503156.202245
0114152220303540424201160615 1 1202503156.202245
0114152225303540424201160615 1 1202503156.202245
0214152225303540424201160615 1 1202503156.202245
0114152220353540424201160615 1 1202503156.202245
0104152225353540424201160615 1 1202503156.202245
0204152225353540424201160615 1 1202503156.202245
0114152225353540424201160615 1 1202503156.202245
0214152225353540424201160615 1 1202503156.202246
0124152225353540424201160615 1 1202503156.202246
0224152225353540424201160615 1 1202503156.202246
0144152225353540424201160615 1 1202503156.202246
0244152225353540424201160615 1 1202503156.202246
0154152225353540424201160615 1 1202503156.202246
0254152225353540424201160615 1 1202503156.202246
0164152225353540424201160615 1 1202503156.202246
0264152225353540424201160615 1 1202503156.202246
0114152220363540424201160615 1 1202503156.202246
0104152225363540424201160615 1 1202503156.202246
0204152225363540424201160615 1 1202503156.202246
0114152225363540424201160615 1 1202503156.202246
0214152225363540424201160615 1 1202503156.202246
0124152225363540424201160615 1 1202503156.202246
0224152225363540424201160615 1 1202503156.202246
0144152225363540424201160615 1 1202503156.202246
0244152225363540424201160615 1 1202503156.202246
0154152225363540424201160615 1 1202503156.202246
0254152225363540424201160615 1 1202503156.202246
0164152225363540424201160615 1 1202503156.202246
0264152225363540424201160615 1 1202503156.202247
0114152225303044424201160615 1 1202503156.202247
0104152225353044424201160615 1 1202503156.202247
0114152225353044424201160615 1 1202503156.202247
0124152225353044424201160615 1 1202503156.202247
0144152225353044424201160615 1 1202503156.202247
0154152225353044424201160615 1 1202503156.202247
0164152225353044424201160615 1 1202503156.202247
0104152225363044424201160615 1 1202503156.202247
0114152225363044424201160615 1 1202503156.202247
0124152225363044424201160615 1 1202503156.202247
0144152225363044424201160615 1 1202503156.202247
0154152225363044424201160615 1 1202503156.202247
0164152225363044424201160615 1 1202503156.202247
0562103021113040424200262035 2 1202503156.202247
0522100021313040424200262035 2 1202503156.202247
0522105021313040424200262035 2 1202503156.202247
0522100521313040424200262035 2 1202503156.202247
0522105521313040424200262035 2 1202503156.202247
0562100021333140424200262035 2 1202503156.202248
0562150021333140424200262035 2 1202503156.202248
0562102021333140424200262035 2 1202503156.202248
0562152021333140424200262035 2 1202503156.202248
0562103021333140424200262035 2 1202503156.202248
0562153021333140424200262035 2 1202503156.202248
0562105021333140424200262035 2 1202503156.202248
0562155021333140424200262035 2 1202503156.202248
0562106021333140424200262035 2 1202503156.202248
0562156021333140424200262035 2 1202503156.202248
0562153021113540424200262035 2 1202503156.202248
0522150021313540424200262035 2 1202503156.202248
0522155021313540424200262035 2 1202503156.202248
0522150521313540424200262035 2 1202503156.202248
0522155521313540424200262035 2 1202503156.202249
0562103021113041424200262035 2 1202503156.202249
0522100021313041424200262035 2 1202503156.202249
0522105021313041424200262035 2 1202503156.202249
0562155021313041424200262035 2 1202503156.202249
0522100521313041424200262035 2 1202503156.202249
0522105521313041424200262035 2 1202503156.202249
0565150021313141424200262035 2 1202503156.202249
0565155021313141424200262035 2 1202503156.202249
0565100521313141424200262035 2 1202503156.202249
0565105521313141424200262035 2 1202503156.202249
0562100021333141424200262035 2 1202503156.202249
0562150021333141424200262035 2 1202503156.202249
0562105021333141424200262035 2 1202503156.202250
0562155021333141424200262035 2 1202503156.202250
0510106021053141424200262035 2 1202503156.202250
0562103021113042424200262035 2 1202503156.202250
0510106021053142424200262035 2 1202503156.202250
0510156021053142424200262035 2 1202503156.202250
0562100021333104424200262035 2 1202503156.202250
0562102021333104424200262035 2 1202503156.202250
0562103021333104424200262035 2 1202503156.202250
0562105021333104424200262035 2 1202503156.202250
0562106021333104424200262035 1 1202503156.202250
0561152621333104424200262035 6 1202503156.202250
0562100021333114424200262035 2 1202503156.202250
0562102021333114424200262035 2 1202503156.202250
0562103021333114424200262035 2 1202503156.202251
0562105021333114424200262035 2 1202503156.202251
0562106021333114424200262035 1 1202503156.202251
0561152621333114424200262035 6 1202503156.202251
0562100021333124424200262035 2 1202503156.202251
0562102021333124424200262035 2 1202503156.202251
0562103021333124424200262035 2 1202503156.202251
0562105021333124424200262035 2 1202503156.202251
0562106021333124424200262035 1 1202503156.202251
0561152621333124424200262035 6 1202503156.202251
0562103021113044424200262035 2 1202503156.202251
0522100021313044424200262035 2 1202503156.202251
0522105021313044424200262035 2 1202503156.202251
0522100521313044424200262035 2 1202503156.202251
0522105521313044424200262035 2 1202503156.202252
0562100021333144424200262035 2 1202503156.202252
0562102021333144424200262035 2 1202503156.202252
0562103021333144424200262035 2 1202503156.202252
0562105021333144424200262035 2 1202503156.202252
0562106021333144424200262035 1 1202503156.202252
0561152621333144424200262035 6 1202503156.202252
0562100021333154424200262035 2 1202503156.202252
0562102021333154424200262035 2 1202503156.202252
0562103021333154424200262035 2 1202503156.202252
0562105021333154424200262035 2 1202503156.202252
0562106021333154424200262035 1 1202503156.202252
0561152621333154424200262035 6 1202503156.202252
0562100021333164424200262035 2 1202503156.202253
0562102021333164424200262035 2 1202503156.202253
0562103021333164424200262035 2 1202503156.202253
0562105021333164424200262035 2 1202503156.202253
0562106021333164424200262035 1 1202503156.202253
0561152621333164424200262035 6 1202503156.202253
0062100021113045424200262035 2 1202503156.202253
0562103021113045424200262035 2 1202503156.202253
0522100021313045424200262035 2 1202503156.202253
0522105021313045424200262035 2 1202503156.202253
0522100521313045424200262035 2 1202503156.202253
0522105521313045424200262035 2 1202503156.202253
0562100021333145424200262035 2 1202503156.202253
0562150021333145424200262035 2 1202503156.202253
0562102021333145424200262035 2 1202503156.202254
0562152021333145424200262035 2 1202503156.202254
0562103021333145424200262035 2 1202503156.202254
0562153021333145424200262035 2 1202503156.202254
0562105021333145424200262035 2 1202503156.202254
0562155021333145424200262035 2 1202503156.202254
0562106021333145424200262035 2 1202503156.202254
0562156021333145424200262035 2 1202503156.202254
0041155521333106424200262035 2 1202503156.202254
0562103021113046424200262035 2 1202503156.202254
0041105521313146424200262035 2 1202503156.202254
0041155521333146424200262035 2 1202503156.202254
0041155521333156424200262035 2 1202503156.202254
0041155521333166424200262035 2 1202503156.202254
0562103021113040424600262035 2 1202503156.202255
0522100021313040424600262035 2 1202503156.202255
0522105021313040424600262035 2 1202503156.202255
0522100521313040424600262035 2 1202503156.202255
0522105521313040424600262035 2 1202503156.202255
0562100021333140424600262035 2 1202503156.202255
0562150021333140424600262035 2 1202503156.202255
0562102021333140424600262035 2 1202503156.202255
0562152021333140424600262035 2 1202503156.202255
0562103021333140424600262035 2 1202503156.202255
0562153021333140424600262035 2 1202503156.202255
0562105021333140424600262035 2 1202503156.202255
0562155021333140424600262035 2 1202503156.202255
0562106021333140424600262035 2 1202503156.202255
0562156021333140424600262035 2 1202503156.202256
0562153021113540424600262035 2 1202503156.202256
0522150021313540424600262035 2 1202503156.202256
0522155021313540424600262035 2 1202503156.202256
0522150521313540424600262035 2 1202503156.202256
0522155521313540424600262035 2 1202503156.202256
0562103021113041424600262035 2 1202503156.202256
0522100021313041424600262035 2 1202503156.202256
0522105021313041424600262035 2 1202503156.202256
0562155021313041424600262035 2 1202503156.202256
0522100521313041424600262035 2 1202503156.202256
0522105521313041424600262035 2 1202503156.202256
0565150021313141424600262035 2 1202503156.202256
0565155021313141424600262035 2 1202503156.202256
0565100521313141424600262035 2 1202503156.202257
0565105521313141424600262035 2 1202503156.202257
0562100021333141424600262035 2 1202503156.202257
0562150021333141424600262035 2 1202503156.202257
0562105021333141424600262035 2 1202503156.202257
0562155021333141424600262035 2 1202503156.202257
0510106021053141424600262035 2 1202503156.202257
0562103021113042424600262035 2 1202503156.202257
0510106021053142424600262035 2 1202503156.202257
0510156021053142424600262035 2 1202503156.202257
0562100021333104424600262035 2 1202503156.202257
0562102021333104424600262035 2 1202503156.202257
0562103021333104424600262035 2 1202503156.202257
0562105021333104424600262035 2 1202503156.202257
0562106021333104424600262035 1 1202503156.202258
0561152621333104424600262035 6 1202503156.202258
0562100021333114424600262035 2 1202503156.202258
0562102021333114424600262035 2 1202503156.202258
0562103021333114424600262035 2 1202503156.202258
0562105021333114424600262035 2 1202503156.202258
0562106021333114424600262035 1 1202503156.202258
0561152621333114424600262035 6 1202503156.202258
0562100021333124424600262035 2 1202503156.202258
0562102021333124424600262035 2 1202503156.202258
0562103021333124424600262035 2 1202503156.202258
0562105021333124424600262035 2 1202503156.202258
0562106021333124424600262035 1 1202503156.202258
0561152621333124424600262035 6 1202503156.202258
0562103021113044424600262035 2 1202503156.202259
0522100021313044424600262035 2 1202503156.202259
0522105021313044424600262035 2 1202503156.202259
0522100521313044424600262035 2 1202503156.202259
0522105521313044424600262035 2 1202503156.202259
0562100021333144424600262035 2 1202503156.202259
0562102021333144424600262035 2 1202503156.202259
0562103021333144424600262035 2 1202503156.202259
0562105021333144424600262035 2 1202503156.202259
0562106021333144424600262035 1 1202503156.202259
0561152621333144424600262035 6 1202503156.202259
0562100021333154424600262035 2 1202503156.202259
0562102021333154424600262035 2 1202503156.202259
0562103021333154424600262035 2 1202503156.202300
0562105021333154424600262035 2 1202503156.202300
0562106021333154424600262035 1 1202503156.202300
0561152621333154424600262035 6 1202503156.202300
0562100021333164424600262035 2 1202503156.202300
0562102021333164424600262035 2 1202503156.202300
0562103021333164424600262035 2 1202503156.202300
0562105021333164424600262035 2 1202503156.202300
0562106021333164424600262035 1 1202503156.202300
0561152621333164424600262035 6 1202503156.202300
0062100021113045424600262035 2 1202503156.202300
0562103021113045424600262035 2 1202503156.202300
0522100021313045424600262035 2 1202503156.202300
0522105021313045424600262035 2 1202503156.202300
0522100521313045424600262035 2 1202503156.202301
0522105521313045424600262035 2 1202503156.202301
0562100021333145424600262035 2 1202503156.202301
0562150021333145424600262035 2 1202503156.202301
0562102021333145424600262035 2 1202503156.202301
0562152021333145424600262035 2 1202503156.202301
0562103021333145424600262035 2 1202503156.202301
0562153021333145424600262035 2 1202503156.202301
0562105021333145424600262035 2 1202503156.202301
0562155021333145424600262035 2 1202503156.202301
0562106021333145424600262035 2 1202503156.202301
0562156021333145424600262035 2 1202503156.202301
