0624125225353541414210051000 2 0
0624123225313542414210051000 2 1
0624150121333141424210051000 2 2
0624155121333141424210051000 2 3
0624155521333141424210051000 2 4
0624155121353541424210051000 2 5
0524163521103142424210051000 2 6
0624163521313144424210051000 2 7
0624153521313145424210051000 2 8
0524156521313145424210051000 2 9
0624153525313145424210051000 2 10
0624155121333145424210051000 2 11
0525156521343161414110002400 2 12
0526156220333162414110002400 1 13
0525152525343162414110002400 1 14
0526156220333162454110002400 1 15
0624123226163645414115001010 2 16
0624163526163142424115001010 2 17
0664162521303144424115001010 1 18
0664162526303144424115001010 1 19
0664162521313144424115001010 2 20
0664162526353144424115001010 1 21
0624103521163144424115001010 2 22
0624163521163144424115001010 2 23
0624163526163144424115001010 2 24
0125152120343022404610152141 1 25
0111152021363120404200000541 1 26
0111152021363121404200000541 1 27
0012102521363640424104110051 2 28
0522102020353041464105102151 1 29
0142152523353145464105102151 1 30
0142152523303141464605102151 6 31
0610152021343020404100000112 2 32
0612152621343020404100000112 2 33
0610152021343021404100000112 2 34
0610152021343120414100000112 1 35
0612152021343120414100000112 1 36
0612152621343120414100000112 1 37
0610152021343520414100000112 1 38
0121152620343121414100000112 1 39
0610152021343121414100000112 1 40
0612152021343121414100000112 1 41
0612152621343121414100000112 1 42
0121152620343126414100000112 1 43
0611152021333140424100000112 2 44
0621152621363141424100000112 1 45
0624152621363141424100000112 1 46
0612152126303641424100000112 1 47
0620152021333104424100000112 2 48
0621152021333104424100000112 2 49
0622152021333104424100000112 2 50
0610152021303144424100000112 1 51
0611152021303144424100000112 1 52
0611152621303144424100000112 1 53
0611152021333144424100000112 2 54
0620152621363145424100000112 1 55
0625152621363145424100000112 1 56
0622152021363146424100000112 1 57
0626152021363146424100000112 1 58
0621152026363646424100000112 1 59
0610152021343620464100000112 1 60
0612152021343620464100000112 2 61
0612152621343620464100000112 1 62
0610152021343621464100000112 1 63
0612152621343621464100000112 2 64
0122156025133404424110003042 2 65
0145102521303026464201142103 1 66
0145102521303046464201142103 1 67
0145102521313046464201142103 2 68
0145102521303146464201142103 2 69
0145102523303146464201142103 6 70
0441152020353146464201142103 2 71
0145102521303546464201142103 1 72
0145102521313546464201142103 2 73
0411152021333140424601142103 2 74
0021106025353540424601142103 6 75
0145102521303141424601142103 1 76
0140152521303141424601142103 2 77
0440152521303141424601142103 2 78
0414152021303144424601142103 1 79
0145102521303144424601142103 1 80
0145102521313144424601142103 2 81
0011152021333544424601142103 2 82
0145102521303045424601142103 1 83
0145102521313045424601142103 2 84
0145102521303145424601142103 1 85
0145102521313145424601142103 2 86
0021106025353145424601142103 6 87
0142102525303140464601142103 6 88
0142152520303141464601142103 6 89
0542152520303141464601142103 6 90
0142102525303141464601142103 6 91
0222152023353541464601142103 1 92
0145102520303142464601142103 1 93
0141152520303142464601142103 2 94
0441152520303142464601142103 2 95
0042152520303142464601142103 6 96
0145102520313142464601142103 6 97
0145102520303542464601142103 1 98
0122152023333104464601142103 6 99
0222152023333104464601142103 6 100
0422152023333104464601142103 6 101
0522152023333104464601142103 6 102
0022152023333504464601142103 6 103
0522152023333504464601142103 6 104
0212152023303144464601142103 1 105
0412152023303144464601142103 1 106
0142102525303144464601142103 6 107
0221152023333144464601142103 6 108
0222152023353144464601142103 6 109
0222152023333544464601142103 6 110
0021106120353544464601142103 2 111
0142102525303145464601142103 6 112
0142102525303046464601142103 1 113
0122153021143000464110003204 2 114
0122153025143000464110003204 2 115
0122150021343502464110003204 2 116
0122150025343502464110003204 2 117
0111152021363520404200000044 1 118
