0624125225353541414210051000 2 1202505106.175524
0624126225353541414210051000 2 1202505106.175525
0624125225363541414210051000 2 1202505106.175526
0624126225363541414210051000 2 1202505106.175526
0624123225313542414210051000 2 1202505106.175602
0624150121333141424210051000 2 1202505106.175809
0624155121333141424210051000 2 1202505106.175809
0624156121333141424210051000 2 1202505106.175809
0624150521333141424210051000 2 1202505106.175810
0624155521333141424210051000 2 1202505106.175810
0624156521333141424210051000 2 1202505106.175810
0624150621333141424210051000 2 1202505106.175811
0624155621333141424210051000 2 1202505106.175811
0624156621333141424210051000 2 1202505106.175811
0624155121353541424210051000 2 1202505106.175823
0624156121353541424210051000 2 1202505106.175823
0624155521353541424210051000 2 1202505106.175824
0624156521353541424210051000 2 1202505106.175824
0624155621353541424210051000 2 1202505106.175825
0624156621353541424210051000 2 1202505106.175825
0624155121363541424210051000 2 1202505106.175834
0624156121363541424210051000 2 1202505106.175835
0624155521363541424210051000 2 1202505106.175835
0624156521363541424210051000 2 1202505106.175836
0624155621363541424210051000 2 1202505106.175836
0624156621363541424210051000 2 1202505106.175837
0524163521103142424210051000 2 1202505106.175858
0524163621103142424210051000 2 1202505106.175858
0624153521313542424210051000 2 1202505106.175903
0624163521313542424210051000 2 1202505106.175903
0624153621313542424210051000 2 1202505106.175904
0624163621313542424210051000 2 1202505106.175904
0624163521313144424210051000 2 1202505106.175926
0624153521313145424210051000 2 1202505106.175954
0524156521313145424210051000 2 1202505106.175955
0624153621313145424210051000 2 1202505106.175955
0524155621313145424210051000 2 1202505106.175956
0524156621313145424210051000 2 1202505106.175956
0624153525313145424210051000 2 1202505106.175956
0624153625313145424210051000 2 1202505106.175957
0624153526313145424210051000 2 1202505106.175957
0624153626313145424210051000 2 1202505106.175958
0624150121333145424210051000 2 1202505106.175958
0624155121333145424210051000 2 1202505106.175959
0624156121333145424210051000 2 1202505106.175959
0624150521333145424210051000 2 1202505106.175959
0624152521333145424210051000 2 1202505106.180000
0624153521333145424210051000 2 1202505106.180000
0624155521333145424210051000 2 1202505106.180000
0624156521333145424210051000 2 1202505106.180001
0624150621333145424210051000 2 1202505106.180001
0624152621333145424210051000 2 1202505106.180001
0624153621333145424210051000 2 1202505106.180002
0624155621333145424210051000 2 1202505106.180002
0624156621333145424210051000 2 1202505106.180003
0624153521313146424210051000 2 1202505106.180041
0524155521313146424210051000 2 1202505106.180041
0524156521313146424210051000 2 1202505106.180041
0624153621313146424210051000 2 1202505106.180042
0524155621313146424210051000 2 1202505106.180042
0524156621313146424210051000 2 1202505106.180043
0624153525313146424210051000 2 1202505106.180043
0624153625313146424210051000 2 1202505106.180044
0624153526313146424210051000 2 1202505106.180044
0624153626313146424210051000 2 1202505106.180045
0624150121333146424210051000 2 1202505106.180045
0624155121333146424210051000 2 1202505106.180045
0624156121333146424210051000 2 1202505106.180046
0624150521333146424210051000 2 1202505106.180046
0624152521333146424210051000 2 1202505106.180047
0624153521333146424210051000 2 1202505106.180047
0624155521333146424210051000 2 1202505106.180047
0624156521333146424210051000 2 1202505106.180048
0624150621333146424210051000 2 1202505106.180048
0624152621333146424210051000 2 1202505106.180048
0624153621333146424210051000 2 1202505106.180049
0624155621333146424210051000 2 1202505106.180049
0624156621333146424210051000 2 1202505106.180049
0525156521343161414110002400 2 1202505106.175747
0526156220333162414110002400 1 1202505106.175755
0525152525343162414110002400 1 1202505106.175756
0526156220333162454110002400 1 1202505106.175934
0525156521343161414210002400 2 1202505106.180054
0526156220333162414210002400 1 1202505106.180102
0525152525343162414210002400 1 1202505106.180104
0624125225353541414210051000 2 1202505106.180653
0624126225353541414210051000 2 1202505106.180654
0624125225363541414210051000 2 1202505106.180655
0624126225363541414210051000 2 1202505106.180656
0624123225313542414210051000 2 1202505106.180751
0624150121333141424210051000 2 1202505106.181048
0624155121333141424210051000 2 1202505106.181048
0624156121333141424210051000 2 1202505106.181048
0624150521333141424210051000 2 1202505106.181049
0624155521333141424210051000 2 1202505106.181049
0624156521333141424210051000 2 1202505106.181049
0624150621333141424210051000 2 1202505106.181050
0624155621333141424210051000 2 1202505106.181050
0624156621333141424210051000 2 1202505106.181051
0624155121353541424210051000 2 1202505106.181106
0624156121353541424210051000 2 1202505106.181107
0624155521353541424210051000 2 1202505106.181107
0624156521353541424210051000 2 1202505106.181107
0624155621353541424210051000 2 1202505106.181108
0624156621353541424210051000 2 1202505106.181109
0624155121363541424210051000 2 1202505106.181121
0624156121363541424210051000 2 1202505106.181121
0624155521363541424210051000 2 1202505106.181122
0624156521363541424210051000 2 1202505106.181122
0624155621363541424210051000 2 1202505106.181123
0624156621363541424210051000 2 1202505106.181123
0524163521103142424210051000 2 1202505106.181152
0524163621103142424210051000 2 1202505106.181153
0624153521313542424210051000 2 1202505106.181200
0624163521313542424210051000 2 1202505106.181200
0624153621313542424210051000 2 1202505106.181201
0624163621313542424210051000 2 1202505106.181201
0624163521313144424210051000 2 1202505106.181232
0624153521313145424210051000 2 1202505106.181311
0524156521313145424210051000 2 1202505106.181311
0624153621313145424210051000 2 1202505106.181311
0524155621313145424210051000 2 1202505106.181312
0524156621313145424210051000 2 1202505106.181312
0624153525313145424210051000 2 1202505106.181312
0624153625313145424210051000 2 1202505106.181313
0624153526313145424210051000 2 1202505106.181313
0624153626313145424210051000 2 1202505106.181314
0624150121333145424210051000 2 1202505106.181314
0624155121333145424210051000 2 1202505106.181315
0624156121333145424210051000 2 1202505106.181315
0624150521333145424210051000 2 1202505106.181315
0624152521333145424210051000 2 1202505106.181316
0624153521333145424210051000 2 1202505106.181316
0624155521333145424210051000 2 1202505106.181316
0624156521333145424210051000 2 1202505106.181316
0624150621333145424210051000 2 1202505106.181317
0624152621333145424210051000 2 1202505106.181317
0624153621333145424210051000 2 1202505106.181317
0624155621333145424210051000 2 1202505106.181317
0624156621333145424210051000 2 1202505106.181318
0624153521313146424210051000 2 1202505106.181412
0524155521313146424210051000 2 1202505106.181412
0524156521313146424210051000 2 1202505106.181413
0624153621313146424210051000 2 1202505106.181413
0524155621313146424210051000 2 1202505106.181414
0524156621313146424210051000 2 1202505106.181414
0624153525313146424210051000 2 1202505106.181415
0624153625313146424210051000 2 1202505106.181415
0624153526313146424210051000 2 1202505106.181416
0624153626313146424210051000 2 1202505106.181416
0624150121333146424210051000 2 1202505106.181417
0624155121333146424210051000 2 1202505106.181417
0624156121333146424210051000 2 1202505106.181417
0624150521333146424210051000 2 1202505106.181418
0624152521333146424210051000 2 1202505106.181418
0624153521333146424210051000 2 1202505106.181418
0624155521333146424210051000 2 1202505106.181419
0624156521333146424210051000 2 1202505106.181419
0624150621333146424210051000 2 1202505106.181419
0624152621333146424210051000 2 1202505106.181420
0624153621333146424210051000 2 1202505106.181420
0624155621333146424210051000 2 1202505106.181420
0624156621333146424210051000 2 1202505106.181421
0624125225353541414510051000 2 1202505106.181959
0624126225353541414510051000 2 1202505106.181959
0624125225363541414510051000 2 1202505106.182001
0624126225363541414510051000 2 1202505106.182001
0624123225313542414510051000 2 1202505106.182053
0624150121333141424510051000 2 1202505106.182352
0624155121333141424510051000 2 1202505106.182353
0624156121333141424510051000 2 1202505106.182353
0624150521333141424510051000 2 1202505106.182353
0624155521333141424510051000 2 1202505106.182354
0624156521333141424510051000 2 1202505106.182354
0624150621333141424510051000 2 1202505106.182355
0624155621333141424510051000 2 1202505106.182355
0624156621333141424510051000 2 1202505106.182355
0624155121353541424510051000 2 1202505106.182411
0624156121353541424510051000 2 1202505106.182412
0624155521353541424510051000 2 1202505106.182412
0624156521353541424510051000 2 1202505106.182413
0624155621353541424510051000 2 1202505106.182413
0624156621353541424510051000 2 1202505106.182414
0624155121363541424510051000 2 1202505106.182426
0624156121363541424510051000 2 1202505106.182426
0624155521363541424510051000 2 1202505106.182427
0624156521363541424510051000 2 1202505106.182427
0624155621363541424510051000 2 1202505106.182428
0624156621363541424510051000 2 1202505106.182428
0524163521103142424510051000 2 1202505106.182450
0524163621103142424510051000 2 1202505106.182450
0624153521313542424510051000 2 1202505106.182457
0624163521313542424510051000 2 1202505106.182457
0624153621313542424510051000 2 1202505106.182457
0624163621313542424510051000 2 1202505106.182458
0624163521313144424510051000 2 1202505106.182520
0624163621313144424510051000 2 1202505106.182520
0624153521313145424510051000 2 1202505106.182551
0524156521313145424510051000 2 1202505106.182551
0624153621313145424510051000 2 1202505106.182552
0524155621313145424510051000 2 1202505106.182553
0524156621313145424510051000 2 1202505106.182553
0624153525313145424510051000 2 1202505106.182553
0624153625313145424510051000 2 1202505106.182554
0624153526313145424510051000 2 1202505106.182554
0624153626313145424510051000 2 1202505106.182555
0624150121333145424510051000 2 1202505106.182555
0624155121333145424510051000 2 1202505106.182556
0624156121333145424510051000 2 1202505106.182556
0624150521333145424510051000 2 1202505106.182556
0624152521333145424510051000 2 1202505106.182557
0624153521333145424510051000 2 1202505106.182557
0624155521333145424510051000 2 1202505106.182557
0624156521333145424510051000 2 1202505106.182558
0624150621333145424510051000 2 1202505106.182558
0624152621333145424510051000 2 1202505106.182558
0624153621333145424510051000 2 1202505106.182559
0624155621333145424510051000 2 1202505106.182559
0624156621333145424510051000 2 1202505106.182559
0624153521313146424510051000 2 1202505106.182652
0524155521313146424510051000 2 1202505106.182652
0524156521313146424510051000 2 1202505106.182652
0624153621313146424510051000 2 1202505106.182653
0524155621313146424510051000 2 1202505106.182654
0524156621313146424510051000 2 1202505106.182654
0624153525313146424510051000 2 1202505106.182654
0624153625313146424510051000 2 1202505106.182655
0624153526313146424510051000 2 1202505106.182655
0624153626313146424510051000 2 1202505106.182656
0624150121333146424510051000 2 1202505106.182656
0624155121333146424510051000 2 1202505106.182656
0624156121333146424510051000 2 1202505106.182657
0624150521333146424510051000 2 1202505106.182657
0624152521333146424510051000 2 1202505106.182657
0624153521333146424510051000 2 1202505106.182658
0624155521333146424510051000 2 1202505106.182658
0624156521333146424510051000 2 1202505106.182658
0624150621333146424510051000 2 1202505106.182659
0624152621333146424510051000 2 1202505106.182659
0624153621333146424510051000 2 1202505106.182659
0624155621333146424510051000 2 1202505106.182700
0624156621333146424510051000 2 1202505106.182700
0624125225353541414610051000 2 1202505106.183200
0624126225353541414610051000 2 1202505106.183201
0624125225363541414610051000 2 1202505106.183202
0624126225363541414610051000 2 1202505106.183202
0624123225313542414610051000 2 1202505106.183247
0624150121333141424610051000 2 1202505106.183504
0624155121333141424610051000 2 1202505106.183504
0624156121333141424610051000 2 1202505106.183505
0624150521333141424610051000 2 1202505106.183505
0624155521333141424610051000 2 1202505106.183505
0624156521333141424610051000 2 1202505106.183505
0624150621333141424610051000 2 1202505106.183506
0624155621333141424610051000 2 1202505106.183506
0624156621333141424610051000 2 1202505106.183506
0624155121353541424610051000 2 1202505106.183519
0624156121353541424610051000 2 1202505106.183519
0624155521353541424610051000 2 1202505106.183520
0624156521353541424610051000 2 1202505106.183520
0624155621353541424610051000 2 1202505106.183521
0624156621353541424610051000 2 1202505106.183521
0624155121363541424610051000 2 1202505106.183531
0624156121363541424610051000 2 1202505106.183531
0624155521363541424610051000 2 1202505106.183532
0624156521363541424610051000 2 1202505106.183532
0624155621363541424610051000 2 1202505106.183533
0624156621363541424610051000 2 1202505106.183533
0524163521103142424610051000 2 1202505106.183553
0524163621103142424610051000 2 1202505106.183553
0624153521313542424610051000 2 1202505106.183558
0624163521313542424610051000 2 1202505106.183559
0624153621313542424610051000 2 1202505106.183559
0624163621313542424610051000 2 1202505106.183559
0624163521313144424610051000 2 1202505106.183620
0624153521313145424610051000 2 1202505106.183647
0524155521313145424610051000 2 1202505106.183648
0524156521313145424610051000 2 1202505106.183648
0624153621313145424610051000 2 1202505106.183649
0524155621313145424610051000 2 1202505106.183649
0524156621313145424610051000 2 1202505106.183649
0624153525313145424610051000 2 1202505106.183649
0624153625313145424610051000 2 1202505106.183650
0624153526313145424610051000 2 1202505106.183650
0624153626313145424610051000 2 1202505106.183651
0624150121333145424610051000 2 1202505106.183651
0624155121333145424610051000 2 1202505106.183651
0624156121333145424610051000 2 1202505106.183651
0624150521333145424610051000 2 1202505106.183652
0624152521333145424610051000 2 1202505106.183652
0624153521333145424610051000 2 1202505106.183652
0624155521333145424610051000 2 1202505106.183652
0624156521333145424610051000 2 1202505106.183653
0624150621333145424610051000 2 1202505106.183653
0624152621333145424610051000 2 1202505106.183653
0624153621333145424610051000 2 1202505106.183653
0624155621333145424610051000 2 1202505106.183654
0624156621333145424610051000 2 1202505106.183654
0624153521313146424610051000 2 1202505106.183734
0524155521313146424610051000 2 1202505106.183735
0524156521313146424610051000 2 1202505106.183735
0624153621313146424610051000 2 1202505106.183735
0524155621313146424610051000 2 1202505106.183736
0524156621313146424610051000 2 1202505106.183736
0624153525313146424610051000 2 1202505106.183736
0624153625313146424610051000 2 1202505106.183737
0624153526313146424610051000 2 1202505106.183737
0624153626313146424610051000 2 1202505106.183738
0624150121333146424610051000 2 1202505106.183738
0624155121333146424610051000 2 1202505106.183738
0624156121333146424610051000 2 1202505106.183738
0624150521333146424610051000 2 1202505106.183739
0624152521333146424610051000 2 1202505106.183739
0624153521333146424610051000 2 1202505106.183739
0624155521333146424610051000 2 1202505106.183739
0624156521333146424610051000 2 1202505106.183740
0624150621333146424610051000 2 1202505106.183740
0624152621333146424610051000 2 1202505106.183740
0624153621333146424610051000 2 1202505106.183740
0624155621333146424610051000 2 1202505106.183741
0624156621333146424610051000 2 1202505106.183741
0624123226163645414115001010 2 1202505106.185650
0624163526163142424115001010 2 1202505106.185753
0664162521303144424115001010 1 1202505106.185823
0664162526303144424115001010 1 1202505106.185823
0664162521313144424115001010 2 1202505106.185823
0624163521313144424115001010 2 1202505106.185824
0664162526313144424115001010 2 1202505106.185824
0664162521333144424115001010 2 1202505106.185824
0664162526333144424115001010 2 1202505106.185825
0664162521343144424115001010 2 1202505106.185825
0664162526343144424115001010 2 1202505106.185825
0664162521353144424115001010 1 1202505106.185826
0664162526353144424115001010 1 1202505106.185826
0624103521163144424115001010 2 1202505106.185827
0624163521163144424115001010 2 1202505106.185827
0624103526163144424115001010 2 1202505106.185827
0624163526163144424115001010 2 1202505106.185828
0664162521363144424115001010 2 1202505106.185828
0664162526363144424115001010 2 1202505106.185828
0624163521663144424115001010 2 1202505106.185828
0624163526663144424115001010 2 1202505106.185828
0624163021163645424115001010 2 1202505106.185857
0624163521163645424115001010 2 1202505106.185857
0624123226163645414215001010 2 1202505106.190238
0624163526163142424215001010 2 1202505106.190348
0664162521303144424215001010 1 1202505106.190407
0664162526303144424215001010 1 1202505106.190407
0664162521313144424215001010 2 1202505106.190408
0624163521313144424215001010 2 1202505106.190408
0664162526313144424215001010 2 1202505106.190408
0664162521333144424215001010 2 1202505106.190409
0664162526333144424215001010 2 1202505106.190409
0664162521343144424215001010 2 1202505106.190409
0664162526343144424215001010 2 1202505106.190410
0664162521353144424215001010 1 1202505106.190410
0664162526353144424215001010 1 1202505106.190411
0624103521163144424215001010 2 1202505106.190412
0624163521163144424215001010 2 1202505106.190412
0624103526163144424215001010 2 1202505106.190412
0624163526163144424215001010 2 1202505106.190413
0664162521363144424215001010 2 1202505106.190413
0664162526363144424215001010 2 1202505106.190413
0624163521663144424215001010 2 1202505106.190414
0624163526663144424215001010 2 1202505106.190414
0624163021163645424215001010 2 1202505106.190435
0624163521163645424215001010 2 1202505106.190435
0624123226163645414515001010 2 1202505106.190809
0624163526163142424515001010 2 1202505106.190905
0664162521303144424515001010 1 1202505106.190926
0664162526303144424515001010 1 1202505106.190927
0664162521313144424515001010 2 1202505106.190927
0624163521313144424515001010 2 1202505106.190927
0664162526313144424515001010 2 1202505106.190928
0664162521333144424515001010 2 1202505106.190928
0664162526333144424515001010 2 1202505106.190928
0664162521343144424515001010 2 1202505106.190929
0664162526343144424515001010 2 1202505106.190929
0664162521353144424515001010 1 1202505106.190929
0664162526353144424515001010 1 1202505106.190930
0624103521163144424515001010 2 1202505106.190930
0624163521163144424515001010 2 1202505106.190931
0624103526163144424515001010 2 1202505106.190931
0624163526163144424515001010 2 1202505106.190931
0664162521363144424515001010 2 1202505106.190931
0664162526363144424515001010 2 1202505106.190932
0624163521663144424515001010 2 1202505106.190932
0624163526663144424515001010 2 1202505106.190932
0624163021163645424515001010 2 1202505106.190949
0624163521163645424515001010 2 1202505106.190949
0624123226163645414615001010 2 1202505106.191336
0624163526163142424615001010 2 1202505106.191514
0664162521303144424615001010 1 1202505106.191541
0664162526303144424615001010 1 1202505106.191542
0664162521313144424615001010 2 1202505106.191542
0624163521313144424615001010 2 1202505106.191542
0664162526313144424615001010 2 1202505106.191543
0664162521333144424615001010 2 1202505106.191543
0664162526333144424615001010 2 1202505106.191544
0664162521343144424615001010 2 1202505106.191544
0664162526343144424615001010 2 1202505106.191544
0664162521353144424615001010 1 1202505106.191545
0664162526353144424615001010 1 1202505106.191546
0624103521163144424615001010 2 1202505106.191547
0624163521163144424615001010 2 1202505106.191547
0624103526163144424615001010 2 1202505106.191547
0624163526163144424615001010 2 1202505106.191547
0664162521363144424615001010 2 1202505106.191548
0664162526363144424615001010 2 1202505106.191548
0624163521663144424615001010 2 1202505106.191549
0624163526663144424615001010 2 1202505106.191549
0624163021163645424615001010 2 1202505106.191633
0624163521163645424615001010 2 1202505106.191633
0524153521313144424610002511 2 1202505106.215330
0564153521103144424110001321 2 1202505106.221309
0564153525103144424110001321 2 1202505106.221310
0514156521303144424110001321 2 1202505106.221310
0514156525303144424110001321 2 1202505106.221311
0564153521113144424110001321 2 1202505106.221311
0564153525113144424110001321 2 1202505106.221311
0514156521313144424110001321 2 1202505106.221311
0514156525313144424110001321 2 1202505106.221312
0564153521133144424110001321 2 1202505106.221312
0564153525133144424110001321 2 1202505106.221312
0514156521333144424110001321 2 1202505106.221313
0514156525333144424110001321 2 1202505106.221313
0564153521143144424110001321 2 1202505106.221313
0564153525143144424110001321 2 1202505106.221314
0514156521343144424110001321 2 1202505106.221314
0514156525343144424110001321 2 1202505106.221314
0564153521153144424110001321 2 1202505106.221315
0564153525153144424110001321 2 1202505106.221315
0514156521353144424110001321 2 1202505106.221315
0514156525353144424110001321 2 1202505106.221316
0564153521163144424110001321 2 1202505106.221316
0564153525163144424110001321 2 1202505106.221317
0514156521363144424110001321 2 1202505106.221317
0514156525363144424110001321 2 1202505106.221317
0564153521103144424210001321 2 1202505106.221958
0564153525103144424210001321 2 1202505106.221959
0514156521303144424210001321 2 1202505106.221959
0514156525303144424210001321 2 1202505106.221959
0564153521113144424210001321 2 1202505106.221959
0564153525113144424210001321 2 1202505106.222000
0514156521313144424210001321 2 1202505106.222000
0514156525313144424210001321 2 1202505106.222000
0564153521133144424210001321 2 1202505106.222001
0564153525133144424210001321 2 1202505106.222001
0514156521333144424210001321 2 1202505106.222001
0514156525333144424210001321 2 1202505106.222001
0564153521143144424210001321 2 1202505106.222002
0564153525143144424210001321 2 1202505106.222002
0514156521343144424210001321 2 1202505106.222002
0514156525343144424210001321 2 1202505106.222003
0564153521153144424210001321 2 1202505106.222003
0564153525153144424210001321 2 1202505106.222003
0514156521353144424210001321 2 1202505106.222003
0514156525353144424210001321 2 1202505106.222004
0564153521163144424210001321 2 1202505106.222004
0564153525163144424210001321 2 1202505106.222004
0514156521363144424210001321 2 1202505106.222005
0514156525363144424210001321 2 1202505106.222005
0564153521103144424510001321 2 1202505106.222635
0564153525103144424510001321 2 1202505106.222635
0514156521303144424510001321 2 1202505106.222636
0514156525303144424510001321 2 1202505106.222636
0564153521113144424510001321 2 1202505106.222636
0564153525113144424510001321 2 1202505106.222636
0514156521313144424510001321 2 1202505106.222637
0514156525313144424510001321 2 1202505106.222637
0564153521133144424510001321 2 1202505106.222637
0564153525133144424510001321 2 1202505106.222638
0514156521333144424510001321 2 1202505106.222638
0514156525333144424510001321 2 1202505106.222638
0564153521143144424510001321 2 1202505106.222638
0564153525143144424510001321 2 1202505106.222639
0514156521343144424510001321 2 1202505106.222639
0514156525343144424510001321 2 1202505106.222639
0564153521153144424510001321 2 1202505106.222639
0564153525153144424510001321 2 1202505106.222640
0514156521353144424510001321 2 1202505106.222640
0514156525353144424510001321 2 1202505106.222640
0564153521163144424510001321 2 1202505106.222641
0564153525163144424510001321 2 1202505106.222641
0514156521363144424510001321 2 1202505106.222641
0514156525363144424510001321 2 1202505106.222642
0564153521103144424610001321 2 1202505106.223503
0564153525103144424610001321 2 1202505106.223503
0514156521303144424610001321 2 1202505106.223503
0514156525303144424610001321 2 1202505106.223504
0564153521113144424610001321 2 1202505106.223504
0564153525113144424610001321 2 1202505106.223504
0524153521313144424610001321 2 1202505106.223505
0514156521313144424610001321 2 1202505106.223505
0514156525313144424610001321 2 1202505106.223506
0564153521133144424610001321 2 1202505106.223507
0564153525133144424610001321 2 1202505106.223508
0514156521333144424610001321 2 1202505106.223508
0514156525333144424610001321 2 1202505106.223509
0564153521143144424610001321 2 1202505106.223511
0564153525143144424610001321 2 1202505106.223511
0514156521343144424610001321 2 1202505106.223512
0514156525343144424610001321 2 1202505106.223512
0564153521153144424610001321 2 1202505106.223512
0564153525153144424610001321 2 1202505106.223513
0514156521353144424610001321 2 1202505106.223513
0514156525353144424610001321 2 1202505106.223514
0564153521163144424610001321 2 1202505106.223514
0564153525163144424610001321 2 1202505106.223514
0514156521363144424610001321 2 1202505106.223515
0514156525363144424610001321 2 1202505106.223515
0125152120343022404610152141 1 1202505106.230413
0111152021363120404200000541 1 1202505106.230850
0111152021363121404200000541 1 1202505106.230854
0012102521363640424104110051 2 1202505106.231409
0012102521363645424104110051 2 1202505106.231427
0012102521363640424204110051 2 1202505106.231558
0012102521363645424204110051 2 1202505106.231617
0522102020353041464105102151 1 1202505106.232021
0522102120353041464105102151 1 1202505106.232022
0522102220353041464105102151 1 1202505106.232022
0522102320353041464105102151 1 1202505106.232022
0522102520353041464105102151 1 1202505106.232023
0522102620353041464105102151 1 1202505106.232023
0142152523353145464105102151 1 1202505106.232116
0522102520353046464105102151 1 1202505106.232122
0522102020353041464205102151 1 1202505106.232335
0522102120353041464205102151 1 1202505106.232336
0522102220353041464205102151 1 1202505106.232336
0522102320353041464205102151 1 1202505106.232337
0522102520353041464205102151 1 1202505106.232337
0522102620353041464205102151 1 1202505106.232337
0522102520353046464205102151 1 1202505106.232425
0522122220353041414605102151 1 1202505106.232524
0522102020353041464605102151 1 1202505106.232736
0522102120353041464605102151 1 1202505106.232736
0522102220353041464605102151 1 1202505106.232737
0522102320353041464605102151 1 1202505106.232737
0522102520353041464605102151 1 1202505106.232737
0522102620353041464605102151 1 1202505106.232738
0142152523303141464605102151 6 1202505106.232739
0142152523303145464605102151 6 1202505106.232837
0142152523313145464605102151 6 1202505106.232838
0142152523333145464605102151 6 1202505106.232840
0142152523343145464605102151 6 1202505106.232841
0142152523353145464605102151 1 1202505106.232844
0522102520353046464605102151 1 1202505106.232852
0524153621313144424110001302 2 1202505106.234243
0524153621313144424210001302 2 1202505106.234611
0524153621313144424510001302 2 1202505106.234918
0524153521313144424610001302 2 1202505106.235226
0524153621313144424610001302 2 1202505106.235226
0610152021343020404100000112 2 1202505106.235817
0612152621343020404100000112 2 1202505106.235818
0610152021343021404100000112 2 1202505106.235822
0610152021343026404100000112 2 1202505106.235836
0612152621343026404100000112 2 1202505106.235836
0610152021343120414100000112 1 1202505106.235843
0612152021343120414100000112 1 1202505106.235843
0612152621343120414100000112 1 1202505106.235843
0610152021343520414100000112 1 1202505106.235844
0616152021343520414100000112 1 1202505106.235845
0610152621343520414100000112 1 1202505106.235845
0616152621343520414100000112 1 1202505106.235846
0121152620343121414100000112 1 1202505106.235852
0610152021343121414100000112 1 1202505106.235852
0612152021343121414100000112 1 1202505106.235853
0612152621343121414100000112 1 1202505106.235853
0121152620343126414100000112 1 1202505106.235922
0610152021343126414100000112 1 1202505106.235923
0612152021343126414100000112 1 1202505106.235923
0612152621343126414100000112 1 1202505106.235923
0610152021343526414100000112 1 1202505106.235924
0616152021343526414100000112 1 1202505106.235925
0610152621343526414100000112 1 1202505106.235925
0616152621343526414100000112 1 1202505106.235926
0610152021303140424100000112 1 1202505106.235937
0611152021303140424100000112 1 1202505106.235937
0612152021303140424100000112 1 1202505106.235938
0611152621303140424100000112 1 1202505106.235938
0612152621303140424100000112 1 1202505106.235939
0610152021313140424100000112 2 1202505106.235939
0612152021313140424100000112 2 1202505106.235939
0612152621313140424100000112 2 1202505106.235940
0610152021333140424100000112 2 1202505106.235940
0611152021333140424100000112 2 1202505106.235940
0612152021333140424100000112 2 1202505106.235940
0612152621333140424100000112 2 1202505106.235941
0610152021343140424100000112 2 1202505106.235941
0612152021343140424100000112 2 1202505106.235941
0612152621343140424100000112 2 1202505106.235942
0610152021353140424100000112 2 1202505106.235942
0612152021353140424100000112 2 1202505106.235942
0612152621353140424100000112 2 1202505106.235943
0610152021363140424100000112 1 1202505106.235943
0611152021363140424100000112 1 1202505106.235944
0612152021363140424100000112 1 1202505106.235944
0611152621363140424100000112 1 1202505106.235946
0612152621363140424100000112 1 1202505106.235947
0610152021303540424100000112 1 1202505106.235949
0616152021303540424100000112 1 1202505106.235950
0610152621303540424100000112 1 1202505106.235951
0616152621303540424100000112 1 1202505106.235952
0610152021313540424100000112 2 1202505106.235952
0616152021313540424100000112 2 1202505106.235953
0610152621313540424100000112 2 1202505106.235953
0616152621313540424100000112 2 1202505106.235954
0610152021333540424100000112 2 1202505106.235954
0616152021333540424100000112 2 1202505106.235955
0610152621333540424100000112 2 1202505106.235955
0616152621333540424100000112 2 1202505106.235956
0610152021343540424100000112 2 1202505106.235956
0616152021343540424100000112 2 1202505106.235957
0610152621343540424100000112 2 1202505106.235957
0616152621343540424100000112 2 1202505106.235958
0610152021353540424100000112 2 1202505106.235958
0616152021353540424100000112 2 1202505106.235959
0610152621353540424100000112 2 1202505106.235959
0616152621353540424100000112 2 1202505117.000000
0610152021363540424100000112 1 1202505117.000000
0616152021363540424100000112 1 1202505117.000003
0610152621363540424100000112 1 1202505117.000004
0616152621363540424100000112 1 1202505117.000007
0621152621363141424100000112 1 1202505117.000018
0622152621363141424100000112 1 1202505117.000018
0624152621363141424100000112 1 1202505117.000018
0612152126303641424100000112 1 1202505117.000021
0612152126363641424100000112 1 1202505117.000021
0621152621363142424100000112 1 1202505117.000028
0622152621363142424100000112 1 1202505117.000028
0624152621363142424100000112 1 1202505117.000028
0620152021333104424100000112 2 1202505117.000034
0621152021333104424100000112 2 1202505117.000034
0622152021333104424100000112 2 1202505117.000034
0620152021333114424100000112 2 1202505117.000039
0621152021333114424100000112 2 1202505117.000039
0622152021333114424100000112 2 1202505117.000040
0620152021333124424100000112 2 1202505117.000042
0621152021333124424100000112 2 1202505117.000042
0622152021333124424100000112 2 1202505117.000043
0610152021303144424100000112 1 1202505117.000047
0611152021303144424100000112 1 1202505117.000047
0612152021303144424100000112 1 1202505117.000048
0611152621303144424100000112 1 1202505117.000048
0612152621303144424100000112 1 1202505117.000048
0610152021313144424100000112 2 1202505117.000049
0612152021313144424100000112 2 1202505117.000049
0612152621313144424100000112 2 1202505117.000049
0610152021333144424100000112 2 1202505117.000050
0620152021333144424100000112 2 1202505117.000050
0611152021333144424100000112 2 1202505117.000050
0621152021333144424100000112 2 1202505117.000051
0612152021333144424100000112 2 1202505117.000051
0622152021333144424100000112 2 1202505117.000051
0612152621333144424100000112 2 1202505117.000051
0610152021343144424100000112 2 1202505117.000052
0612152021343144424100000112 2 1202505117.000052
0612152621343144424100000112 2 1202505117.000052
0610152021353144424100000112 2 1202505117.000053
0612152021353144424100000112 2 1202505117.000053
0612152621353144424100000112 2 1202505117.000053
0610152021363144424100000112 1 1202505117.000054
0611152021363144424100000112 1 1202505117.000054
0612152021363144424100000112 1 1202505117.000055
0611152621363144424100000112 1 1202505117.000056
0612152621363144424100000112 1 1202505117.000057
0620152021333154424100000112 2 1202505117.000128
0621152021333154424100000112 2 1202505117.000128
0622152021333154424100000112 2 1202505117.000128
0620152021333164424100000112 2 1202505117.000130
0621152021333164424100000112 2 1202505117.000131
0622152021333164424100000112 2 1202505117.000131
0620152621363145424100000112 1 1202505117.000139
0625152621363145424100000112 1 1202505117.000141
0610152021303146424100000112 1 1202505117.000157
0611152021303146424100000112 1 1202505117.000157
0612152021303146424100000112 1 1202505117.000158
0611152621303146424100000112 1 1202505117.000158
0612152621303146424100000112 1 1202505117.000158
0610152021313146424100000112 2 1202505117.000159
0612152021313146424100000112 2 1202505117.000159
0612152621313146424100000112 2 1202505117.000159
0610152021333146424100000112 2 1202505117.000200
0611152021333146424100000112 2 1202505117.000200
0612152021333146424100000112 2 1202505117.000200
0612152621333146424100000112 2 1202505117.000201
0610152021343146424100000112 2 1202505117.000201
0612152021343146424100000112 2 1202505117.000201
0612152621343146424100000112 2 1202505117.000201
0610152021353146424100000112 2 1202505117.000202
0612152021353146424100000112 2 1202505117.000202
0612152621353146424100000112 2 1202505117.000202
0610152021363146424100000112 1 1202505117.000203
0611152021363146424100000112 1 1202505117.000203
0612152021363146424100000112 1 1202505117.000204
0622152021363146424100000112 1 1202505117.000204
0626152021363146424100000112 1 1202505117.000205
0611152621363146424100000112 1 1202505117.000205
0612152621363146424100000112 1 1202505117.000206
0610152021303546424100000112 1 1202505117.000208
0616152021303546424100000112 1 1202505117.000209
0610152621303546424100000112 1 1202505117.000209
0616152621303546424100000112 1 1202505117.000211
0610152021313546424100000112 2 1202505117.000211
0616152021313546424100000112 2 1202505117.000212
0610152621313546424100000112 2 1202505117.000212
0616152621313546424100000112 2 1202505117.000213
0610152021333546424100000112 2 1202505117.000213
0616152021333546424100000112 2 1202505117.000214
0610152621333546424100000112 2 1202505117.000214
0616152621333546424100000112 2 1202505117.000215
0610152021343546424100000112 2 1202505117.000215
0616152021343546424100000112 2 1202505117.000216
0610152621343546424100000112 2 1202505117.000216
0616152621343546424100000112 2 1202505117.000217
0610152021353546424100000112 2 1202505117.000217
0616152021353546424100000112 2 1202505117.000218
0610152621353546424100000112 2 1202505117.000218
0616152621353546424100000112 2 1202505117.000218
0610152021363546424100000112 1 1202505117.000219
0616152021363546424100000112 1 1202505117.000222
0610152621363546424100000112 1 1202505117.000223
0616152621363546424100000112 1 1202505117.000226
0621152026363646424100000112 1 1202505117.000230
0610152021343620464100000112 1 1202505117.000308
0612152021343620464100000112 2 1202505117.000308
0612152621343620464100000112 1 1202505117.000308
0610152021343621464100000112 1 1202505117.000313
0612152621343621464100000112 2 1202505117.000314
0610152021343626464100000112 1 1202505117.000329
0612152021343626464100000112 2 1202505117.000329
0612152621343626464100000112 1 1202505117.000330
0610152021343020404200000112 2 1202505117.000334
0612152621343020404200000112 2 1202505117.000335
0610152021343021404200000112 2 1202505117.000338
0610152021343026404200000112 2 1202505117.000354
0612152621343026404200000112 2 1202505117.000355
0610152021343120414200000112 1 1202505117.000403
0612152021343120414200000112 1 1202505117.000403
0612152621343120414200000112 1 1202505117.000404
0610152021343520414200000112 1 1202505117.000404
0616152021343520414200000112 1 1202505117.000405
0610152621343520414200000112 1 1202505117.000406
0616152621343520414200000112 1 1202505117.000406
0121152620343121414200000112 1 1202505117.000414
0610152021343121414200000112 1 1202505117.000415
0612152021343121414200000112 1 1202505117.000415
0612152621343121414200000112 1 1202505117.000415
0121152620343126414200000112 1 1202505117.000453
0610152021343126414200000112 1 1202505117.000453
0612152021343126414200000112 1 1202505117.000453
0612152621343126414200000112 1 1202505117.000454
0610152021343526414200000112 1 1202505117.000454
0616152021343526414200000112 1 1202505117.000455
0610152621343526414200000112 1 1202505117.000456
0616152621343526414200000112 1 1202505117.000457
0610152021303140424200000112 1 1202505117.000504
0611152021303140424200000112 1 1202505117.000504
0612152021303140424200000112 1 1202505117.000505
0611152621303140424200000112 1 1202505117.000505
0612152621303140424200000112 1 1202505117.000505
0610152021313140424200000112 2 1202505117.000506
0612152021313140424200000112 2 1202505117.000506
0612152621313140424200000112 2 1202505117.000506
0610152021333140424200000112 2 1202505117.000507
0611152021333140424200000112 2 1202505117.000507
0612152021333140424200000112 2 1202505117.000507
0612152621333140424200000112 2 1202505117.000508
0610152021343140424200000112 2 1202505117.000508
0612152021343140424200000112 2 1202505117.000508
0612152621343140424200000112 2 1202505117.000508
0610152021353140424200000112 2 1202505117.000509
0612152021353140424200000112 2 1202505117.000509
0612152621353140424200000112 2 1202505117.000509
0610152021363140424200000112 1 1202505117.000510
0611152021363140424200000112 1 1202505117.000511
0612152021363140424200000112 1 1202505117.000511
0611152621363140424200000112 1 1202505117.000513
0612152621363140424200000112 1 1202505117.000514
0610152021303540424200000112 1 1202505117.000515
0616152021303540424200000112 1 1202505117.000517
0610152621303540424200000112 1 1202505117.000518
0616152621303540424200000112 1 1202505117.000519
0610152021313540424200000112 2 1202505117.000520
0616152021313540424200000112 2 1202505117.000520
0610152621313540424200000112 2 1202505117.000521
0616152621313540424200000112 2 1202505117.000522
0610152021333540424200000112 2 1202505117.000522
0616152021333540424200000112 2 1202505117.000523
0610152621333540424200000112 2 1202505117.000523
0616152621333540424200000112 2 1202505117.000524
0610152021343540424200000112 2 1202505117.000524
0616152021343540424200000112 2 1202505117.000525
0610152621343540424200000112 2 1202505117.000526
0616152621343540424200000112 2 1202505117.000526
0610152021353540424200000112 2 1202505117.000526
0616152021353540424200000112 2 1202505117.000527
0610152621353540424200000112 2 1202505117.000528
0616152621353540424200000112 2 1202505117.000528
0610152021363540424200000112 1 1202505117.000529
0616152021363540424200000112 1 1202505117.000531
0610152621363540424200000112 1 1202505117.000533
0616152621363540424200000112 1 1202505117.000536
0621152621363141424200000112 1 1202505117.000544
0622152621363141424200000112 1 1202505117.000545
0624152621363141424200000112 1 1202505117.000545
0612152126303641424200000112 1 1202505117.000547
0612152126363641424200000112 1 1202505117.000547
0621152621363142424200000112 1 1202505117.000552
0622152621363142424200000112 1 1202505117.000552
0624152621363142424200000112 1 1202505117.000552
0620152021333104424200000112 2 1202505117.000556
0621152021333104424200000112 2 1202505117.000557
0622152021333104424200000112 2 1202505117.000557
0620152021333114424200000112 2 1202505117.000559
0621152021333114424200000112 2 1202505117.000559
0622152021333114424200000112 2 1202505117.000600
0620152021333124424200000112 2 1202505117.000602
0621152021333124424200000112 2 1202505117.000602
0622152021333124424200000112 2 1202505117.000602
0610152021303144424200000112 1 1202505117.000607
0611152021303144424200000112 1 1202505117.000607
0612152021303144424200000112 1 1202505117.000608
0611152621303144424200000112 1 1202505117.000608
0612152621303144424200000112 1 1202505117.000608
0610152021313144424200000112 2 1202505117.000609
0612152021313144424200000112 2 1202505117.000609
0612152621313144424200000112 2 1202505117.000609
0610152021333144424200000112 2 1202505117.000610
0620152021333144424200000112 2 1202505117.000610
0611152021333144424200000112 2 1202505117.000610
0621152021333144424200000112 2 1202505117.000611
0612152021333144424200000112 2 1202505117.000611
0622152021333144424200000112 2 1202505117.000611
0612152621333144424200000112 2 1202505117.000612
0610152021343144424200000112 2 1202505117.000612
0612152021343144424200000112 2 1202505117.000612
0612152621343144424200000112 2 1202505117.000613
0610152021353144424200000112 2 1202505117.000613
0612152021353144424200000112 2 1202505117.000613
0612152621353144424200000112 2 1202505117.000613
0610152021363144424200000112 1 1202505117.000614
0611152021363144424200000112 1 1202505117.000615
0612152021363144424200000112 1 1202505117.000615
0611152621363144424200000112 1 1202505117.000617
0612152621363144424200000112 1 1202505117.000617
0620152021333154424200000112 2 1202505117.000647
0621152021333154424200000112 2 1202505117.000647
0622152021333154424200000112 2 1202505117.000648
0620152021333164424200000112 2 1202505117.000650
0621152021333164424200000112 2 1202505117.000650
0622152021333164424200000112 2 1202505117.000650
0620152621363145424200000112 1 1202505117.000658
0625152621363145424200000112 1 1202505117.000700
0610152021303146424200000112 1 1202505117.000715
0611152021303146424200000112 1 1202505117.000715
0612152021303146424200000112 1 1202505117.000716
0611152621303146424200000112 1 1202505117.000716
0612152621303146424200000112 1 1202505117.000716
0610152021313146424200000112 2 1202505117.000717
0612152021313146424200000112 2 1202505117.000717
0612152621313146424200000112 2 1202505117.000717
0610152021333146424200000112 2 1202505117.000718
0611152021333146424200000112 2 1202505117.000718
0612152021333146424200000112 2 1202505117.000718
0612152621333146424200000112 2 1202505117.000719
0610152021343146424200000112 2 1202505117.000719
0612152021343146424200000112 2 1202505117.000719
0612152621343146424200000112 2 1202505117.000720
0610152021353146424200000112 2 1202505117.000720
0612152021353146424200000112 2 1202505117.000720
0612152621353146424200000112 2 1202505117.000721
0610152021363146424200000112 1 1202505117.000721
0611152021363146424200000112 1 1202505117.000722
0612152021363146424200000112 1 1202505117.000722
0622152021363146424200000112 1 1202505117.000723
0626152021363146424200000112 1 1202505117.000723
0611152621363146424200000112 1 1202505117.000724
0612152621363146424200000112 1 1202505117.000725
0610152021303546424200000112 1 1202505117.000726
0616152021303546424200000112 1 1202505117.000727
0610152621303546424200000112 1 1202505117.000728
0616152621303546424200000112 1 1202505117.000729
0610152021313546424200000112 2 1202505117.000729
0616152021313546424200000112 2 1202505117.000730
0610152621313546424200000112 2 1202505117.000730
0616152621313546424200000112 2 1202505117.000731
0610152021333546424200000112 2 1202505117.000731
0616152021333546424200000112 2 1202505117.000732
0610152621333546424200000112 2 1202505117.000732
0616152621333546424200000112 2 1202505117.000733
0610152021343546424200000112 2 1202505117.000733
0616152021343546424200000112 2 1202505117.000734
0610152621343546424200000112 2 1202505117.000734
0616152621343546424200000112 2 1202505117.000735
0610152021353546424200000112 2 1202505117.000735
0616152021353546424200000112 2 1202505117.000736
0610152621353546424200000112 2 1202505117.000736
0616152621353546424200000112 2 1202505117.000737
0610152021363546424200000112 1 1202505117.000737
0616152021363546424200000112 1 1202505117.000740
0610152621363546424200000112 1 1202505117.000740
0616152621363546424200000112 1 1202505117.000744
0621152026363646424200000112 1 1202505117.000747
0610152021343620464200000112 1 1202505117.000822
0612152021343620464200000112 2 1202505117.000822
0612152621343620464200000112 1 1202505117.000823
0610152021343621464200000112 1 1202505117.000829
0612152621343621464200000112 2 1202505117.000829
0610152021343626464200000112 1 1202505117.000843
0612152021343626464200000112 2 1202505117.000844
0612152621343626464200000112 1 1202505117.000844
0524126225613545414110001632 2 1202505117.001430
0524156525613142424110001632 2 1202505117.001505
0514152521603144424110001632 1 1202505117.001531
0514152525603144424110001632 1 1202505117.001532
0524156521113144424110001632 2 1202505117.001532
0524156525113144424110001632 2 1202505117.001532
0514152521613144424110001632 2 1202505117.001532
0524106521613144424110001632 2 1202505117.001533
0524156521613144424110001632 2 1202505117.001533
0514152525613144424110001632 2 1202505117.001533
0524106525613144424110001632 2 1202505117.001534
0524156525613144424110001632 2 1202505117.001534
0514152521633144424110001632 2 1202505117.001534
0514152525633144424110001632 2 1202505117.001534
0514152521643144424110001632 2 1202505117.001535
0514152525643144424110001632 2 1202505117.001535
0514152521653144424110001632 1 1202505117.001535
0514152525653144424110001632 1 1202505117.001536
0524150121363144424110001632 2 1202505117.001537
0524150521363144424110001632 2 1202505117.001537
0524152521363144424110001632 2 1202505117.001537
0524153521363144424110001632 2 1202505117.001537
0524155521363144424110001632 2 1202505117.001538
0524156521363144424110001632 2 1202505117.001538
0514152521663144424110001632 2 1202505117.001540
0514152525663144424110001632 2 1202505117.001540
0524156021613545424110001632 2 1202505117.001600
0524156521613545424110001632 2 1202505117.001600
0524126225613545414210001632 2 1202505117.001756
0524156525613142424210001632 2 1202505117.001821
0514152521603144424210001632 1 1202505117.001839
0514152525603144424210001632 1 1202505117.001839
0524156521113144424210001632 2 1202505117.001840
0524156525113144424210001632 2 1202505117.001840
0514152521613144424210001632 2 1202505117.001840
0524106521613144424210001632 2 1202505117.001840
0524156521613144424210001632 2 1202505117.001841
0514152525613144424210001632 2 1202505117.001841
0524106525613144424210001632 2 1202505117.001841
0524156525613144424210001632 2 1202505117.001842
0514152521633144424210001632 2 1202505117.001842
0514152525633144424210001632 2 1202505117.001842
0514152521643144424210001632 2 1202505117.001842
0514152525643144424210001632 2 1202505117.001843
0514152521653144424210001632 1 1202505117.001843
0514152525653144424210001632 1 1202505117.001844
0524150121363144424210001632 2 1202505117.001844
0524150521363144424210001632 2 1202505117.001844
0524152521363144424210001632 2 1202505117.001845
0524153521363144424210001632 2 1202505117.001845
0524155521363144424210001632 2 1202505117.001845
0524156521363144424210001632 2 1202505117.001845
0514152521663144424210001632 2 1202505117.001847
0514152525663144424210001632 2 1202505117.001847
0524156021613545424210001632 2 1202505117.001857
0524156521613545424210001632 2 1202505117.001857
0524126225613545414510001632 2 1202505117.002049
0524156525613142424510001632 2 1202505117.002111
0514152521603144424510001632 1 1202505117.002128
0514152525603144424510001632 1 1202505117.002129
0524156521113144424510001632 2 1202505117.002129
0524156525113144424510001632 2 1202505117.002129
0514152521613144424510001632 2 1202505117.002129
0524106521613144424510001632 2 1202505117.002130
0524156521613144424510001632 2 1202505117.002130
0514152525613144424510001632 2 1202505117.002130
0524106525613144424510001632 2 1202505117.002130
0524156525613144424510001632 2 1202505117.002131
0514152521633144424510001632 2 1202505117.002131
0514152525633144424510001632 2 1202505117.002131
0514152521643144424510001632 2 1202505117.002131
0514152525643144424510001632 2 1202505117.002132
0514152521653144424510001632 1 1202505117.002132
0514152525653144424510001632 1 1202505117.002133
0524150121363144424510001632 2 1202505117.002133
0524150521363144424510001632 2 1202505117.002133
0524152521363144424510001632 2 1202505117.002134
0524153521363144424510001632 2 1202505117.002134
0524155521363144424510001632 2 1202505117.002134
0524156521363144424510001632 2 1202505117.002134
0514152521663144424510001632 2 1202505117.002136
0514152525663144424510001632 2 1202505117.002136
0524156021613545424510001632 2 1202505117.002144
0524156521613545424510001632 2 1202505117.002145
0524126225613545414610001632 2 1202505117.002334
0524156525613142424610001632 2 1202505117.002402
0514152521603144424610001632 1 1202505117.002420
0514152525603144424610001632 1 1202505117.002421
0524156521113144424610001632 2 1202505117.002421
0524156525113144424610001632 2 1202505117.002421
0524153521313144424610001632 2 1202505117.002421
0514152521613144424610001632 2 1202505117.002422
0524106521613144424610001632 2 1202505117.002422
0524156521613144424610001632 2 1202505117.002423
0514152525613144424610001632 2 1202505117.002423
0524106525613144424610001632 2 1202505117.002423
0524156525613144424610001632 2 1202505117.002423
0514152521633144424610001632 2 1202505117.002424
0514152525633144424610001632 2 1202505117.002424
0514152521643144424610001632 2 1202505117.002424
0514152525643144424610001632 2 1202505117.002424
0514152521653144424610001632 1 1202505117.002425
0514152525653144424610001632 1 1202505117.002426
0524150121363144424610001632 2 1202505117.002426
0524150521363144424610001632 2 1202505117.002427
0524152521363144424610001632 2 1202505117.002427
0524153521363144424610001632 2 1202505117.002427
0524155521363144424610001632 2 1202505117.002427
0524156521363144424610001632 2 1202505117.002427
0514152521663144424610001632 2 1202505117.002429
0514152525663144424610001632 2 1202505117.002429
0524156021613545424610001632 2 1202505117.002439
0524156521613545424610001632 2 1202505117.002440
0122156025133404424110003042 2 1202505117.002939
0122156025133414424110003042 2 1202505117.002943
0122156025133424424110003042 2 1202505117.002947
0122156025133444424110003042 2 1202505117.002952
0122156025133454424110003042 2 1202505117.002956
0122156025133404424210003042 2 1202505117.003211
0122156025133414424210003042 2 1202505117.003213
0122156025133424424210003042 2 1202505117.003216
0122156025133444424210003042 2 1202505117.003219
0122156025133454424210003042 2 1202505117.003222
0122156025133404424510003042 2 1202505117.003433
0122156025133414424510003042 2 1202505117.003436
0122156025133424424510003042 2 1202505117.003438
0122156025133444424510003042 2 1202505117.003441
0122156025133454424510003042 2 1202505117.003444
0524153521313144424610001352 2 1202505117.011147
0145102521303026464201142103 1 1202505117.011632
0145102521303526464201142103 1 1202505117.011634
0145102521303046464201142103 1 1202505117.011635
0145102521313046464201142103 2 1202505117.011636
0145102521333046464201142103 2 1202505117.011638
0145102521343046464201142103 2 1202505117.011639
0145102521353046464201142103 1 1202505117.011641
0145102521303146464201142103 2 1202505117.011644
0145102523303146464201142103 6 1202505117.011645
0145102521313146464201142103 2 1202505117.011646
0145102523313146464201142103 6 1202505117.011647
0145102521333146464201142103 2 1202505117.011648
0145102523333146464201142103 6 1202505117.011648
0145102521343146464201142103 2 1202505117.011649
0145102523343146464201142103 6 1202505117.011650
0441152020353146464201142103 2 1202505117.011650
0145102521353146464201142103 1 1202505117.011652
0145102523353146464201142103 1 1202505117.011652
0145102521303546464201142103 1 1202505117.011653
0145102521313546464201142103 2 1202505117.011653
0145102521333546464201142103 2 1202505117.011654
0145102521343546464201142103 2 1202505117.011654
0145102521353546464201142103 1 1202505117.011655
0411152021333140424601142103 2 1202505117.011758
0021106025353540424601142103 6 1202505117.011808
0145102521353041424601142103 1 1202505117.011819
0145102521303141424601142103 1 1202505117.011822
0140152521303141424601142103 2 1202505117.011822
0440152521303141424601142103 2 1202505117.011822
0540152521303141424601142103 2 1202505117.011823
0145102521353141424601142103 1 1202505117.011832
0145102521353541424601142103 1 1202505117.011834
0145102521303022424601142103 1 1202505117.011840
0145102521303522424601142103 1 1202505117.011842
0145102521303042424601142103 1 1202505117.011844
0145102521313042424601142103 2 1202505117.011845
0145102521333042424601142103 2 1202505117.011845
0145102521343042424601142103 2 1202505117.011846
0145102521353042424601142103 1 1202505117.011847
0145102521303142424601142103 2 1202505117.011850
0145102521313142424601142103 2 1202505117.011851
0145102521333142424601142103 2 1202505117.011852
0145102521343142424601142103 2 1202505117.011853
0145102521353142424601142103 1 1202505117.011854
0145102521303542424601142103 1 1202505117.011855
0145102521313542424601142103 2 1202505117.011856
0145102521333542424601142103 2 1202505117.011856
0145102521343542424601142103 2 1202505117.011856
0145102521353542424601142103 1 1202505117.011857
0414152021303144424601142103 1 1202505117.011909
0145102521303144424601142103 1 1202505117.011911
0414152021313144424601142103 2 1202505117.011913
0145102521313144424601142103 2 1202505117.011914
0414152021333144424601142103 2 1202505117.011916
0145102521333144424601142103 2 1202505117.011918
0414152021343144424601142103 2 1202505117.011919
0145102521343144424601142103 2 1202505117.011921
0414152021353144424601142103 1 1202505117.011923
0145102521353144424601142103 1 1202505117.011925
0011152021333544424601142103 2 1202505117.011927
0145102521303045424601142103 1 1202505117.011937
0145102521313045424601142103 2 1202505117.011939
0145102521333045424601142103 2 1202505117.011940
0145102521343045424601142103 2 1202505117.011942
0145102521353045424601142103 1 1202505117.011946
0145102521303145424601142103 1 1202505117.011950
0145102521313145424601142103 2 1202505117.011952
0145102521333145424601142103 2 1202505117.011953
0145102521343145424601142103 2 1202505117.011954
0145102521353145424601142103 1 1202505117.011957
0021106025353145424601142103 6 1202505117.011958
0145102521303026424601142103 1 1202505117.012006
0145102521303526424601142103 1 1202505117.012007
0145102521303046424601142103 1 1202505117.012008
0145102521313046424601142103 2 1202505117.012009
0145102521333046424601142103 2 1202505117.012010
0145102521343046424601142103 2 1202505117.012011
0145102521353046424601142103 1 1202505117.012013
0145102521303146424601142103 2 1202505117.012019
0145102521313146424601142103 2 1202505117.012023
0145102521333146424601142103 2 1202505117.012027
0145102521343146424601142103 2 1202505117.012030
0145102521353146424601142103 1 1202505117.012039
0145102521303546424601142103 1 1202505117.012040
0145102521313546424601142103 2 1202505117.012040
0145102521333546424601142103 2 1202505117.012041
0145102521343546424601142103 2 1202505117.012041
0145102521353546424601142103 1 1202505117.012041
0142102525303140464601142103 6 1202505117.012159
0142102525313140464601142103 6 1202505117.012205
0411152020333140464601142103 6 1202505117.012206
0411152021333140464601142103 2 1202505117.012207
0411152023333140464601142103 6 1202505117.012209
0411152024333140464601142103 6 1202505117.012210
0411152025333140464601142103 6 1202505117.012211
0142102525333140464601142103 6 1202505117.012212
0142102525343140464601142103 6 1202505117.012217
0142102525353140464601142103 1 1202505117.012232
0145102520353041464601142103 1 1202505117.012309
0145102521353041464601142103 1 1202505117.012311
0145102523353041464601142103 1 1202505117.012313
0145102524353041464601142103 1 1202505117.012314
0145102525353041464601142103 1 1202505117.012315
0145102520303141464601142103 1 1202505117.012317
0140152520303141464601142103 6 1202505117.012317
0440152520303141464601142103 6 1202505117.012318
0540152520303141464601142103 6 1202505117.012318
0142152520303141464601142103 6 1202505117.012319
0542152520303141464601142103 6 1202505117.012319
0145102521303141464601142103 1 1202505117.012321
0140152521303141464601142103 2 1202505117.012322
0440152521303141464601142103 2 1202505117.012322
0540152521303141464601142103 2 1202505117.012323
0145102523303141464601142103 1 1202505117.012324
0140152523303141464601142103 6 1202505117.012325
0440152523303141464601142103 6 1202505117.012325
0540152523303141464601142103 6 1202505117.012325
0145102524303141464601142103 1 1202505117.012327
0140152524303141464601142103 6 1202505117.012327
0440152524303141464601142103 6 1202505117.012328
0540152524303141464601142103 6 1202505117.012328
0142102525303141464601142103 6 1202505117.012329
0145102525303141464601142103 1 1202505117.012330
0140152525303141464601142103 6 1202505117.012331
0440152525303141464601142103 6 1202505117.012331
0540152525303141464601142103 6 1202505117.012331
0145102520353141464601142103 1 1202505117.012333
0145102521353141464601142103 1 1202505117.012335
0145102523353141464601142103 1 1202505117.012336
0145102524353141464601142103 1 1202505117.012337
0145102525353141464601142103 1 1202505117.012338
0145102520353541464601142103 1 1202505117.012344
0145102521353541464601142103 1 1202505117.012345
0222152023353541464601142103 1 1202505117.012345
0145102523353541464601142103 1 1202505117.012346
0145102524353541464601142103 1 1202505117.012347
0145102525353541464601142103 1 1202505117.012347
0145102521303022464601142103 1 1202505117.012412
0145102521303522464601142103 1 1202505117.012417
0145102521303042464601142103 1 1202505117.012421
0145102521313042464601142103 2 1202505117.012423
0145102521333042464601142103 2 1202505117.012425
0145102521343042464601142103 2 1202505117.012426
0145102521353042464601142103 1 1202505117.012430
0145102520303142464601142103 1 1202505117.012431
0141152520303142464601142103 2 1202505117.012433
0441152520303142464601142103 2 1202505117.012433
0042152520303142464601142103 6 1202505117.012433
0145102521303142464601142103 2 1202505117.012438
0145102520313142464601142103 6 1202505117.012441
0042152520313142464601142103 6 1202505117.012442
0145102521313142464601142103 2 1202505117.012445
0145102520333142464601142103 6 1202505117.012445
0042152520333142464601142103 6 1202505117.012446
0145102521333142464601142103 2 1202505117.012449
0145102520343142464601142103 6 1202505117.012449
0042152520343142464601142103 6 1202505117.012451
0145102521343142464601142103 2 1202505117.012453
0145102520353142464601142103 1 1202505117.012455
0042152520353142464601142103 1 1202505117.012458
0145102521353142464601142103 1 1202505117.012503
0145102520303542464601142103 1 1202505117.012504
0145102521303542464601142103 1 1202505117.012505
0145102521313542464601142103 2 1202505117.012506
0145102521333542464601142103 2 1202505117.012507
0145102521343542464601142103 2 1202505117.012509
0145102521353542464601142103 1 1202505117.012511
0122152023333104464601142103 6 1202505117.012520
0222152023333104464601142103 6 1202505117.012520
0422152023333104464601142103 6 1202505117.012521
0522152023333104464601142103 6 1202505117.012521
0022152023333504464601142103 6 1202505117.012533
0522152023333504464601142103 6 1202505117.012533
0122152023333114464601142103 6 1202505117.012538
0222152023333114464601142103 6 1202505117.012538
0422152023333114464601142103 6 1202505117.012538
0522152023333114464601142103 6 1202505117.012539
0022152023333514464601142103 6 1202505117.012540
0522152023333514464601142103 6 1202505117.012540
0122152023333124464601142103 6 1202505117.012543
0222152023333124464601142103 6 1202505117.012543
0422152023333124464601142103 6 1202505117.012543
0522152023333124464601142103 6 1202505117.012544
0022152023333524464601142103 6 1202505117.012545
0522152023333524464601142103 6 1202505117.012545
0414152020303144464601142103 1 1202505117.012605
0145102520303144464601142103 1 1202505117.012607
0414152021303144464601142103 1 1202505117.012608
0145102521303144464601142103 1 1202505117.012611
0212152023303144464601142103 1 1202505117.012613
0412152023303144464601142103 1 1202505117.012613
0414152023303144464601142103 1 1202505117.012614
0145102523303144464601142103 1 1202505117.012616
0414152024303144464601142103 1 1202505117.012617
0145102524303144464601142103 1 1202505117.012618
0414152025303144464601142103 1 1202505117.012620
0142102525303144464601142103 6 1202505117.012622
0145102525303144464601142103 1 1202505117.012622
0414152020313144464601142103 6 1202505117.012624
0145102520313144464601142103 6 1202505117.012624
0414152021313144464601142103 2 1202505117.012626
0145102521313144464601142103 2 1202505117.012627
0212152023313144464601142103 6 1202505117.012629
0412152023313144464601142103 6 1202505117.012629
0414152023313144464601142103 6 1202505117.012630
0145102523313144464601142103 6 1202505117.012630
0414152024313144464601142103 6 1202505117.012631
0145102524313144464601142103 6 1202505117.012632
0414152025313144464601142103 6 1202505117.012633
0142102525313144464601142103 6 1202505117.012634
0145102525313144464601142103 6 1202505117.012634
0414152020333144464601142103 6 1202505117.012636
0145102520333144464601142103 6 1202505117.012637
0414152021333144464601142103 2 1202505117.012639
0145102521333144464601142103 2 1202505117.012642
0221152023333144464601142103 6 1202505117.012643
0212152023333144464601142103 6 1202505117.012644
0412152023333144464601142103 6 1202505117.012644
0122152023333144464601142103 6 1202505117.012645
0222152023333144464601142103 6 1202505117.012645
0422152023333144464601142103 6 1202505117.012646
0522152023333144464601142103 6 1202505117.012646
0414152023333144464601142103 6 1202505117.012647
0145102523333144464601142103 6 1202505117.012648
0414152024333144464601142103 6 1202505117.012650
0145102524333144464601142103 6 1202505117.012651
0414152025333144464601142103 6 1202505117.012652
0142102525333144464601142103 6 1202505117.012653
0145102525333144464601142103 6 1202505117.012654
0414152020343144464601142103 6 1202505117.012655
0145102520343144464601142103 6 1202505117.012656
0414152021343144464601142103 2 1202505117.012657
0145102521343144464601142103 2 1202505117.012659
0212152023343144464601142103 6 1202505117.012700
0412152023343144464601142103 6 1202505117.012701
0414152023343144464601142103 6 1202505117.012701
0145102523343144464601142103 6 1202505117.012702
0414152024343144464601142103 6 1202505117.012703
0145102524343144464601142103 6 1202505117.012703
0414152025343144464601142103 6 1202505117.012704
0142102525343144464601142103 6 1202505117.012705
0145102525343144464601142103 6 1202505117.012706
0414152020353144464601142103 1 1202505117.012707
0145102520353144464601142103 1 1202505117.012710
0414152021353144464601142103 1 1202505117.012712
0145102521353144464601142103 1 1202505117.012716
0212152023353144464601142103 1 1202505117.012718
0412152023353144464601142103 1 1202505117.012718
0222152023353144464601142103 6 1202505117.012718
0414152023353144464601142103 1 1202505117.012719
0145102523353144464601142103 1 1202505117.012721
0414152024353144464601142103 1 1202505117.012722
0145102524353144464601142103 1 1202505117.012724
0414152025353144464601142103 1 1202505117.012726
0142102525353144464601142103 1 1202505117.012728
0145102525353144464601142103 1 1202505117.012729
0011152020333544464601142103 2 1202505117.012732
0011152021333544464601142103 2 1202505117.012733
0011152023333544464601142103 6 1202505117.012735
0022152023333544464601142103 6 1202505117.012735
0222152023333544464601142103 6 1202505117.012736
0522152023333544464601142103 6 1202505117.012736
0011152024333544464601142103 6 1202505117.012737
0011152025333544464601142103 6 1202505117.012738
0021106120353544464601142103 2 1202505117.012740
0122152023333154464601142103 6 1202505117.012745
0222152023333154464601142103 6 1202505117.012745
0422152023333154464601142103 6 1202505117.012746
0522152023333154464601142103 6 1202505117.012746
0022152023333554464601142103 6 1202505117.012747
0522152023333554464601142103 6 1202505117.012747
0122152023333164464601142103 6 1202505117.012749
0222152023333164464601142103 6 1202505117.012749
0422152023333164464601142103 6 1202505117.012749
0522152023333164464601142103 6 1202505117.012750
0022152023333564464601142103 6 1202505117.012750
0522152023333564464601142103 6 1202505117.012751
0145102520303045464601142103 1 1202505117.012814
0145102521303045464601142103 1 1202505117.012815
0145102523303045464601142103 1 1202505117.012817
0145102524303045464601142103 1 1202505117.012818
0145102525303045464601142103 1 1202505117.012819
0145102520313045464601142103 6 1202505117.012819
0145102521313045464601142103 2 1202505117.012821
0145102523313045464601142103 6 1202505117.012822
0145102524313045464601142103 6 1202505117.012823
0145102525313045464601142103 6 1202505117.012824
0145102520333045464601142103 6 1202505117.012824
0145102521333045464601142103 2 1202505117.012826
0145102523333045464601142103 6 1202505117.012827
0145102524333045464601142103 6 1202505117.012827
0145102525333045464601142103 6 1202505117.012828
0145102520343045464601142103 6 1202505117.012829
0145102521343045464601142103 2 1202505117.012830
0145102523343045464601142103 6 1202505117.012831
0145102524343045464601142103 6 1202505117.012832
0145102525343045464601142103 6 1202505117.012833
0145102520353045464601142103 1 1202505117.012835
0145102521353045464601142103 1 1202505117.012840
0145102523353045464601142103 1 1202505117.012842
0145102524353045464601142103 1 1202505117.012844
0145102525353045464601142103 1 1202505117.012847
0145102520303145464601142103 1 1202505117.012850
0145102521303145464601142103 1 1202505117.012853
0145102523303145464601142103 1 1202505117.012855
0145102524303145464601142103 1 1202505117.012857
0142102525303145464601142103 6 1202505117.012859
0145102525303145464601142103 1 1202505117.012900
0145102520313145464601142103 6 1202505117.012901
0145102521313145464601142103 2 1202505117.012903
0145102523313145464601142103 6 1202505117.012904
0145102524313145464601142103 6 1202505117.012905
0142102525313145464601142103 6 1202505117.012906
0145102525313145464601142103 6 1202505117.012906
0145102520333145464601142103 6 1202505117.012907
0145102521333145464601142103 2 1202505117.012909
0145102523333145464601142103 6 1202505117.012910
0145102524333145464601142103 6 1202505117.012911
0142102525333145464601142103 6 1202505117.012912
0145102525333145464601142103 6 1202505117.012912
0145102520343145464601142103 6 1202505117.012913
0145102521343145464601142103 2 1202505117.012915
0145102523343145464601142103 6 1202505117.012916
0145102524343145464601142103 6 1202505117.012917
0142102525343145464601142103 6 1202505117.012918
0145102525343145464601142103 6 1202505117.012918
0145102520353145464601142103 1 1202505117.012921
0145102521353145464601142103 1 1202505117.012924
0145102523353145464601142103 1 1202505117.012926
0145102524353145464601142103 1 1202505117.012928
0142102525353145464601142103 1 1202505117.012930
0145102525353145464601142103 1 1202505117.012931
0145102520303026464601142103 1 1202505117.012958
0145102521303026464601142103 1 1202505117.012959
0145102523303026464601142103 1 1202505117.012959
0145102524303026464601142103 1 1202505117.013000
0145102525303026464601142103 1 1202505117.013000
0145102520303526464601142103 1 1202505117.013001
0145102521303526464601142103 1 1202505117.013002
0145102523303526464601142103 1 1202505117.013003
0145102524303526464601142103 1 1202505117.013004
0145102525303526464601142103 1 1202505117.013004
0145102520303046464601142103 1 1202505117.013005
0145102521303046464601142103 1 1202505117.013007
0145102523303046464601142103 1 1202505117.013008
0145102524303046464601142103 1 1202505117.013009
0142102525303046464601142103 1 1202505117.013010
0145102525303046464601142103 1 1202505117.013010
0145102520313046464601142103 6 1202505117.013011
0145102521313046464601142103 2 1202505117.013012
0145102523313046464601142103 6 1202505117.013013
0145102524313046464601142103 6 1202505117.013013
0145102525313046464601142103 6 1202505117.013014
0145102520333046464601142103 6 1202505117.013015
0145102521333046464601142103 2 1202505117.013016
0145102523333046464601142103 6 1202505117.013016
0145102524333046464601142103 6 1202505117.013017
0145102525333046464601142103 6 1202505117.013017
0145102520343046464601142103 6 1202505117.013018
0145102521343046464601142103 2 1202505117.013019
0145102523343046464601142103 6 1202505117.013020
0145102524343046464601142103 6 1202505117.013020
0145102525343046464601142103 6 1202505117.013021
0145102520353046464601142103 1 1202505117.013022
0145102521353046464601142103 1 1202505117.013024
0145102523353046464601142103 1 1202505117.013025
0145102524353046464601142103 1 1202505117.013026
0145102525353046464601142103 1 1202505117.013027
0145102520303146464601142103 6 1202505117.013029
0145102521303146464601142103 2 1202505117.013032
0145102523303146464601142103 6 1202505117.013034
0145102524303146464601142103 6 1202505117.013036
0145102525303146464601142103 6 1202505117.013038
0145102520313146464601142103 6 1202505117.013039
0145102521313146464601142103 2 1202505117.013040
0145102523313146464601142103 6 1202505117.013040
0145102524313146464601142103 6 1202505117.013041
0145102525313146464601142103 6 1202505117.013041
0145102520333146464601142103 6 1202505117.013042
0145102521333146464601142103 2 1202505117.013043
0145102523333146464601142103 6 1202505117.013044
0145102524333146464601142103 6 1202505117.013044
0145102525333146464601142103 6 1202505117.013045
0145102520343146464601142103 6 1202505117.013046
0145102521343146464601142103 2 1202505117.013047
0145102523343146464601142103 6 1202505117.013048
0145102524343146464601142103 6 1202505117.013048
0145102525343146464601142103 6 1202505117.013049
0145102520353146464601142103 1 1202505117.013050
0145102521353146464601142103 1 1202505117.013052
0145102523353146464601142103 1 1202505117.013053
0145102524353146464601142103 1 1202505117.013054
0145102525353146464601142103 1 1202505117.013055
0145102520303546464601142103 1 1202505117.013056
0145102521303546464601142103 1 1202505117.013056
0145102523303546464601142103 1 1202505117.013057
0145102524303546464601142103 1 1202505117.013057
0145102525303546464601142103 1 1202505117.013058
0145102520313546464601142103 6 1202505117.013058
0145102521313546464601142103 2 1202505117.013059
0145102523313546464601142103 6 1202505117.013059
0145102524313546464601142103 6 1202505117.013059
0145102525313546464601142103 6 1202505117.013100
0145102520333546464601142103 6 1202505117.013100
0145102521333546464601142103 2 1202505117.013101
0145102523333546464601142103 6 1202505117.013101
0145102524333546464601142103 6 1202505117.013102
0145102525333546464601142103 6 1202505117.013102
0145102520343546464601142103 6 1202505117.013102
0145102521343546464601142103 2 1202505117.013103
0145102523343546464601142103 6 1202505117.013103
0145102524343546464601142103 6 1202505117.013103
0145102525343546464601142103 6 1202505117.013104
0145102520353546464601142103 1 1202505117.013104
0145102521353546464601142103 1 1202505117.013105
0145102523353546464601142103 1 1202505117.013106
0145102524353546464601142103 1 1202505117.013106
0145102525353546464601142103 1 1202505117.013107
0524153520313144464110002113 6 1202505117.015301
0524153521313144464110002113 2 1202505117.015301
0524153523313144464110002113 6 1202505117.015301
0524153524313144464110002113 6 1202505117.015302
0524153525313144464110002113 2 1202505117.015302
0524153520313144464210002113 6 1202505117.015816
0524153521313144464210002113 2 1202505117.015816
0524153523313144464210002113 6 1202505117.015817
0524153524313144464210002113 6 1202505117.015817
0524153525313144464210002113 2 1202505117.015818
0524153520313144464510002113 6 1202505117.020231
0524153521313144464510002113 2 1202505117.020231
0524153523313144464510002113 6 1202505117.020232
0524153524313144464510002113 6 1202505117.020232
0524153525313144464510002113 2 1202505117.020233
0524153521313144424610002113 2 1202505117.020555
0524153520313144464610002113 6 1202505117.020843
0524153521313144464610002113 2 1202505117.020843
0524153523313144464610002113 6 1202505117.020844
0524153524313144464610002113 6 1202505117.020844
0524153525313144464610002113 2 1202505117.020844
0524123225163545414110001613 2 1202505117.022425
0524153525163142424110001613 2 1202505117.022508
0564152521303144424110001613 1 1202505117.022534
0564152525303144424110001613 1 1202505117.022534
0564152521313144424110001613 2 1202505117.022534
0564152525313144424110001613 2 1202505117.022534
0564152521333144424110001613 2 1202505117.022535
0564152525333144424110001613 2 1202505117.022535
0564152521343144424110001613 2 1202505117.022536
0564152525343144424110001613 2 1202505117.022536
0564152521353144424110001613 1 1202505117.022536
0564152525353144424110001613 1 1202505117.022537
0524103521163144424110001613 2 1202505117.022537
0524153521163144424110001613 2 1202505117.022537
0524103525163144424110001613 2 1202505117.022538
0524153525163144424110001613 2 1202505117.022538
0564152521363144424110001613 2 1202505117.022538
0564152525363144424110001613 2 1202505117.022539
0524153521663144424110001613 2 1202505117.022539
0524153525663144424110001613 2 1202505117.022539
0524153021163545424110001613 2 1202505117.022556
0524153521163545424110001613 2 1202505117.022556
0524123225163545414210001613 2 1202505117.022836
0524153525163142424210001613 2 1202505117.022918
0564152521303144424210001613 1 1202505117.022936
0564152525303144424210001613 1 1202505117.022936
0564152521313144424210001613 2 1202505117.022937
0564152525313144424210001613 2 1202505117.022937
0564152521333144424210001613 2 1202505117.022937
0564152525333144424210001613 2 1202505117.022938
0564152521343144424210001613 2 1202505117.022938
0564152525343144424210001613 2 1202505117.022938
0564152521353144424210001613 1 1202505117.022938
0564152525353144424210001613 1 1202505117.022939
0524103521163144424210001613 2 1202505117.022939
0524153521163144424210001613 2 1202505117.022940
0524103525163144424210001613 2 1202505117.022940
0524153525163144424210001613 2 1202505117.022941
0564152521363144424210001613 2 1202505117.022941
0564152525363144424210001613 2 1202505117.022941
0524153521663144424210001613 2 1202505117.022942
0524153525663144424210001613 2 1202505117.022942
0524153021163545424210001613 2 1202505117.022954
0524153521163545424210001613 2 1202505117.022955
0524123225163545414510001613 2 1202505117.023234
0524153525163142424510001613 2 1202505117.023308
0564152521303144424510001613 1 1202505117.023325
0564152525303144424510001613 1 1202505117.023326
0564152521313144424510001613 2 1202505117.023326
0564152525313144424510001613 2 1202505117.023326
0564152521333144424510001613 2 1202505117.023327
0564152525333144424510001613 2 1202505117.023327
0564152521343144424510001613 2 1202505117.023327
0564152525343144424510001613 2 1202505117.023328
0564152521353144424510001613 1 1202505117.023328
0564152525353144424510001613 1 1202505117.023328
0524103521163144424510001613 2 1202505117.023329
0524153521163144424510001613 2 1202505117.023329
0524103525163144424510001613 2 1202505117.023329
0524153525163144424510001613 2 1202505117.023330
0564152521363144424510001613 2 1202505117.023330
0564152525363144424510001613 2 1202505117.023331
0524153521663144424510001613 2 1202505117.023331
0524153525663144424510001613 2 1202505117.023331
0524153021163545424510001613 2 1202505117.023341
0524153521163545424510001613 2 1202505117.023341
0524123225163545414610001613 2 1202505117.023623
0524153525163142424610001613 2 1202505117.023739
0564152521303144424610001613 1 1202505117.023806
0564152525303144424610001613 1 1202505117.023806
0564152521313144424610001613 2 1202505117.023807
0524153521313144424610001613 2 1202505117.023807
0564152525313144424610001613 2 1202505117.023807
0564152521333144424610001613 2 1202505117.023808
0564152525333144424610001613 2 1202505117.023808
0564152521343144424610001613 2 1202505117.023808
0564152525343144424610001613 2 1202505117.023809
0564152521353144424610001613 1 1202505117.023809
0564152525353144424610001613 1 1202505117.023810
0524103521163144424610001613 2 1202505117.023811
0524153521163144424610001613 2 1202505117.023811
0524103525163144424610001613 2 1202505117.023811
0524153525163144424610001613 2 1202505117.023811
0564152521363144424610001613 2 1202505117.023812
0564152525363144424610001613 2 1202505117.023812
0524153521663144424610001613 2 1202505117.023813
0524153525663144424610001613 2 1202505117.023813
0524153021163545424610001613 2 1202505117.023843
0524153521163545424610001613 2 1202505117.023843
0524153521313144424610002443 2 1202505117.032207
0524153521313144424610001253 2 1202505117.034831
0122153021143000464110003204 2 1202505117.035547
0122153025143000464110003204 2 1202505117.035548
0122150025343501464110003204 2 1202505117.035551
0122150021343511464110003204 2 1202505117.035552
0122150025343511464110003204 2 1202505117.035552
0122150025343521464110003204 2 1202505117.035553
0122150025343541464110003204 2 1202505117.035554
0122150021343551464110003204 2 1202505117.035555
0122150025343551464110003204 2 1202505117.035555
0122150021343502464110003204 2 1202505117.035556
0122152021343502464110003204 2 1202505117.035557
0122153021343502464110003204 2 1202505117.035557
0122155021343502464110003204 2 1202505117.035557
0122156021343502464110003204 2 1202505117.035557
0122150025343502464110003204 2 1202505117.035558
0122152025343502464110003204 2 1202505117.035558
0122153025343502464110003204 2 1202505117.035558
0122155025343502464110003204 2 1202505117.035558
0122156025343502464110003204 2 1202505117.035559
0122150021343512464110003204 2 1202505117.035600
0122152021343512464110003204 2 1202505117.035600
0122153021343512464110003204 2 1202505117.035600
0122155021343512464110003204 2 1202505117.035600
0122156021343512464110003204 2 1202505117.035601
0122150025343512464110003204 2 1202505117.035601
0122152025343512464110003204 2 1202505117.035601
0122153025343512464110003204 2 1202505117.035602
0122155025343512464110003204 2 1202505117.035602
0122156025343512464110003204 2 1202505117.035602
0122150021343522464110003204 2 1202505117.035603
0122152021343522464110003204 2 1202505117.035603
0122153021343522464110003204 2 1202505117.035603
0122155021343522464110003204 2 1202505117.035604
0122156021343522464110003204 2 1202505117.035604
0122150025343522464110003204 2 1202505117.035604
0122152025343522464110003204 2 1202505117.035604
0122153025343522464110003204 2 1202505117.035605
0122155025343522464110003204 2 1202505117.035605
0122156025343522464110003204 2 1202505117.035605
0122150021343542464110003204 2 1202505117.035606
0122152021343542464110003204 2 1202505117.035607
0122153021343542464110003204 2 1202505117.035607
0122155021343542464110003204 2 1202505117.035607
0122156021343542464110003204 2 1202505117.035607
0122150025343542464110003204 2 1202505117.035608
0122152025343542464110003204 2 1202505117.035608
0122153025343542464110003204 2 1202505117.035608
0122155025343542464110003204 2 1202505117.035608
0122156025343542464110003204 2 1202505117.035609
0122150021343552464110003204 2 1202505117.035610
0122152021343552464110003204 2 1202505117.035610
0122153021343552464110003204 2 1202505117.035610
0122155021343552464110003204 2 1202505117.035610
0122156021343552464110003204 2 1202505117.035611
0122150025343552464110003204 2 1202505117.035611
0122152025343552464110003204 2 1202505117.035611
0122153025343552464110003204 2 1202505117.035611
0122155025343552464110003204 2 1202505117.035612
0122156025343552464110003204 2 1202505117.035612
0122150025343505464110003204 2 1202505117.035615
0122152025343505464110003204 2 1202505117.035616
0122153025343505464110003204 2 1202505117.035616
0122155025343505464110003204 2 1202505117.035616
0122156025343505464110003204 2 1202505117.035616
0122150021343515464110003204 2 1202505117.035617
0122150025343515464110003204 2 1202505117.035618
0122152025343515464110003204 2 1202505117.035618
0122153025343515464110003204 2 1202505117.035618
0122155025343515464110003204 2 1202505117.035618
0122156025343515464110003204 2 1202505117.035619
0122150025343525464110003204 2 1202505117.035619
0122152025343525464110003204 2 1202505117.035620
0122153025343525464110003204 2 1202505117.035620
0122155025343525464110003204 2 1202505117.035620
0122156025343525464110003204 2 1202505117.035620
0122150025343545464110003204 2 1202505117.035621
0122152025343545464110003204 2 1202505117.035621
0122153025343545464110003204 2 1202505117.035622
0122155025343545464110003204 2 1202505117.035622
0122156025343545464110003204 2 1202505117.035622
0122150021343555464110003204 2 1202505117.035623
0122152021343555464110003204 2 1202505117.035623
0122153021343555464110003204 2 1202505117.035623
0122155021343555464110003204 2 1202505117.035624
0122156021343555464110003204 2 1202505117.035624
0122150025343555464110003204 2 1202505117.035624
0122152025343555464110003204 2 1202505117.035624
0122153025343555464110003204 2 1202505117.035625
0122155025343555464110003204 2 1202505117.035625
0122156025343555464110003204 2 1202505117.035625
0122153021143000464210003204 2 1202505117.035755
0122153025143000464210003204 2 1202505117.035755
0122150025343501464210003204 2 1202505117.035758
0122150021343511464210003204 2 1202505117.035759
0122150025343511464210003204 2 1202505117.035759
0122150025343521464210003204 2 1202505117.035800
0122150025343541464210003204 2 1202505117.035801
0122150021343551464210003204 2 1202505117.035801
0122150025343551464210003204 2 1202505117.035802
0122150021343502464210003204 2 1202505117.035802
0122152021343502464210003204 2 1202505117.035802
0122153021343502464210003204 2 1202505117.035803
0122155021343502464210003204 2 1202505117.035803
0122156021343502464210003204 2 1202505117.035803
0122150025343502464210003204 2 1202505117.035803
0122152025343502464210003204 2 1202505117.035804
0122153025343502464210003204 2 1202505117.035804
0122155025343502464210003204 2 1202505117.035804
0122156025343502464210003204 2 1202505117.035804
0122150021343512464210003204 2 1202505117.035805
0122152021343512464210003204 2 1202505117.035805
0122153021343512464210003204 2 1202505117.035805
0122155021343512464210003204 2 1202505117.035806
0122156021343512464210003204 2 1202505117.035806
0122150025343512464210003204 2 1202505117.035806
0122152025343512464210003204 2 1202505117.035806
0122153025343512464210003204 2 1202505117.035806
0122155025343512464210003204 2 1202505117.035807
0122156025343512464210003204 2 1202505117.035807
0122150021343522464210003204 2 1202505117.035808
0122152021343522464210003204 2 1202505117.035808
0122153021343522464210003204 2 1202505117.035808
0122155021343522464210003204 2 1202505117.035808
0122156021343522464210003204 2 1202505117.035808
0122150025343522464210003204 2 1202505117.035809
0122152025343522464210003204 2 1202505117.035809
0122153025343522464210003204 2 1202505117.035809
0122155025343522464210003204 2 1202505117.035809
0122156025343522464210003204 2 1202505117.035809
0122150021343542464210003204 2 1202505117.035810
0122152021343542464210003204 2 1202505117.035810
0122153021343542464210003204 2 1202505117.035810
0122155021343542464210003204 2 1202505117.035811
0122156021343542464210003204 2 1202505117.035811
0122150025343542464210003204 2 1202505117.035811
0122152025343542464210003204 2 1202505117.035811
0122153025343542464210003204 2 1202505117.035811
0122155025343542464210003204 2 1202505117.035812
0122156025343542464210003204 2 1202505117.035812
0122150021343552464210003204 2 1202505117.035813
0122152021343552464210003204 2 1202505117.035813
0122153021343552464210003204 2 1202505117.035813
0122155021343552464210003204 2 1202505117.035813
0122156021343552464210003204 2 1202505117.035813
0122150025343552464210003204 2 1202505117.035814
0122152025343552464210003204 2 1202505117.035814
0122153025343552464210003204 2 1202505117.035814
0122155025343552464210003204 2 1202505117.035814
0122156025343552464210003204 2 1202505117.035814
0122150025343505464210003204 2 1202505117.035817
0122152025343505464210003204 2 1202505117.035818
0122153025343505464210003204 2 1202505117.035818
0122155025343505464210003204 2 1202505117.035818
0122156025343505464210003204 2 1202505117.035818
0122150021343515464210003204 2 1202505117.035819
0122150025343515464210003204 2 1202505117.035819
0122152025343515464210003204 2 1202505117.035819
0122153025343515464210003204 2 1202505117.035820
0122155025343515464210003204 2 1202505117.035820
0122156025343515464210003204 2 1202505117.035820
0122150025343525464210003204 2 1202505117.035821
0122152025343525464210003204 2 1202505117.035821
0122153025343525464210003204 2 1202505117.035821
0122155025343525464210003204 2 1202505117.035821
0122156025343525464210003204 2 1202505117.035821
0122150025343545464210003204 2 1202505117.035822
0122152025343545464210003204 2 1202505117.035822
0122153025343545464210003204 2 1202505117.035823
0122155025343545464210003204 2 1202505117.035823
0122156025343545464210003204 2 1202505117.035823
0122150021343555464210003204 2 1202505117.035824
0122152021343555464210003204 2 1202505117.035824
0122153021343555464210003204 2 1202505117.035824
0122155021343555464210003204 2 1202505117.035824
0122156021343555464210003204 2 1202505117.035825
0122150025343555464210003204 2 1202505117.035825
0122152025343555464210003204 2 1202505117.035825
0122153025343555464210003204 2 1202505117.035825
0122155025343555464210003204 2 1202505117.035825
0122156025343555464210003204 2 1202505117.035826
0122153021143000464510003204 2 1202505117.035953
0122153025143000464510003204 2 1202505117.035953
0122150025343501464510003204 2 1202505117.035956
0122150021343511464510003204 2 1202505117.035957
0122150025343511464510003204 2 1202505117.035957
0122150025343521464510003204 2 1202505117.035958
0122150025343541464510003204 2 1202505117.035959
0122150021343551464510003204 2 1202505117.035959
0122150025343551464510003204 2 1202505117.040000
0122150021343502464510003204 2 1202505117.040000
0122152021343502464510003204 2 1202505117.040001
0122153021343502464510003204 2 1202505117.040001
0122155021343502464510003204 2 1202505117.040001
0122156021343502464510003204 2 1202505117.040001
0122150025343502464510003204 2 1202505117.040001
0122152025343502464510003204 2 1202505117.040002
0122153025343502464510003204 2 1202505117.040002
0122155025343502464510003204 2 1202505117.040002
0122156025343502464510003204 2 1202505117.040002
0122150021343512464510003204 2 1202505117.040003
0122152021343512464510003204 2 1202505117.040003
0122153021343512464510003204 2 1202505117.040003
0122155021343512464510003204 2 1202505117.040004
0122156021343512464510003204 2 1202505117.040004
0122150025343512464510003204 2 1202505117.040004
0122152025343512464510003204 2 1202505117.040004
0122153025343512464510003204 2 1202505117.040004
0122155025343512464510003204 2 1202505117.040004
0122156025343512464510003204 2 1202505117.040005
0122150021343522464510003204 2 1202505117.040005
0122152021343522464510003204 2 1202505117.040006
0122153021343522464510003204 2 1202505117.040006
0122155021343522464510003204 2 1202505117.040006
0122156021343522464510003204 2 1202505117.040006
0122150025343522464510003204 2 1202505117.040006
0122152025343522464510003204 2 1202505117.040007
0122153025343522464510003204 2 1202505117.040007
0122155025343522464510003204 2 1202505117.040007
0122156025343522464510003204 2 1202505117.040007
0122150021343542464510003204 2 1202505117.040008
0122152021343542464510003204 2 1202505117.040008
0122153021343542464510003204 2 1202505117.040008
0122155021343542464510003204 2 1202505117.040009
0122156021343542464510003204 2 1202505117.040009
0122150025343542464510003204 2 1202505117.040009
0122152025343542464510003204 2 1202505117.040009
0122153025343542464510003204 2 1202505117.040009
0122155025343542464510003204 2 1202505117.040010
0122156025343542464510003204 2 1202505117.040010
0122150021343552464510003204 2 1202505117.040010
0122152021343552464510003204 2 1202505117.040011
0122153021343552464510003204 2 1202505117.040011
0122155021343552464510003204 2 1202505117.040011
0122156021343552464510003204 2 1202505117.040011
0122150025343552464510003204 2 1202505117.040012
0122152025343552464510003204 2 1202505117.040012
0122153025343552464510003204 2 1202505117.040012
0122155025343552464510003204 2 1202505117.040012
0122156025343552464510003204 2 1202505117.040012
0122150025343505464510003204 2 1202505117.040015
0122152025343505464510003204 2 1202505117.040016
0122153025343505464510003204 2 1202505117.040016
0122155025343505464510003204 2 1202505117.040016
0122156025343505464510003204 2 1202505117.040016
0122150021343515464510003204 2 1202505117.040017
0122150025343515464510003204 2 1202505117.040017
0122152025343515464510003204 2 1202505117.040017
0122153025343515464510003204 2 1202505117.040017
0122155025343515464510003204 2 1202505117.040018
0122156025343515464510003204 2 1202505117.040018
0122150025343525464510003204 2 1202505117.040019
0122152025343525464510003204 2 1202505117.040019
0122153025343525464510003204 2 1202505117.040019
0122155025343525464510003204 2 1202505117.040019
0122156025343525464510003204 2 1202505117.040019
0122150025343545464510003204 2 1202505117.040020
0122152025343545464510003204 2 1202505117.040020
0122153025343545464510003204 2 1202505117.040021
0122155025343545464510003204 2 1202505117.040021
0122156025343545464510003204 2 1202505117.040021
0122150021343555464510003204 2 1202505117.040022
0122152021343555464510003204 2 1202505117.040022
0122153021343555464510003204 2 1202505117.040022
0122155021343555464510003204 2 1202505117.040022
0122156021343555464510003204 2 1202505117.040023
0122150025343555464510003204 2 1202505117.040023
0122152025343555464510003204 2 1202505117.040023
0122153025343555464510003204 2 1202505117.040023
0122155025343555464510003204 2 1202505117.040023
0122156025343555464510003204 2 1202505117.040024
0524153521313144424610002014 2 1202505117.044346
0111152021363520404200000044 1 1202505117.051603
0122153021143000464110003254 2 1202505117.052222
0122153025143000464110003254 2 1202505117.052222
0122150025343501464110003254 2 1202505117.052225
0122150021343511464110003254 2 1202505117.052226
0122150025343511464110003254 2 1202505117.052226
0122150025343521464110003254 2 1202505117.052227
0122150025343541464110003254 2 1202505117.052227
0122150021343551464110003254 2 1202505117.052228
0122150025343551464110003254 2 1202505117.052228
0122150021343502464110003254 2 1202505117.052229
0122152021343502464110003254 2 1202505117.052229
0122153021343502464110003254 2 1202505117.052229
0122155021343502464110003254 2 1202505117.052230
0122156021343502464110003254 2 1202505117.052230
0122150025343502464110003254 2 1202505117.052230
0122152025343502464110003254 2 1202505117.052230
0122153025343502464110003254 2 1202505117.052230
0122155025343502464110003254 2 1202505117.052231
0122156025343502464110003254 2 1202505117.052231
0122150021343512464110003254 2 1202505117.052232
0122152021343512464110003254 2 1202505117.052232
0122153021343512464110003254 2 1202505117.052232
0122155021343512464110003254 2 1202505117.052232
0122156021343512464110003254 2 1202505117.052232
0122150025343512464110003254 2 1202505117.052233
0122152025343512464110003254 2 1202505117.052233
0122153025343512464110003254 2 1202505117.052233
0122155025343512464110003254 2 1202505117.052233
0122156025343512464110003254 2 1202505117.052234
0122150021343522464110003254 2 1202505117.052234
0122152021343522464110003254 2 1202505117.052234
0122153021343522464110003254 2 1202505117.052235
0122155021343522464110003254 2 1202505117.052235
0122156021343522464110003254 2 1202505117.052235
0122150025343522464110003254 2 1202505117.052235
0122152025343522464110003254 2 1202505117.052235
0122153025343522464110003254 2 1202505117.052236
0122155025343522464110003254 2 1202505117.052236
0122156025343522464110003254 2 1202505117.052236
0122150021343542464110003254 2 1202505117.052237
0122152021343542464110003254 2 1202505117.052237
0122153021343542464110003254 2 1202505117.052237
0122155021343542464110003254 2 1202505117.052237
0122156021343542464110003254 2 1202505117.052238
0122150025343542464110003254 2 1202505117.052238
0122152025343542464110003254 2 1202505117.052238
0122153025343542464110003254 2 1202505117.052238
0122155025343542464110003254 2 1202505117.052238
0122156025343542464110003254 2 1202505117.052239
0122150021343552464110003254 2 1202505117.052239
0122152021343552464110003254 2 1202505117.052240
0122153021343552464110003254 2 1202505117.052240
0122155021343552464110003254 2 1202505117.052240
0122156021343552464110003254 2 1202505117.052240
0122150025343552464110003254 2 1202505117.052240
0122152025343552464110003254 2 1202505117.052241
0122153025343552464110003254 2 1202505117.052241
0122155025343552464110003254 2 1202505117.052241
0122156025343552464110003254 2 1202505117.052241
0122150025343505464110003254 2 1202505117.052244
0122152025343505464110003254 2 1202505117.052245
0122153025343505464110003254 2 1202505117.052245
0122155025343505464110003254 2 1202505117.052245
0122156025343505464110003254 2 1202505117.052245
0122150021343515464110003254 2 1202505117.052246
0122150025343515464110003254 2 1202505117.052246
0122152025343515464110003254 2 1202505117.052246
0122153025343515464110003254 2 1202505117.052247
0122155025343515464110003254 2 1202505117.052247
0122156025343515464110003254 2 1202505117.052247
0122150025343525464110003254 2 1202505117.052248
0122152025343525464110003254 2 1202505117.052248
0122153025343525464110003254 2 1202505117.052248
0122155025343525464110003254 2 1202505117.052248
0122156025343525464110003254 2 1202505117.052248
0122150025343545464110003254 2 1202505117.052249
0122152025343545464110003254 2 1202505117.052249
0122153025343545464110003254 2 1202505117.052250
0122155025343545464110003254 2 1202505117.052250
0122156025343545464110003254 2 1202505117.052250
0122150021343555464110003254 2 1202505117.052251
0122152021343555464110003254 2 1202505117.052251
0122153021343555464110003254 2 1202505117.052251
0122155021343555464110003254 2 1202505117.052251
0122156021343555464110003254 2 1202505117.052252
0122150025343555464110003254 2 1202505117.052252
0122152025343555464110003254 2 1202505117.052252
0122153025343555464110003254 2 1202505117.052252
0122155025343555464110003254 2 1202505117.052252
0122156025343555464110003254 2 1202505117.052253
0122153021143000464210003254 2 1202505117.052422
0122153025143000464210003254 2 1202505117.052422
0122150025343501464210003254 2 1202505117.052426
0122150021343511464210003254 2 1202505117.052427
0122150025343511464210003254 2 1202505117.052427
0122150025343521464210003254 2 1202505117.052427
0122150025343541464210003254 2 1202505117.052428
0122150021343551464210003254 2 1202505117.052429
0122150025343551464210003254 2 1202505117.052429
0122150021343502464210003254 2 1202505117.052430
0122152021343502464210003254 2 1202505117.052430
0122153021343502464210003254 2 1202505117.052430
0122155021343502464210003254 2 1202505117.052431
0122156021343502464210003254 2 1202505117.052431
0122150025343502464210003254 2 1202505117.052431
0122152025343502464210003254 2 1202505117.052431
0122153025343502464210003254 2 1202505117.052431
0122155025343502464210003254 2 1202505117.052432
0122156025343502464210003254 2 1202505117.052432
0122150021343512464210003254 2 1202505117.052432
0122152021343512464210003254 2 1202505117.052433
0122153021343512464210003254 2 1202505117.052433
0122155021343512464210003254 2 1202505117.052433
0122156021343512464210003254 2 1202505117.052433
0122150025343512464210003254 2 1202505117.052434
0122152025343512464210003254 2 1202505117.052434
0122153025343512464210003254 2 1202505117.052434
0122155025343512464210003254 2 1202505117.052434
0122156025343512464210003254 2 1202505117.052434
0122150021343522464210003254 2 1202505117.052435
0122152021343522464210003254 2 1202505117.052435
0122153021343522464210003254 2 1202505117.052436
0122155021343522464210003254 2 1202505117.052436
0122156021343522464210003254 2 1202505117.052436
0122150025343522464210003254 2 1202505117.052436
0122152025343522464210003254 2 1202505117.052436
0122153025343522464210003254 2 1202505117.052437
0122155025343522464210003254 2 1202505117.052437
0122156025343522464210003254 2 1202505117.052437
0122150021343542464210003254 2 1202505117.052438
0122152021343542464210003254 2 1202505117.052438
0122153021343542464210003254 2 1202505117.052438
0122155021343542464210003254 2 1202505117.052438
0122156021343542464210003254 2 1202505117.052438
0122150025343542464210003254 2 1202505117.052439
0122152025343542464210003254 2 1202505117.052439
0122153025343542464210003254 2 1202505117.052439
0122155025343542464210003254 2 1202505117.052439
0122156025343542464210003254 2 1202505117.052440
0122150021343552464210003254 2 1202505117.052440
0122152021343552464210003254 2 1202505117.052440
0122153021343552464210003254 2 1202505117.052441
0122155021343552464210003254 2 1202505117.052441
0122156021343552464210003254 2 1202505117.052441
0122150025343552464210003254 2 1202505117.052441
0122152025343552464210003254 2 1202505117.052441
0122153025343552464210003254 2 1202505117.052442
0122155025343552464210003254 2 1202505117.052442
0122156025343552464210003254 2 1202505117.052442
0122150025343505464210003254 2 1202505117.052445
0122152025343505464210003254 2 1202505117.052445
0122153025343505464210003254 2 1202505117.052446
0122155025343505464210003254 2 1202505117.052446
0122156025343505464210003254 2 1202505117.052446
0122150021343515464210003254 2 1202505117.052447
0122150025343515464210003254 2 1202505117.052447
0122152025343515464210003254 2 1202505117.052447
