0141105521333604424201241135 2 1202604164.211815
0141105521333624424201241135 2 1202604164.211816
0141105521333644424201241135 2 1202604164.211818
0141105126333644424201241135 2 1202604164.211818
0141105526333644424201241135 2 1202604164.211819
0141105521333654424201241135 2 1202604164.211820
0144100226333604424106241505 2 1202604164.212004
0144102226333604424106241505 2 1202604164.212004
0144103226333604424106241505 2 1202604164.212004
0144105226333604424106241505 2 1202604164.212005
0144100226333604424206241505 2 1202604164.212009
0144102226333604424206241505 2 1202604164.212009
0144103226333604424206241505 2 1202604164.212010
0144105226333604424206241505 2 1202604164.212010
0141105521333144424206241505 2 1202604164.212012
0144100226333604424606241505 2 1202604164.212016
0144102226333604424606241505 2 1202604164.212017
0144103226333604424606241505 2 1202604164.212017
0144105226333604424606241505 2 1202604164.212017
0121102020333564424116300424 2 1202604164.212324
0121102021333564424116300424 2 1202604164.212324
0121102020333564424216300424 2 1202604164.212327
0121102021333564424216300424 2 1202604164.212327
0121102020333564424516300424 2 1202604164.212330
0121102021333564424516300424 2 1202604164.212330
0141106621333144424512230124 2 1202604164.212349
