0141105521333604424206241105 2 1202604164.212054
0141105526333604424206241105 2 1202604164.212055
0141105521333624424206241105 2 1202604164.212056
0141105526333624424206241105 2 1202604164.212056
0141105521333144424206241105 2 1202604164.212059
0141105126333144424206241105 2 1202604164.212059
0141105521333644424206241105 2 1202604164.212102
0141105126333644424206241105 2 1202604164.212102
0141105526333644424206241105 2 1202604164.212104
0141105521333654424206241105 2 1202604164.212105
0141105526333654424206241105 2 1202604164.212106
0121102021333564424116300422 2 1202604164.212723
0121102021333564424216300422 2 1202604164.212725
0121102021333564424516300422 2 1202604164.212728
