014110242003351042010500 
014110242053351042010500 
014110242003354042010500 
014110242003351442010500 
014110242003351542010500 
014110242053351042020500 
014110242003354042020500 
014110242003351542020500 
014110242003351042010510 
014110242003354042010510 
014110242033354042010510 
014110242003350442010510 
014110242033350442010510 
014110242003351442010510 
014110242003354442010510 
014110242003355442010510 
014110242003351542010510 
014110242003354542010510 
014110242033354542010510 
014110242003354042020510 
014110242033354042020510 
014110242003351542020510 
014110242003354542020510 
014110242033354542020510 
014110242003351042010520 
014110242003354042010520 
014110242033354042010520 
014110242033350442010520 
014110242053350442010520 
014110242003351442010520 
014110242003354442010520 
014110242033354442010520 
014110242053354442010520 
014110242003351542010520 
014110242003354542010520 
014110242033354542010520 
014110242053354542010520 
014110242003354042020520 
014110242033354042020520 
014110242053354042020520 
014110242003351542020520 
014110242003354542020520 
014110242033354542020520 
014110242053354542020520 
014110242003351042010540 
014110242053351042010540 
014110242003354042010540 
014110242003351442010540 
014110242053351442010540 
014110242003354442010540 
014110242003355442010540 
014110242003351542010540 
014110242053351542010540 
014110242003354542010540 
014110242003354042020540 
014110242003351542020540 
014110242053351542020540 
014110242003354542020540 
014110242003351042010550 
014110242003354042010550 
014110242003351442010550 
014110242003351542010550 
014110242003354042020550 
014110242003351542020550 
014510252030354042021011 
014510252030354442021011 
014510052003354042021021 
014510052003355142021021 
014510052013355142021021 
014110222003351042020502 
014110222053351042020502 
014110222003354042020502 
014110222003351542020502 
014110222053351542020502 
014110222003354042011502 
014110242003354042011502 
014110252003354042011502 
014110222003354042021502 
014110242003354042021502 
014110252003354042021502 
014110222003350442020512 
014110222003351542020512 
014110222003354542020512 
014110252003354042011512 
014110252033354042011512 
014110252003354042021512 
014110222033354042051512 
014110242033354042051512 
014110252003354042011022 
014510252003354042011022 
014110252003351042021022 
014510252003351042021022 
014510052003355042021022 
014110252003355042021022 
014110552033354242021022 
014510452003351042051022 
014510552003351042051022 
014510052003354042051022 
014110252003354042051022 
014110552033354042051022 
014510052013355042051022 
014110552033354442051022 
014110222003351542020522 
014510202003354042011522 
014510222003354042011522 
014510242003354042011522 
014110252003354042011522 
014510252003354042011522 
014510502033354042011522 
014510522033354042011522 
014510542033354042011522 
014510402003351042021522 
014510422003351042021522 
014510442003351042021522 
014510002003354042021522 
014510022003354042021522 
014510042003354042021522 
014510402003351042051522 
014510422003351042051522 
014510442003351042051522 
014510002003354042051522 
014510022003354042051522 
014110222003354042051522 
014510042003354042051522 
014110242003354042051522 
014510052003354042051522 
014110252003354042051522 
014110222003350442020542 
014110222003351542020542 
014110222053351542020542 
014110222003354542020542 
014110252003354042011542 
014110222003355042011542 
014110242003355042011542 
014110252003355042011542 
014110252003354042021542 
014110222003355042021542 
014110242003355042021542 
014110252003355042021542 
014110222003351042020552 
014110222003350442020552 
014110222003351542020552 
014110222003354542020552 
