012110222543311540001000
012110222343301040002000
012210222343301040002000
012210202343311040002000
012210422343305140002000
012210022343305440002000
012110222543351440001100
012210202343311040002100
012210202543321540001500
012210222543321540001500
012110222543314540001010
012110222543355440001110
012110222543355440001120
012210252143351440000520
012210002543325140001520
012210022543325140001520
012210522343301040002040
012210502343311040002040
012110222543351540001140
012210502343311040002140
012210422343305040002001
012210402343315040002001
012210402343315040002101
012210252543301040000411
012110222543311040000411
012110222543311440000411
012110222543301540000411
012110222543311540000411
012510552043351040001021
012510052543305040001021
012510452543305040001021
012510052543315040001021
012510052043355040001021
012510452043355040001021
012510552043355040001021
012510052543355040001021
012510452543355040001021
012510052543305140001021
012510452543305140001021
012510052543315140001021
012510052043355140001021
012510052543355140001021
012510052543300240001021
012510452543300240001021
012510452543310240001021
012510452543350240001021
012510052543314240001021
012510052543354240001021
012510052543355240001021
012510552043351440001021
012510052543305440001021
012510452543305440001021
012510052043355440001021
012510552043355440001021
012510052543355440001021
012110222543301040000421
012110222543301540000421
012110222543311540000421
012110222543301040010441
012110222543311040010441
012110222543311440010441
012110222543301540010441
012110222543311540010441
012110222543301040020441
012110222543311040020441
012110222543311440020441
012110222543301540020441
012110222543311540020441
012110252143351040001002
012110252143351240001002
012110252143354240001002
012110252143351440001002
012110252143351540001002
012110252043351040001102
012110252143351040001102
012110252143351240001102
012110252143354240001102
012110252143351440001102
012110252043351540001102
012110252143351540001102
012210202143351040000502
012210202143351540000502
012110252043351040001502
012110252043351540001502
012210202143351540001502
012110222043351040000512
012210202143351040000512
012210202143351540000512
012110252043351040001022
012510252043351040001022
012510552043351040001022
012510052043355040001022
012110252043355040001022
012510052043355140001022
012510452043355140001022
012110252043351440001022
012510252043351440001022
012510552043351440001022
012510052043355440001022
012110252043355440001022
012510502143350140001122
012110222043351040000522
012210202143351040000522
012110252043351040001522
012510252043351040001522
012510552043351040001522
012510052043355040001522
012110252043355040001522
012510052043355140001522
012210002143355140001522
012210202143351040000542
012210202143351540000542
012110222043351040000552
012210202143351040000552
012210202143351440000552
012210202143351540000552
012110522343301040002043
012110552043301040002343
012210022343305040002004
012110222343305040002004
012210002343315040002004
012210522343300140002004
012210022343305140002004
012210002343315040002104
012110252543301040001005
012110252543311040001005
012110252043351040001005
012110252143351040001005
012110252543351040001005
012110252543301240001005
012110252543311240001005
012110252143351240001005
012110252543351240001005
012110252543304240001005
012110252543314240001005
012110252143354240001005
012110252543354240001005
012110252543301440001005
012110252543311440001005
012110252043351440001005
012110252143351440001005
012110252543351440001005
012110252543301540001005
012110252543311540001005
012110252043351540001005
012110252143351540001005
012110252543351540001005
012110252043351040001105
012110252143351040001105
012110252543351040001105
012110252143351240001105
012110252543351240001105
012110252043351440001105
012110252143351440001105
012110252543351440001105
012110252043351540001105
012110252143351540001105
012110252543351540001105
