01411061213337404242054100201567 8 1202511167.113942
01441061213337404242054100201567 8 1202511167.113943
01471061213337404242054100201567 8 1202511167.113945
01441007213337404242054100201567 8 1202511167.113946
01471007213337404242054100201567 8 1202511167.113947
01411067213337404242054100201567 8 1202511167.113951
01441067213337404242054100201567 8 1202511167.113952
01471067213337404242054100201567 8 1202511167.113954
01471000273337404242054100201567 8 1202511167.113954
01411060273337404242054100201567 8 1202511167.113955
01451060273337404242054100201567 8 1202511167.113956
01471060273337404242054100201567 8 1202511167.113957
01471001273337404242054100201567 8 1202511167.113958
01411061273337404242054100201567 8 1202511167.113959
01451061273337404242054100201567 8 1202511167.114000
01471061273337404242054100201567 8 1202511167.114000
01471002273337404242054100201567 8 1202511167.114001
01411062273337404242054100201567 8 1202511167.114002
01451062273337404242054100201567 8 1202511167.114003
01471062273337404242054100201567 8 1202511167.114004
01471003273337404242054100201567 8 1202511167.114005
01411063273337404242054100201567 8 1202511167.114006
01451063273337404242054100201567 8 1202511167.114006
01471063273337404242054100201567 8 1202511167.114007
01471005273337404242054100201567 8 1202511167.114008
01411065273337404242054100201567 8 1202511167.114009
01451065273337404242054100201567 8 1202511167.114010
01471065273337404242054100201567 8 1202511167.114010
01471006273337404242054100201567 8 1202511167.114012
01411066273337404242054100201567 8 1202511167.114013
01451066273337404242054100201567 8 1202511167.114014
01471066273337404242054100201567 8 1202511167.114014
01471007273337404242054100201567 8 1202511167.114015
01411067273337404242054100201567 8 1202511167.114016
01451067273337404242054100201567 8 1202511167.114017
01471067273337404242054100201567 8 1202511167.114018
01441061213537404242054100201567 8 1202511167.114019
01471007213537404242054100201567 8 1202511167.114021
01441067213537404242054100201567 8 1202511167.114024
01421065273537404242054100201567 8 1202511167.114028
01451065273537404242054100201567 8 1202511167.114028
01241005273737414242054100201567 8 1202511167.114041
01471005273737414242054100201567 8 1202511167.114042
01421065273737414242054100201567 8 1202511167.114043
01241065273737414242054100201567 8 1202511167.114044
01441065273737414242054100201567 8 1202511167.114044
01241006273737414242054100201567 8 1202511167.114046
01441006273737414242054100201567 8 1202511167.114046
01471006273737414242054100201567 8 1202511167.114047
01441061213037424242054100201567 8 1202511167.114123
01441067213037424242054100201567 8 1202511167.114127
01471067273337424242054100201567 8 1202511167.114128
01441061213537424242054100201567 8 1202511167.114129
01441067213537424242054100201567 8 1202511167.114133
01221001273537424242054100201567 8 1202511167.114135
01441061213037454242054100201567 8 1202511167.114223
01441067213037454242054100201567 8 1202511167.114227
01451067273337454242054100201567 8 1202511167.114228
01221065273537454242054100201567 8 1202511167.114231
01271030273137424242054001201567 8 1202511171.014229
01271000273537424242054001201567 8 1202511171.014230
01171020273537424242054001201567 8 1202511171.014230
01271020273537424242054001201567 8 1202511171.014231
01271030273537424242054001201567 8 1202511171.014232
01271050273537424242054001201567 8 1202511171.014233
01211060273537424242054001201567 8 1202511171.014234
01271060273537424242054001201567 8 1202511171.014234
01271051273537424242054001201567 8 1202511171.014236
01211061273537424242054001201567 8 1202511171.014237
01271061273537424242054001201567 8 1202511171.014238
01171025273537424242054001201567 8 1202511171.014245
01171026273537424242054001201567 8 1202511171.014251
01271007273537424242054001201567 8 1202511171.014256
01171027273537424242054001201567 8 1202511171.014257
01271027273537424242054001201567 8 1202511171.014258
01271037273537424242054001201567 8 1202511171.014259
01271057273537424242054001201567 8 1202511171.014301
01211067273537424242054001201567 8 1202511171.014302
01271067273537424242054001201567 8 1202511171.014303
01441066273137404242054101201567 8 1202511171.035806
01411061213337404242054101201567 8 1202511171.035807
01441061213337404242054101201567 8 1202511171.035808
01471061213337404242054101201567 8 1202511171.035810
01441007213337404242054101201567 8 1202511171.035811
01471007213337404242054101201567 8 1202511171.035813
01411067213337404242054101201567 8 1202511171.035816
01441067213337404242054101201567 8 1202511171.035818
01471067213337404242054101201567 8 1202511171.035819
01471000273337404242054101201567 8 1202511171.035820
01411060273337404242054101201567 8 1202511171.035821
01451060273337404242054101201567 8 1202511171.035821
01471060273337404242054101201567 8 1202511171.035822
01471001273337404242054101201567 8 1202511171.035823
01411061273337404242054101201567 8 1202511171.035824
01451061273337404242054101201567 8 1202511171.035825
01471061273337404242054101201567 8 1202511171.035825
01471002273337404242054101201567 8 1202511171.035826
01411062273337404242054101201567 8 1202511171.035827
01451062273337404242054101201567 8 1202511171.035828
01471062273337404242054101201567 8 1202511171.035829
01471003273337404242054101201567 8 1202511171.035830
01411063273337404242054101201567 8 1202511171.035831
01451063273337404242054101201567 8 1202511171.035831
01471063273337404242054101201567 8 1202511171.035832
01471005273337404242054101201567 8 1202511171.035833
01411065273337404242054101201567 8 1202511171.035834
01451065273337404242054101201567 8 1202511171.035835
01471065273337404242054101201567 8 1202511171.035836
01471006273337404242054101201567 8 1202511171.035837
01411066273337404242054101201567 8 1202511171.035838
01451066273337404242054101201567 8 1202511171.035839
01471066273337404242054101201567 8 1202511171.035840
01471007273337404242054101201567 8 1202511171.035841
01411067273337404242054101201567 8 1202511171.035842
01451067273337404242054101201567 8 1202511171.035842
01471067273337404242054101201567 8 1202511171.035843
01441061213537404242054101201567 8 1202511171.035844
01471007213537404242054101201567 8 1202511171.035846
01441067213537404242054101201567 8 1202511171.035849
01421065273537404242054101201567 8 1202511171.035853
01451065273537404242054101201567 8 1202511171.035854
01441061213037454242054101201567 8 1202511171.040017
01441067213037454242054101201567 8 1202511171.040020
01451067273337454242054101201567 8 1202511171.040022
01221065273537454242054101201567 8 1202511171.040026
01441067213037474242054101201567 8 1202511171.040128
01471067273337474242054101201567 8 1202511171.040130
01221001273537474242054101201567 8 1202511171.040138
01471051273730424242014401201567 8 1202511171.081251
01441061213537424242054601201567 8 1202511171.123106
01411007213537424242054601201567 8 1202511171.123107
01441007213537424242054601201567 8 1202511171.123108
01441027213537424242054601201567 8 1202511171.123109
01441037213537424242054601201567 8 1202511171.123110
01411057213537424242054601201567 8 1202511171.123111
01441057213537424242054601201567 8 1202511171.123112
01441067213537424242054601201567 8 1202511171.123113
01271000273537424242054601201567 8 1202511171.123114
01171020273537424242054601201567 8 1202511171.123115
01271020273537424242054601201567 8 1202511171.123116
01271030273537424242054601201567 8 1202511171.123117
01211050273537424242054601201567 8 1202511171.123118
01271050273537424242054601201567 8 1202511171.123119
01211060273537424242054601201567 8 1202511171.123120
01271060273537424242054601201567 8 1202511171.123122
01471061213337414242054701201567 8 1202511171.143514
01471007213337414242054701201567 8 1202511171.143517
01411057213337414242054701201567 8 1202511171.143518
01421057213337414242054701201567 8 1202511171.143518
01411057213537414242054701201567 8 1202511171.143521
01441057213537414242054701201567 8 1202511171.143522
01151020273537414242054701201567 8 1202511171.143524
01251050273537414242054701201567 8 1202511171.143526
01221001273537414242054701201567 8 1202511171.143528
01221001273537424242054701201567 8 1202511171.143542
01411061213037404242054002201567 8 1202511171.163537
01471061213037404242054002201567 8 1202511171.163538
01471007213037404242054002201567 8 1202511171.163539
01471027213037404242054002201567 8 1202511171.163540
01471037213037404242054002201567 8 1202511171.163541
01471057213037404242054002201567 8 1202511171.163542
01411067213037404242054002201567 8 1202511171.163543
01471067213037404242054002201567 8 1202511171.163543
01441037213137404242054002201567 8 1202511171.163545
01471037213137404242054002201567 8 1202511171.163546
01271030273137404242054002201567 8 1202511171.163547
01271030273137444242054002201567 8 1202511171.163647
01411061213337404242054102201567 8 1202511171.183740
01441061213337404242054102201567 8 1202511171.183741
01471061213337404242054102201567 8 1202511171.183742
01441007213337404242054102201567 8 1202511171.183744
01471007213337404242054102201567 8 1202511171.183745
01411067213337404242054102201567 8 1202511171.183749
01441067213337404242054102201567 8 1202511171.183750
01471067213337404242054102201567 8 1202511171.183752
01471000273337404242054102201567 8 1202511171.183752
01411060273337404242054102201567 8 1202511171.183753
01451060273337404242054102201567 8 1202511171.183754
01471060273337404242054102201567 8 1202511171.183755
01471001273337404242054102201567 8 1202511171.183756
01411061273337404242054102201567 8 1202511171.183757
01451061273337404242054102201567 8 1202511171.183758
01471061273337404242054102201567 8 1202511171.183758
01471002273337404242054102201567 8 1202511171.183759
01411062273337404242054102201567 8 1202511171.183800
01451062273337404242054102201567 8 1202511171.183801
01471062273337404242054102201567 8 1202511171.183802
01471003273337404242054102201567 8 1202511171.183802
01411063273337404242054102201567 8 1202511171.183803
01451063273337404242054102201567 8 1202511171.183804
01471063273337404242054102201567 8 1202511171.183805
01471005273337404242054102201567 8 1202511171.183806
01411065273337404242054102201567 8 1202511171.183807
01451065273337404242054102201567 8 1202511171.183807
01471065273337404242054102201567 8 1202511171.183808
01471006273337404242054102201567 8 1202511171.183810
01411066273337404242054102201567 8 1202511171.183810
01441066273337404242054102201567 8 1202511171.183811
01451066273337404242054102201567 8 1202511171.183812
01471066273337404242054102201567 8 1202511171.183813
01471007273337404242054102201567 8 1202511171.183814
01411067273337404242054102201567 8 1202511171.183815
01451067273337404242054102201567 8 1202511171.183816
01471067273337404242054102201567 8 1202511171.183816
01441061213537404242054102201567 8 1202511171.183817
01441007213537404242054102201567 8 1202511171.183819
01471007213537404242054102201567 8 1202511171.183820
01441067213537404242054102201567 8 1202511171.183823
01421065273537404242054102201567 8 1202511171.183827
01451065273537404242054102201567 8 1202511171.183827
01441061213037414242054102201567 8 1202511171.183839
01441067213037414242054102201567 8 1202511171.183844
01221001273537414242054102201567 8 1202511171.183846
01441061213037424242054102201567 8 1202511171.183926
01441067213037424242054102201567 8 1202511171.183930
01441067213537424242054102201567 8 1202511171.183932
01221001273537424242054102201567 8 1202511171.183934
01441061213037454242054102201567 8 1202511171.184035
01441067213037454242054102201567 8 1202511171.184039
01451067273337454242054102201567 8 1202511171.184040
01221065273537454242054102201567 8 1202511171.184044
01421065273737454242054102201567 8 1202511171.184049
01241065273737454242054102201567 8 1202511171.184050
01441061213037474242054102201567 8 1202511171.184159
01441067213037474242054102201567 8 1202511171.184205
01471067273337474242054102201567 8 1202511171.184206
01221001273537474242054102201567 8 1202511171.184215
01441061213037414242054702201567 8 1202511182.044136
01411057213037414242054702201567 8 1202511182.044138
01441067213037414242054702201567 8 1202511182.044139
01451050273137414242054702201567 8 1202511182.044143
01451060273137414242054702201567 8 1202511182.044144
01241005273137414242054702201567 8 1202511182.044148
01251055273137414242054702201567 8 1202511182.044150
01421065273137414242054702201567 8 1202511182.044152
01471006273137414242054702201567 8 1202511182.044154
01471056273137414242054702201567 8 1202511182.044154
01421061213337414242054702201567 8 1202511182.044158
01441057213337414242054702201567 8 1202511182.044159
01451057213337414242054702201567 8 1202511182.044200
01471057213337414242054702201567 8 1202511182.044200
01411067213337414242054702201567 8 1202511182.044201
01421067213337414242054702201567 8 1202511182.044202
01411057213537414242054702201567 8 1202511182.044204
01441057213537414242054702201567 8 1202511182.044205
01151020273537414242054702201567 8 1202511182.044208
01251050273537414242054702201567 8 1202511182.044210
01151021273537414242054702201567 8 1202511182.044213
01251051273537414242054702201567 8 1202511182.044215
01151022273537414242054702201567 8 1202511182.044218
01121025273537414242054702201567 8 1202511182.044221
01221025273537414242054702201567 8 1202511182.044222
01151025273537414242054702201567 8 1202511182.044222
01221065273537414242054702201567 8 1202511182.044226
01151026273537414242054702201567 8 1202511182.044229
01151027273537414242054702201567 8 1202511182.044233
01251057273537414242054702201567 8 1202511182.044235
01441061213037424242054702201567 8 1202511182.044243
01441007213037424242054702201567 8 1202511182.044244
01441027213037424242054702201567 8 1202511182.044245
01441037213037424242054702201567 8 1202511182.044246
01411057213037424242054702201567 8 1202511182.044247
01441057213037424242054702201567 8 1202511182.044248
01441067213037424242054702201567 8 1202511182.044248
01441007213137424242054702201567 8 1202511182.044250
01441037213137424242054702201567 8 1202511182.044250
01471037213137424242054702201567 8 1202511182.044252
01441057213137424242054702201567 8 1202511182.044252
01251030273137424242054702201567 8 1202511182.044254
01451030273137424242054702201567 8 1202511182.044255
01271030273137424242054702201567 8 1202511182.044256
01411061213337404242054104201567 8 1202511182.081927
01441061213337404242054104201567 8 1202511182.081928
01471061213337404242054104201567 8 1202511182.081929
01441007213337404242054104201567 8 1202511182.081931
01471007213337404242054104201567 8 1202511182.081932
01411067213337404242054104201567 8 1202511182.081937
01441067213337404242054104201567 8 1202511182.081938
01471067213337404242054104201567 8 1202511182.081939
01471000273337404242054104201567 8 1202511182.081940
01411060273337404242054104201567 8 1202511182.081941
01451060273337404242054104201567 8 1202511182.081942
01471060273337404242054104201567 8 1202511182.081943
01471001273337404242054104201567 8 1202511182.081944
01411061273337404242054104201567 8 1202511182.081945
01451061273337404242054104201567 8 1202511182.081946
01471061273337404242054104201567 8 1202511182.081947
01471002273337404242054104201567 8 1202511182.081947
01411062273337404242054104201567 8 1202511182.081948
01451062273337404242054104201567 8 1202511182.081949
01471062273337404242054104201567 8 1202511182.081950
01471003273337404242054104201567 8 1202511182.081951
01411063273337404242054104201567 8 1202511182.081952
01451063273337404242054104201567 8 1202511182.081953
01471063273337404242054104201567 8 1202511182.081953
01471005273337404242054104201567 8 1202511182.081954
01411065273337404242054104201567 8 1202511182.081955
01451065273337404242054104201567 8 1202511182.081956
01471065273337404242054104201567 8 1202511182.081957
01471006273337404242054104201567 8 1202511182.081958
01411066273337404242054104201567 8 1202511182.081959
01451066273337404242054104201567 8 1202511182.082001
01471066273337404242054104201567 8 1202511182.082001
01471007273337404242054104201567 8 1202511182.082002
01411067273337404242054104201567 8 1202511182.082003
01451067273337404242054104201567 8 1202511182.082004
01471067273337404242054104201567 8 1202511182.082005
01441061213537404242054104201567 8 1202511182.082006
01471007213537404242054104201567 8 1202511182.082008
01441067213537404242054104201567 8 1202511182.082011
01421065273537404242054104201567 8 1202511182.082014
01451065273537404242054104201567 8 1202511182.082015
01441061213037454242054104201567 8 1202511182.082107
01441067213037454242054104201567 8 1202511182.082111
01451067273337454242054104201567 8 1202511182.082112
01441061213037474242054104201567 8 1202511182.082155
01441067213037474242054104201567 8 1202511182.082200
01471067273337474242054104201567 8 1202511182.082201
01221001273537474242054104201567 8 1202511182.082208
01151026213031474241044204201567 8 1202511182.100240
01251037273137464242054704201567 8 1202511182.171558
01451037273137464242054704201567 8 1202511182.171559
01271037273137464242054704201567 8 1202511182.171600
01271061273537414242054005201567 8 1202511182.191511
01471005273537414242054005201567 8 1202511182.191516
01171025273537414242054005201567 8 1202511182.191517
01171026273537414242054005201567 8 1202511182.191522
01271007273537414242054005201567 8 1202511182.191525
01271027273537414242054005201567 8 1202511182.191526
01211067273537414242054005201567 8 1202511182.191529
01271067273537414242054005201567 8 1202511182.191530
01271030273137424242054005201567 8 1202511182.191608
01441066273137404242054105201567 8 1202511182.214041
01411061213337404242054105201567 8 1202511182.214043
01441061213337404242054105201567 8 1202511182.214044
01471061213337404242054105201567 8 1202511182.214045
01471007213337404242054105201567 8 1202511182.214048
01411067213337404242054105201567 8 1202511182.214052
01441067213337404242054105201567 8 1202511182.214053
01471067213337404242054105201567 8 1202511182.214055
01471000273337404242054105201567 8 1202511182.214056
01411060273337404242054105201567 8 1202511182.214056
01451060273337404242054105201567 8 1202511182.214057
01471060273337404242054105201567 8 1202511182.214058
01471001273337404242054105201567 8 1202511182.214059
01411061273337404242054105201567 8 1202511182.214100
01451061273337404242054105201567 8 1202511182.214101
01471061273337404242054105201567 8 1202511182.214102
01471002273337404242054105201567 8 1202511182.214102
01411062273337404242054105201567 8 1202511182.214103
01451062273337404242054105201567 8 1202511182.214104
01471062273337404242054105201567 8 1202511182.214105
01471003273337404242054105201567 8 1202511182.214106
01411063273337404242054105201567 8 1202511182.214107
01451063273337404242054105201567 8 1202511182.214108
01471063273337404242054105201567 8 1202511182.214109
01471005273337404242054105201567 8 1202511182.214110
01411065273337404242054105201567 8 1202511182.214110
01451065273337404242054105201567 8 1202511182.214111
01471065273337404242054105201567 8 1202511182.214112
01471006273337404242054105201567 8 1202511182.214113
01411066273337404242054105201567 8 1202511182.214114
01441066273337404242054105201567 8 1202511182.214116
01451066273337404242054105201567 8 1202511182.214117
01471066273337404242054105201567 8 1202511182.214117
01471007273337404242054105201567 8 1202511182.214118
01411067273337404242054105201567 8 1202511182.214119
01451067273337404242054105201567 8 1202511182.214120
01471067273337404242054105201567 8 1202511182.214121
01441061213537404242054105201567 8 1202511182.214122
01441007213537404242054105201567 8 1202511182.214124
01471007213537404242054105201567 8 1202511182.214125
01441067213537404242054105201567 8 1202511182.214128
01421065273537404242054105201567 8 1202511182.214132
01451065273537404242054105201567 8 1202511182.214132
01451021273736414242054705201567 8 1202511193.092927
01451022273736414242054705201567 8 1202511193.092929
01441061213037414242054705201567 8 1202511193.092939
01411057213037414242054705201567 8 1202511193.092941
01441067213037414242054705201567 8 1202511193.092943
01451050273137414242054705201567 8 1202511193.092946
01451060273137414242054705201567 8 1202511193.092947
01471002273137414242054705201567 8 1202511193.092951
01471052273137414242054705201567 8 1202511193.092952
01451062273137414242054705201567 8 1202511193.092953
01241005273137414242054705201567 8 1202511193.092954
01251055273137414242054705201567 8 1202511193.092956
01421065273137414242054705201567 8 1202511193.092959
01241065273137414242054705201567 8 1202511193.093000
01441065273137414242054705201567 8 1202511193.093001
01471006273137414242054705201567 8 1202511193.093003
01221056273137414242054705201567 8 1202511193.093003
01471056273137414242054705201567 8 1202511193.093006
01411061213337414242054705201567 8 1202511193.093010
01421061213337414242054705201567 8 1202511193.093011
01441057213337414242054705201567 8 1202511193.093011
01451057213337414242054705201567 8 1202511193.093012
01471057213337414242054705201567 8 1202511193.093013
01411067213337414242054705201567 8 1202511193.093014
01421067213337414242054705201567 8 1202511193.093014
01411057213537414242054705201567 8 1202511193.093017
01441057213537414242054705201567 8 1202511193.093018
01151020273537414242054705201567 8 1202511193.093021
01251050273537414242054705201567 8 1202511193.093022
01251052273137224242054705201567 8 1202511193.093101
01451062273136424242054705201567 8 1202511193.093112
01441061213037424242054705201567 8 1202511193.093127
01441007213037424242054705201567 8 1202511193.093128
01441027213037424242054705201567 8 1202511193.093129
01441037213037424242054705201567 8 1202511193.093130
01411057213037424242054705201567 8 1202511193.093130
01441057213037424242054705201567 8 1202511193.093131
01441067213037424242054705201567 8 1202511193.093132
01441007213137424242054705201567 8 1202511193.093133
01441037213137424242054705201567 8 1202511193.093134
01471037213137424242054705201567 8 1202511193.093135
01441057213137424242054705201567 8 1202511193.093136
01251030273137424242054705201567 8 1202511193.093137
01451030273137424242054705201567 8 1202511193.093138
01271030273137424242054705201567 8 1202511193.093139
01411007213037444242054705201567 8 1202511193.093304
01411057213037444242054705201567 8 1202511193.093306
01411007213137444242054705201567 8 1202511193.093308
01441037213137444242054705201567 8 1202511193.093309
01451037213137444242054705201567 8 1202511193.093309
01471037213137444242054705201567 8 1202511193.093310
01251030273137444242054705201567 8 1202511193.093312
01451030273137444242054705201567 8 1202511193.093313
01271030273137444242054705201567 8 1202511193.093314
01441037213537444242054705201567 8 1202511193.093314
01411057213537444242054705201567 8 1202511193.093315
01441057213537444242054705201567 8 1202511193.093316
01441067213537444242054705201567 8 1202511193.093317
01441061213037474242054705201567 8 1202511193.093407
01441007213037474242054705201567 8 1202511193.093409
01441027213037474242054705201567 8 1202511193.093410
01441037213037474242054705201567 8 1202511193.093411
01411057213037474242054705201567 8 1202511193.093412
01441057213037474242054705201567 8 1202511193.093413
01441067213037474242054705201567 8 1202511193.093415
01441007213137474242054705201567 8 1202511193.093417
01451037213137474242054705201567 8 1202511193.093419
01471037213137474242054705201567 8 1202511193.093420
01441057213137474242054705201567 8 1202511193.093421
01251030273137474242054705201567 8 1202511193.093422
01451030273137474242054705201567 8 1202511193.093423
01271030273137474242054705201567 8 1202511193.093424
01441066273137404242054106201567 8 1202511193.141423
01411061213337404242054106201567 8 1202511193.141425
01441061213337404242054106201567 8 1202511193.141426
01471061213337404242054106201567 8 1202511193.141427
01441007213337404242054106201567 8 1202511193.141429
01471007213337404242054106201567 8 1202511193.141430
01411067213337404242054106201567 8 1202511193.141434
01441067213337404242054106201567 8 1202511193.141435
01471067213337404242054106201567 8 1202511193.141436
01471000273337404242054106201567 8 1202511193.141437
01411060273337404242054106201567 8 1202511193.141438
01451060273337404242054106201567 8 1202511193.141439
01471060273337404242054106201567 8 1202511193.141440
01471001273337404242054106201567 8 1202511193.141441
01411061273337404242054106201567 8 1202511193.141441
01451061273337404242054106201567 8 1202511193.141442
01471061273337404242054106201567 8 1202511193.141443
01471002273337404242054106201567 8 1202511193.141444
01411062273337404242054106201567 8 1202511193.141445
01451062273337404242054106201567 8 1202511193.141446
01471062273337404242054106201567 8 1202511193.141446
01471003273337404242054106201567 8 1202511193.141447
01411063273337404242054106201567 8 1202511193.141448
01451063273337404242054106201567 8 1202511193.141449
01471063273337404242054106201567 8 1202511193.141450
01471005273337404242054106201567 8 1202511193.141450
01411065273337404242054106201567 8 1202511193.141451
01451065273337404242054106201567 8 1202511193.141452
01471065273337404242054106201567 8 1202511193.141453
01471006273337404242054106201567 8 1202511193.141454
01411066273337404242054106201567 8 1202511193.141455
01441066273337404242054106201567 8 1202511193.141456
01451066273337404242054106201567 8 1202511193.141457
01471066273337404242054106201567 8 1202511193.141458
01471007273337404242054106201567 8 1202511193.141459
01411067273337404242054106201567 8 1202511193.141500
01451067273337404242054106201567 8 1202511193.141500
01471067273337404242054106201567 8 1202511193.141501
01441061213537404242054106201567 8 1202511193.141502
01471007213537404242054106201567 8 1202511193.141504
01441067213537404242054106201567 8 1202511193.141507
01421065273537404242054106201567 8 1202511193.141511
01451065273537404242054106201567 8 1202511193.141511
01221001273537414242054106201567 8 1202511193.141525
01441061213037424242054106201567 8 1202511193.141604
01441067213037424242054106201567 8 1202511193.141608
01441067213537424242054106201567 8 1202511193.141609
01221001273537424242054106201567 8 1202511193.141611
01211051213430224144072606201567 8 1202511193.232923
01411007213037444242054706201567 8 1202511204.020632
01411057213037444242054706201567 8 1202511204.020634
01411007213137444242054706201567 8 1202511204.020635
01441037213137444242054706201567 8 1202511204.020636
01451037213137444242054706201567 8 1202511204.020637
01471037213137444242054706201567 8 1202511204.020638
01251030273137444242054706201567 8 1202511204.020640
01451030273137444242054706201567 8 1202511204.020641
01271030273137444242054706201567 8 1202511204.020641
01441057213537444242054706201567 8 1202511204.020642
01441067213537444242054706201567 8 1202511204.020643
01251057273137454242054706201567 8 1202511204.020753
01411061213337454242054706201567 8 1202511204.020755
01451061213337454242054706201567 8 1202511204.020757
01471061213337454242054706201567 8 1202511204.020757
01451007213337454242054706201567 8 1202511204.020759
01471007213337454242054706201567 8 1202511204.020800
01451027213337454242054706201567 8 1202511204.020801
01471027213337454242054706201567 8 1202511204.020802
01451037213337454242054706201567 8 1202511204.020803
01471037213337454242054706201567 8 1202511204.020804
01411057213337454242054706201567 8 1202511204.020805
01451057213337454242054706201567 8 1202511204.020806
01471057213337454242054706201567 8 1202511204.020807
01411067213337454242054706201567 8 1202511204.020807
01451067213337454242054706201567 8 1202511204.020808
01471067213337454242054706201567 8 1202511204.020809
01411007213537454242054706201567 8 1202511204.020811
01441037213137464242054706201567 8 1202511204.020817
01451037213137464242054706201567 8 1202511204.020818
01471037213137464242054706201567 8 1202511204.020819
01251030273137464242054706201567 8 1202511204.020820
01451030273137464242054706201567 8 1202511204.020820
01271030273137464242054706201567 8 1202511204.020821
01441061213037474242054706201567 8 1202511204.020825
01441007213037474242054706201567 8 1202511204.020827
01441027213037474242054706201567 8 1202511204.020828
01441037213037474242054706201567 8 1202511204.020829
01411057213037474242054706201567 8 1202511204.020830
01441057213037474242054706201567 8 1202511204.020831
01441067213037474242054706201567 8 1202511204.020832
01441007213137474242054706201567 8 1202511204.020834
01451037213137474242054706201567 8 1202511204.020836
01471037213137474242054706201567 8 1202511204.020837
01441057213137474242054706201567 8 1202511204.020838
01251030273137474242054706201567 8 1202511204.020839
01451030273137474242054706201567 8 1202511204.020840
01271030273137474242054706201567 8 1202511204.020841
01271030273136424242054007201567 8 1202511204.042031
01451062273137404242054107201567 8 1202511204.062910
01441066273137404242054107201567 8 1202511204.062913
01411061213337404242054107201567 8 1202511204.062915
01441061213337404242054107201567 8 1202511204.062916
01471061213337404242054107201567 8 1202511204.062918
01441007213337404242054107201567 8 1202511204.062919
01471007213337404242054107201567 8 1202511204.062920
01411067213337404242054107201567 8 1202511204.062924
01441067213337404242054107201567 8 1202511204.062925
01471067213337404242054107201567 8 1202511204.062927
01471000273337404242054107201567 8 1202511204.062927
01411060273337404242054107201567 8 1202511204.062928
01451060273337404242054107201567 8 1202511204.062929
01471060273337404242054107201567 8 1202511204.062930
01471001273337404242054107201567 8 1202511204.062931
01411061273337404242054107201567 8 1202511204.062932
01451061273337404242054107201567 8 1202511204.062932
01471061273337404242054107201567 8 1202511204.062933
01471002273337404242054107201567 8 1202511204.062934
01411062273337404242054107201567 8 1202511204.062935
01451062273337404242054107201567 8 1202511204.062936
01471062273337404242054107201567 8 1202511204.062937
01471003273337404242054107201567 8 1202511204.062937
01411063273337404242054107201567 8 1202511204.062938
01451063273337404242054107201567 8 1202511204.062939
01471063273337404242054107201567 8 1202511204.062940
01471005273337404242054107201567 8 1202511204.062941
01411065273337404242054107201567 8 1202511204.062942
01451065273337404242054107201567 8 1202511204.062942
01471065273337404242054107201567 8 1202511204.062943
01471006273337404242054107201567 8 1202511204.062944
01411066273337404242054107201567 8 1202511204.062945
01451066273337404242054107201567 8 1202511204.062947
01471066273337404242054107201567 8 1202511204.062948
01471007273337404242054107201567 8 1202511204.062948
01411067273337404242054107201567 8 1202511204.062949
01451067273337404242054107201567 8 1202511204.062950
01471067273337404242054107201567 8 1202511204.062951
01441061213537404242054107201567 8 1202511204.062952
01471007213537404242054107201567 8 1202511204.062954
01441067213537404242054107201567 8 1202511204.062957
01421065273537404242054107201567 8 1202511204.063000
01451065273537404242054107201567 8 1202511204.063001
01451060273336414242054107201567 8 1202511204.063012
01471060273336414242054107201567 8 1202511204.063013
01411061273336414242054107201567 8 1202511204.063014
01451061273336414242054107201567 8 1202511204.063014
01471061273336414242054107201567 8 1202511204.063015
01411062273336414242054107201567 8 1202511204.063016
01451062273336414242054107201567 8 1202511204.063017
01471062273336414242054107201567 8 1202511204.063018
01411063273336414242054107201567 8 1202511204.063018
01451063273336414242054107201567 8 1202511204.063019
01471063273336414242054107201567 8 1202511204.063020
01411065273336414242054107201567 8 1202511204.063021
01451065273336414242054107201567 8 1202511204.063022
01471065273336414242054107201567 8 1202511204.063022
01411066273336414242054107201567 8 1202511204.063023
01451066273336414242054107201567 8 1202511204.063024
01471066273336414242054107201567 8 1202511204.063025
01411067273336414242054107201567 8 1202511204.063026
01451067273336414242054107201567 8 1202511204.063026
01471067273336414242054107201567 8 1202511204.063027
01251066273536414242054107201567 8 1202511204.063029
01441061213037454242054107201567 8 1202511204.063133
01441067213037454242054107201567 8 1202511204.063137
01451067273337454242054107201567 8 1202511204.063138
01221065273537454242054107201567 8 1202511204.063142
01411061213336474242054107201567 8 1202511204.063240
01451061213336474242054107201567 8 1202511204.063241
01471061213336474242054107201567 8 1202511204.063242
01471007213336474242054107201567 8 1202511204.063244
01411067213336474242054107201567 8 1202511204.063247
01451067213336474242054107201567 8 1202511204.063247
01471067213336474242054107201567 8 1202511204.063248
01411060273336474242054107201567 8 1202511204.063249
01451060273336474242054107201567 8 1202511204.063250
01471060273336474242054107201567 8 1202511204.063251
01411061273336474242054107201567 8 1202511204.063252
01451061273336474242054107201567 8 1202511204.063253
01471061273336474242054107201567 8 1202511204.063253
01411062273336474242054107201567 8 1202511204.063254
01451062273336474242054107201567 8 1202511204.063255
01471062273336474242054107201567 8 1202511204.063256
01411063273336474242054107201567 8 1202511204.063257
01451063273336474242054107201567 8 1202511204.063258
01471063273336474242054107201567 8 1202511204.063258
01411065273336474242054107201567 8 1202511204.063259
01451065273336474242054107201567 8 1202511204.063300
01471065273336474242054107201567 8 1202511204.063301
01411066273336474242054107201567 8 1202511204.063302
01451066273336474242054107201567 8 1202511204.063303
01471066273336474242054107201567 8 1202511204.063303
01411067273336474242054107201567 8 1202511204.063304
01451067273336474242054107201567 8 1202511204.063305
01471067273336474242054107201567 8 1202511204.063306
01251066273536474242054107201567 8 1202511204.063308
01111025273036414242054707201567 8 1202511204.172721
01121025273036414242054707201567 8 1202511204.172722
01141026273036414242054707201567 8 1202511204.172723
01411061213336414242054707201567 8 1202511204.172729
01451061213336414242054707201567 8 1202511204.172730
01471061213336414242054707201567 8 1202511204.172731
01411067213336414242054707201567 8 1202511204.172732
01451067213336414242054707201567 8 1202511204.172733
01471067213336414242054707201567 8 1202511204.172733
01251006273536414242054707201567 8 1202511204.172737
01251066273536414242054707201567 8 1202511204.172740
01411051213030414242072702401567 8 1202511215.212009
