05221523217031014642000020003004 6 1202504266.233855
05221563217031014642000020003004 6 1202504266.233857
05221523217031114642000020003004 6 1202504266.233901
05221563217031114642000020003004 6 1202504266.233903
05221523217031214642000020003004 6 1202504266.233907
05221563217031214642000020003004 6 1202504266.233908
05221523217031414642000020003004 6 1202504266.233912
05221563217031414642000020003004 6 1202504266.233914
05221523217031514642000020003004 6 1202504266.233918
05221563217031514642000020003004 6 1202504266.233920
05221523217031614642000020003004 6 1202504266.233924
05221563217031614642000020003004 6 1202504266.233926
05221523217031014646000020003004 6 1202504277.000121
05221563217031014646000020003004 6 1202504277.000123
05221523217031114646000020003004 6 1202504277.000127
05221563217031114646000020003004 6 1202504277.000129
05221523217031214646000020003004 6 1202504277.000133
05221563217031214646000020003004 6 1202504277.000135
05221523217031414646000020003004 6 1202504277.000139
05221563217031414646000020003004 6 1202504277.000141
05221523217031514646000020003004 6 1202504277.000146
05221563217031514646000020003004 6 1202504277.000148
05221523217031614646000020003004 6 1202504277.000153
05221563217031614646000020003004 6 1202504277.000155
05221523217031014642000020003044 6 1202504277.114032
05221563217031014642000020003044 6 1202504277.114033
05221523217031114642000020003044 6 1202504277.114037
05221563217031114642000020003044 6 1202504277.114039
05221523217031214642000020003044 6 1202504277.114042
05221563217031214642000020003044 6 1202504277.114044
05221523217031414642000020003044 6 1202504277.114048
05221563217031414642000020003044 6 1202504277.114049
05221523217031514642000020003044 6 1202504277.114053
05221563217031514642000020003044 6 1202504277.114055
05221523217031614642000020003044 6 1202504277.114058
05221563217031614642000020003044 6 1202504277.114100
05221523217031014646000020003044 6 1202504277.115751
05221563217031014646000020003044 6 1202504277.115753
05221523217031114646000020003044 6 1202504277.115756
05221563217031114646000020003044 6 1202504277.115758
05221523217031214646000020003044 6 1202504277.115802
05221563217031214646000020003044 6 1202504277.115803
05221523217031414646000020003044 6 1202504277.115807
05221563217031414646000020003044 6 1202504277.115809
05221523217031514646000020003044 6 1202504277.115812
05221563217031514646000020003044 6 1202504277.115814
05221523217031614646000020003044 6 1202504277.115818
05221563217031614646000020003044 6 1202504277.115819
