05221523217031014642000020003024 6 1202504277.202312
05221563217031014642000020003024 6 1202504277.202314
05221523217031114642000020003024 6 1202504277.202318
05221563217031114642000020003024 6 1202504277.202319
05221523217031214642000020003024 6 1202504277.202323
05221563217031214642000020003024 6 1202504277.202325
05221523217031414642000020003024 6 1202504277.202328
05221563217031414642000020003024 6 1202504277.202330
05221523217031514642000020003024 6 1202504277.202334
05221563217031514642000020003024 6 1202504277.202335
05221523217031614642000020003024 6 1202504277.202339
05221563217031614642000020003024 6 1202504277.202341
05221523217031014646000020003024 6 1202504277.204029
05221563217031014646000020003024 6 1202504277.204031
05221523217031114646000020003024 6 1202504277.204035
05221563217031114646000020003024 6 1202504277.204036
05221523217031214646000020003024 6 1202504277.204040
05221563217031214646000020003024 6 1202504277.204042
05221523217031414646000020003024 6 1202504277.204045
05221563217031414646000020003024 6 1202504277.204047
05221523217031514646000020003024 6 1202504277.204050
05221563217031514646000020003024 6 1202504277.204052
05221523217031614646000020003024 6 1202504277.204056
05221563217031614646000020003024 6 1202504277.204057
05221523217031014642000020003064 6 1202504281.070728
05221563217031014642000020003064 6 1202504281.070729
05221523217031114642000020003064 6 1202504281.070733
05221563217031114642000020003064 6 1202504281.070735
05221523217031214642000020003064 6 1202504281.070738
05221563217031214642000020003064 6 1202504281.070740
05221523217031414642000020003064 6 1202504281.070744
05221563217031414642000020003064 6 1202504281.070745
05221523217031514642000020003064 6 1202504281.070749
05221563217031514642000020003064 6 1202504281.070751
05221523217031614642000020003064 6 1202504281.070754
05221563217031614642000020003064 6 1202504281.070756
05221523217031014646000020003064 6 1202504281.072505
05221563217031014646000020003064 6 1202504281.072506
05221523217031114646000020003064 6 1202504281.072510
05221563217031114646000020003064 6 1202504281.072512
05221523217031214646000020003064 6 1202504281.072515
05221563217031214646000020003064 6 1202504281.072517
05221523217031414646000020003064 6 1202504281.072521
05221563217031414646000020003064 6 1202504281.072522
05221523217031514646000020003064 6 1202504281.072526
05221563217031514646000020003064 6 1202504281.072528
05221523217031614646000020003064 6 1202504281.072531
05221563217031614646000020003064 6 1202504281.072533
