00221063217035414642100020353540 1 1202504233.105342
00221263217035414642100020353540 1 1202504233.105344
00221363217035414642100020353540 1 1202504233.105346
00221663217035414642100020353540 1 1202504233.105348
00221763217035414642100020353540 1 1202504233.105350
00221063217035414646100020353540 1 1202504233.111126
00221263217035414646100020353540 1 1202504233.111128
00221363217035414646100020353540 1 1202504233.111129
00221663217035414646100020353540 1 1202504233.111131
00221763217035414646100020353540 1 1202504233.111133
00221067213031404642100020353541 1 1202504244.181514
00221067213035404642100020353541 1 1202504244.181519
00221267213035404642100020353541 1 1202504244.181521
00221367213035404642100020353541 1 1202504244.181523
00221667213035404642100020353541 1 1202504244.181525
00221767213035404642100020353541 1 1202504244.181527
00221067213031404646100020353541 1 1202504244.184013
00221067213035404646100020353541 1 1202504244.184016
00221267213035404646100020353541 1 1202504244.184018
00221367213035404646100020353541 1 1202504244.184020
00221667213035404646100020353541 1 1202504244.184022
00221767213035404646100020353541 1 1202504244.184024
