011115202143351040020110 2 1202411236.214812
012215202345310140020110 1 1202411236.214818
012215202345311140020110 1 1202411236.214825
012215202345312140020110 1 1202411236.214832
012215202345314140020110 1 1202411236.214839
012215202345315140020110 1 1202411236.214846
011115252143301040020410 2 1202411236.214907
012115252143301040020410 2 1202411236.214911
011115252143311040020410 2 1202411236.214915
011115252143310240020410 2 1202411236.214919
011115252143340240020410 2 1202411236.214922
011115252143311240020410 2 1202411236.214926
011115252143341240020410 2 1202411236.214929
011115252143342240020410 2 1202411236.214933
011115252143344240020410 2 1202411236.214937
011115252143315240020410 2 1202411236.214940
011115252143345240020410 2 1202411236.214944
012115252143301040020510 2 1202411236.215000
011115252143311040020510 2 1202411236.215005
011115252143300240020510 2 1202411236.215010
012115252143300240020510 2 1202411236.215015
011115252143350240020510 2 1202411236.215020
011115252143301240020510 2 1202411236.215025
012115252143301240020510 2 1202411236.215030
011115252143311240020510 2 1202411236.215034
011115252143351240020510 2 1202411236.215039
012115252143302240020510 2 1202411236.215044
011115252143352240020510 2 1202411236.215049
012115252143304240020510 2 1202411236.215053
011115252143354240020510 2 1202411236.215058
011115252143305240020510 2 1202411236.215103
012115252143305240020510 2 1202411236.215108
011115252143315240020510 2 1202411236.215112
011115252143355240020510 2 1202411236.215117
024215232105305440020510 1 1202411236.215121
024215232105315440020510 1 1202411236.215124
024215232105325440020510 1 1202411236.215128
024215232105345440020510 1 1202411236.215132
024215232105355440020510 1 1202411236.215135
011115202143345240020240 2 1202411236.215238
014110252143305240020212 2 1202411236.215437
014110252143301540020212 2 1202411236.215441
014110252143311540020212 2 1202411236.215444
014210252134312540020212 2 1202411236.215448
021115202143345240020114 2 1202411236.215915
