00221063217035414642100020353540 1 1202504233.105342
00221263217035414642100020353540 1 1202504233.105344
00221363217035414642100020353540 1 1202504233.105346
00221663217035414642100020353540 1 1202504233.105348
00221763217035414642100020353540 1 1202504233.105350
00221063217035414646100020353540 1 1202504233.111126
00221263217035414646100020353540 1 1202504233.111128
00221363217035414646100020353540 1 1202504233.111129
00221663217035414646100020353540 1 1202504233.111131
00221763217035414646100020353540 1 1202504233.111133
00221067213031404642100020353541 1 1202504244.181514
00221067213035404642100020353541 1 1202504244.181519
00221267213035404642100020353541 1 1202504244.181521
00221367213035404642100020353541 1 1202504244.181523
00221667213035404642100020353541 1 1202504244.181525
00221767213035404642100020353541 1 1202504244.181527
00221067213031404646100020353541 1 1202504244.184013
00221067213035404646100020353541 1 1202504244.184016
00221267213035404646100020353541 1 1202504244.184018
00221367213035404646100020353541 1 1202504244.184020
00221667213035404646100020353541 1 1202504244.184022
00221767213035404646100020353541 1 1202504244.184024
05221527213030044642000020003121 6 1202504244.022646
05221567213030044642000020003121 6 1202504244.022648
05221527213030144642000020003121 6 1202504244.022652
05221567213030144642000020003121 6 1202504244.022654
05221527213030244642000020003121 6 1202504244.022658
05221567213030244642000020003121 6 1202504244.022700
05221527213030444642000020003121 6 1202504244.022704
05221567213030444642000020003121 6 1202504244.022706
05221527213030544642000020003121 6 1202504244.022710
05221567213030544642000020003121 6 1202504244.022711
05221527213030644642000020003121 6 1202504244.022715
05221567213030644642000020003121 6 1202504244.022717
05221527213030044646000020003121 6 1202504244.024505
05221567213030044646000020003121 6 1202504244.024507
05221527213030144646000020003121 6 1202504244.024511
05221567213030144646000020003121 6 1202504244.024513
05221527213030244646000020003121 6 1202504244.024517
05221567213030244646000020003121 6 1202504244.024519
05221527213030444646000020003121 6 1202504244.024523
05221567213030444646000020003121 6 1202504244.024525
05221527213030544646000020003121 6 1202504244.024528
05221567213030544646000020003121 6 1202504244.024530
05221527213030644646000020003121 6 1202504244.024534
05221567213030644646000020003121 6 1202504244.024536
05221527213030044642000020003161 6 1202504244.121616
05221567213030044642000020003161 6 1202504244.121618
05221527213030144642000020003161 6 1202504244.121622
05221567213030144642000020003161 6 1202504244.121624
05221527213030244642000020003161 6 1202504244.121628
05221567213030244642000020003161 6 1202504244.121629
05221527213030444642000020003161 6 1202504244.121633
05221567213030444642000020003161 6 1202504244.121635
05221527213030544642000020003161 6 1202504244.121639
05221567213030544642000020003161 6 1202504244.121641
05221527213030644642000020003161 6 1202504244.121645
05221567213030644642000020003161 6 1202504244.121647
05221527213030044646000020003161 6 1202504244.123406
05221567213030044646000020003161 6 1202504244.123408
05221527213030144646000020003161 6 1202504244.123412
05221567213030144646000020003161 6 1202504244.123414
05221527213030244646000020003161 6 1202504244.123417
05221567213030244646000020003161 6 1202504244.123419
05221527213030444646000020003161 6 1202504244.123423
05221567213030444646000020003161 6 1202504244.123425
05221527213030544646000020003161 6 1202504244.123429
05221567213030544646000020003161 6 1202504244.123431
05221527213030644646000020003161 6 1202504244.123435
05221567213030644646000020003161 6 1202504244.123437
00211062205031044246107221533004 2 1202504255.100852
00261073201035044246107221533004 2 1202504255.100856
00261273201035044246107221533004 2 1202504255.100858
00261373201035044246107221533004 2 1202504255.100900
00261673201035044246107221533004 2 1202504255.100902
00261773201035044246107221533004 2 1202504255.100904
00211060205035044246107221533004 2 1202504255.100906
00211260205035044246107221533004 2 1202504255.100908
00211360205035044246107221533004 2 1202504255.100910
00211660205035044246107221533004 2 1202504255.100911
00211760205035044246107221533004 2 1202504255.100913
00211062205035044246107221533004 2 1202504255.100915
00211262205035044246107221533004 2 1202504255.100917
00211362205035044246107221533004 2 1202504255.100919
00211662205035044246107221533004 2 1202504255.100921
00211762205035044246107221533004 2 1202504255.100923
00261003205035044246107221533004 2 1202504255.100925
00261203205035044246107221533004 2 1202504255.100926
00261303205035044246107221533004 2 1202504255.100928
00261603205035044246107221533004 2 1202504255.100930
00261703205035044246107221533004 2 1202504255.100932
00261023205035044246107221533004 2 1202504255.100934
00261223205035044246107221533004 2 1202504255.100936
00261323205035044246107221533004 2 1202504255.100938
00261623205035044246107221533004 2 1202504255.100940
00261723205035044246107221533004 2 1202504255.100942
00261033205035044246107221533004 2 1202504255.100944
00261233205035044246107221533004 2 1202504255.100945
00261333205035044246107221533004 2 1202504255.100947
00261633205035044246107221533004 2 1202504255.100949
00261733205035044246107221533004 2 1202504255.100951
00211063205035044246107221533004 2 1202504255.100953
00261063205035044246107221533004 2 1202504255.100955
00211263205035044246107221533004 2 1202504255.100957
00261263205035044246107221533004 2 1202504255.100959
00211363205035044246107221533004 2 1202504255.101001
00261363205035044246107221533004 2 1202504255.101003
00211663205035044246107221533004 2 1202504255.101004
00261663205035044246107221533004 2 1202504255.101006
00211763205035044246107221533004 2 1202504255.101008
00261763205035044246107221533004 2 1202504255.101010
00261073205035044246107221533004 2 1202504255.101012
00261273205035044246107221533004 2 1202504255.101014
00261373205035044246107221533004 2 1202504255.101016
00261673205035044246107221533004 2 1202504255.101018
00261773205035044246107221533004 2 1202504255.101020
00211066205035044246107221533004 2 1202504255.101021
00211266205035044246107221533004 2 1202504255.101023
00211366205035044246107221533004 2 1202504255.101025
00211666205035044246107221533004 2 1202504255.101027
00211766205035044246107221533004 2 1202504255.101029
00211067205035044246107221533004 2 1202504255.101031
00211267205035044246107221533004 2 1202504255.101033
00211367205035044246107221533004 2 1202504255.101035
00211667205035044246107221533004 2 1202504255.101037
00211767205035044246107221533004 2 1202504255.101039
00211062205031144246107221533004 2 1202504255.101041
00261073201035144246107221533004 2 1202504255.101045
00261273201035144246107221533004 2 1202504255.101047
00261373201035144246107221533004 2 1202504255.101049
00261673201035144246107221533004 2 1202504255.101051
00261773201035144246107221533004 2 1202504255.101053
00211060205035144246107221533004 2 1202504255.101055
00211260205035144246107221533004 2 1202504255.101057
00211360205035144246107221533004 2 1202504255.101059
00211660205035144246107221533004 2 1202504255.101101
00211760205035144246107221533004 2 1202504255.101103
00211062205035144246107221533004 2 1202504255.101104
00211262205035144246107221533004 2 1202504255.101106
00211362205035144246107221533004 2 1202504255.101108
00211662205035144246107221533004 2 1202504255.101110
00211762205035144246107221533004 2 1202504255.101112
00261003205035144246107221533004 2 1202504255.101114
00261203205035144246107221533004 2 1202504255.101116
00261303205035144246107221533004 2 1202504255.101118
00261603205035144246107221533004 2 1202504255.101120
00261703205035144246107221533004 2 1202504255.101122
00261023205035144246107221533004 2 1202504255.101124
00261223205035144246107221533004 2 1202504255.101126
00261323205035144246107221533004 2 1202504255.101128
00261623205035144246107221533004 2 1202504255.101130
00261723205035144246107221533004 2 1202504255.101131
00261033205035144246107221533004 2 1202504255.101133
00261233205035144246107221533004 2 1202504255.101135
00261333205035144246107221533004 2 1202504255.101137
00261633205035144246107221533004 2 1202504255.101139
00261733205035144246107221533004 2 1202504255.101141
00211063205035144246107221533004 2 1202504255.101143
00261063205035144246107221533004 2 1202504255.101145
00211263205035144246107221533004 2 1202504255.101147
00261263205035144246107221533004 2 1202504255.101149
00211363205035144246107221533004 2 1202504255.101151
00261363205035144246107221533004 2 1202504255.101152
00211663205035144246107221533004 2 1202504255.101154
00261663205035144246107221533004 2 1202504255.101156
00211763205035144246107221533004 2 1202504255.101158
00261763205035144246107221533004 2 1202504255.101200
00261073205035144246107221533004 2 1202504255.101202
00261273205035144246107221533004 2 1202504255.101204
00261373205035144246107221533004 2 1202504255.101206
00261673205035144246107221533004 2 1202504255.101208
00261773205035144246107221533004 2 1202504255.101210
00211066205035144246107221533004 2 1202504255.101212
00211266205035144246107221533004 2 1202504255.101214
00211366205035144246107221533004 2 1202504255.101216
00211666205035144246107221533004 2 1202504255.101217
00211766205035144246107221533004 2 1202504255.101219
00211067205035144246107221533004 2 1202504255.101221
00211267205035144246107221533004 2 1202504255.101223
00211367205035144246107221533004 2 1202504255.101225
00211667205035144246107221533004 2 1202504255.101227
00211767205035144246107221533004 2 1202504255.101229
00211062205031244246107221533004 2 1202504255.101231
00261073201035244246107221533004 2 1202504255.101235
00261273201035244246107221533004 2 1202504255.101237
00261373201035244246107221533004 2 1202504255.101239
00261673201035244246107221533004 2 1202504255.101241
00261773201035244246107221533004 2 1202504255.101243
00211060205035244246107221533004 2 1202504255.101245
00211260205035244246107221533004 2 1202504255.101247
00211360205035244246107221533004 2 1202504255.101249
00211660205035244246107221533004 2 1202504255.101251
00211760205035244246107221533004 2 1202504255.101253
00211062205035244246107221533004 2 1202504255.101255
00211262205035244246107221533004 2 1202504255.101256
00211362205035244246107221533004 2 1202504255.101258
00211662205035244246107221533004 2 1202504255.101300
00211762205035244246107221533004 2 1202504255.101302
00261003205035244246107221533004 2 1202504255.101304
00261203205035244246107221533004 2 1202504255.101306
00261303205035244246107221533004 2 1202504255.101308
00261603205035244246107221533004 2 1202504255.101310
00261703205035244246107221533004 2 1202504255.101312
00261023205035244246107221533004 2 1202504255.101313
00261223205035244246107221533004 2 1202504255.101315
00261323205035244246107221533004 2 1202504255.101317
00261623205035244246107221533004 2 1202504255.101319
00261723205035244246107221533004 2 1202504255.101321
00261033205035244246107221533004 2 1202504255.101323
00261233205035244246107221533004 2 1202504255.101325
00261333205035244246107221533004 2 1202504255.101327
00261633205035244246107221533004 2 1202504255.101329
00261733205035244246107221533004 2 1202504255.101331
00211063205035244246107221533004 2 1202504255.101332
00261063205035244246107221533004 2 1202504255.101334
00211263205035244246107221533004 2 1202504255.101336
00261263205035244246107221533004 2 1202504255.101338
00211363205035244246107221533004 2 1202504255.101340
00261363205035244246107221533004 2 1202504255.101342
00211663205035244246107221533004 2 1202504255.101344
00261663205035244246107221533004 2 1202504255.101346
00211763205035244246107221533004 2 1202504255.101348
00261763205035244246107221533004 2 1202504255.101350
00261073205035244246107221533004 2 1202504255.101351
00261273205035244246107221533004 2 1202504255.101353
00261373205035244246107221533004 2 1202504255.101355
00261673205035244246107221533004 2 1202504255.101357
00261773205035244246107221533004 2 1202504255.101359
00211066205035244246107221533004 2 1202504255.101401
00211266205035244246107221533004 2 1202504255.101403
00211366205035244246107221533004 2 1202504255.101405
00211666205035244246107221533004 2 1202504255.101407
00211766205035244246107221533004 2 1202504255.101409
00211067205035244246107221533004 2 1202504255.101411
00211267205035244246107221533004 2 1202504255.101413
00211367205035244246107221533004 2 1202504255.101415
00211667205035244246107221533004 2 1202504255.101416
00211767205035244246107221533004 2 1202504255.101418
00211062205031444246107221533004 2 1202504255.101421
00261073201035444246107221533004 2 1202504255.101425
00261273201035444246107221533004 2 1202504255.101427
00261373201035444246107221533004 2 1202504255.101429
00261673201035444246107221533004 2 1202504255.101431
00261773201035444246107221533004 2 1202504255.101433
00211060205035444246107221533004 2 1202504255.101435
00211260205035444246107221533004 2 1202504255.101437
00211360205035444246107221533004 2 1202504255.101439
00211660205035444246107221533004 2 1202504255.101441
00211760205035444246107221533004 2 1202504255.101443
00211062205035444246107221533004 2 1202504255.101445
00211262205035444246107221533004 2 1202504255.101446
00211362205035444246107221533004 2 1202504255.101448
00211662205035444246107221533004 2 1202504255.101450
00211762205035444246107221533004 2 1202504255.101452
00261003205035444246107221533004 2 1202504255.101454
00261203205035444246107221533004 2 1202504255.101456
00261303205035444246107221533004 2 1202504255.101458
00261603205035444246107221533004 2 1202504255.101500
00261703205035444246107221533004 2 1202504255.101502
00261023205035444246107221533004 2 1202504255.101503
00261223205035444246107221533004 2 1202504255.101505
00261323205035444246107221533004 2 1202504255.101507
00261623205035444246107221533004 2 1202504255.101509
00261723205035444246107221533004 2 1202504255.101511
00261033205035444246107221533004 2 1202504255.101513
00261233205035444246107221533004 2 1202504255.101515
00261333205035444246107221533004 2 1202504255.101517
00261633205035444246107221533004 2 1202504255.101519
00261733205035444246107221533004 2 1202504255.101521
00211063205035444246107221533004 2 1202504255.101523
00261063205035444246107221533004 2 1202504255.101524
00211263205035444246107221533004 2 1202504255.101526
00261263205035444246107221533004 2 1202504255.101528
00211363205035444246107221533004 2 1202504255.101530
00261363205035444246107221533004 2 1202504255.101532
00211663205035444246107221533004 2 1202504255.101534
00261663205035444246107221533004 2 1202504255.101536
00211763205035444246107221533004 2 1202504255.101538
00261763205035444246107221533004 2 1202504255.101540
00261073205035444246107221533004 2 1202504255.101542
00261273205035444246107221533004 2 1202504255.101543
00261373205035444246107221533004 2 1202504255.101545
00261673205035444246107221533004 2 1202504255.101547
00261773205035444246107221533004 2 1202504255.101549
00211066205035444246107221533004 2 1202504255.101551
00211266205035444246107221533004 2 1202504255.101553
00211366205035444246107221533004 2 1202504255.101555
00211666205035444246107221533004 2 1202504255.101557
00211766205035444246107221533004 2 1202504255.101559
00211067205035444246107221533004 2 1202504255.101601
00211267205035444246107221533004 2 1202504255.101603
00211367205035444246107221533004 2 1202504255.101604
00211667205035444246107221533004 2 1202504255.101606
00211767205035444246107221533004 2 1202504255.101608
00211062205031544246107221533004 2 1202504255.101611
00261073201035544246107221533004 2 1202504255.101615
00261273201035544246107221533004 2 1202504255.101617
00261373201035544246107221533004 2 1202504255.101619
00261673201035544246107221533004 2 1202504255.101621
00261773201035544246107221533004 2 1202504255.101623
00211060205035544246107221533004 2 1202504255.101625
00211260205035544246107221533004 2 1202504255.101626
00211360205035544246107221533004 2 1202504255.101628
00211660205035544246107221533004 2 1202504255.101630
00211760205035544246107221533004 2 1202504255.101632
00211062205035544246107221533004 2 1202504255.101634
00211262205035544246107221533004 2 1202504255.101636
00211362205035544246107221533004 2 1202504255.101638
00211662205035544246107221533004 2 1202504255.101640
00211762205035544246107221533004 2 1202504255.101642
00261003205035544246107221533004 2 1202504255.101644
00261203205035544246107221533004 2 1202504255.101646
00261303205035544246107221533004 2 1202504255.101647
00261603205035544246107221533004 2 1202504255.101649
00261703205035544246107221533004 2 1202504255.101651
00261023205035544246107221533004 2 1202504255.101653
00261223205035544246107221533004 2 1202504255.101655
00261323205035544246107221533004 2 1202504255.101657
00261623205035544246107221533004 2 1202504255.101659
00261723205035544246107221533004 2 1202504255.101701
00261033205035544246107221533004 2 1202504255.101703
00261233205035544246107221533004 2 1202504255.101704
00261333205035544246107221533004 2 1202504255.101706
00261633205035544246107221533004 2 1202504255.101708
00261733205035544246107221533004 2 1202504255.101710
00211063205035544246107221533004 2 1202504255.101712
00261063205035544246107221533004 2 1202504255.101714
00211263205035544246107221533004 2 1202504255.101716
00261263205035544246107221533004 2 1202504255.101718
00211363205035544246107221533004 2 1202504255.101720
00261363205035544246107221533004 2 1202504255.101722
00211663205035544246107221533004 2 1202504255.101724
00261663205035544246107221533004 2 1202504255.101726
00211763205035544246107221533004 2 1202504255.101727
00261763205035544246107221533004 2 1202504255.101729
00261073205035544246107221533004 2 1202504255.101731
00261273205035544246107221533004 2 1202504255.101733
00261373205035544246107221533004 2 1202504255.101735
00261673205035544246107221533004 2 1202504255.101737
00261773205035544246107221533004 2 1202504255.101739
00211066205035544246107221533004 2 1202504255.101741
00211266205035544246107221533004 2 1202504255.101743
00211366205035544246107221533004 2 1202504255.101745
00211666205035544246107221533004 2 1202504255.101747
00211766205035544246107221533004 2 1202504255.101748
00211067205035544246107221533004 2 1202504255.101750
00211267205035544246107221533004 2 1202504255.101752
00211367205035544246107221533004 2 1202504255.101754
00211667205035544246107221533004 2 1202504255.101756
00211767205035544246107221533004 2 1202504255.101758
00211062205031644246107221533004 2 1202504255.101800
00261073201035644246107221533004 2 1202504255.101805
00261273201035644246107221533004 2 1202504255.101807
00261373201035644246107221533004 2 1202504255.101808
00261673201035644246107221533004 2 1202504255.101810
00261773201035644246107221533004 2 1202504255.101812
00211060205035644246107221533004 2 1202504255.101814
00211260205035644246107221533004 2 1202504255.101816
00211360205035644246107221533004 2 1202504255.101818
00211660205035644246107221533004 2 1202504255.101820
00211760205035644246107221533004 2 1202504255.101822
00211062205035644246107221533004 2 1202504255.101824
00211262205035644246107221533004 2 1202504255.101826
00211362205035644246107221533004 2 1202504255.101827
00211662205035644246107221533004 2 1202504255.101829
00211762205035644246107221533004 2 1202504255.101831
00261003205035644246107221533004 2 1202504255.101833
00261203205035644246107221533004 2 1202504255.101835
00261303205035644246107221533004 2 1202504255.101837
00261603205035644246107221533004 2 1202504255.101839
00261703205035644246107221533004 2 1202504255.101841
00261023205035644246107221533004 2 1202504255.101843
00261223205035644246107221533004 2 1202504255.101845
00261323205035644246107221533004 2 1202504255.101847
00261623205035644246107221533004 2 1202504255.101848
00261723205035644246107221533004 2 1202504255.101850
00261033205035644246107221533004 2 1202504255.101852
00261233205035644246107221533004 2 1202504255.101854
00261333205035644246107221533004 2 1202504255.101856
00261633205035644246107221533004 2 1202504255.101858
00261733205035644246107221533004 2 1202504255.101900
00211063205035644246107221533004 2 1202504255.101902
00261063205035644246107221533004 2 1202504255.101904
00211263205035644246107221533004 2 1202504255.101906
00261263205035644246107221533004 2 1202504255.101907
00211363205035644246107221533004 2 1202504255.101909
00261363205035644246107221533004 2 1202504255.101911
00211663205035644246107221533004 2 1202504255.101913
00261663205035644246107221533004 2 1202504255.101915
00211763205035644246107221533004 2 1202504255.101917
00261763205035644246107221533004 2 1202504255.101919
00261073205035644246107221533004 2 1202504255.101921
00261273205035644246107221533004 2 1202504255.101923
00261373205035644246107221533004 2 1202504255.101925
00261673205035644246107221533004 2 1202504255.101927
00261773205035644246107221533004 2 1202504255.101928
00211066205035644246107221533004 2 1202504255.101930
00211266205035644246107221533004 2 1202504255.101932
00211366205035644246107221533004 2 1202504255.101934
00211666205035644246107221533004 2 1202504255.101936
00211766205035644246107221533004 2 1202504255.101938
00211067205035644246107221533004 2 1202504255.101940
00211267205035644246107221533004 2 1202504255.101942
00211367205035644246107221533004 2 1202504255.101944
00211667205035644246107221533004 2 1202504255.101946
00211767205035644246107221533004 2 1202504255.101947
00211062205031044246107221533044 2 1202504255.190909
00261073201035044246107221533044 2 1202504255.190919
00261273201035044246107221533044 2 1202504255.190922
00261373201035044246107221533044 2 1202504255.190924
00261673201035044246107221533044 2 1202504255.190927
00261773201035044246107221533044 2 1202504255.190929
00211060205035044246107221533044 2 1202504255.190932
00211260205035044246107221533044 2 1202504255.190935
00211360205035044246107221533044 2 1202504255.190937
00211660205035044246107221533044 2 1202504255.190939
00211760205035044246107221533044 2 1202504255.190942
00211062205035044246107221533044 2 1202504255.190944
00211262205035044246107221533044 2 1202504255.190946
00211362205035044246107221533044 2 1202504255.190949
00211662205035044246107221533044 2 1202504255.190951
00211762205035044246107221533044 2 1202504255.190953
00261003205035044246107221533044 2 1202504255.190955
00261203205035044246107221533044 2 1202504255.190957
00261303205035044246107221533044 2 1202504255.191000
00261603205035044246107221533044 2 1202504255.191002
00261703205035044246107221533044 2 1202504255.191004
00261023205035044246107221533044 2 1202504255.191007
00261223205035044246107221533044 2 1202504255.191009
00261323205035044246107221533044 2 1202504255.191012
00261623205035044246107221533044 2 1202504255.191014
00261723205035044246107221533044 2 1202504255.191017
00261033205035044246107221533044 2 1202504255.191019
00261233205035044246107221533044 2 1202504255.191022
00261333205035044246107221533044 2 1202504255.191024
00261633205035044246107221533044 2 1202504255.191026
00261733205035044246107221533044 2 1202504255.191029
00211063205035044246107221533044 2 1202504255.191031
00261063205035044246107221533044 2 1202504255.191034
00211263205035044246107221533044 2 1202504255.191036
00261263205035044246107221533044 2 1202504255.191039
00211363205035044246107221533044 2 1202504255.191041
00261363205035044246107221533044 2 1202504255.191044
00211663205035044246107221533044 2 1202504255.191046
00261663205035044246107221533044 2 1202504255.191049
00211763205035044246107221533044 2 1202504255.191051
00261763205035044246107221533044 2 1202504255.191054
00261073205035044246107221533044 2 1202504255.191056
00261273205035044246107221533044 2 1202504255.191059
00261373205035044246107221533044 2 1202504255.191101
00261673205035044246107221533044 2 1202504255.191103
00261773205035044246107221533044 2 1202504255.191106
00211066205035044246107221533044 2 1202504255.191108
00211266205035044246107221533044 2 1202504255.191110
00211366205035044246107221533044 2 1202504255.191112
00211666205035044246107221533044 2 1202504255.191114
00211766205035044246107221533044 2 1202504255.191116
00211067205035044246107221533044 2 1202504255.191118
00211267205035044246107221533044 2 1202504255.191120
00211367205035044246107221533044 2 1202504255.191122
00211667205035044246107221533044 2 1202504255.191124
00211767205035044246107221533044 2 1202504255.191126
00211062205031144246107221533044 2 1202504255.191136
00261073201035144246107221533044 2 1202504255.191146
00261273201035144246107221533044 2 1202504255.191149
00261373201035144246107221533044 2 1202504255.191151
00261673201035144246107221533044 2 1202504255.191154
00261773201035144246107221533044 2 1202504255.191156
00211060205035144246107221533044 2 1202504255.191159
00211260205035144246107221533044 2 1202504255.191201
00211360205035144246107221533044 2 1202504255.191203
00211660205035144246107221533044 2 1202504255.191205
00211760205035144246107221533044 2 1202504255.191207
00211062205035144246107221533044 2 1202504255.191209
00211262205035144246107221533044 2 1202504255.191211
00211362205035144246107221533044 2 1202504255.191213
00211662205035144246107221533044 2 1202504255.191215
00211762205035144246107221533044 2 1202504255.191217
00261003205035144246107221533044 2 1202504255.191219
00261203205035144246107221533044 2 1202504255.191221
00261303205035144246107221533044 2 1202504255.191223
00261603205035144246107221533044 2 1202504255.191225
00261703205035144246107221533044 2 1202504255.191228
00261023205035144246107221533044 2 1202504255.191230
00261223205035144246107221533044 2 1202504255.191232
00261323205035144246107221533044 2 1202504255.191235
00261623205035144246107221533044 2 1202504255.191237
00261723205035144246107221533044 2 1202504255.191240
00261033205035144246107221533044 2 1202504255.191242
00261233205035144246107221533044 2 1202504255.191244
00261333205035144246107221533044 2 1202504255.191247
00261633205035144246107221533044 2 1202504255.191249
00261733205035144246107221533044 2 1202504255.191251
00211063205035144246107221533044 2 1202504255.191253
00261063205035144246107221533044 2 1202504255.191255
00211263205035144246107221533044 2 1202504255.191257
00261263205035144246107221533044 2 1202504255.191259
00211363205035144246107221533044 2 1202504255.191301
00261363205035144246107221533044 2 1202504255.191303
00211663205035144246107221533044 2 1202504255.191305
00261663205035144246107221533044 2 1202504255.191307
00211763205035144246107221533044 2 1202504255.191309
00261763205035144246107221533044 2 1202504255.191311
00261073205035144246107221533044 2 1202504255.191314
00261273205035144246107221533044 2 1202504255.191316
00261373205035144246107221533044 2 1202504255.191319
00261673205035144246107221533044 2 1202504255.191321
00261773205035144246107221533044 2 1202504255.191323
00211066205035144246107221533044 2 1202504255.191326
00211266205035144246107221533044 2 1202504255.191328
00211366205035144246107221533044 2 1202504255.191331
00211666205035144246107221533044 2 1202504255.191333
00211766205035144246107221533044 2 1202504255.191336
00211067205035144246107221533044 2 1202504255.191338
00211267205035144246107221533044 2 1202504255.191340
00211367205035144246107221533044 2 1202504255.191342
00211667205035144246107221533044 2 1202504255.191344
00211767205035144246107221533044 2 1202504255.191346
00211062205031244246107221533044 2 1202504255.191355
00261073201035244246107221533044 2 1202504255.191404
00261273201035244246107221533044 2 1202504255.191406
00261373201035244246107221533044 2 1202504255.191408
00261673201035244246107221533044 2 1202504255.191411
00261773201035244246107221533044 2 1202504255.191413
00211060205035244246107221533044 2 1202504255.191416
00211260205035244246107221533044 2 1202504255.191419
00211360205035244246107221533044 2 1202504255.191421
00211660205035244246107221533044 2 1202504255.191423
00211760205035244246107221533044 2 1202504255.191426
00211062205035244246107221533044 2 1202504255.191427
00211262205035244246107221533044 2 1202504255.191429
00211362205035244246107221533044 2 1202504255.191432
00211662205035244246107221533044 2 1202504255.191434
00211762205035244246107221533044 2 1202504255.191435
00261003205035244246107221533044 2 1202504255.191437
00261203205035244246107221533044 2 1202504255.191439
00261303205035244246107221533044 2 1202504255.191441
00261603205035244246107221533044 2 1202504255.191443
00261703205035244246107221533044 2 1202504255.191446
00261023205035244246107221533044 2 1202504255.191448
00261223205035244246107221533044 2 1202504255.191450
00261323205035244246107221533044 2 1202504255.191453
00261623205035244246107221533044 2 1202504255.191455
00261723205035244246107221533044 2 1202504255.191458
00261033205035244246107221533044 2 1202504255.191500
00261233205035244246107221533044 2 1202504255.191502
00261333205035244246107221533044 2 1202504255.191505
00261633205035244246107221533044 2 1202504255.191507
00261733205035244246107221533044 2 1202504255.191509
00211063205035244246107221533044 2 1202504255.191511
00261063205035244246107221533044 2 1202504255.191513
00211263205035244246107221533044 2 1202504255.191516
00261263205035244246107221533044 2 1202504255.191518
00211363205035244246107221533044 2 1202504255.191520
00261363205035244246107221533044 2 1202504255.191522
00211663205035244246107221533044 2 1202504255.191525
00261663205035244246107221533044 2 1202504255.191527
00211763205035244246107221533044 2 1202504255.191529
00261763205035244246107221533044 2 1202504255.191532
00261073205035244246107221533044 2 1202504255.191534
00261273205035244246107221533044 2 1202504255.191536
00261373205035244246107221533044 2 1202504255.191539
00261673205035244246107221533044 2 1202504255.191541
00261773205035244246107221533044 2 1202504255.191543
00211066205035244246107221533044 2 1202504255.191545
00211266205035244246107221533044 2 1202504255.191547
00211366205035244246107221533044 2 1202504255.191549
00211666205035244246107221533044 2 1202504255.191551
00211766205035244246107221533044 2 1202504255.191554
00211067205035244246107221533044 2 1202504255.191556
00211267205035244246107221533044 2 1202504255.191558
00211367205035244246107221533044 2 1202504255.191600
00211667205035244246107221533044 2 1202504255.191602
00211767205035244246107221533044 2 1202504255.191604
00211062205031444246107221533044 2 1202504255.191613
00261073201035444246107221533044 2 1202504255.191622
00261273201035444246107221533044 2 1202504255.191624
00261373201035444246107221533044 2 1202504255.191627
00261673201035444246107221533044 2 1202504255.191629
00261773201035444246107221533044 2 1202504255.191631
00211060205035444246107221533044 2 1202504255.191635
00211260205035444246107221533044 2 1202504255.191637
00211360205035444246107221533044 2 1202504255.191639
00211660205035444246107221533044 2 1202504255.191642
00211760205035444246107221533044 2 1202504255.191644
00211062205035444246107221533044 2 1202504255.191647
00211262205035444246107221533044 2 1202504255.191649
00211362205035444246107221533044 2 1202504255.191651
00211662205035444246107221533044 2 1202504255.191654
00211762205035444246107221533044 2 1202504255.191656
00261003205035444246107221533044 2 1202504255.191659
00261203205035444246107221533044 2 1202504255.191701
00261303205035444246107221533044 2 1202504255.191703
00261603205035444246107221533044 2 1202504255.191705
00261703205035444246107221533044 2 1202504255.191708
00261023205035444246107221533044 2 1202504255.191710
00261223205035444246107221533044 2 1202504255.191713
00261323205035444246107221533044 2 1202504255.191715
00261623205035444246107221533044 2 1202504255.191718
00261723205035444246107221533044 2 1202504255.191720
00261033205035444246107221533044 2 1202504255.191722
00261233205035444246107221533044 2 1202504255.191725
00261333205035444246107221533044 2 1202504255.191727
00261633205035444246107221533044 2 1202504255.191729
00261733205035444246107221533044 2 1202504255.191732
00211063205035444246107221533044 2 1202504255.191734
00261063205035444246107221533044 2 1202504255.191736
00211263205035444246107221533044 2 1202504255.191739
00261263205035444246107221533044 2 1202504255.191741
00211363205035444246107221533044 2 1202504255.191743
00261363205035444246107221533044 2 1202504255.191746
00211663205035444246107221533044 2 1202504255.191748
00261663205035444246107221533044 2 1202504255.191751
00211763205035444246107221533044 2 1202504255.191753
00261763205035444246107221533044 2 1202504255.191755
00261073205035444246107221533044 2 1202504255.191758
00261273205035444246107221533044 2 1202504255.191800
00261373205035444246107221533044 2 1202504255.191802
00261673205035444246107221533044 2 1202504255.191804
00261773205035444246107221533044 2 1202504255.191806
00211066205035444246107221533044 2 1202504255.191808
00211266205035444246107221533044 2 1202504255.191810
00211366205035444246107221533044 2 1202504255.191812
00211666205035444246107221533044 2 1202504255.191814
00211766205035444246107221533044 2 1202504255.191815
00211067205035444246107221533044 2 1202504255.191817
00211267205035444246107221533044 2 1202504255.191819
00211367205035444246107221533044 2 1202504255.191821
00211667205035444246107221533044 2 1202504255.191823
00211767205035444246107221533044 2 1202504255.191825
00211062205031544246107221533044 2 1202504255.191834
00261073201035544246107221533044 2 1202504255.191841
00261273201035544246107221533044 2 1202504255.191843
00261373201035544246107221533044 2 1202504255.191845
00261673201035544246107221533044 2 1202504255.191847
00261773201035544246107221533044 2 1202504255.191849
00211060205035544246107221533044 2 1202504255.191851
00211260205035544246107221533044 2 1202504255.191853
00211360205035544246107221533044 2 1202504255.191855
00211660205035544246107221533044 2 1202504255.191857
00211760205035544246107221533044 2 1202504255.191859
00211062205035544246107221533044 2 1202504255.191901
00211262205035544246107221533044 2 1202504255.191903
00211362205035544246107221533044 2 1202504255.191905
00211662205035544246107221533044 2 1202504255.191906
00211762205035544246107221533044 2 1202504255.191908
00261003205035544246107221533044 2 1202504255.191910
00261203205035544246107221533044 2 1202504255.191912
00261303205035544246107221533044 2 1202504255.191914
00261603205035544246107221533044 2 1202504255.191916
00261703205035544246107221533044 2 1202504255.191918
00261023205035544246107221533044 2 1202504255.191920
00261223205035544246107221533044 2 1202504255.191922
00261323205035544246107221533044 2 1202504255.191924
00261623205035544246107221533044 2 1202504255.191926
00261723205035544246107221533044 2 1202504255.191928
00261033205035544246107221533044 2 1202504255.191930
00261233205035544246107221533044 2 1202504255.191932
00261333205035544246107221533044 2 1202504255.191934
00261633205035544246107221533044 2 1202504255.191935
00261733205035544246107221533044 2 1202504255.191937
00211063205035544246107221533044 2 1202504255.191939
00261063205035544246107221533044 2 1202504255.191941
00211263205035544246107221533044 2 1202504255.191943
00261263205035544246107221533044 2 1202504255.191945
00211363205035544246107221533044 2 1202504255.191947
00261363205035544246107221533044 2 1202504255.191949
00211663205035544246107221533044 2 1202504255.191951
00261663205035544246107221533044 2 1202504255.191953
00211763205035544246107221533044 2 1202504255.191954
00261763205035544246107221533044 2 1202504255.191956
00261073205035544246107221533044 2 1202504255.191958
00261273205035544246107221533044 2 1202504255.192000
00261373205035544246107221533044 2 1202504255.192002
00261673205035544246107221533044 2 1202504255.192004
00261773205035544246107221533044 2 1202504255.192006
00211066205035544246107221533044 2 1202504255.192008
00211266205035544246107221533044 2 1202504255.192010
00211366205035544246107221533044 2 1202504255.192012
00211666205035544246107221533044 2 1202504255.192014
00211766205035544246107221533044 2 1202504255.192016
00211067205035544246107221533044 2 1202504255.192018
00211267205035544246107221533044 2 1202504255.192020
00211367205035544246107221533044 2 1202504255.192021
00211667205035544246107221533044 2 1202504255.192023
00211767205035544246107221533044 2 1202504255.192025
00211062205031644246107221533044 2 1202504255.192034
00261073201035644246107221533044 2 1202504255.192041
00261273201035644246107221533044 2 1202504255.192043
00261373201035644246107221533044 2 1202504255.192045
00261673201035644246107221533044 2 1202504255.192047
00261773201035644246107221533044 2 1202504255.192049
00211060205035644246107221533044 2 1202504255.192051
00211260205035644246107221533044 2 1202504255.192053
00211360205035644246107221533044 2 1202504255.192055
00211660205035644246107221533044 2 1202504255.192057
00211760205035644246107221533044 2 1202504255.192059
00211062205035644246107221533044 2 1202504255.192101
00211262205035644246107221533044 2 1202504255.192103
00211362205035644246107221533044 2 1202504255.192105
00211662205035644246107221533044 2 1202504255.192107
00211762205035644246107221533044 2 1202504255.192109
00261003205035644246107221533044 2 1202504255.192111
00261203205035644246107221533044 2 1202504255.192113
00261303205035644246107221533044 2 1202504255.192115
00261603205035644246107221533044 2 1202504255.192117
00261703205035644246107221533044 2 1202504255.192119
00261023205035644246107221533044 2 1202504255.192121
00261223205035644246107221533044 2 1202504255.192123
00261323205035644246107221533044 2 1202504255.192124
00261623205035644246107221533044 2 1202504255.192126
00261723205035644246107221533044 2 1202504255.192128
00261033205035644246107221533044 2 1202504255.192130
00261233205035644246107221533044 2 1202504255.192132
00261333205035644246107221533044 2 1202504255.192134
00261633205035644246107221533044 2 1202504255.192136
00261733205035644246107221533044 2 1202504255.192138
00211063205035644246107221533044 2 1202504255.192140
00261063205035644246107221533044 2 1202504255.192142
00211263205035644246107221533044 2 1202504255.192144
00261263205035644246107221533044 2 1202504255.192146
00211363205035644246107221533044 2 1202504255.192148
00261363205035644246107221533044 2 1202504255.192150
00211663205035644246107221533044 2 1202504255.192152
00261663205035644246107221533044 2 1202504255.192154
00211763205035644246107221533044 2 1202504255.192155
00261763205035644246107221533044 2 1202504255.192157
00261073205035644246107221533044 2 1202504255.192159
00261273205035644246107221533044 2 1202504255.192201
00261373205035644246107221533044 2 1202504255.192203
00261673205035644246107221533044 2 1202504255.192205
00261773205035644246107221533044 2 1202504255.192207
00211066205035644246107221533044 2 1202504255.192209
00211266205035644246107221533044 2 1202504255.192211
00211366205035644246107221533044 2 1202504255.192213
00211666205035644246107221533044 2 1202504255.192215
00211766205035644246107221533044 2 1202504255.192216
00211067205035644246107221533044 2 1202504255.192218
00211267205035644246107221533044 2 1202504255.192220
00211367205035644246107221533044 2 1202504255.192222
00211667205035644246107221533044 2 1202504255.192224
00211767205035644246107221533044 2 1202504255.192226
05221527213030044642000020003101 6 1202504255.022134
05221567213030044642000020003101 6 1202504255.022136
05221527213030144642000020003101 6 1202504255.022140
05221567213030144642000020003101 6 1202504255.022141
05221527213030244642000020003101 6 1202504255.022146
05221567213030244642000020003101 6 1202504255.022148
05221527213030444642000020003101 6 1202504255.022152
05221567213030444642000020003101 6 1202504255.022153
05221527213030544642000020003101 6 1202504255.022157
05221567213030544642000020003101 6 1202504255.022159
05221527213030644642000020003101 6 1202504255.022203
05221567213030644642000020003101 6 1202504255.022205
05221527213030044646000020003101 6 1202504255.024001
05221567213030044646000020003101 6 1202504255.024003
05221527213030144646000020003101 6 1202504255.024007
05221567213030144646000020003101 6 1202504255.024009
05221527213030244646000020003101 6 1202504255.024013
05221567213030244646000020003101 6 1202504255.024015
05221527213030444646000020003101 6 1202504255.024018
05221567213030444646000020003101 6 1202504255.024020
05221527213030544646000020003101 6 1202504255.024024
05221567213030544646000020003101 6 1202504255.024026
05221527213030644646000020003101 6 1202504255.024030
05221567213030644646000020003101 6 1202504255.024032
05221527213030044642000020003141 6 1202504255.210331
05221567213030044642000020003141 6 1202504255.210333
05221527213030144642000020003141 6 1202504255.210337
05221567213030144642000020003141 6 1202504255.210338
05221527213030244642000020003141 6 1202504255.210342
05221567213030244642000020003141 6 1202504255.210344
05221527213030444642000020003141 6 1202504255.210348
05221567213030444642000020003141 6 1202504255.210350
05221527213030544642000020003141 6 1202504255.210353
05221567213030544642000020003141 6 1202504255.210355
05221527213030644642000020003141 6 1202504255.210359
05221567213030644642000020003141 6 1202504255.210401
05221527213030044646000020003141 6 1202504255.212051
05221567213030044646000020003141 6 1202504255.212053
05221527213030144646000020003141 6 1202504255.212057
05221567213030144646000020003141 6 1202504255.212058
05221527213030244646000020003141 6 1202504255.212102
05221567213030244646000020003141 6 1202504255.212104
05221527213030444646000020003141 6 1202504255.212108
05221567213030444646000020003141 6 1202504255.212109
05221527213030544646000020003141 6 1202504255.212113
05221567213030544646000020003141 6 1202504255.212115
05221527213030644646000020003141 6 1202504255.212119
05221567213030644646000020003141 6 1202504255.212120
00211062205031044246107221533024 2 1202504281.022319
00261073201035044246107221533024 2 1202504281.022323
00261273201035044246107221533024 2 1202504281.022325
00261373201035044246107221533024 2 1202504281.022326
00261673201035044246107221533024 2 1202504281.022328
00261773201035044246107221533024 2 1202504281.022330
00211060205035044246107221533024 2 1202504281.022332
00211260205035044246107221533024 2 1202504281.022333
00211360205035044246107221533024 2 1202504281.022335
00211660205035044246107221533024 2 1202504281.022337
00211760205035044246107221533024 2 1202504281.022338
00211062205035044246107221533024 2 1202504281.022340
00211262205035044246107221533024 2 1202504281.022342
00211362205035044246107221533024 2 1202504281.022343
00211662205035044246107221533024 2 1202504281.022345
00211762205035044246107221533024 2 1202504281.022347
00261003205035044246107221533024 2 1202504281.022349
00261203205035044246107221533024 2 1202504281.022350
00261303205035044246107221533024 2 1202504281.022352
00261603205035044246107221533024 2 1202504281.022354
00261703205035044246107221533024 2 1202504281.022355
00261023205035044246107221533024 2 1202504281.022357
00261223205035044246107221533024 2 1202504281.022359
00261323205035044246107221533024 2 1202504281.022401
00261623205035044246107221533024 2 1202504281.022402
00261723205035044246107221533024 2 1202504281.022404
00261033205035044246107221533024 2 1202504281.022406
00261233205035044246107221533024 2 1202504281.022407
00261333205035044246107221533024 2 1202504281.022409
00261633205035044246107221533024 2 1202504281.022411
00261733205035044246107221533024 2 1202504281.022413
00211063205035044246107221533024 2 1202504281.022414
00261063205035044246107221533024 2 1202504281.022416
00211263205035044246107221533024 2 1202504281.022418
00261263205035044246107221533024 2 1202504281.022419
00211363205035044246107221533024 2 1202504281.022421
00261363205035044246107221533024 2 1202504281.022423
00211663205035044246107221533024 2 1202504281.022424
00261663205035044246107221533024 2 1202504281.022426
00211763205035044246107221533024 2 1202504281.022428
00261763205035044246107221533024 2 1202504281.022429
00261073205035044246107221533024 2 1202504281.022431
00261273205035044246107221533024 2 1202504281.022433
00261373205035044246107221533024 2 1202504281.022435
00261673205035044246107221533024 2 1202504281.022436
00261773205035044246107221533024 2 1202504281.022438
00211066205035044246107221533024 2 1202504281.022440
00211266205035044246107221533024 2 1202504281.022441
00211366205035044246107221533024 2 1202504281.022443
00211666205035044246107221533024 2 1202504281.022445
00211766205035044246107221533024 2 1202504281.022446
00211067205035044246107221533024 2 1202504281.022448
00211267205035044246107221533024 2 1202504281.022450
00211367205035044246107221533024 2 1202504281.022452
00211667205035044246107221533024 2 1202504281.022453
00211767205035044246107221533024 2 1202504281.022455
00211062205031144246107221533024 2 1202504281.022457
00261073201035144246107221533024 2 1202504281.022501
00261273201035144246107221533024 2 1202504281.022503
00261373201035144246107221533024 2 1202504281.022505
00261673201035144246107221533024 2 1202504281.022507
00261773201035144246107221533024 2 1202504281.022509
00211060205035144246107221533024 2 1202504281.022511
00211260205035144246107221533024 2 1202504281.022513
00211360205035144246107221533024 2 1202504281.022514
00211660205035144246107221533024 2 1202504281.022516
00211760205035144246107221533024 2 1202504281.022518
00211062205035144246107221533024 2 1202504281.022520
00211262205035144246107221533024 2 1202504281.022521
00211362205035144246107221533024 2 1202504281.022523
00211662205035144246107221533024 2 1202504281.022525
00211762205035144246107221533024 2 1202504281.022527
00261003205035144246107221533024 2 1202504281.022529
00261203205035144246107221533024 2 1202504281.022530
00261303205035144246107221533024 2 1202504281.022532
00261603205035144246107221533024 2 1202504281.022534
00261703205035144246107221533024 2 1202504281.022536
00261023205035144246107221533024 2 1202504281.022537
00261223205035144246107221533024 2 1202504281.022539
00261323205035144246107221533024 2 1202504281.022541
00261623205035144246107221533024 2 1202504281.022542
00261723205035144246107221533024 2 1202504281.022544
00261033205035144246107221533024 2 1202504281.022546
00261233205035144246107221533024 2 1202504281.022547
00261333205035144246107221533024 2 1202504281.022549
00261633205035144246107221533024 2 1202504281.022551
00261733205035144246107221533024 2 1202504281.022553
00211063205035144246107221533024 2 1202504281.022554
00261063205035144246107221533024 2 1202504281.022556
00211263205035144246107221533024 2 1202504281.022558
00261263205035144246107221533024 2 1202504281.022559
00211363205035144246107221533024 2 1202504281.022601
00261363205035144246107221533024 2 1202504281.022603
00211663205035144246107221533024 2 1202504281.022605
00261663205035144246107221533024 2 1202504281.022607
00211763205035144246107221533024 2 1202504281.022609
00261763205035144246107221533024 2 1202504281.022611
00261073205035144246107221533024 2 1202504281.022613
00261273205035144246107221533024 2 1202504281.022615
00261373205035144246107221533024 2 1202504281.022617
00261673205035144246107221533024 2 1202504281.022619
00261773205035144246107221533024 2 1202504281.022621
00211066205035144246107221533024 2 1202504281.022623
00211266205035144246107221533024 2 1202504281.022625
00211366205035144246107221533024 2 1202504281.022626
00211666205035144246107221533024 2 1202504281.022628
00211766205035144246107221533024 2 1202504281.022630
00211067205035144246107221533024 2 1202504281.022631
00211267205035144246107221533024 2 1202504281.022633
00211367205035144246107221533024 2 1202504281.022635
00211667205035144246107221533024 2 1202504281.022636
00211767205035144246107221533024 2 1202504281.022638
00211062205031244246107221533024 2 1202504281.022640
00261073201035244246107221533024 2 1202504281.022644
00261273201035244246107221533024 2 1202504281.022646
00261373201035244246107221533024 2 1202504281.022647
00261673201035244246107221533024 2 1202504281.022649
00261773201035244246107221533024 2 1202504281.022651
00211060205035244246107221533024 2 1202504281.022653
00211260205035244246107221533024 2 1202504281.022654
00211360205035244246107221533024 2 1202504281.022656
00211660205035244246107221533024 2 1202504281.022658
00211760205035244246107221533024 2 1202504281.022700
00211062205035244246107221533024 2 1202504281.022701
00211262205035244246107221533024 2 1202504281.022703
00211362205035244246107221533024 2 1202504281.022705
00211662205035244246107221533024 2 1202504281.022706
00211762205035244246107221533024 2 1202504281.022708
00261003205035244246107221533024 2 1202504281.022710
00261203205035244246107221533024 2 1202504281.022711
00261303205035244246107221533024 2 1202504281.022713
00261603205035244246107221533024 2 1202504281.022715
00261703205035244246107221533024 2 1202504281.022717
00261023205035244246107221533024 2 1202504281.022718
00261223205035244246107221533024 2 1202504281.022720
00261323205035244246107221533024 2 1202504281.022722
00261623205035244246107221533024 2 1202504281.022723
00261723205035244246107221533024 2 1202504281.022725
00261033205035244246107221533024 2 1202504281.022727
00261233205035244246107221533024 2 1202504281.022729
00261333205035244246107221533024 2 1202504281.022730
00261633205035244246107221533024 2 1202504281.022732
00261733205035244246107221533024 2 1202504281.022734
00211063205035244246107221533024 2 1202504281.022735
00261063205035244246107221533024 2 1202504281.022737
00211263205035244246107221533024 2 1202504281.022739
00261263205035244246107221533024 2 1202504281.022740
00211363205035244246107221533024 2 1202504281.022742
00261363205035244246107221533024 2 1202504281.022744
00211663205035244246107221533024 2 1202504281.022746
00261663205035244246107221533024 2 1202504281.022747
00211763205035244246107221533024 2 1202504281.022749
00261763205035244246107221533024 2 1202504281.022751
00261073205035244246107221533024 2 1202504281.022752
00261273205035244246107221533024 2 1202504281.022754
00261373205035244246107221533024 2 1202504281.022756
00261673205035244246107221533024 2 1202504281.022757
00261773205035244246107221533024 2 1202504281.022759
00211066205035244246107221533024 2 1202504281.022801
00211266205035244246107221533024 2 1202504281.022802
00211366205035244246107221533024 2 1202504281.022804
00211666205035244246107221533024 2 1202504281.022806
00211766205035244246107221533024 2 1202504281.022808
00211067205035244246107221533024 2 1202504281.022809
00211267205035244246107221533024 2 1202504281.022811
00211367205035244246107221533024 2 1202504281.022813
00211667205035244246107221533024 2 1202504281.022814
00211767205035244246107221533024 2 1202504281.022816
00211062205031444246107221533024 2 1202504281.022818
00261073201035444246107221533024 2 1202504281.022822
00261273201035444246107221533024 2 1202504281.022824
00261373201035444246107221533024 2 1202504281.022826
00261673201035444246107221533024 2 1202504281.022828
00261773201035444246107221533024 2 1202504281.022829
00211060205035444246107221533024 2 1202504281.022831
00211260205035444246107221533024 2 1202504281.022833
00211360205035444246107221533024 2 1202504281.022835
00211660205035444246107221533024 2 1202504281.022836
00211760205035444246107221533024 2 1202504281.022838
00211062205035444246107221533024 2 1202504281.022840
00211262205035444246107221533024 2 1202504281.022841
00211362205035444246107221533024 2 1202504281.022843
00211662205035444246107221533024 2 1202504281.022845
00211762205035444246107221533024 2 1202504281.022846
00261003205035444246107221533024 2 1202504281.022848
00261203205035444246107221533024 2 1202504281.022850
00261303205035444246107221533024 2 1202504281.022852
00261603205035444246107221533024 2 1202504281.022853
00261703205035444246107221533024 2 1202504281.022855
00261023205035444246107221533024 2 1202504281.022857
00261223205035444246107221533024 2 1202504281.022859
00261323205035444246107221533024 2 1202504281.022900
00261623205035444246107221533024 2 1202504281.022902
00261723205035444246107221533024 2 1202504281.022904
00261033205035444246107221533024 2 1202504281.022905
00261233205035444246107221533024 2 1202504281.022907
00261333205035444246107221533024 2 1202504281.022909
00261633205035444246107221533024 2 1202504281.022910
00261733205035444246107221533024 2 1202504281.022912
00211063205035444246107221533024 2 1202504281.022914
00261063205035444246107221533024 2 1202504281.022916
00211263205035444246107221533024 2 1202504281.022917
00261263205035444246107221533024 2 1202504281.022919
00211363205035444246107221533024 2 1202504281.022921
00261363205035444246107221533024 2 1202504281.022922
00211663205035444246107221533024 2 1202504281.022924
00261663205035444246107221533024 2 1202504281.022926
00211763205035444246107221533024 2 1202504281.022928
00261763205035444246107221533024 2 1202504281.022929
00261073205035444246107221533024 2 1202504281.022931
00261273205035444246107221533024 2 1202504281.022933
00261373205035444246107221533024 2 1202504281.022934
00261673205035444246107221533024 2 1202504281.022936
00261773205035444246107221533024 2 1202504281.022938
00211066205035444246107221533024 2 1202504281.022940
00211266205035444246107221533024 2 1202504281.022941
00211366205035444246107221533024 2 1202504281.022943
00211666205035444246107221533024 2 1202504281.022945
00211766205035444246107221533024 2 1202504281.022946
00211067205035444246107221533024 2 1202504281.022948
00211267205035444246107221533024 2 1202504281.022950
00211367205035444246107221533024 2 1202504281.022952
00211667205035444246107221533024 2 1202504281.022953
00211767205035444246107221533024 2 1202504281.022955
00211062205031544246107221533024 2 1202504281.022957
00261073201035544246107221533024 2 1202504281.023001
00261273201035544246107221533024 2 1202504281.023003
00261373201035544246107221533024 2 1202504281.023004
00261673201035544246107221533024 2 1202504281.023006
00261773201035544246107221533024 2 1202504281.023008
00211060205035544246107221533024 2 1202504281.023010
00211260205035544246107221533024 2 1202504281.023011
00211360205035544246107221533024 2 1202504281.023013
00211660205035544246107221533024 2 1202504281.023015
00211760205035544246107221533024 2 1202504281.023016
00211062205035544246107221533024 2 1202504281.023018
00211262205035544246107221533024 2 1202504281.023020
00211362205035544246107221533024 2 1202504281.023022
00211662205035544246107221533024 2 1202504281.023023
00211762205035544246107221533024 2 1202504281.023025
00261003205035544246107221533024 2 1202504281.023027
00261203205035544246107221533024 2 1202504281.023028
00261303205035544246107221533024 2 1202504281.023030
00261603205035544246107221533024 2 1202504281.023032
00261703205035544246107221533024 2 1202504281.023034
00261023205035544246107221533024 2 1202504281.023035
00261223205035544246107221533024 2 1202504281.023037
00261323205035544246107221533024 2 1202504281.023039
00261623205035544246107221533024 2 1202504281.023040
00261723205035544246107221533024 2 1202504281.023042
00261033205035544246107221533024 2 1202504281.023044
00261233205035544246107221533024 2 1202504281.023046
00261333205035544246107221533024 2 1202504281.023047
00261633205035544246107221533024 2 1202504281.023049
00261733205035544246107221533024 2 1202504281.023051
00211063205035544246107221533024 2 1202504281.023052
00261063205035544246107221533024 2 1202504281.023054
00211263205035544246107221533024 2 1202504281.023056
00261263205035544246107221533024 2 1202504281.023058
00211363205035544246107221533024 2 1202504281.023059
00261363205035544246107221533024 2 1202504281.023101
00211663205035544246107221533024 2 1202504281.023103
00261663205035544246107221533024 2 1202504281.023104
00211763205035544246107221533024 2 1202504281.023106
00261763205035544246107221533024 2 1202504281.023108
00261073205035544246107221533024 2 1202504281.023109
00261273205035544246107221533024 2 1202504281.023111
00261373205035544246107221533024 2 1202504281.023113
00261673205035544246107221533024 2 1202504281.023115
00261773205035544246107221533024 2 1202504281.023116
00211066205035544246107221533024 2 1202504281.023118
00211266205035544246107221533024 2 1202504281.023120
00211366205035544246107221533024 2 1202504281.023121
00211666205035544246107221533024 2 1202504281.023123
00211766205035544246107221533024 2 1202504281.023125
00211067205035544246107221533024 2 1202504281.023127
00211267205035544246107221533024 2 1202504281.023128
00211367205035544246107221533024 2 1202504281.023130
00211667205035544246107221533024 2 1202504281.023132
00211767205035544246107221533024 2 1202504281.023133
00211062205031644246107221533024 2 1202504281.023135
00261073201035644246107221533024 2 1202504281.023139
00261273201035644246107221533024 2 1202504281.023141
00261373201035644246107221533024 2 1202504281.023143
00261673201035644246107221533024 2 1202504281.023144
00261773201035644246107221533024 2 1202504281.023146
00211060205035644246107221533024 2 1202504281.023148
00211260205035644246107221533024 2 1202504281.023150
00211360205035644246107221533024 2 1202504281.023151
00211660205035644246107221533024 2 1202504281.023153
00211760205035644246107221533024 2 1202504281.023155
00211062205035644246107221533024 2 1202504281.023156
00211262205035644246107221533024 2 1202504281.023158
00211362205035644246107221533024 2 1202504281.023200
00211662205035644246107221533024 2 1202504281.023202
00211762205035644246107221533024 2 1202504281.023203
00261003205035644246107221533024 2 1202504281.023205
00261203205035644246107221533024 2 1202504281.023207
00261303205035644246107221533024 2 1202504281.023209
00261603205035644246107221533024 2 1202504281.023210
00261703205035644246107221533024 2 1202504281.023212
00261023205035644246107221533024 2 1202504281.023214
00261223205035644246107221533024 2 1202504281.023215
00261323205035644246107221533024 2 1202504281.023217
00261623205035644246107221533024 2 1202504281.023219
00261723205035644246107221533024 2 1202504281.023221
00261033205035644246107221533024 2 1202504281.023222
00261233205035644246107221533024 2 1202504281.023224
00261333205035644246107221533024 2 1202504281.023226
00261633205035644246107221533024 2 1202504281.023227
00261733205035644246107221533024 2 1202504281.023229
00211063205035644246107221533024 2 1202504281.023231
00261063205035644246107221533024 2 1202504281.023232
00211263205035644246107221533024 2 1202504281.023234
00261263205035644246107221533024 2 1202504281.023236
00211363205035644246107221533024 2 1202504281.023238
00261363205035644246107221533024 2 1202504281.023239
00211663205035644246107221533024 2 1202504281.023241
00261663205035644246107221533024 2 1202504281.023243
00211763205035644246107221533024 2 1202504281.023244
00261763205035644246107221533024 2 1202504281.023246
00261073205035644246107221533024 2 1202504281.023248
00261273205035644246107221533024 2 1202504281.023250
00261373205035644246107221533024 2 1202504281.023251
00261673205035644246107221533024 2 1202504281.023253
00261773205035644246107221533024 2 1202504281.023255
00211066205035644246107221533024 2 1202504281.023256
00211266205035644246107221533024 2 1202504281.023258
00211366205035644246107221533024 2 1202504281.023300
00211666205035644246107221533024 2 1202504281.023301
00211766205035644246107221533024 2 1202504281.023303
00211067205035644246107221533024 2 1202504281.023305
00211267205035644246107221533024 2 1202504281.023307
00211367205035644246107221533024 2 1202504281.023308
00211667205035644246107221533024 2 1202504281.023310
00211767205035644246107221533024 2 1202504281.023312
00211062205031044246107221533064 2 1202504281.202246
00261073201035044246107221533064 2 1202504281.202251
00261273201035044246107221533064 2 1202504281.202252
00261373201035044246107221533064 2 1202504281.202254
00261673201035044246107221533064 2 1202504281.202256
00261773201035044246107221533064 2 1202504281.202258
00211060205035044246107221533064 2 1202504281.202300
00211260205035044246107221533064 2 1202504281.202302
00211360205035044246107221533064 2 1202504281.202304
00211660205035044246107221533064 2 1202504281.202305
00211760205035044246107221533064 2 1202504281.202307
00211062205035044246107221533064 2 1202504281.202309
00211262205035044246107221533064 2 1202504281.202311
00211362205035044246107221533064 2 1202504281.202313
00211662205035044246107221533064 2 1202504281.202315
00211762205035044246107221533064 2 1202504281.202317
00261003205035044246107221533064 2 1202504281.202319
00261203205035044246107221533064 2 1202504281.202320
00261303205035044246107221533064 2 1202504281.202322
00261603205035044246107221533064 2 1202504281.202324
00261703205035044246107221533064 2 1202504281.202326
00261023205035044246107221533064 2 1202504281.202329
00261223205035044246107221533064 2 1202504281.202331
00261323205035044246107221533064 2 1202504281.202333
00261623205035044246107221533064 2 1202504281.202335
00261723205035044246107221533064 2 1202504281.202337
00261033205035044246107221533064 2 1202504281.202339
00261233205035044246107221533064 2 1202504281.202341
00261333205035044246107221533064 2 1202504281.202343
00261633205035044246107221533064 2 1202504281.202345
00261733205035044246107221533064 2 1202504281.202347
00211063205035044246107221533064 2 1202504281.202349
00261063205035044246107221533064 2 1202504281.202351
00211263205035044246107221533064 2 1202504281.202353
00261263205035044246107221533064 2 1202504281.202354
00211363205035044246107221533064 2 1202504281.202357
00261363205035044246107221533064 2 1202504281.202358
00211663205035044246107221533064 2 1202504281.202400
00261663205035044246107221533064 2 1202504281.202402
00211763205035044246107221533064 2 1202504281.202404
00261763205035044246107221533064 2 1202504281.202406
00261073205035044246107221533064 2 1202504281.202408
00261273205035044246107221533064 2 1202504281.202410
00261373205035044246107221533064 2 1202504281.202412
00261673205035044246107221533064 2 1202504281.202413
00261773205035044246107221533064 2 1202504281.202415
00211066205035044246107221533064 2 1202504281.202417
00211266205035044246107221533064 2 1202504281.202419
00211366205035044246107221533064 2 1202504281.202421
00211666205035044246107221533064 2 1202504281.202423
00211766205035044246107221533064 2 1202504281.202425
00211067205035044246107221533064 2 1202504281.202427
00211267205035044246107221533064 2 1202504281.202428
00211367205035044246107221533064 2 1202504281.202430
00211667205035044246107221533064 2 1202504281.202432
00211767205035044246107221533064 2 1202504281.202434
00211062205031144246107221533064 2 1202504281.202436
00261073201035144246107221533064 2 1202504281.202440
00261273201035144246107221533064 2 1202504281.202442
00261373201035144246107221533064 2 1202504281.202443
00261673201035144246107221533064 2 1202504281.202445
00261773201035144246107221533064 2 1202504281.202447
00211060205035144246107221533064 2 1202504281.202449
00211260205035144246107221533064 2 1202504281.202451
00211360205035144246107221533064 2 1202504281.202453
00211660205035144246107221533064 2 1202504281.202455
00211760205035144246107221533064 2 1202504281.202457
00211062205035144246107221533064 2 1202504281.202459
00211262205035144246107221533064 2 1202504281.202501
00211362205035144246107221533064 2 1202504281.202504
00211662205035144246107221533064 2 1202504281.202506
00211762205035144246107221533064 2 1202504281.202508
00261003205035144246107221533064 2 1202504281.202510
00261203205035144246107221533064 2 1202504281.202512
00261303205035144246107221533064 2 1202504281.202514
00261603205035144246107221533064 2 1202504281.202516
00261703205035144246107221533064 2 1202504281.202518
00261023205035144246107221533064 2 1202504281.202520
00261223205035144246107221533064 2 1202504281.202522
00261323205035144246107221533064 2 1202504281.202525
00261623205035144246107221533064 2 1202504281.202527
00261723205035144246107221533064 2 1202504281.202529
00261033205035144246107221533064 2 1202504281.202531
00261233205035144246107221533064 2 1202504281.202533
00261333205035144246107221533064 2 1202504281.202536
00261633205035144246107221533064 2 1202504281.202538
00261733205035144246107221533064 2 1202504281.202540
00211063205035144246107221533064 2 1202504281.202542
00261063205035144246107221533064 2 1202504281.202544
00211263205035144246107221533064 2 1202504281.202546
00261263205035144246107221533064 2 1202504281.202548
00211363205035144246107221533064 2 1202504281.202550
00261363205035144246107221533064 2 1202504281.202552
00211663205035144246107221533064 2 1202504281.202555
00261663205035144246107221533064 2 1202504281.202557
00211763205035144246107221533064 2 1202504281.202559
00261763205035144246107221533064 2 1202504281.202601
00261073205035144246107221533064 2 1202504281.202603
00261273205035144246107221533064 2 1202504281.202605
00261373205035144246107221533064 2 1202504281.202607
00261673205035144246107221533064 2 1202504281.202609
00261773205035144246107221533064 2 1202504281.202611
00211066205035144246107221533064 2 1202504281.202613
00211266205035144246107221533064 2 1202504281.202615
00211366205035144246107221533064 2 1202504281.202617
00211666205035144246107221533064 2 1202504281.202618
00211766205035144246107221533064 2 1202504281.202620
00211067205035144246107221533064 2 1202504281.202622
00211267205035144246107221533064 2 1202504281.202624
00211367205035144246107221533064 2 1202504281.202626
00211667205035144246107221533064 2 1202504281.202627
00211767205035144246107221533064 2 1202504281.202629
00211062205031244246107221533064 2 1202504281.202632
00261073201035244246107221533064 2 1202504281.202637
00261273201035244246107221533064 2 1202504281.202639
00261373201035244246107221533064 2 1202504281.202641
00261673201035244246107221533064 2 1202504281.202643
00261773201035244246107221533064 2 1202504281.202645
00211060205035244246107221533064 2 1202504281.202646
00211260205035244246107221533064 2 1202504281.202648
00211360205035244246107221533064 2 1202504281.202650
00211660205035244246107221533064 2 1202504281.202652
00211760205035244246107221533064 2 1202504281.202654
00211062205035244246107221533064 2 1202504281.202656
00211262205035244246107221533064 2 1202504281.202657
00211362205035244246107221533064 2 1202504281.202659
00211662205035244246107221533064 2 1202504281.202701
00211762205035244246107221533064 2 1202504281.202703
00261003205035244246107221533064 2 1202504281.202705
00261203205035244246107221533064 2 1202504281.202706
00261303205035244246107221533064 2 1202504281.202708
00261603205035244246107221533064 2 1202504281.202709
00261703205035244246107221533064 2 1202504281.202711
00261023205035244246107221533064 2 1202504281.202713
00261223205035244246107221533064 2 1202504281.202716
00261323205035244246107221533064 2 1202504281.202718
00261623205035244246107221533064 2 1202504281.202720
00261723205035244246107221533064 2 1202504281.202722
00261033205035244246107221533064 2 1202504281.202724
00261233205035244246107221533064 2 1202504281.202726
00261333205035244246107221533064 2 1202504281.202728
00261633205035244246107221533064 2 1202504281.202730
00261733205035244246107221533064 2 1202504281.202733
00211063205035244246107221533064 2 1202504281.202734
00261063205035244246107221533064 2 1202504281.202736
00211263205035244246107221533064 2 1202504281.202738
00261263205035244246107221533064 2 1202504281.202740
00211363205035244246107221533064 2 1202504281.202742
00261363205035244246107221533064 2 1202504281.202745
00211663205035244246107221533064 2 1202504281.202747
00261663205035244246107221533064 2 1202504281.202749
00211763205035244246107221533064 2 1202504281.202751
00261763205035244246107221533064 2 1202504281.202753
00261073205035244246107221533064 2 1202504281.202754
00261273205035244246107221533064 2 1202504281.202757
00261373205035244246107221533064 2 1202504281.202759
00261673205035244246107221533064 2 1202504281.202801
00261773205035244246107221533064 2 1202504281.202803
00211066205035244246107221533064 2 1202504281.202805
00211266205035244246107221533064 2 1202504281.202807
00211366205035244246107221533064 2 1202504281.202809
00211666205035244246107221533064 2 1202504281.202811
00211766205035244246107221533064 2 1202504281.202813
00211067205035244246107221533064 2 1202504281.202815
00211267205035244246107221533064 2 1202504281.202817
00211367205035244246107221533064 2 1202504281.202819
00211667205035244246107221533064 2 1202504281.202821
00211767205035244246107221533064 2 1202504281.202822
00211062205031444246107221533064 2 1202504281.202824
00261073201035444246107221533064 2 1202504281.202828
00261273201035444246107221533064 2 1202504281.202830
00261373201035444246107221533064 2 1202504281.202832
00261673201035444246107221533064 2 1202504281.202833
00261773201035444246107221533064 2 1202504281.202835
00211060205035444246107221533064 2 1202504281.202836
00211260205035444246107221533064 2 1202504281.202838
00211360205035444246107221533064 2 1202504281.202840
00211660205035444246107221533064 2 1202504281.202841
00211760205035444246107221533064 2 1202504281.202843
00211062205035444246107221533064 2 1202504281.202845
00211262205035444246107221533064 2 1202504281.202846
00211362205035444246107221533064 2 1202504281.202848
00211662205035444246107221533064 2 1202504281.202849
00211762205035444246107221533064 2 1202504281.202851
00261003205035444246107221533064 2 1202504281.202853
00261203205035444246107221533064 2 1202504281.202854
00261303205035444246107221533064 2 1202504281.202856
00261603205035444246107221533064 2 1202504281.202857
00261703205035444246107221533064 2 1202504281.202859
00261023205035444246107221533064 2 1202504281.202901
00261223205035444246107221533064 2 1202504281.202902
00261323205035444246107221533064 2 1202504281.202904
00261623205035444246107221533064 2 1202504281.202905
00261723205035444246107221533064 2 1202504281.202907
00261033205035444246107221533064 2 1202504281.202909
00261233205035444246107221533064 2 1202504281.202910
00261333205035444246107221533064 2 1202504281.202912
00261633205035444246107221533064 2 1202504281.202914
00261733205035444246107221533064 2 1202504281.202915
00211063205035444246107221533064 2 1202504281.202917
00261063205035444246107221533064 2 1202504281.202918
00211263205035444246107221533064 2 1202504281.202920
00261263205035444246107221533064 2 1202504281.202922
00211363205035444246107221533064 2 1202504281.202923
00261363205035444246107221533064 2 1202504281.202925
00211663205035444246107221533064 2 1202504281.202926
00261663205035444246107221533064 2 1202504281.202928
00211763205035444246107221533064 2 1202504281.202930
00261763205035444246107221533064 2 1202504281.202931
00261073205035444246107221533064 2 1202504281.202933
00261273205035444246107221533064 2 1202504281.202934
00261373205035444246107221533064 2 1202504281.202936
00261673205035444246107221533064 2 1202504281.202938
00261773205035444246107221533064 2 1202504281.202939
00211066205035444246107221533064 2 1202504281.202941
00211266205035444246107221533064 2 1202504281.202942
00211366205035444246107221533064 2 1202504281.202944
00211666205035444246107221533064 2 1202504281.202946
00211766205035444246107221533064 2 1202504281.202947
00211067205035444246107221533064 2 1202504281.202949
00211267205035444246107221533064 2 1202504281.202950
00211367205035444246107221533064 2 1202504281.202952
00211667205035444246107221533064 2 1202504281.202954
00211767205035444246107221533064 2 1202504281.202955
00211062205031544246107221533064 2 1202504281.202957
00261073201035544246107221533064 2 1202504281.203001
00261273201035544246107221533064 2 1202504281.203003
00261373201035544246107221533064 2 1202504281.203004
00261673201035544246107221533064 2 1202504281.203006
00261773201035544246107221533064 2 1202504281.203008
00211060205035544246107221533064 2 1202504281.203009
00211260205035544246107221533064 2 1202504281.203011
00211360205035544246107221533064 2 1202504281.203012
00211660205035544246107221533064 2 1202504281.203014
00211760205035544246107221533064 2 1202504281.203016
00211062205035544246107221533064 2 1202504281.203017
00211262205035544246107221533064 2 1202504281.203019
00211362205035544246107221533064 2 1202504281.203020
00211662205035544246107221533064 2 1202504281.203022
00211762205035544246107221533064 2 1202504281.203024
00261003205035544246107221533064 2 1202504281.203025
00261203205035544246107221533064 2 1202504281.203027
00261303205035544246107221533064 2 1202504281.203028
00261603205035544246107221533064 2 1202504281.203030
00261703205035544246107221533064 2 1202504281.203032
00261023205035544246107221533064 2 1202504281.203033
00261223205035544246107221533064 2 1202504281.203035
00261323205035544246107221533064 2 1202504281.203037
00261623205035544246107221533064 2 1202504281.203038
00261723205035544246107221533064 2 1202504281.203040
00261033205035544246107221533064 2 1202504281.203041
00261233205035544246107221533064 2 1202504281.203043
00261333205035544246107221533064 2 1202504281.203045
00261633205035544246107221533064 2 1202504281.203046
00261733205035544246107221533064 2 1202504281.203048
00211063205035544246107221533064 2 1202504281.203049
00261063205035544246107221533064 2 1202504281.203051
00211263205035544246107221533064 2 1202504281.203053
00261263205035544246107221533064 2 1202504281.203054
00211363205035544246107221533064 2 1202504281.203056
00261363205035544246107221533064 2 1202504281.203058
00211663205035544246107221533064 2 1202504281.203059
00261663205035544246107221533064 2 1202504281.203101
00211763205035544246107221533064 2 1202504281.203102
00261763205035544246107221533064 2 1202504281.203104
00261073205035544246107221533064 2 1202504281.203106
00261273205035544246107221533064 2 1202504281.203107
00261373205035544246107221533064 2 1202504281.203109
00261673205035544246107221533064 2 1202504281.203110
00261773205035544246107221533064 2 1202504281.203112
00211066205035544246107221533064 2 1202504281.203114
00211266205035544246107221533064 2 1202504281.203115
00211366205035544246107221533064 2 1202504281.203117
00211666205035544246107221533064 2 1202504281.203118
00211766205035544246107221533064 2 1202504281.203120
00211067205035544246107221533064 2 1202504281.203122
00211267205035544246107221533064 2 1202504281.203123
00211367205035544246107221533064 2 1202504281.203125
00211667205035544246107221533064 2 1202504281.203126
00211767205035544246107221533064 2 1202504281.203128
00211062205031644246107221533064 2 1202504281.203130
00261073201035644246107221533064 2 1202504281.203134
00261273201035644246107221533064 2 1202504281.203135
00261373201035644246107221533064 2 1202504281.203137
00261673201035644246107221533064 2 1202504281.203138
00261773201035644246107221533064 2 1202504281.203140
00211060205035644246107221533064 2 1202504281.203142
00211260205035644246107221533064 2 1202504281.203143
00211360205035644246107221533064 2 1202504281.203145
00211660205035644246107221533064 2 1202504281.203146
00211760205035644246107221533064 2 1202504281.203148
00211062205035644246107221533064 2 1202504281.203150
00211262205035644246107221533064 2 1202504281.203151
00211362205035644246107221533064 2 1202504281.203153
00211662205035644246107221533064 2 1202504281.203154
00211762205035644246107221533064 2 1202504281.203156
00261003205035644246107221533064 2 1202504281.203158
00261203205035644246107221533064 2 1202504281.203159
00261303205035644246107221533064 2 1202504281.203201
00261603205035644246107221533064 2 1202504281.203203
00261703205035644246107221533064 2 1202504281.203204
00261023205035644246107221533064 2 1202504281.203206
00261223205035644246107221533064 2 1202504281.203207
00261323205035644246107221533064 2 1202504281.203209
00261623205035644246107221533064 2 1202504281.203211
00261723205035644246107221533064 2 1202504281.203212
00261033205035644246107221533064 2 1202504281.203214
00261233205035644246107221533064 2 1202504281.203215
00261333205035644246107221533064 2 1202504281.203217
00261633205035644246107221533064 2 1202504281.203219
00261733205035644246107221533064 2 1202504281.203220
00211063205035644246107221533064 2 1202504281.203222
00261063205035644246107221533064 2 1202504281.203223
00211263205035644246107221533064 2 1202504281.203225
00261263205035644246107221533064 2 1202504281.203227
00211363205035644246107221533064 2 1202504281.203228
00261363205035644246107221533064 2 1202504281.203230
00211663205035644246107221533064 2 1202504281.203231
00261663205035644246107221533064 2 1202504281.203233
00211763205035644246107221533064 2 1202504281.203235
00261763205035644246107221533064 2 1202504281.203236
00261073205035644246107221533064 2 1202504281.203238
00261273205035644246107221533064 2 1202504281.203240
00261373205035644246107221533064 2 1202504281.203241
00261673205035644246107221533064 2 1202504281.203243
00261773205035644246107221533064 2 1202504281.203244
00211066205035644246107221533064 2 1202504281.203246
00211266205035644246107221533064 2 1202504281.203248
00211366205035644246107221533064 2 1202504281.203249
00211666205035644246107221533064 2 1202504281.203251
00211766205035644246107221533064 2 1202504281.203253
00211067205035644246107221533064 2 1202504281.203254
00211267205035644246107221533064 2 1202504281.203256
00211367205035644246107221533064 2 1202504281.203257
00211667205035644246107221533064 2 1202504281.203259
00211767205035644246107221533064 2 1202504281.203301
05221527213030044642000020003111 6 1202504266.134556
05221567213030044642000020003111 6 1202504266.134558
05221527213030144642000020003111 6 1202504266.134602
05221567213030144642000020003111 6 1202504266.134604
05221527213030244642000020003111 6 1202504266.134608
05221567213030244642000020003111 6 1202504266.134609
05221527213030444642000020003111 6 1202504266.134613
05221567213030444642000020003111 6 1202504266.134615
05221527213030544642000020003111 6 1202504266.134619
05221567213030544642000020003111 6 1202504266.134621
05221527213030644642000020003111 6 1202504266.134625
05221567213030644642000020003111 6 1202504266.134627
05221527213030044646000020003111 6 1202504266.140510
05221567213030044646000020003111 6 1202504266.140511
05221527213030144646000020003111 6 1202504266.140515
05221567213030144646000020003111 6 1202504266.140517
05221527213030244646000020003111 6 1202504266.140521
05221567213030244646000020003111 6 1202504266.140523
05221527213030444646000020003111 6 1202504266.140527
05221567213030444646000020003111 6 1202504266.140528
05221527213030544646000020003111 6 1202504266.140532
05221567213030544646000020003111 6 1202504266.140534
05221527213030644646000020003111 6 1202504266.140538
05221567213030644646000020003111 6 1202504266.140539
05221527213030044642000020003151 6 1202504277.122520
05221567213030044642000020003151 6 1202504277.122522
05221527213030144642000020003151 6 1202504277.122525
05221567213030144642000020003151 6 1202504277.122527
05221527213030244642000020003151 6 1202504277.122531
05221567213030244642000020003151 6 1202504277.122532
05221527213030444642000020003151 6 1202504277.122536
05221567213030444642000020003151 6 1202504277.122538
05221527213030544642000020003151 6 1202504277.122541
05221567213030544642000020003151 6 1202504277.122543
05221527213030644642000020003151 6 1202504277.122547
05221567213030644642000020003151 6 1202504277.122548
05221527213030044646000020003151 6 1202504277.124131
05221567213030044646000020003151 6 1202504277.124132
05221527213030144646000020003151 6 1202504277.124136
05221567213030144646000020003151 6 1202504277.124138
05221527213030244646000020003151 6 1202504277.124141
05221567213030244646000020003151 6 1202504277.124143
05221527213030444646000020003151 6 1202504277.124146
05221567213030444646000020003151 6 1202504277.124148
05221527213030544646000020003151 6 1202504277.124151
05221567213030544646000020003151 6 1202504277.124153
05221527213030644646000020003151 6 1202504277.124156
05221567213030644646000020003151 6 1202504277.124158
05221523217031014642000020003014 6 1202504292.203701
05221563217031014642000020003014 6 1202504292.203703
05221523217031114642000020003014 6 1202504292.203706
05221563217031114642000020003014 6 1202504292.203707
05221523217031214642000020003014 6 1202504292.203710
05221563217031214642000020003014 6 1202504292.203711
05221523217031414642000020003014 6 1202504292.203714
05221563217031414642000020003014 6 1202504292.203716
05221523217031514642000020003014 6 1202504292.203719
05221563217031514642000020003014 6 1202504292.203720
05221523217031614642000020003014 6 1202504292.203723
05221563217031614642000020003014 6 1202504292.203724
05221523217031014646000020003014 6 1202504292.205113
05221563217031014646000020003014 6 1202504292.205114
05221523217031114646000020003014 6 1202504292.205117
05221563217031114646000020003014 6 1202504292.205118
05221523217031214646000020003014 6 1202504292.205121
05221563217031214646000020003014 6 1202504292.205123
05221523217031414646000020003014 6 1202504292.205126
05221563217031414646000020003014 6 1202504292.205127
05221523217031514646000020003014 6 1202504292.205130
05221563217031514646000020003014 6 1202504292.205131
05221523217031614646000020003014 6 1202504292.205134
05221563217031614646000020003014 6 1202504292.205136
05221523217031014642000020003054 6 1202504303.094810
05221563217031014642000020003054 6 1202504303.094812
05221523217031114642000020003054 6 1202504303.094814
05221563217031114642000020003054 6 1202504303.094816
05221523217031214642000020003054 6 1202504303.094818
05221563217031214642000020003054 6 1202504303.094819
05221523217031414642000020003054 6 1202504303.094822
05221563217031414642000020003054 6 1202504303.094823
05221523217031514642000020003054 6 1202504303.094826
05221563217031514642000020003054 6 1202504303.094827
05221523217031614642000020003054 6 1202504303.094830
05221563217031614642000020003054 6 1202504303.094831
05221523217031014646000020003054 6 1202504303.100045
05221563217031014646000020003054 6 1202504303.100046
05221523217031114646000020003054 6 1202504303.100049
05221563217031114646000020003054 6 1202504303.100050
05221523217031214646000020003054 6 1202504303.100053
05221563217031214646000020003054 6 1202504303.100054
05221523217031414646000020003054 6 1202504303.100056
05221563217031414646000020003054 6 1202504303.100058
05221523217031514646000020003054 6 1202504303.100100
05221563217031514646000020003054 6 1202504303.100102
05221523217031614646000020003054 6 1202504303.100104
05221563217031614646000020003054 6 1202504303.100105
05221523217031014642000020003004 6 1202504266.233855
05221563217031014642000020003004 6 1202504266.233857
05221523217031114642000020003004 6 1202504266.233901
05221563217031114642000020003004 6 1202504266.233903
05221523217031214642000020003004 6 1202504266.233907
05221563217031214642000020003004 6 1202504266.233908
05221523217031414642000020003004 6 1202504266.233912
05221563217031414642000020003004 6 1202504266.233914
05221523217031514642000020003004 6 1202504266.233918
05221563217031514642000020003004 6 1202504266.233920
05221523217031614642000020003004 6 1202504266.233924
05221563217031614642000020003004 6 1202504266.233926
05221523217031014646000020003004 6 1202504277.000121
05221563217031014646000020003004 6 1202504277.000123
05221523217031114646000020003004 6 1202504277.000127
05221563217031114646000020003004 6 1202504277.000129
05221523217031214646000020003004 6 1202504277.000133
05221563217031214646000020003004 6 1202504277.000135
05221523217031414646000020003004 6 1202504277.000139
05221563217031414646000020003004 6 1202504277.000141
05221523217031514646000020003004 6 1202504277.000146
05221563217031514646000020003004 6 1202504277.000148
05221523217031614646000020003004 6 1202504277.000153
05221563217031614646000020003004 6 1202504277.000155
05221523217031014642000020003044 6 1202504277.114032
05221563217031014642000020003044 6 1202504277.114033
05221523217031114642000020003044 6 1202504277.114037
05221563217031114642000020003044 6 1202504277.114039
05221523217031214642000020003044 6 1202504277.114042
05221563217031214642000020003044 6 1202504277.114044
05221523217031414642000020003044 6 1202504277.114048
05221563217031414642000020003044 6 1202504277.114049
05221523217031514642000020003044 6 1202504277.114053
05221563217031514642000020003044 6 1202504277.114055
05221523217031614642000020003044 6 1202504277.114058
05221563217031614642000020003044 6 1202504277.114100
05221523217031014646000020003044 6 1202504277.115751
05221563217031014646000020003044 6 1202504277.115753
05221523217031114646000020003044 6 1202504277.115756
05221563217031114646000020003044 6 1202504277.115758
05221523217031214646000020003044 6 1202504277.115802
05221563217031214646000020003044 6 1202504277.115803
05221523217031414646000020003044 6 1202504277.115807
05221563217031414646000020003044 6 1202504277.115809
05221523217031514646000020003044 6 1202504277.115812
05221563217031514646000020003044 6 1202504277.115814
05221523217031614646000020003044 6 1202504277.115818
05221563217031614646000020003044 6 1202504277.115819
05221523217031014642000020003024 6 1202504277.202312
05221563217031014642000020003024 6 1202504277.202314
05221523217031114642000020003024 6 1202504277.202318
05221563217031114642000020003024 6 1202504277.202319
05221523217031214642000020003024 6 1202504277.202323
05221563217031214642000020003024 6 1202504277.202325
05221523217031414642000020003024 6 1202504277.202328
05221563217031414642000020003024 6 1202504277.202330
05221523217031514642000020003024 6 1202504277.202334
05221563217031514642000020003024 6 1202504277.202335
05221523217031614642000020003024 6 1202504277.202339
05221563217031614642000020003024 6 1202504277.202341
05221523217031014646000020003024 6 1202504277.204029
05221563217031014646000020003024 6 1202504277.204031
05221523217031114646000020003024 6 1202504277.204035
05221563217031114646000020003024 6 1202504277.204036
05221523217031214646000020003024 6 1202504277.204040
05221563217031214646000020003024 6 1202504277.204042
05221523217031414646000020003024 6 1202504277.204045
05221563217031414646000020003024 6 1202504277.204047
05221523217031514646000020003024 6 1202504277.204050
05221563217031514646000020003024 6 1202504277.204052
05221523217031614646000020003024 6 1202504277.204056
05221563217031614646000020003024 6 1202504277.204057
05221523217031014642000020003064 6 1202504281.070728
05221563217031014642000020003064 6 1202504281.070729
05221523217031114642000020003064 6 1202504281.070733
05221563217031114642000020003064 6 1202504281.070735
05221523217031214642000020003064 6 1202504281.070738
05221563217031214642000020003064 6 1202504281.070740
05221523217031414642000020003064 6 1202504281.070744
05221563217031414642000020003064 6 1202504281.070745
05221523217031514642000020003064 6 1202504281.070749
05221563217031514642000020003064 6 1202504281.070751
05221523217031614642000020003064 6 1202504281.070754
05221563217031614642000020003064 6 1202504281.070756
05221523217031014646000020003064 6 1202504281.072505
05221563217031014646000020003064 6 1202504281.072506
05221523217031114646000020003064 6 1202504281.072510
05221563217031114646000020003064 6 1202504281.072512
05221523217031214646000020003064 6 1202504281.072515
05221563217031214646000020003064 6 1202504281.072517
05221523217031414646000020003064 6 1202504281.072521
05221563217031414646000020003064 6 1202504281.072522
05221523217031514646000020003064 6 1202504281.072526
05221563217031514646000020003064 6 1202504281.072528
05221523217031614646000020003064 6 1202504281.072531
05221563217031614646000020003064 6 1202504281.072533
