0141102620033504420105124502 1202403122.141634
0141102620133504420105124502 1202403122.141657
0141102620333504420105124502 1202403122.141719
0141102620433504420105124502 1202403122.141742
0141102620533504420105124502 1202403122.141804
0141102620633504420105124502 1202403122.141827
0141102620033514420105124502 1202403122.141850
0141102620133514420105124502 1202403122.141912
0141102620333514420105124502 1202403122.141935
0141102620433514420105124502 1202403122.141957
0141102620533514420105124502 1202403122.142020
0141102620633514420105124502 1202403122.142042
0141102620033524420105124502 1202403122.142105
0141102620133524420105124502 1202403122.142127
0141102620333524420105124502 1202403122.142150
0141102620433524420105124502 1202403122.142212
0141102620533524420105124502 1202403122.142235
0141102620633524420105124502 1202403122.142257
0141102620033544420105124502 1202403122.142320
0141102620133544420105124502 1202403122.142342
0141102620333544420105124502 1202403122.142405
0141102620433544420105124502 1202403122.142427
0141102620533544420105124502 1202403122.142450
0141102620633544420105124502 1202403122.142512
0141102620033554420105124502 1202403122.142535
0141102620133554420105124502 1202403122.142557
0141102620333554420105124502 1202403122.142620
0141102620433554420105124502 1202403122.142642
0141102620533554420105124502 1202403122.142705
0141102620633554420105124502 1202403122.142727
0141102620033564420105124502 1202403122.142750
0141102620133564420105124502 1202403122.142813
0141102620333564420105124502 1202403122.142835
0141102620433564420105124502 1202403122.142858
0141102620533564420105124502 1202403122.142920
0141102620633564420105124502 1202403122.142943
0141102620033540420205124502 1202403122.143042
0141102620133540420205124502 1202403122.143105
0141102620333540420205124502 1202403122.143127
0141102620433540420205124502 1202403122.143150
0141102620533540420205124502 1202403122.143212
0141102620633540420205124502 1202403122.143238
0141102620033504420205124502 1202403122.143302
0141102620133504420205124502 1202403122.143324
0141102620333504420205124502 1202403122.143347
0141102620433504420205124502 1202403122.143410
0141102620533504420205124502 1202403122.143432
0141102620633504420205124502 1202403122.143506
0141102620033514420205124502 1202403122.143528
0141102620133514420205124502 1202403122.143552
0141102620333514420205124502 1202403122.143615
0141102620433514420205124502 1202403122.143638
0141102620533514420205124502 1202403122.143703
0141102620633514420205124502 1202403122.143737
0141102620033524420205124502 1202403122.143759
0141102620133524420205124502 1202403122.143822
0141102620333524420205124502 1202403122.143844
0141102620433524420205124502 1202403122.143907
0141102620533524420205124502 1202403122.143930
0141102620633524420205124502 1202403122.144003
0141102620033544420205124502 1202403122.144026
0141102620133544420205124502 1202403122.144048
0141102620333544420205124502 1202403122.144111
0141102620433544420205124502 1202403122.144133
0141102620533544420205124502 1202403122.144156
0141102620633544420205124502 1202403122.144230
0141102620033554420205124502 1202403122.144253
0141102620133554420205124502 1202403122.144315
0141102620333554420205124502 1202403122.144338
0141102620433554420205124502 1202403122.144400
0141102620533554420205124502 1202403122.144422
0141102620633554420205124502 1202403122.144456
0141102620033564420205124502 1202403122.144519
0141102620133564420205124502 1202403122.144541
0141102620333564420205124502 1202403122.144604
0141102620433564420205124502 1202403122.144626
0141102620533564420205124502 1202403122.144649
0141102620633564420205124502 1202403122.144722
0141102620033515420205124502 1202403122.144745
0141102620033545420205124502 1202403122.144843
0141102620133545420205124502 1202403122.144906
0141102620333545420205124502 1202403122.144930
0141102620433545420205124502 1202403122.144953
0141102620533545420205124502 1202403122.145015
0141102620633545420205124502 1202403122.145048
0141102520633016420102224502 1202403122.160600
0141102520633116420102224502 1202403122.160623
0141102620033504420105224502 1202403122.162051
0141102620133504420105224502 1202403122.162114
0141102620333504420105224502 1202403122.162136
0141102620433504420105224502 1202403122.162158
0141102620533504420105224502 1202403122.162221
0141102620633504420105224502 1202403122.162243
0141102620033514420105224502 1202403122.162305
0141102620133514420105224502 1202403122.162328
0141102620333514420105224502 1202403122.162350
0141102620433514420105224502 1202403122.162412
0141102620533514420105224502 1202403122.162434
0141102620633514420105224502 1202403122.162457
0141102620033524420105224502 1202403122.162519
0141102620133524420105224502 1202403122.162541
0141102620333524420105224502 1202403122.162604
0141102620433524420105224502 1202403122.162626
0141102620533524420105224502 1202403122.162648
0141102620633524420105224502 1202403122.162711
0141102620033544420105224502 1202403122.162733
0141102620133544420105224502 1202403122.162755
0141102620333544420105224502 1202403122.162818
0141102620433544420105224502 1202403122.162840
0141102620533544420105224502 1202403122.162902
0141102620633544420105224502 1202403122.162925
0141102620033554420105224502 1202403122.162947
0141102620133554420105224502 1202403122.163009
0141102620333554420105224502 1202403122.163031
0141102620433554420105224502 1202403122.163054
0141102620533554420105224502 1202403122.163116
0141102620633554420105224502 1202403122.163138
0141102620033564420105224502 1202403122.163201
0141102620133564420105224502 1202403122.163223
0141102620333564420105224502 1202403122.163246
0141102620433564420105224502 1202403122.163308
0141102620533564420105224502 1202403122.163330
0141102620633564420105224502 1202403122.163353
0141102620033540420205224502 1202403122.163452
0141102620133540420205224502 1202403122.163514
0141102620333540420205224502 1202403122.163536
0141102620433540420205224502 1202403122.163559
0141102620533540420205224502 1202403122.163621
0141102620633540420205224502 1202403122.163646
0141102620033504420205224502 1202403122.163710
0141102620133504420205224502 1202403122.163732
0141102620333504420205224502 1202403122.163754
0141102620433504420205224502 1202403122.163817
0141102620533504420205224502 1202403122.163839
0141102620633504420205224502 1202403122.163901
0141102620033514420205224502 1202403122.163924
0141102620133514420205224502 1202403122.163946
0141102620333514420205224502 1202403122.164008
0141102620433514420205224502 1202403122.164031
0141102620533514420205224502 1202403122.164053
0141102620633514420205224502 1202403122.164115
0141102620033524420205224502 1202403122.164137
0141102620133524420205224502 1202403122.164200
0141102620333524420205224502 1202403122.164222
0141102620433524420205224502 1202403122.164244
0141102620533524420205224502 1202403122.164307
0141102620633524420205224502 1202403122.164329
0141102620033544420205224502 1202403122.164351
0141102620133544420205224502 1202403122.164414
0141102620333544420205224502 1202403122.164436
0141102620433544420205224502 1202403122.164458
0141102620533544420205224502 1202403122.164520
0141102620633544420205224502 1202403122.164543
0141102620033554420205224502 1202403122.164605
0141102620133554420205224502 1202403122.164627
0141102620333554420205224502 1202403122.164650
0141102620433554420205224502 1202403122.164712
0141102620533554420205224502 1202403122.164734
0141102620633554420205224502 1202403122.164757
0141102620033564420205224502 1202403122.164819
0141102620133564420205224502 1202403122.164842
0141102620333564420205224502 1202403122.164904
0141102620433564420205224502 1202403122.164926
0141102620533564420205224502 1202403122.164949
0141102620633564420205224502 1202403122.165011
0141102620033515420205224502 1202403122.165033
0141102620033545420205224502 1202403122.165130
0141102620133545420205224502 1202403122.165152
0141102620333545420205224502 1202403122.165214
0141102620433545420205224502 1202403122.165237
0141102620533545420205224502 1202403122.165259
0141102620633545420205224502 1202403122.165321
0141102620033504420105424502 1202403122.181225
0141102620133504420105424502 1202403122.181247
0141102620333504420105424502 1202403122.181309
0141102620433504420105424502 1202403122.181332
0141102620533504420105424502 1202403122.181354
0141102620633504420105424502 1202403122.181416
0141102620033514420105424502 1202403122.181439
0141102620133514420105424502 1202403122.181501
0141102620333514420105424502 1202403122.181523
0141102620433514420105424502 1202403122.181545
0141102620533514420105424502 1202403122.181608
0141102620633514420105424502 1202403122.181630
0141102620033524420105424502 1202403122.181652
0141102620133524420105424502 1202403122.181715
0141102620333524420105424502 1202403122.181737
0141102620433524420105424502 1202403122.181759
0141102620533524420105424502 1202403122.181822
0141102620633524420105424502 1202403122.181844
0141102620033544420105424502 1202403122.181906
0141102620133544420105424502 1202403122.181929
0141102620333544420105424502 1202403122.181951
0141102620433544420105424502 1202403122.182013
0141102620533544420105424502 1202403122.182035
0141102620633544420105424502 1202403122.182058
0141102620033554420105424502 1202403122.182120
0141102620133554420105424502 1202403122.182142
0141102620333554420105424502 1202403122.182205
0141102620433554420105424502 1202403122.182227
0141102620533554420105424502 1202403122.182249
0141102620633554420105424502 1202403122.182312
0141102620033564420105424502 1202403122.182334
0141102620133564420105424502 1202403122.182357
0141102620333564420105424502 1202403122.182419
0141102620433564420105424502 1202403122.182441
0141102620533564420105424502 1202403122.182504
0141102620633564420105424502 1202403122.182526
0141102620033540420205424502 1202403122.182625
0141102620133540420205424502 1202403122.182647
0141102620333540420205424502 1202403122.182710
0141102620433540420205424502 1202403122.182732
0141102620533540420205424502 1202403122.182754
0141102620633540420205424502 1202403122.182822
0141102620033504420205424502 1202403122.182845
0141102620133504420205424502 1202403122.182908
0141102620333504420205424502 1202403122.182930
0141102620433504420205424502 1202403122.182952
0141102620533504420205424502 1202403122.183014
0141102620633504420205424502 1202403122.183039
0141102620033514420205424502 1202403122.183102
0141102620133514420205424502 1202403122.183124
0141102620333514420205424502 1202403122.183146
0141102620433514420205424502 1202403122.183208
0141102620533514420205424502 1202403122.183231
0141102620633514420205424502 1202403122.183255
0141102620033524420205424502 1202403122.183318
0141102620133524420205424502 1202403122.183340
0141102620333524420205424502 1202403122.183402
0141102620433524420205424502 1202403122.183425
0141102620533524420205424502 1202403122.183447
0141102620633524420205424502 1202403122.183511
0141102620033544420205424502 1202403122.183534
0141102620133544420205424502 1202403122.183556
0141102620333544420205424502 1202403122.183618
0141102620433544420205424502 1202403122.183641
0141102620533544420205424502 1202403122.183703
0141102620633544420205424502 1202403122.183728
0141102620033554420205424502 1202403122.183750
0141102620133554420205424502 1202403122.183812
0141102620333554420205424502 1202403122.183834
0141102620433554420205424502 1202403122.183857
0141102620533554420205424502 1202403122.183919
0141102620633554420205424502 1202403122.183944
0141102620033564420205424502 1202403122.184009
0141102620133564420205424502 1202403122.184033
0141102620333564420205424502 1202403122.184058
0141102620433564420205424502 1202403122.184123
0141102620533564420205424502 1202403122.184147
0141102620633564420205424502 1202403122.184212
0141102620033515420205424502 1202403122.184234
0141102620533515420205424502 1202403122.184257
0141102620033545420205424502 1202403122.184353
0141102620133545420205424502 1202403122.184416
0141102620333545420205424502 1202403122.184438
0141102620433545420205424502 1202403122.184500
0141102620533545420205424502 1202403122.184522
0141102620633545420205424502 1202403122.184547
0141102520633116420102624502 1202403122.191248
0141102520633116420202624502 1202403122.191439
0141102620033504420105624502 1202403122.192040
0141102620133504420105624502 1202403122.192103
0141102620333504420105624502 1202403122.192125
0141102620433504420105624502 1202403122.192147
0141102620533504420105624502 1202403122.192209
0141102620633504420105624502 1202403122.192232
0141102620033514420105624502 1202403122.192254
0141102620133514420105624502 1202403122.192317
0141102620333514420105624502 1202403122.192339
0141102620433514420105624502 1202403122.192401
0141102620533514420105624502 1202403122.192423
0141102620633514420105624502 1202403122.192446
0141102620033524420105624502 1202403122.192508
0141102620133524420105624502 1202403122.192531
0141102620333524420105624502 1202403122.192553
0141102620433524420105624502 1202403122.192615
0141102620533524420105624502 1202403122.192637
0141102620633524420105624502 1202403122.192700
0141102620033544420105624502 1202403122.192723
0141102620133544420105624502 1202403122.192745
0141102620333544420105624502 1202403122.192807
0141102620433544420105624502 1202403122.192830
0141102620533544420105624502 1202403122.192852
0141102620633544420105624502 1202403122.192914
0141102620033554420105624502 1202403122.192937
0141102620133554420105624502 1202403122.192959
0141102620333554420105624502 1202403122.193021
0141102620433554420105624502 1202403122.193044
0141102620533554420105624502 1202403122.193106
0141102620633554420105624502 1202403122.193128
0141102620033564420105624502 1202403122.193151
0141102620133564420105624502 1202403122.193213
0141102620333564420105624502 1202403122.193235
0141102620433564420105624502 1202403122.193258
0141102620533564420105624502 1202403122.193320
0141102620633564420105624502 1202403122.193342
0141102620033540420205624502 1202403122.193526
0141102620133540420205624502 1202403122.193553
0141102620333540420205624502 1202403122.193620
0141102620433540420205624502 1202403122.193647
0141102620533540420205624502 1202403122.193714
0141102620633540420205624502 1202403122.193741
0141102620033504420205624502 1202403122.193811
0141102620133504420205624502 1202403122.193838
0141102620333504420205624502 1202403122.193905
0141102620433504420205624502 1202403122.193933
0141102620533504420205624502 1202403122.194000
0141102620633504420205624502 1202403122.194028
0141102620033514420205624502 1202403122.194056
0141102620133514420205624502 1202403122.194123
0141102620333514420205624502 1202403122.194150
0141102620433514420205624502 1202403122.194218
0141102620533514420205624502 1202403122.194245
0141102620633514420205624502 1202403122.194313
0141102620033524420205624502 1202403122.194340
0141102620133524420205624502 1202403122.194408
0141102620333524420205624502 1202403122.194435
0141102620433524420205624502 1202403122.194503
0141102620533524420205624502 1202403122.194530
0141102620633524420205624502 1202403122.194558
0141102620033544420205624502 1202403122.194625
0141102620133544420205624502 1202403122.194653
0141102620333544420205624502 1202403122.194720
0141102620433544420205624502 1202403122.194748
0141102620533544420205624502 1202403122.194815
0141102620633544420205624502 1202403122.194843
0141102620033554420205624502 1202403122.194910
0141102620133554420205624502 1202403122.194938
0141102620333554420205624502 1202403122.195005
0141102620433554420205624502 1202403122.195032
0141102620533554420205624502 1202403122.195100
0141102620633554420205624502 1202403122.195127
0141102620033564420205624502 1202403122.195155
0141102620133564420205624502 1202403122.195223
0141102620333564420205624502 1202403122.195250
0141102620433564420205624502 1202403122.195318
0141102620533564420205624502 1202403122.195345
0141102620633564420205624502 1202403122.195413
0141102620033515420205624502 1202403122.195437
0141102620033545420205624502 1202403122.195613
0141102620133545420205624502 1202403122.195640
0141102620333545420205624502 1202403122.195708
0141102620433545420205624502 1202403122.195735
0141102620533545420205624502 1202403122.195803
0141102620633545420205624502 1202403122.195830
