0624125225353541414210051000 2 1202506017.190922
0624123225313542414210051000 2 1202506017.190922
0624150121333141424210051000 2 1202506017.190922
0624155121333141424210051000 2 1202506017.190922
0624155521333141424210051000 2 1202506017.190922
0624155121353541424210051000 2 1202506017.190923
0524163521103142424210051000 2 1202506017.190923
0624163521313144424210051000 2 1202506017.190923
0624153521313145424210051000 2 1202506017.190923
0524156521313145424210051000 2 1202506017.190923
0624153525313145424210051000 2 1202506017.190923
0624155121333145424210051000 2 1202506017.190924
0525156521343161414110002400 1 1202506017.190924
0525156521343161414110002400 2 1202506017.190924
0526156220333162414110002400 1 1202506017.190924
0525152525343162414110002400 1 1202506017.190924
0525152525343162414110002400 2 1202506017.190925
0526156220333162454110002400 1 1202506017.190925
0624123226163645414115001010 2 1202506017.190925
0624163526163142424115001010 2 1202506017.190925
0664162521303144424115001010 1 1202506017.190925
0664162521303144424115001010 2 1202506017.190926
0664162526303144424115001010 1 1202506017.190926
0664162526303144424115001010 2 1202506017.190926
0664162521313144424115001010 2 1202506017.190926
0664162526353144424115001010 1 1202506017.190926
0664162526353144424115001010 2 1202506017.190926
0624103521163144424115001010 2 1202506017.190927
0624163521163144424115001010 2 1202506017.190927
0624163526163144424115001010 2 1202506017.190927
0125152120343022404610152141 1 1202506017.190927
0125152120343022404610152141 2 1202506017.190927
0012102521363640424104110051 2 1202506017.190929
0522102020353041464105102151 1 1202506017.190929
0142152523353145464105102151 1 1202506017.190929
0142152523353145464105102151 6 1202506017.190930
0142152523303141464605102151 6 1202506017.190930
0121152620343126414100000112 1 1202506017.190933
0612152126303641424100000112 1 1202506017.190934
0620152021333104424100000112 2 1202506017.190934
0122156025133404424110003042 2 1202506017.190937
0145102521303026464201142103 1 1202506017.190937
0145102521303026464201142103 2 1202506017.190937
0145102521303026464201142103 6 1202506017.190938
0145102521303046464201142103 1 1202506017.190938
0145102521303046464201142103 2 1202506017.190938
0145102521303046464201142103 6 1202506017.190938
0145102521313046464201142103 2 1202506017.190938
0145102521313046464201142103 6 1202506017.190939
0145102521303146464201142103 1 1202506017.190939
0145102521303146464201142103 2 1202506017.190939
0145102521303146464201142103 6 1202506017.190939
0145102523303146464201142103 6 1202506017.190939
0441152020353146464201142103 2 1202506017.190939
0145102521303546464201142103 1 1202506017.190940
0145102521303546464201142103 2 1202506017.190940
0145102521303546464201142103 6 1202506017.190940
0145102521313546464201142103 2 1202506017.190940
0145102521313546464201142103 6 1202506017.190940
0411152021333140424601142103 2 1202506017.190941
0411152021333140424601142103 6 1202506017.190941
0021106025353540424601142103 6 1202506017.190941
0145102521303141424601142103 1 1202506017.190941
