0011102521363640424200000012 1 1202504012.204235
0011152521363640424200000012 1 1202504012.204235
0026162621353042424200000012 2 1202504012.204235
0011102521363644424200000012 1 1202504012.204235
0011102521363646424200000012 1 1202504012.204235
0011152521363646424200000012 1 1202504012.204235
0111152021343120464200000012 1 1202504012.204235
0111152021343120464200000012 2 1202504012.204235
0111152021343121464200000012 1 1202504012.204235
0111152021343121464200000012 2 1202504012.204235
0111152021343126464200000012 1 1202504012.204236
0111152021343126464200000012 2 1202504012.204236
0611162021353040424200000612 2 1202504012.204236
0611162021353540424200000612 2 1202504012.204236
0611162021353044424200000612 2 1202504012.204236
0061102521363644424200000612 1 1202504012.204236
0611162021353046424200000612 2 1202504012.204236
0611162021353546424200000612 2 1202504012.204236
0026102525353544424601112014 1 1202504012.204236
0026102521353545424601112014 1 1202504012.204237
0026102521353545424601112014 2 1202504012.204237
0026102525353545424601112014 1 1202504012.204237
0026102525353545424601112014 2 1202504012.204237
0026102524353562454601112014 1 1202504012.204237
0022102520353565454601112014 1 1202504012.204237
0026102520353565454601112014 1 1202504012.204237
0026102521353565454601112014 1 1202504012.204237
0026102521353565454601112014 2 1202504012.204237
0026102523353565454601112014 1 1202504012.204238
0026102524353565454601112014 1 1202504012.204238
0026102525353565454601112014 1 1202504012.204238
0026102525353565454601112014 2 1202504012.204238
0111152021363120404200000544 1 1202504012.204238
0111152021363120404200000544 2 1202504012.204238
0111152021363121404200000544 1 1202504012.204238
0111152021363121404200000544 2 1202504012.204238
0645103226103140424206641025 2 1202504012.204238
0645103226103140424206641025 6 1202504012.204238
0645103226113140424206641025 2 1202504012.204238
0645103226133140424206641025 2 1202504012.204238
0645103226143140424206641025 2 1202504012.204239
0645103226153140424206641025 2 1202504012.204239
0645103226153140424206641025 6 1202504012.204239
0645103226163140424206641025 2 1202504012.204239
0142153521103640424206641025 2 1202504012.204239
0142153521103640424206641025 6 1202504012.204239
0142153526103640424206641025 2 1202504012.204239
0142153526103640424206641025 6 1202504012.204239
0146153520153640424206641025 2 1202504012.204239
0146153520153640424206641025 6 1202504012.204239
0145105521303041424206641025 2 1202504012.204239
0145105521303041424206641025 6 1202504012.204239
0645105521303041424206641025 2 1202504012.204239
0645105521303041424206641025 6 1202504012.204239
0645155521303041424206641025 2 1202504012.204239
0645155521303041424206641025 6 1202504012.204239
0645105026303041424206641025 2 1202504012.204239
0645105026303041424206641025 6 1202504012.204240
0645125026303041424206641025 2 1202504012.204240
0645125026303041424206641025 6 1202504012.204240
0645135026303041424206641025 2 1202504012.204240
0645135026303041424206641025 6 1202504012.204240
0645155026303041424206641025 2 1202504012.204240
0645155026303041424206641025 6 1202504012.204240
0645105226303041424206641025 2 1202504012.204240
0645105226303041424206641025 6 1202504012.204240
0645125226303041424206641025 2 1202504012.204240
0645125226303041424206641025 6 1202504012.204240
0645135226303041424206641025 2 1202504012.204240
0645135226303041424206641025 6 1202504012.204240
0645155226303041424206641025 2 1202504012.204240
0645155226303041424206641025 6 1202504012.204240
0645105326303041424206641025 2 1202504012.204240
0645105326303041424206641025 6 1202504012.204241
0645125326303041424206641025 2 1202504012.204241
0645125326303041424206641025 6 1202504012.204241
0645135326303041424206641025 2 1202504012.204241
0645135326303041424206641025 6 1202504012.204241
0645155326303041424206641025 2 1202504012.204241
0645155326303041424206641025 6 1202504012.204241
0145105526303041424206641025 2 1202504012.204241
0145105526303041424206641025 6 1202504012.204241
0645105526303041424206641025 2 1202504012.204241
0645105526303041424206641025 6 1202504012.204241
0645125526303041424206641025 2 1202504012.204241
0645125526303041424206641025 6 1202504012.204241
0645135526303041424206641025 2 1202504012.204241
0645135526303041424206641025 6 1202504012.204241
0645155526303041424206641025 2 1202504012.204241
0645155526303041424206641025 6 1202504012.204241
0645155521313041424206641025 2 1202504012.204242
0645155521313041424206641025 6 1202504012.204242
0645155521333041424206641025 2 1202504012.204242
0645155521343041424206641025 2 1202504012.204242
0645152321353041424206641025 1 1202504012.204242
0645152321353041424206641025 6 1202504012.204242
0645155521353041424206641025 2 1202504012.204242
0645155521353041424206641025 6 1202504012.204242
0645155521363041424206641025 2 1202504012.204242
0145105521303141424206641025 2 1202504012.204242
0145105521303141424206641025 6 1202504012.204242
0645105521303141424206641025 2 1202504012.204242
0645105521303141424206641025 6 1202504012.204242
0145105526303141424206641025 2 1202504012.204242
0145105526303141424206641025 6 1202504012.204242
0645105526303141424206641025 2 1202504012.204242
0645105526303141424206641025 6 1202504012.204243
0566150021313141424206641025 2 1202504012.204243
0566150021313141424206641025 6 1202504012.204243
0566155021313141424206641025 2 1202504012.204243
0566155021313141424206641025 6 1202504012.204243
0566150521313141424206641025 2 1202504012.204243
0566150521313141424206641025 6 1202504012.204243
0145105521313141424206641025 2 1202504012.204243
0145105521313141424206641025 6 1202504012.204243
0645105521313141424206641025 2 1202504012.204243
0645105521313141424206641025 6 1202504012.204243
0566155521313141424206641025 2 1202504012.204243
0566155521313141424206641025 6 1202504012.204243
0145105526313141424206641025 2 1202504012.204243
0145105526313141424206641025 6 1202504012.204243
0645105526313141424206641025 2 1202504012.204244
0645105526313141424206641025 6 1202504012.204244
0145105521333141424206641025 2 1202504012.204244
0645105521333141424206641025 2 1202504012.204244
0145105526333141424206641025 2 1202504012.204244
0645105526333141424206641025 2 1202504012.204244
0145105521343141424206641025 2 1202504012.204244
0645105521343141424206641025 2 1202504012.204244
0145105526343141424206641025 2 1202504012.204244
0645105526343141424206641025 2 1202504012.204244
0145105521353141424206641025 2 1202504012.204244
0145105521353141424206641025 6 1202504012.204244
0645105521353141424206641025 2 1202504012.204244
0645105521353141424206641025 6 1202504012.204244
0145105526353141424206641025 2 1202504012.204244
0145105526353141424206641025 6 1202504012.204244
0645105526353141424206641025 2 1202504012.204245
0645105526353141424206641025 6 1202504012.204245
0145105521363141424206641025 2 1202504012.204245
0645105521363141424206641025 2 1202504012.204245
0145105526363141424206641025 2 1202504012.204245
0645105526363141424206641025 2 1202504012.204245
0142152521303641424206641025 1 1202504012.204245
0142152521303641424206641025 2 1202504012.204245
0142152521303641424206641025 6 1202504012.204245
0145105521303641424206641025 2 1202504012.204245
0145105521303641424206641025 6 1202504012.204245
0645105521303641424206641025 2 1202504012.204245
0645105521303641424206641025 6 1202504012.204245
0645102026303641424206641025 1 1202504012.204245
0645102026303641424206641025 2 1202504012.204245
0645102026303641424206641025 6 1202504012.204245
0645122026303641424206641025 1 1202504012.204245
0645122026303641424206641025 2 1202504012.204246
0645122026303641424206641025 6 1202504012.204246
0645132026303641424206641025 1 1202504012.204246
0645132026303641424206641025 2 1202504012.204246
0645132026303641424206641025 6 1202504012.204246
0645152026303641424206641025 1 1202504012.204246
0645152026303641424206641025 2 1202504012.204246
0645152026303641424206641025 6 1202504012.204246
0645105026303641424206641025 2 1202504012.204246
0645105026303641424206641025 6 1202504012.204246
0645125026303641424206641025 2 1202504012.204246
0645125026303641424206641025 6 1202504012.204246
0645135026303641424206641025 2 1202504012.204246
0645135026303641424206641025 6 1202504012.204246
0645155026303641424206641025 2 1202504012.204246
0645155026303641424206641025 6 1202504012.204246
0645102226303641424206641025 1 1202504012.204246
0645102226303641424206641025 2 1202504012.204247
0645102226303641424206641025 6 1202504012.204247
0645122226303641424206641025 1 1202504012.204247
0645122226303641424206641025 2 1202504012.204247
0645122226303641424206641025 6 1202504012.204247
0645132226303641424206641025 1 1202504012.204247
0645132226303641424206641025 2 1202504012.204247
0645132226303641424206641025 6 1202504012.204247
0645152226303641424206641025 1 1202504012.204247
0645152226303641424206641025 2 1202504012.204247
0645152226303641424206641025 6 1202504012.204247
0645105226303641424206641025 2 1202504012.204247
0645105226303641424206641025 6 1202504012.204247
0645125226303641424206641025 2 1202504012.204247
0645125226303641424206641025 6 1202504012.204247
0645135226303641424206641025 2 1202504012.204247
0645135226303641424206641025 6 1202504012.204248
0645155226303641424206641025 2 1202504012.204248
0645155226303641424206641025 6 1202504012.204248
0645102326303641424206641025 1 1202504012.204248
0645102326303641424206641025 2 1202504012.204248
0645102326303641424206641025 6 1202504012.204248
0645122326303641424206641025 1 1202504012.204248
0645122326303641424206641025 2 1202504012.204248
0645122326303641424206641025 6 1202504012.204248
0645132326303641424206641025 1 1202504012.204248
0645132326303641424206641025 2 1202504012.204248
0645132326303641424206641025 6 1202504012.204248
0645152326303641424206641025 1 1202504012.204248
0645152326303641424206641025 2 1202504012.204248
0645152326303641424206641025 6 1202504012.204248
0645105326303641424206641025 2 1202504012.204248
0645105326303641424206641025 6 1202504012.204248
0645125326303641424206641025 2 1202504012.204249
0645125326303641424206641025 6 1202504012.204249
0645135326303641424206641025 2 1202504012.204249
0645135326303641424206641025 6 1202504012.204249
0645155326303641424206641025 2 1202504012.204249
0645155326303641424206641025 6 1202504012.204249
0645122526303641424206641025 1 1202504012.204249
0645122526303641424206641025 2 1202504012.204249
0645122526303641424206641025 6 1202504012.204249
0645132526303641424206641025 1 1202504012.204249
0645132526303641424206641025 2 1202504012.204249
0645132526303641424206641025 6 1202504012.204249
0645152526303641424206641025 1 1202504012.204249
0645152526303641424206641025 2 1202504012.204249
0645152526303641424206641025 6 1202504012.204249
0145105526303641424206641025 2 1202504012.204249
0145105526303641424206641025 6 1202504012.204249
0645105526303641424206641025 2 1202504012.204250
0645105526303641424206641025 6 1202504012.204250
0645125526303641424206641025 2 1202504012.204250
0645125526303641424206641025 6 1202504012.204250
0645135526303641424206641025 2 1202504012.204250
0645135526303641424206641025 6 1202504012.204250
0645155526303641424206641025 2 1202504012.204250
0645155526303641424206641025 6 1202504012.204250
0566150021313641424206641025 2 1202504012.204250
0566150021313641424206641025 6 1202504012.204250
0566155021313641424206641025 2 1202504012.204250
0566155021313641424206641025 6 1202504012.204250
0566150221313641424206641025 6 1202504012.204250
0566155221313641424206641025 6 1202504012.204250
0566150321313641424206641025 6 1202504012.204251
0566155321313641424206641025 6 1202504012.204251
0566150521313641424206641025 2 1202504012.204251
0566150521313641424206641025 6 1202504012.204251
0145105521313641424206641025 2 1202504012.204251
0145105521313641424206641025 6 1202504012.204251
0645105521313641424206641025 2 1202504012.204251
0645105521313641424206641025 6 1202504012.204251
0566155521313641424206641025 2 1202504012.204251
0566155521313641424206641025 6 1202504012.204251
0645105026313641424206641025 2 1202504012.204251
0645105026313641424206641025 6 1202504012.204251
0645125026313641424206641025 2 1202504012.204251
0645125026313641424206641025 6 1202504012.204251
0645135026313641424206641025 2 1202504012.204251
0645135026313641424206641025 6 1202504012.204252
0645155026313641424206641025 2 1202504012.204252
0645155026313641424206641025 6 1202504012.204252
0645105226313641424206641025 2 1202504012.204252
0645105226313641424206641025 6 1202504012.204252
0645125226313641424206641025 2 1202504012.204252
0645125226313641424206641025 6 1202504012.204252
0645135226313641424206641025 2 1202504012.204252
0645135226313641424206641025 6 1202504012.204252
0645155226313641424206641025 2 1202504012.204252
0645155226313641424206641025 6 1202504012.204252
0645105326313641424206641025 2 1202504012.204252
0645105326313641424206641025 6 1202504012.204252
0645125326313641424206641025 2 1202504012.204252
0645125326313641424206641025 6 1202504012.204252
0645135326313641424206641025 2 1202504012.204252
0645135326313641424206641025 6 1202504012.204252
0645155326313641424206641025 2 1202504012.204253
0645155326313641424206641025 6 1202504012.204253
0145105526313641424206641025 2 1202504012.204253
0145105526313641424206641025 6 1202504012.204253
0645105526313641424206641025 2 1202504012.204253
0645105526313641424206641025 6 1202504012.204253
0645125526313641424206641025 2 1202504012.204253
0645125526313641424206641025 6 1202504012.204253
0645135526313641424206641025 2 1202504012.204253
0645135526313641424206641025 6 1202504012.204253
0645155526313641424206641025 2 1202504012.204253
0645155526313641424206641025 6 1202504012.204253
0145105521333641424206641025 2 1202504012.204253
0645105521333641424206641025 2 1202504012.204253
0645105026333641424206641025 2 1202504012.204253
0645125026333641424206641025 2 1202504012.204253
0645135026333641424206641025 2 1202504012.204253
0645155026333641424206641025 2 1202504012.204254
0645105226333641424206641025 2 1202504012.204254
0645125226333641424206641025 2 1202504012.204254
0645135226333641424206641025 2 1202504012.204254
0645155226333641424206641025 2 1202504012.204254
0645105326333641424206641025 2 1202504012.204254
0645125326333641424206641025 2 1202504012.204254
0645135326333641424206641025 2 1202504012.204254
0645155326333641424206641025 2 1202504012.204254
0145105526333641424206641025 2 1202504012.204254
0645105526333641424206641025 2 1202504012.204254
0645125526333641424206641025 2 1202504012.204254
0645135526333641424206641025 2 1202504012.204254
0645155526333641424206641025 2 1202504012.204254
0145105521343641424206641025 2 1202504012.204254
0645105521343641424206641025 2 1202504012.204254
0645105026343641424206641025 2 1202504012.204255
0645125026343641424206641025 2 1202504012.204255
0645135026343641424206641025 2 1202504012.204255
0645155026343641424206641025 2 1202504012.204255
0645105226343641424206641025 2 1202504012.204255
0645125226343641424206641025 2 1202504012.204255
0645135226343641424206641025 2 1202504012.204255
0645155226343641424206641025 2 1202504012.204255
0645105326343641424206641025 2 1202504012.204255
0645125326343641424206641025 2 1202504012.204255
0645135326343641424206641025 2 1202504012.204255
0645155326343641424206641025 2 1202504012.204255
0145105526343641424206641025 2 1202504012.204255
0645105526343641424206641025 2 1202504012.204255
0645125526343641424206641025 2 1202504012.204255
0645135526343641424206641025 2 1202504012.204255
0645155526343641424206641025 2 1202504012.204255
0145105521353641424206641025 2 1202504012.204256
0145105521353641424206641025 6 1202504012.204256
0645105521353641424206641025 2 1202504012.204256
0645105521353641424206641025 6 1202504012.204256
0645102026353641424206641025 1 1202504012.204256
0645102026353641424206641025 2 1202504012.204256
0645102026353641424206641025 6 1202504012.204256
0645122026353641424206641025 1 1202504012.204256
0645122026353641424206641025 2 1202504012.204256
0645122026353641424206641025 6 1202504012.204256
0645132026353641424206641025 1 1202504012.204256
0645132026353641424206641025 2 1202504012.204256
0645132026353641424206641025 6 1202504012.204256
0645152026353641424206641025 1 1202504012.204256
0645152026353641424206641025 2 1202504012.204256
0645152026353641424206641025 6 1202504012.204256
0645105026353641424206641025 2 1202504012.204256
0645105026353641424206641025 6 1202504012.204257
0645125026353641424206641025 2 1202504012.204257
0645125026353641424206641025 6 1202504012.204257
0645135026353641424206641025 2 1202504012.204257
0645135026353641424206641025 6 1202504012.204257
0645155026353641424206641025 2 1202504012.204257
0645155026353641424206641025 6 1202504012.204257
0645102226353641424206641025 1 1202504012.204257
0645102226353641424206641025 2 1202504012.204257
0645102226353641424206641025 6 1202504012.204257
0645122226353641424206641025 1 1202504012.204257
0645122226353641424206641025 2 1202504012.204257
0645122226353641424206641025 6 1202504012.204257
0645132226353641424206641025 1 1202504012.204257
0645132226353641424206641025 2 1202504012.204257
0645132226353641424206641025 6 1202504012.204257
0645152226353641424206641025 1 1202504012.204258
0645152226353641424206641025 2 1202504012.204258
0645152226353641424206641025 6 1202504012.204258
0645105226353641424206641025 2 1202504012.204258
0645105226353641424206641025 6 1202504012.204258
0645125226353641424206641025 2 1202504012.204258
0645125226353641424206641025 6 1202504012.204258
0645135226353641424206641025 2 1202504012.204258
0645135226353641424206641025 6 1202504012.204258
0645155226353641424206641025 2 1202504012.204258
0645155226353641424206641025 6 1202504012.204258
0645102326353641424206641025 1 1202504012.204258
0645102326353641424206641025 2 1202504012.204258
0645102326353641424206641025 6 1202504012.204258
0645122326353641424206641025 1 1202504012.204258
0645122326353641424206641025 2 1202504012.204258
0645122326353641424206641025 6 1202504012.204258
0645132326353641424206641025 1 1202504012.204259
0645132326353641424206641025 2 1202504012.204259
0645132326353641424206641025 6 1202504012.204259
0645152326353641424206641025 1 1202504012.204259
0645152326353641424206641025 2 1202504012.204259
0645152326353641424206641025 6 1202504012.204259
0645105326353641424206641025 2 1202504012.204259
0645105326353641424206641025 6 1202504012.204259
0645125326353641424206641025 2 1202504012.204259
0645125326353641424206641025 6 1202504012.204259
0645135326353641424206641025 2 1202504012.204259
0645135326353641424206641025 6 1202504012.204259
0645155326353641424206641025 2 1202504012.204259
0645155326353641424206641025 6 1202504012.204259
0645122526353641424206641025 1 1202504012.204259
0645122526353641424206641025 2 1202504012.204259
0645122526353641424206641025 6 1202504012.204259
0645132526353641424206641025 1 1202504012.204300
0645132526353641424206641025 2 1202504012.204300
0645132526353641424206641025 6 1202504012.204300
0645152526353641424206641025 1 1202504012.204300
0645152526353641424206641025 2 1202504012.204300
0645152526353641424206641025 6 1202504012.204300
0145105526353641424206641025 2 1202504012.204300
0145105526353641424206641025 6 1202504012.204300
0645105526353641424206641025 2 1202504012.204300
0645105526353641424206641025 6 1202504012.204300
0645125526353641424206641025 2 1202504012.204300
0645125526353641424206641025 6 1202504012.204300
0645135526353641424206641025 2 1202504012.204300
0645135526353641424206641025 6 1202504012.204300
0645155526353641424206641025 2 1202504012.204300
0645155526353641424206641025 6 1202504012.204300
0145105521363641424206641025 2 1202504012.204301
0645105521363641424206641025 2 1202504012.204301
0645105026363641424206641025 2 1202504012.204301
0645125026363641424206641025 2 1202504012.204301
0645135026363641424206641025 2 1202504012.204301
0645155026363641424206641025 2 1202504012.204301
0645105226363641424206641025 2 1202504012.204301
0645125226363641424206641025 2 1202504012.204301
0645135226363641424206641025 2 1202504012.204301
0645155226363641424206641025 2 1202504012.204301
0645105326363641424206641025 2 1202504012.204301
0645125326363641424206641025 2 1202504012.204301
0645135326363641424206641025 2 1202504012.204301
0645155326363641424206641025 2 1202504012.204301
0145105526363641424206641025 2 1202504012.204301
0645105526363641424206641025 2 1202504012.204301
0645125526363641424206641025 2 1202504012.204301
0645135526363641424206641025 2 1202504012.204302
0645155526363641424206641025 2 1202504012.204302
0645150521303022424206641025 2 1202504012.204302
0645150521303022424206641025 6 1202504012.204302
0645152521303022424206641025 1 1202504012.204302
0645152521303022424206641025 2 1202504012.204302
0645152521303022424206641025 6 1202504012.204302
0645153521303022424206641025 2 1202504012.204302
0645153521303022424206641025 6 1202504012.204302
0645155521303022424206641025 2 1202504012.204302
0645155521303022424206641025 6 1202504012.204302
0645150521313022424206641025 2 1202504012.204302
0645150521313022424206641025 6 1202504012.204302
0645100226303122424206641025 2 1202504012.204302
0645100226303122424206641025 6 1202504012.204302
0645150226303122424206641025 2 1202504012.204302
0645150226303122424206641025 6 1202504012.204302
0645102226303122424206641025 1 1202504012.204303
0645102226303122424206641025 2 1202504012.204303
0645102226303122424206641025 6 1202504012.204303
0645152226303122424206641025 1 1202504012.204303
0645152226303122424206641025 2 1202504012.204303
0645152226303122424206641025 6 1202504012.204303
0645103226303122424206641025 2 1202504012.204303
0645103226303122424206641025 6 1202504012.204303
0645153226303122424206641025 2 1202504012.204303
0645153226303122424206641025 6 1202504012.204303
0641105226303122424206641025 2 1202504012.204303
0641105226303122424206641025 6 1202504012.204303
0645105226303122424206641025 2 1202504012.204303
0645105226303122424206641025 6 1202504012.204303
0641155226303122424206641025 2 1202504012.204303
0641155226303122424206641025 6 1202504012.204303
0645155226303122424206641025 2 1202504012.204304
0645155226303122424206641025 6 1202504012.204304
0645100226313122424206641025 2 1202504012.204304
0645100226313122424206641025 6 1202504012.204304
0645150226313122424206641025 2 1202504012.204304
0645150226313122424206641025 6 1202504012.204304
0645150521303522424206641025 2 1202504012.204304
0645150521303522424206641025 6 1202504012.204304
0645152521303522424206641025 1 1202504012.204304
0645152521303522424206641025 2 1202504012.204304
0645152521303522424206641025 6 1202504012.204304
0645153521303522424206641025 2 1202504012.204304
0645153521303522424206641025 6 1202504012.204304
0645155521303522424206641025 2 1202504012.204304
0645155521303522424206641025 6 1202504012.204304
0645150521313522424206641025 2 1202504012.204304
0645150521313522424206641025 6 1202504012.204304
0144153226103042424206641025 2 1202504012.204305
0144153226103042424206641025 6 1202504012.204305
0144153226113042424206641025 2 1202504012.204305
0144153226133042424206641025 2 1202504012.204305
0144153226143042424206641025 2 1202504012.204305
0144153226153042424206641025 2 1202504012.204305
0144153226153042424206641025 6 1202504012.204305
0144153226163042424206641025 2 1202504012.204305
0145103521103142424206641025 2 1202504012.204305
0145103521103142424206641025 6 1202504012.204305
0645103521103142424206641025 2 1202504012.204305
0645103521103142424206641025 6 1202504012.204305
0145103526103142424206641025 2 1202504012.204305
0145103526103142424206641025 6 1202504012.204305
0645103526103142424206641025 2 1202504012.204305
0645103526103142424206641025 6 1202504012.204305
0145100521303142424206641025 2 1202504012.204305
0145100521303142424206641025 6 1202504012.204306
0645100521303142424206641025 2 1202504012.204306
0645100521303142424206641025 6 1202504012.204306
0145103521303142424206641025 2 1202504012.204306
0145103521303142424206641025 6 1202504012.204306
0645103521303142424206641025 2 1202504012.204306
0645103521303142424206641025 6 1202504012.204306
0145105521303142424206641025 2 1202504012.204306
0145105521303142424206641025 6 1202504012.204306
0645105521303142424206641025 2 1202504012.204306
0645105521303142424206641025 6 1202504012.204306
0645150226303142424206641025 2 1202504012.204306
0645150226303142424206641025 6 1202504012.204306
0645152226303142424206641025 1 1202504012.204306
0645152226303142424206641025 2 1202504012.204306
0645152226303142424206641025 6 1202504012.204306
0645153226303142424206641025 2 1202504012.204307
0645153226303142424206641025 6 1202504012.204307
0645155226303142424206641025 2 1202504012.204307
0645155226303142424206641025 6 1202504012.204307
0145100526303142424206641025 2 1202504012.204307
0145100526303142424206641025 6 1202504012.204307
0645100526303142424206641025 2 1202504012.204307
0645100526303142424206641025 6 1202504012.204307
0145103526303142424206641025 2 1202504012.204307
0145103526303142424206641025 6 1202504012.204307
0645103526303142424206641025 2 1202504012.204307
0645103526303142424206641025 6 1202504012.204307
0145105526303142424206641025 2 1202504012.204307
0145105526303142424206641025 6 1202504012.204307
0645105526303142424206641025 2 1202504012.204307
0645105526303142424206641025 6 1202504012.204307
0145103521113142424206641025 2 1202504012.204307
0645103521113142424206641025 2 1202504012.204308
0145103526113142424206641025 2 1202504012.204308
0645103526113142424206641025 2 1202504012.204308
0145100521313142424206641025 2 1202504012.204308
0145100521313142424206641025 6 1202504012.204308
0645100521313142424206641025 2 1202504012.204308
0645100521313142424206641025 6 1202504012.204308
0145103521313142424206641025 2 1202504012.204308
0645103521313142424206641025 2 1202504012.204308
0145105521313142424206641025 2 1202504012.204308
0145105521313142424206641025 6 1202504012.204308
0645105521313142424206641025 2 1202504012.204308
0645105521313142424206641025 6 1202504012.204308
0645150226313142424206641025 2 1202504012.204308
0645150226313142424206641025 6 1202504012.204308
0145100526313142424206641025 2 1202504012.204308
0145100526313142424206641025 6 1202504012.204308
0645100526313142424206641025 2 1202504012.204309
0645100526313142424206641025 6 1202504012.204309
0145103526313142424206641025 2 1202504012.204309
0645103526313142424206641025 2 1202504012.204309
0145105526313142424206641025 2 1202504012.204309
0145105526313142424206641025 6 1202504012.204309
0645105526313142424206641025 2 1202504012.204309
0645105526313142424206641025 6 1202504012.204309
0145103521133142424206641025 2 1202504012.204309
0645103521133142424206641025 2 1202504012.204309
0145103526133142424206641025 2 1202504012.204309
0645103526133142424206641025 2 1202504012.204309
0145100521333142424206641025 2 1202504012.204309
0645100521333142424206641025 2 1202504012.204309
0145103521333142424206641025 2 1202504012.204309
0645103521333142424206641025 2 1202504012.204309
0145105521333142424206641025 2 1202504012.204310
0645105521333142424206641025 2 1202504012.204310
0145100526333142424206641025 2 1202504012.204310
0645100526333142424206641025 2 1202504012.204310
0145103526333142424206641025 2 1202504012.204310
0645103526333142424206641025 2 1202504012.204310
0145105526333142424206641025 2 1202504012.204310
0645105526333142424206641025 2 1202504012.204310
0145103521143142424206641025 2 1202504012.204310
0645103521143142424206641025 2 1202504012.204310
0145103526143142424206641025 2 1202504012.204310
0645103526143142424206641025 2 1202504012.204310
0145100521343142424206641025 2 1202504012.204310
0645100521343142424206641025 2 1202504012.204310
0145103521343142424206641025 2 1202504012.204310
0645103521343142424206641025 2 1202504012.204310
0145105521343142424206641025 2 1202504012.204310
0645105521343142424206641025 2 1202504012.204311
0145100526343142424206641025 2 1202504012.204311
0645100526343142424206641025 2 1202504012.204311
0145103526343142424206641025 2 1202504012.204311
0645103526343142424206641025 2 1202504012.204311
0145105526343142424206641025 2 1202504012.204311
0645105526343142424206641025 2 1202504012.204311
0145103521153142424206641025 2 1202504012.204311
0145103521153142424206641025 6 1202504012.204311
0645103521153142424206641025 2 1202504012.204311
0645103521153142424206641025 6 1202504012.204311
0145103526153142424206641025 2 1202504012.204311
0145103526153142424206641025 6 1202504012.204311
0645103526153142424206641025 2 1202504012.204311
0645103526153142424206641025 6 1202504012.204311
0145100521353142424206641025 2 1202504012.204311
0145100521353142424206641025 6 1202504012.204311
0645100521353142424206641025 2 1202504012.204312
0645100521353142424206641025 6 1202504012.204312
0145103521353142424206641025 2 1202504012.204312
0145103521353142424206641025 6 1202504012.204312
0645103521353142424206641025 2 1202504012.204312
0645103521353142424206641025 6 1202504012.204312
0145105521353142424206641025 2 1202504012.204312
0145105521353142424206641025 6 1202504012.204312
0645105521353142424206641025 2 1202504012.204312
0645105521353142424206641025 6 1202504012.204312
0145100526353142424206641025 2 1202504012.204312
0145100526353142424206641025 6 1202504012.204312
0645100526353142424206641025 2 1202504012.204312
0645100526353142424206641025 6 1202504012.204312
0145103526353142424206641025 2 1202504012.204312
0145103526353142424206641025 6 1202504012.204312
0645103526353142424206641025 2 1202504012.204313
0645103526353142424206641025 6 1202504012.204313
0145105526353142424206641025 2 1202504012.204313
0145105526353142424206641025 6 1202504012.204313
0645105526353142424206641025 2 1202504012.204313
0645105526353142424206641025 6 1202504012.204313
0145103521163142424206641025 2 1202504012.204313
0645103521163142424206641025 2 1202504012.204313
0145103526163142424206641025 2 1202504012.204313
0645103526163142424206641025 2 1202504012.204313
0145100521363142424206641025 2 1202504012.204313
0645100521363142424206641025 2 1202504012.204313
0145103521363142424206641025 2 1202504012.204313
0645103521363142424206641025 2 1202504012.204313
0145105521363142424206641025 2 1202504012.204313
0645105521363142424206641025 2 1202504012.204313
0145100526363142424206641025 2 1202504012.204313
0645100526363142424206641025 2 1202504012.204314
0145103526363142424206641025 2 1202504012.204314
0645103526363142424206641025 2 1202504012.204314
0145105526363142424206641025 2 1202504012.204314
0645105526363142424206641025 2 1202504012.204314
0145103521103642424206641025 2 1202504012.204314
0145103521103642424206641025 6 1202504012.204314
0645103521103642424206641025 2 1202504012.204314
0645103521103642424206641025 6 1202504012.204314
0645103026103642424206641025 2 1202504012.204314
0645103026103642424206641025 6 1202504012.204314
0645123026103642424206641025 2 1202504012.204314
0645123026103642424206641025 6 1202504012.204314
0645133026103642424206641025 2 1202504012.204314
0645133026103642424206641025 6 1202504012.204314
0645153026103642424206641025 2 1202504012.204314
0645153026103642424206641025 6 1202504012.204314
0645103226103642424206641025 2 1202504012.204315
0645103226103642424206641025 6 1202504012.204315
0645123226103642424206641025 2 1202504012.204315
0645123226103642424206641025 6 1202504012.204315
0645133226103642424206641025 2 1202504012.204315
0645133226103642424206641025 6 1202504012.204315
0645153226103642424206641025 2 1202504012.204315
0645153226103642424206641025 6 1202504012.204315
0645103326103642424206641025 2 1202504012.204315
0645103326103642424206641025 6 1202504012.204315
0645123326103642424206641025 2 1202504012.204315
0645123326103642424206641025 6 1202504012.204315
0645133326103642424206641025 2 1202504012.204315
0645133326103642424206641025 6 1202504012.204315
0645153326103642424206641025 2 1202504012.204315
0645153326103642424206641025 6 1202504012.204315
0145103526103642424206641025 2 1202504012.204315
0145103526103642424206641025 6 1202504012.204316
0645103526103642424206641025 2 1202504012.204316
0645103526103642424206641025 6 1202504012.204316
0645123526103642424206641025 2 1202504012.204316
0645123526103642424206641025 6 1202504012.204316
0645133526103642424206641025 2 1202504012.204316
0645133526103642424206641025 6 1202504012.204316
0645153526103642424206641025 2 1202504012.204316
0645153526103642424206641025 6 1202504012.204316
0145100521303642424206641025 2 1202504012.204316
0145100521303642424206641025 6 1202504012.204316
0645100521303642424206641025 2 1202504012.204316
0645100521303642424206641025 6 1202504012.204316
0645150521303642424206641025 2 1202504012.204316
0645150521303642424206641025 6 1202504012.204316
0645152521303642424206641025 1 1202504012.204316
0645152521303642424206641025 2 1202504012.204316
0645152521303642424206641025 6 1202504012.204317
0145103521303642424206641025 2 1202504012.204317
0145103521303642424206641025 6 1202504012.204317
0645103521303642424206641025 2 1202504012.204317
0645103521303642424206641025 6 1202504012.204317
0645153521303642424206641025 2 1202504012.204317
0645153521303642424206641025 6 1202504012.204317
0145105521303642424206641025 2 1202504012.204317
0145105521303642424206641025 6 1202504012.204317
0645105521303642424206641025 2 1202504012.204317
0645105521303642424206641025 6 1202504012.204317
0645155521303642424206641025 2 1202504012.204317
0645155521303642424206641025 6 1202504012.204317
0145100526303642424206641025 2 1202504012.204317
0145100526303642424206641025 6 1202504012.204317
0145103526303642424206641025 2 1202504012.204317
0145103526303642424206641025 6 1202504012.204318
0145105526303642424206641025 2 1202504012.204318
0145105526303642424206641025 6 1202504012.204318
0145103521113642424206641025 2 1202504012.204318
0645103521113642424206641025 2 1202504012.204318
0645103026113642424206641025 2 1202504012.204318
0645123026113642424206641025 2 1202504012.204318
0645133026113642424206641025 2 1202504012.204318
0645153026113642424206641025 2 1202504012.204318
0645103226113642424206641025 2 1202504012.204318
0645123226113642424206641025 2 1202504012.204318
0645133226113642424206641025 2 1202504012.204318
0645153226113642424206641025 2 1202504012.204318
0645103326113642424206641025 2 1202504012.204318
0645123326113642424206641025 2 1202504012.204318
0645133326113642424206641025 2 1202504012.204318
0645153326113642424206641025 2 1202504012.204318
0145103526113642424206641025 2 1202504012.204319
0645103526113642424206641025 2 1202504012.204319
0645123526113642424206641025 2 1202504012.204319
0645133526113642424206641025 2 1202504012.204319
0645153526113642424206641025 2 1202504012.204319
0145100521313642424206641025 2 1202504012.204319
0145100521313642424206641025 6 1202504012.204319
0645100521313642424206641025 2 1202504012.204319
0645100521313642424206641025 6 1202504012.204319
0645150521313642424206641025 2 1202504012.204319
0645150521313642424206641025 6 1202504012.204319
0145103521313642424206641025 2 1202504012.204319
0645103521313642424206641025 2 1202504012.204319
0145105521313642424206641025 2 1202504012.204319
0145105521313642424206641025 6 1202504012.204319
0645105521313642424206641025 2 1202504012.204319
0645105521313642424206641025 6 1202504012.204319
0645100026313642424206641025 2 1202504012.204320
0645100026313642424206641025 6 1202504012.204320
0645120026313642424206641025 2 1202504012.204320
0645120026313642424206641025 6 1202504012.204320
0645130026313642424206641025 2 1202504012.204320
0645130026313642424206641025 6 1202504012.204320
0645150026313642424206641025 2 1202504012.204320
0645150026313642424206641025 6 1202504012.204320
0645102026313642424206641025 2 1202504012.204320
0645122026313642424206641025 2 1202504012.204320
0645132026313642424206641025 2 1202504012.204320
0645152026313642424206641025 2 1202504012.204320
0645103026313642424206641025 2 1202504012.204320
0645123026313642424206641025 2 1202504012.204320
0645133026313642424206641025 2 1202504012.204320
0645153026313642424206641025 2 1202504012.204320
0645105026313642424206641025 2 1202504012.204321
0645105026313642424206641025 6 1202504012.204321
0645125026313642424206641025 2 1202504012.204321
0645125026313642424206641025 6 1202504012.204321
0645135026313642424206641025 2 1202504012.204321
0645135026313642424206641025 6 1202504012.204321
0645155026313642424206641025 2 1202504012.204321
0645155026313642424206641025 6 1202504012.204321
0645100226313642424206641025 2 1202504012.204321
0645100226313642424206641025 6 1202504012.204321
0645120226313642424206641025 2 1202504012.204321
0645120226313642424206641025 6 1202504012.204321
0645130226313642424206641025 2 1202504012.204321
0645130226313642424206641025 6 1202504012.204321
0645150226313642424206641025 2 1202504012.204321
0645150226313642424206641025 6 1202504012.204321
0645102226313642424206641025 2 1202504012.204321
0645122226313642424206641025 2 1202504012.204322
0645132226313642424206641025 2 1202504012.204322
0645152226313642424206641025 2 1202504012.204322
0645103226313642424206641025 2 1202504012.204322
0645123226313642424206641025 2 1202504012.204322
0645133226313642424206641025 2 1202504012.204322
0645153226313642424206641025 2 1202504012.204322
0645105226313642424206641025 2 1202504012.204322
0645105226313642424206641025 6 1202504012.204322
0645125226313642424206641025 2 1202504012.204322
0645125226313642424206641025 6 1202504012.204322
0645135226313642424206641025 2 1202504012.204322
0645135226313642424206641025 6 1202504012.204322
0645155226313642424206641025 2 1202504012.204322
0645155226313642424206641025 6 1202504012.204322
0645100326313642424206641025 2 1202504012.204322
0645100326313642424206641025 6 1202504012.204322
0645120326313642424206641025 2 1202504012.204323
0645120326313642424206641025 6 1202504012.204323
0645130326313642424206641025 2 1202504012.204323
0645130326313642424206641025 6 1202504012.204323
0645150326313642424206641025 2 1202504012.204323
0645150326313642424206641025 6 1202504012.204323
0645102326313642424206641025 2 1202504012.204323
0645122326313642424206641025 2 1202504012.204323
0645132326313642424206641025 2 1202504012.204323
0645152326313642424206641025 2 1202504012.204323
0645103326313642424206641025 2 1202504012.204323
0645123326313642424206641025 2 1202504012.204323
0645133326313642424206641025 2 1202504012.204323
0645153326313642424206641025 2 1202504012.204323
0645105326313642424206641025 2 1202504012.204323
0645105326313642424206641025 6 1202504012.204323
0645125326313642424206641025 2 1202504012.204324
0645125326313642424206641025 6 1202504012.204324
0645135326313642424206641025 2 1202504012.204324
0645135326313642424206641025 6 1202504012.204324
0645155326313642424206641025 2 1202504012.204324
0645155326313642424206641025 6 1202504012.204324
0145100526313642424206641025 2 1202504012.204324
0145100526313642424206641025 6 1202504012.204324
0645100526313642424206641025 2 1202504012.204324
0645100526313642424206641025 6 1202504012.204324
0645120526313642424206641025 2 1202504012.204324
0645120526313642424206641025 6 1202504012.204324
0645130526313642424206641025 2 1202504012.204324
0645130526313642424206641025 6 1202504012.204324
0645150526313642424206641025 2 1202504012.204324
0645150526313642424206641025 6 1202504012.204324
0645122526313642424206641025 2 1202504012.204324
0645132526313642424206641025 2 1202504012.204325
0645152526313642424206641025 2 1202504012.204325
0145103526313642424206641025 2 1202504012.204325
0645103526313642424206641025 2 1202504012.204325
0645123526313642424206641025 2 1202504012.204325
0645133526313642424206641025 2 1202504012.204325
0645153526313642424206641025 2 1202504012.204325
0145105526313642424206641025 2 1202504012.204325
0145105526313642424206641025 6 1202504012.204325
0645105526313642424206641025 2 1202504012.204325
0645105526313642424206641025 6 1202504012.204325
0645125526313642424206641025 2 1202504012.204325
0645125526313642424206641025 6 1202504012.204325
0645135526313642424206641025 2 1202504012.204325
0645135526313642424206641025 6 1202504012.204325
0645155526313642424206641025 2 1202504012.204325
0645155526313642424206641025 6 1202504012.204325
0145103521133642424206641025 2 1202504012.204326
0645103521133642424206641025 2 1202504012.204326
0645103026133642424206641025 2 1202504012.204326
0645123026133642424206641025 2 1202504012.204326
0645133026133642424206641025 2 1202504012.204326
0645153026133642424206641025 2 1202504012.204326
0645103226133642424206641025 2 1202504012.204326
0645123226133642424206641025 2 1202504012.204326
0645133226133642424206641025 2 1202504012.204326
0645153226133642424206641025 2 1202504012.204326
0645103326133642424206641025 2 1202504012.204326
0645123326133642424206641025 2 1202504012.204326
0645133326133642424206641025 2 1202504012.204326
0645153326133642424206641025 2 1202504012.204326
0145103526133642424206641025 2 1202504012.204326
0645103526133642424206641025 2 1202504012.204326
0645123526133642424206641025 2 1202504012.204326
0645133526133642424206641025 2 1202504012.204327
0645153526133642424206641025 2 1202504012.204327
0145100521333642424206641025 2 1202504012.204327
0645100521333642424206641025 2 1202504012.204327
0145103521333642424206641025 2 1202504012.204327
0645103521333642424206641025 2 1202504012.204327
0145105521333642424206641025 2 1202504012.204327
0645105521333642424206641025 2 1202504012.204327
0145100526333642424206641025 2 1202504012.204327
0145103526333642424206641025 2 1202504012.204327
0145105526333642424206641025 2 1202504012.204327
0145103521143642424206641025 2 1202504012.204327
0645103521143642424206641025 2 1202504012.204327
0645103026143642424206641025 2 1202504012.204327
0645123026143642424206641025 2 1202504012.204327
0645133026143642424206641025 2 1202504012.204327
0645153026143642424206641025 2 1202504012.204328
0645103226143642424206641025 2 1202504012.204328
0645123226143642424206641025 2 1202504012.204328
0645133226143642424206641025 2 1202504012.204328
0645153226143642424206641025 2 1202504012.204328
0645103326143642424206641025 2 1202504012.204328
0645123326143642424206641025 2 1202504012.204328
0645133326143642424206641025 2 1202504012.204328
0645153326143642424206641025 2 1202504012.204328
0145103526143642424206641025 2 1202504012.204328
0645103526143642424206641025 2 1202504012.204328
0645123526143642424206641025 2 1202504012.204328
0645133526143642424206641025 2 1202504012.204328
0645153526143642424206641025 2 1202504012.204328
0145100521343642424206641025 2 1202504012.204328
0645100521343642424206641025 2 1202504012.204328
0145103521343642424206641025 2 1202504012.204328
0645103521343642424206641025 2 1202504012.204329
0145105521343642424206641025 2 1202504012.204329
0645105521343642424206641025 2 1202504012.204329
0145100526343642424206641025 2 1202504012.204329
0145103526343642424206641025 2 1202504012.204329
0145105526343642424206641025 2 1202504012.204329
0145103521153642424206641025 2 1202504012.204329
0145103521153642424206641025 6 1202504012.204329
0645103521153642424206641025 2 1202504012.204329
0645103521153642424206641025 6 1202504012.204329
0645103026153642424206641025 2 1202504012.204329
0645103026153642424206641025 6 1202504012.204329
0645123026153642424206641025 2 1202504012.204329
0645123026153642424206641025 6 1202504012.204329
0645133026153642424206641025 2 1202504012.204329
0645133026153642424206641025 6 1202504012.204329
0645153026153642424206641025 2 1202504012.204329
0645153026153642424206641025 6 1202504012.204330
0645103226153642424206641025 2 1202504012.204330
0645103226153642424206641025 6 1202504012.204330
0645123226153642424206641025 2 1202504012.204330
0645123226153642424206641025 6 1202504012.204330
0645133226153642424206641025 2 1202504012.204330
0645133226153642424206641025 6 1202504012.204330
0645153226153642424206641025 2 1202504012.204330
0645153226153642424206641025 6 1202504012.204330
0645103326153642424206641025 2 1202504012.204330
0645103326153642424206641025 6 1202504012.204330
0645123326153642424206641025 2 1202504012.204330
0645123326153642424206641025 6 1202504012.204330
0645133326153642424206641025 2 1202504012.204330
0645133326153642424206641025 6 1202504012.204330
0645153326153642424206641025 2 1202504012.204330
0645153326153642424206641025 6 1202504012.204330
0145103526153642424206641025 2 1202504012.204331
0145103526153642424206641025 6 1202504012.204331
0645103526153642424206641025 2 1202504012.204331
0645103526153642424206641025 6 1202504012.204331
0645123526153642424206641025 2 1202504012.204331
0645123526153642424206641025 6 1202504012.204331
0645133526153642424206641025 2 1202504012.204331
0645133526153642424206641025 6 1202504012.204331
0645153526153642424206641025 2 1202504012.204331
0645153526153642424206641025 6 1202504012.204331
0145100521353642424206641025 2 1202504012.204331
0145100521353642424206641025 6 1202504012.204331
0645100521353642424206641025 2 1202504012.204331
0645100521353642424206641025 6 1202504012.204331
0145103521353642424206641025 2 1202504012.204331
0145103521353642424206641025 6 1202504012.204331
0645103521353642424206641025 2 1202504012.204331
0645103521353642424206641025 6 1202504012.204332
0145105521353642424206641025 2 1202504012.204332
0145105521353642424206641025 6 1202504012.204332
0645105521353642424206641025 2 1202504012.204332
0645105521353642424206641025 6 1202504012.204332
0145100526353642424206641025 2 1202504012.204332
0145100526353642424206641025 6 1202504012.204332
0145103526353642424206641025 2 1202504012.204332
0145103526353642424206641025 6 1202504012.204332
0145105526353642424206641025 2 1202504012.204332
0145105526353642424206641025 6 1202504012.204332
0145103521163642424206641025 2 1202504012.204332
0645103521163642424206641025 2 1202504012.204332
0645103026163642424206641025 2 1202504012.204332
0645123026163642424206641025 2 1202504012.204332
0645133026163642424206641025 2 1202504012.204332
0645153026163642424206641025 2 1202504012.204333
0645103226163642424206641025 2 1202504012.204333
0645123226163642424206641025 2 1202504012.204333
0645133226163642424206641025 2 1202504012.204333
0645153226163642424206641025 2 1202504012.204333
0645103326163642424206641025 2 1202504012.204333
0645123326163642424206641025 2 1202504012.204333
0645133326163642424206641025 2 1202504012.204333
0645153326163642424206641025 2 1202504012.204333
0145103526163642424206641025 2 1202504012.204333
0645103526163642424206641025 2 1202504012.204333
0645123526163642424206641025 2 1202504012.204333
0645133526163642424206641025 2 1202504012.204333
0645153526163642424206641025 2 1202504012.204333
0145100521363642424206641025 2 1202504012.204333
0645100521363642424206641025 2 1202504012.204333
0145103521363642424206641025 2 1202504012.204333
0645103521363642424206641025 2 1202504012.204334
0145105521363642424206641025 2 1202504012.204334
0645105521363642424206641025 2 1202504012.204334
0145100526363642424206641025 2 1202504012.204334
0145103526363642424206641025 2 1202504012.204334
0145105526363642424206641025 2 1202504012.204334
0641105226303124424206641025 2 1202504012.204334
0641105226303124424206641025 6 1202504012.204334
0565153521103144424206641025 2 1202504012.204334
0565153521103144424206641025 6 1202504012.204334
0565153521113144424206641025 2 1202504012.204334
0565153521133144424206641025 2 1202504012.204334
0565153521143144424206641025 2 1202504012.204334
0565153521153144424206641025 2 1202504012.204334
0565153521153144424206641025 6 1202504012.204335
0565153521163144424206641025 2 1202504012.204335
0142153521103644424206641025 2 1202504012.204335
0142153521103644424206641025 6 1202504012.204335
0142153521113644424206641025 2 1202504012.204335
0142153521133644424206641025 2 1202504012.204335
0142153521143644424206641025 2 1202504012.204335
0142153521153644424206641025 2 1202504012.204335
0142153521153644424206641025 6 1202504012.204335
0146153521153644424206641025 2 1202504012.204335
0146153521153644424206641025 6 1202504012.204335
0142153521163644424206641025 2 1202504012.204335
0145100521303045424206641025 2 1202504012.204335
0145100521303045424206641025 6 1202504012.204335
0645100521303045424206641025 2 1202504012.204335
0645100521303045424206641025 6 1202504012.204335
0145103521303045424206641025 2 1202504012.204335
0145103521303045424206641025 6 1202504012.204336
0645103521303045424206641025 2 1202504012.204336
0645103521303045424206641025 6 1202504012.204336
0145105521303045424206641025 2 1202504012.204336
0145105521303045424206641025 6 1202504012.204336
0645105521303045424206641025 2 1202504012.204336
0645105521303045424206641025 6 1202504012.204336
0145100526303045424206641025 2 1202504012.204336
0145100526303045424206641025 6 1202504012.204336
0145103526303045424206641025 2 1202504012.204336
0145103526303045424206641025 6 1202504012.204336
0145105526303045424206641025 2 1202504012.204336
0145105526303045424206641025 6 1202504012.204336
0145100521313045424206641025 2 1202504012.204336
0145100521313045424206641025 6 1202504012.204336
0645100521313045424206641025 2 1202504012.204336
0645100521313045424206641025 6 1202504012.204337
0645100026313045424206641025 2 1202504012.204337
0645100026313045424206641025 6 1202504012.204337
0645120026313045424206641025 2 1202504012.204337
0645120026313045424206641025 6 1202504012.204337
0645130026313045424206641025 2 1202504012.204337
0645130026313045424206641025 6 1202504012.204337
0645150026313045424206641025 2 1202504012.204337
0645150026313045424206641025 6 1202504012.204337
0645100226313045424206641025 2 1202504012.204337
0645100226313045424206641025 6 1202504012.204337
0645120226313045424206641025 2 1202504012.204337
0645120226313045424206641025 6 1202504012.204337
0645130226313045424206641025 2 1202504012.204337
0645130226313045424206641025 6 1202504012.204337
0645150226313045424206641025 2 1202504012.204337
0645150226313045424206641025 6 1202504012.204337
0645100326313045424206641025 2 1202504012.204338
0645100326313045424206641025 6 1202504012.204338
0645120326313045424206641025 2 1202504012.204338
0645120326313045424206641025 6 1202504012.204338
0645130326313045424206641025 2 1202504012.204338
0645130326313045424206641025 6 1202504012.204338
0645150326313045424206641025 2 1202504012.204338
0645150326313045424206641025 6 1202504012.204338
0145100526313045424206641025 2 1202504012.204338
0145100526313045424206641025 6 1202504012.204338
0645100526313045424206641025 2 1202504012.204338
0645100526313045424206641025 6 1202504012.204338
0645120526313045424206641025 2 1202504012.204338
0645120526313045424206641025 6 1202504012.204338
0645130526313045424206641025 2 1202504012.204338
0645130526313045424206641025 6 1202504012.204338
0645150526313045424206641025 2 1202504012.204338
0645150526313045424206641025 6 1202504012.204339
0145100521303145424206641025 2 1202504012.204339
0145100521303145424206641025 6 1202504012.204339
0645100521303145424206641025 2 1202504012.204339
0645100521303145424206641025 6 1202504012.204339
0145103521303145424206641025 2 1202504012.204339
0145103521303145424206641025 6 1202504012.204339
0645103521303145424206641025 2 1202504012.204339
0645103521303145424206641025 6 1202504012.204339
0145105521303145424206641025 2 1202504012.204339
0145105521303145424206641025 6 1202504012.204339
0645105521303145424206641025 2 1202504012.204339
0645105521303145424206641025 6 1202504012.204339
0145100526303145424206641025 2 1202504012.204339
0145100526303145424206641025 6 1202504012.204339
0645100526303145424206641025 2 1202504012.204339
0645100526303145424206641025 6 1202504012.204340
0145103526303145424206641025 2 1202504012.204340
0145103526303145424206641025 6 1202504012.204340
0645103526303145424206641025 2 1202504012.204340
0645103526303145424206641025 6 1202504012.204340
0145105526303145424206641025 2 1202504012.204340
0145105526303145424206641025 6 1202504012.204340
0645105526303145424206641025 2 1202504012.204340
0645105526303145424206641025 6 1202504012.204340
0145100521313145424206641025 2 1202504012.204340
0145100521313145424206641025 6 1202504012.204340
0645100521313145424206641025 2 1202504012.204340
0645100521313145424206641025 6 1202504012.204340
0145103521313145424206641025 2 1202504012.204340
0645103521313145424206641025 2 1202504012.204340
0145105521313145424206641025 2 1202504012.204340
0145105521313145424206641025 6 1202504012.204340
0645105521313145424206641025 2 1202504012.204341
0645105521313145424206641025 6 1202504012.204341
0145100526313145424206641025 2 1202504012.204341
0145100526313145424206641025 6 1202504012.204341
0645100526313145424206641025 2 1202504012.204341
0645100526313145424206641025 6 1202504012.204341
0145103526313145424206641025 2 1202504012.204341
0645103526313145424206641025 2 1202504012.204341
0145105526313145424206641025 2 1202504012.204341
0145105526313145424206641025 6 1202504012.204341
0645105526313145424206641025 2 1202504012.204341
0645105526313145424206641025 6 1202504012.204341
0145100521333145424206641025 2 1202504012.204341
0645100521333145424206641025 2 1202504012.204341
0145103521333145424206641025 2 1202504012.204341
0645103521333145424206641025 2 1202504012.204341
0145105521333145424206641025 2 1202504012.204342
0645105521333145424206641025 2 1202504012.204342
0145100526333145424206641025 2 1202504012.204342
0645100526333145424206641025 2 1202504012.204342
0145103526333145424206641025 2 1202504012.204342
0645103526333145424206641025 2 1202504012.204342
0145105526333145424206641025 2 1202504012.204342
0645105526333145424206641025 2 1202504012.204342
0145100521343145424206641025 2 1202504012.204342
0645100521343145424206641025 2 1202504012.204342
0145103521343145424206641025 2 1202504012.204342
0645103521343145424206641025 2 1202504012.204342
0145105521343145424206641025 2 1202504012.204342
0645105521343145424206641025 2 1202504012.204342
0145100526343145424206641025 2 1202504012.204342
0645100526343145424206641025 2 1202504012.204342
0145103526343145424206641025 2 1202504012.204342
0645103526343145424206641025 2 1202504012.204343
0145105526343145424206641025 2 1202504012.204343
0645105526343145424206641025 2 1202504012.204343
0145100521353145424206641025 2 1202504012.204343
0145100521353145424206641025 6 1202504012.204343
0645100521353145424206641025 2 1202504012.204343
0645100521353145424206641025 6 1202504012.204343
0145103521353145424206641025 2 1202504012.204343
0145103521353145424206641025 6 1202504012.204343
0645103521353145424206641025 2 1202504012.204343
0645103521353145424206641025 6 1202504012.204343
0145105521353145424206641025 2 1202504012.204343
0145105521353145424206641025 6 1202504012.204343
0645105521353145424206641025 2 1202504012.204343
0645105521353145424206641025 6 1202504012.204343
0145100526353145424206641025 2 1202504012.204343
0145100526353145424206641025 6 1202504012.204343
0645100526353145424206641025 2 1202504012.204344
0645100526353145424206641025 6 1202504012.204344
0145103526353145424206641025 2 1202504012.204344
0145103526353145424206641025 6 1202504012.204344
0645103526353145424206641025 2 1202504012.204344
0645103526353145424206641025 6 1202504012.204344
0145105526353145424206641025 2 1202504012.204344
0145105526353145424206641025 6 1202504012.204344
0645105526353145424206641025 2 1202504012.204344
0645105526353145424206641025 6 1202504012.204344
0145100521363145424206641025 2 1202504012.204344
0645100521363145424206641025 2 1202504012.204344
0145103521363145424206641025 2 1202504012.204344
0645103521363145424206641025 2 1202504012.204344
0145105521363145424206641025 2 1202504012.204344
0645105521363145424206641025 2 1202504012.204344
0145100526363145424206641025 2 1202504012.204345
0645100526363145424206641025 2 1202504012.204345
0145103526363145424206641025 2 1202504012.204345
0645103526363145424206641025 2 1202504012.204345
0145105526363145424206641025 2 1202504012.204345
0645105526363145424206641025 2 1202504012.204345
0645153521103645424206641025 2 1202504012.204345
0645153521103645424206641025 6 1202504012.204345
0142153526103645424206641025 2 1202504012.204345
0142153526103645424206641025 6 1202504012.204345
0145100521303645424206641025 2 1202504012.204345
0145100521303645424206641025 6 1202504012.204345
0645100521303645424206641025 2 1202504012.204345
0645100521303645424206641025 6 1202504012.204345
0142150521303645424206641025 2 1202504012.204345
0142150521303645424206641025 6 1202504012.204345
0142152521303645424206641025 1 1202504012.204345
0142152521303645424206641025 2 1202504012.204346
0142152521303645424206641025 6 1202504012.204346
0145103521303645424206641025 2 1202504012.204346
0145103521303645424206641025 6 1202504012.204346
0645103521303645424206641025 2 1202504012.204346
0645103521303645424206641025 6 1202504012.204346
0142153521303645424206641025 2 1202504012.204346
0142153521303645424206641025 6 1202504012.204346
0145105521303645424206641025 2 1202504012.204346
0145105521303645424206641025 6 1202504012.204346
0645105521303645424206641025 2 1202504012.204346
0645105521303645424206641025 6 1202504012.204346
0142155521303645424206641025 2 1202504012.204346
0142155521303645424206641025 6 1202504012.204346
0145100526303645424206641025 2 1202504012.204346
0145100526303645424206641025 6 1202504012.204346
0145103526303645424206641025 2 1202504012.204346
0145103526303645424206641025 6 1202504012.204347
0145105526303645424206641025 2 1202504012.204347
0145105526303645424206641025 6 1202504012.204347
0142153526113645424206641025 2 1202504012.204347
0145100521313645424206641025 2 1202504012.204347
0145100521313645424206641025 6 1202504012.204347
0645100521313645424206641025 2 1202504012.204347
0645100521313645424206641025 6 1202504012.204347
0142150521313645424206641025 2 1202504012.204347
0142150521313645424206641025 6 1202504012.204347
0142152521313645424206641025 2 1202504012.204347
0145103521313645424206641025 2 1202504012.204347
0645103521313645424206641025 2 1202504012.204347
0142153521313645424206641025 2 1202504012.204347
0145105521313645424206641025 2 1202504012.204347
0145105521313645424206641025 6 1202504012.204347
0645105521313645424206641025 2 1202504012.204347
0645105521313645424206641025 6 1202504012.204348
0142155521313645424206641025 2 1202504012.204348
0142155521313645424206641025 6 1202504012.204348
0645100026313645424206641025 2 1202504012.204348
0645100026313645424206641025 6 1202504012.204348
0645120026313645424206641025 2 1202504012.204348
0645120026313645424206641025 6 1202504012.204348
0645130026313645424206641025 2 1202504012.204348
0645130026313645424206641025 6 1202504012.204348
0645150026313645424206641025 2 1202504012.204348
0645150026313645424206641025 6 1202504012.204348
0645102026313645424206641025 2 1202504012.204348
0645122026313645424206641025 2 1202504012.204348
0645132026313645424206641025 2 1202504012.204348
0645152026313645424206641025 2 1202504012.204348
0645103026313645424206641025 2 1202504012.204348
0645123026313645424206641025 2 1202504012.204349
0645133026313645424206641025 2 1202504012.204349
0645153026313645424206641025 2 1202504012.204349
0645105026313645424206641025 2 1202504012.204349
0645105026313645424206641025 6 1202504012.204349
0645125026313645424206641025 2 1202504012.204349
0645125026313645424206641025 6 1202504012.204349
0645135026313645424206641025 2 1202504012.204349
0645135026313645424206641025 6 1202504012.204349
0645155026313645424206641025 2 1202504012.204349
0645155026313645424206641025 6 1202504012.204349
0645100226313645424206641025 2 1202504012.204349
0645100226313645424206641025 6 1202504012.204349
0645120226313645424206641025 2 1202504012.204349
0645120226313645424206641025 6 1202504012.204349
0645130226313645424206641025 2 1202504012.204349
0645130226313645424206641025 6 1202504012.204349
0645150226313645424206641025 2 1202504012.204350
0645150226313645424206641025 6 1202504012.204350
0645102226313645424206641025 2 1202504012.204350
0645122226313645424206641025 2 1202504012.204350
0645132226313645424206641025 2 1202504012.204350
0645152226313645424206641025 2 1202504012.204350
0645103226313645424206641025 2 1202504012.204350
0645123226313645424206641025 2 1202504012.204350
0645133226313645424206641025 2 1202504012.204350
0645153226313645424206641025 2 1202504012.204350
0645105226313645424206641025 2 1202504012.204350
0645105226313645424206641025 6 1202504012.204350
0645125226313645424206641025 2 1202504012.204350
0645125226313645424206641025 6 1202504012.204350
0645135226313645424206641025 2 1202504012.204350
0645135226313645424206641025 6 1202504012.204350
0645155226313645424206641025 2 1202504012.204350
0645155226313645424206641025 6 1202504012.204351
0645100326313645424206641025 2 1202504012.204351
0645100326313645424206641025 6 1202504012.204351
0645120326313645424206641025 2 1202504012.204351
0645120326313645424206641025 6 1202504012.204351
0645130326313645424206641025 2 1202504012.204351
0645130326313645424206641025 6 1202504012.204351
0645150326313645424206641025 2 1202504012.204351
0645150326313645424206641025 6 1202504012.204351
0645102326313645424206641025 2 1202504012.204351
0645122326313645424206641025 2 1202504012.204351
0645132326313645424206641025 2 1202504012.204351
0645152326313645424206641025 2 1202504012.204351
0645103326313645424206641025 2 1202504012.204351
0645123326313645424206641025 2 1202504012.204351
0645133326313645424206641025 2 1202504012.204351
0645153326313645424206641025 2 1202504012.204352
0645105326313645424206641025 2 1202504012.204352
0645105326313645424206641025 6 1202504012.204352
0645125326313645424206641025 2 1202504012.204352
0645125326313645424206641025 6 1202504012.204352
0645135326313645424206641025 2 1202504012.204352
0645135326313645424206641025 6 1202504012.204352
0645155326313645424206641025 2 1202504012.204352
0645155326313645424206641025 6 1202504012.204352
0145100526313645424206641025 2 1202504012.204352
0145100526313645424206641025 6 1202504012.204352
0645100526313645424206641025 2 1202504012.204352
0645100526313645424206641025 6 1202504012.204352
0645120526313645424206641025 2 1202504012.204352
0645120526313645424206641025 6 1202504012.204352
0645130526313645424206641025 2 1202504012.204352
0645130526313645424206641025 6 1202504012.204352
0645150526313645424206641025 2 1202504012.204353
0645150526313645424206641025 6 1202504012.204353
0645122526313645424206641025 2 1202504012.204353
0645132526313645424206641025 2 1202504012.204353
0645152526313645424206641025 2 1202504012.204353
0145103526313645424206641025 2 1202504012.204353
0645103526313645424206641025 2 1202504012.204353
0645123526313645424206641025 2 1202504012.204353
0645133526313645424206641025 2 1202504012.204353
0645153526313645424206641025 2 1202504012.204353
0145105526313645424206641025 2 1202504012.204353
0145105526313645424206641025 6 1202504012.204353
0645105526313645424206641025 2 1202504012.204353
0645105526313645424206641025 6 1202504012.204353
0645125526313645424206641025 2 1202504012.204353
0645125526313645424206641025 6 1202504012.204353
0645135526313645424206641025 2 1202504012.204353
0645135526313645424206641025 6 1202504012.204354
0645155526313645424206641025 2 1202504012.204354
0645155526313645424206641025 6 1202504012.204354
0142153526133645424206641025 2 1202504012.204354
0145100521333645424206641025 2 1202504012.204354
0645100521333645424206641025 2 1202504012.204354
0142150521333645424206641025 2 1202504012.204354
0142152521333645424206641025 2 1202504012.204354
0145103521333645424206641025 2 1202504012.204354
0645103521333645424206641025 2 1202504012.204354
0142153521333645424206641025 2 1202504012.204354
0145105521333645424206641025 2 1202504012.204354
0645105521333645424206641025 2 1202504012.204354
0142155521333645424206641025 2 1202504012.204354
0145100526333645424206641025 2 1202504012.204354
0145103526333645424206641025 2 1202504012.204354
0145105526333645424206641025 2 1202504012.204355
0142153526143645424206641025 2 1202504012.204355
0145100521343645424206641025 2 1202504012.204355
0645100521343645424206641025 2 1202504012.204355
0142150521343645424206641025 2 1202504012.204355
0142152521343645424206641025 2 1202504012.204355
0145103521343645424206641025 2 1202504012.204355
0645103521343645424206641025 2 1202504012.204355
0142153521343645424206641025 2 1202504012.204355
0145105521343645424206641025 2 1202504012.204355
0645105521343645424206641025 2 1202504012.204355
0142155521343645424206641025 2 1202504012.204355
0145100526343645424206641025 2 1202504012.204355
0145103526343645424206641025 2 1202504012.204355
0145105526343645424206641025 2 1202504012.204355
0142153526153645424206641025 2 1202504012.204355
0142153526153645424206641025 6 1202504012.204355
0146153526153645424206641025 2 1202504012.204356
0146153526153645424206641025 6 1202504012.204356
0145100521353645424206641025 2 1202504012.204356
0145100521353645424206641025 6 1202504012.204356
0645100521353645424206641025 2 1202504012.204356
0645100521353645424206641025 6 1202504012.204356
0142150521353645424206641025 2 1202504012.204356
0142150521353645424206641025 6 1202504012.204356
0146150521353645424206641025 2 1202504012.204356
0146150521353645424206641025 6 1202504012.204356
0141152521353645424206641025 1 1202504012.204356
0141152521353645424206641025 2 1202504012.204356
0141152521353645424206641025 6 1202504012.204356
0142152521353645424206641025 1 1202504012.204356
0142152521353645424206641025 2 1202504012.204356
0142152521353645424206641025 6 1202504012.204356
0146152521353645424206641025 1 1202504012.204356
0146152521353645424206641025 2 1202504012.204357
0146152521353645424206641025 6 1202504012.204357
0145103521353645424206641025 2 1202504012.204357
0145103521353645424206641025 6 1202504012.204357
0645103521353645424206641025 2 1202504012.204357
0645103521353645424206641025 6 1202504012.204357
0142153521353645424206641025 2 1202504012.204357
0142153521353645424206641025 6 1202504012.204357
0146153521353645424206641025 2 1202504012.204357
0146153521353645424206641025 6 1202504012.204357
0145105521353645424206641025 2 1202504012.204357
0145105521353645424206641025 6 1202504012.204357
0645105521353645424206641025 2 1202504012.204357
0645105521353645424206641025 6 1202504012.204357
0142155521353645424206641025 2 1202504012.204357
0142155521353645424206641025 6 1202504012.204357
0146155521353645424206641025 2 1202504012.204358
0146155521353645424206641025 6 1202504012.204358
0145100526353645424206641025 2 1202504012.204358
0145100526353645424206641025 6 1202504012.204358
0145103526353645424206641025 2 1202504012.204358
0145103526353645424206641025 6 1202504012.204358
0145105526353645424206641025 2 1202504012.204358
0145105526353645424206641025 6 1202504012.204358
0142153526163645424206641025 2 1202504012.204358
0145100521363645424206641025 2 1202504012.204358
0645100521363645424206641025 2 1202504012.204358
0142150521363645424206641025 2 1202504012.204358
0142152521363645424206641025 2 1202504012.204358
0145103521363645424206641025 2 1202504012.204358
0645103521363645424206641025 2 1202504012.204358
0142153521363645424206641025 2 1202504012.204358
0145105521363645424206641025 2 1202504012.204358
0645105521363645424206641025 2 1202504012.204359
0142155521363645424206641025 2 1202504012.204359
0145100526363645424206641025 2 1202504012.204359
0145103526363645424206641025 2 1202504012.204359
0145105526363645424206641025 2 1202504012.204359
0645155321313046424206641025 6 1202504012.204359
0144153226153046424206641025 2 1202504012.204359
0144153226153046424206641025 6 1202504012.204359
0645150321353046424206641025 6 1202504012.204359
0645152321353046424206641025 1 1202504012.204359
0645152321353046424206641025 6 1202504012.204359
0645153321353046424206641025 6 1202504012.204359
0645155321353046424206641025 6 1202504012.204359
0645153521103146424206641025 2 1202504012.204359
0645153521103146424206641025 6 1202504012.204359
0645153026103146424206641025 2 1202504012.204359
0645153026103146424206641025 6 1202504012.204359
0645153226103146424206641025 2 1202504012.204400
0645153226103146424206641025 6 1202504012.204400
0145100521303146424206641025 2 1202504012.204400
0145100521303146424206641025 6 1202504012.204400
0645100521303146424206641025 2 1202504012.204400
0645100521303146424206641025 6 1202504012.204400
0145103521303146424206641025 2 1202504012.204400
0145103521303146424206641025 6 1202504012.204400
0645103521303146424206641025 2 1202504012.204400
0645103521303146424206641025 6 1202504012.204400
0145105521303146424206641025 2 1202504012.204400
0145105521303146424206641025 6 1202504012.204400
0645105521303146424206641025 2 1202504012.204400
0645105521303146424206641025 6 1202504012.204400
0641105226303146424206641025 2 1202504012.204400
0641105226303146424206641025 6 1202504012.204400
0145100526303146424206641025 2 1202504012.204400
0145100526303146424206641025 6 1202504012.204401
0645100526303146424206641025 2 1202504012.204401
0645100526303146424206641025 6 1202504012.204401
0145103526303146424206641025 2 1202504012.204401
0145103526303146424206641025 6 1202504012.204401
0645103526303146424206641025 2 1202504012.204401
0645103526303146424206641025 6 1202504012.204401
0145105526303146424206641025 2 1202504012.204401
0145105526303146424206641025 6 1202504012.204401
0645105526303146424206641025 2 1202504012.204401
0645105526303146424206641025 6 1202504012.204401
0145100521313146424206641025 2 1202504012.204401
0145100521313146424206641025 6 1202504012.204401
0645100521313146424206641025 2 1202504012.204401
0645100521313146424206641025 6 1202504012.204401
0145105521313146424206641025 2 1202504012.204401
0145105521313146424206641025 6 1202504012.204402
0645105521313146424206641025 2 1202504012.204402
0645105521313146424206641025 6 1202504012.204402
0145100526313146424206641025 2 1202504012.204402
0145100526313146424206641025 6 1202504012.204402
0645100526313146424206641025 2 1202504012.204402
0645100526313146424206641025 6 1202504012.204402
0142150526313146424206641025 2 1202504012.204402
0142150526313146424206641025 6 1202504012.204402
0145105526313146424206641025 2 1202504012.204402
0145105526313146424206641025 6 1202504012.204402
0645105526313146424206641025 2 1202504012.204402
0645105526313146424206641025 6 1202504012.204402
0145103521153146424206641025 2 1202504012.204402
0145103521153146424206641025 6 1202504012.204402
0645103521153146424206641025 2 1202504012.204402
0645103521153146424206641025 6 1202504012.204402
0145103526153146424206641025 2 1202504012.204403
0145103526153146424206641025 6 1202504012.204403
0645103526153146424206641025 2 1202504012.204403
0645103526153146424206641025 6 1202504012.204403
0145100521353146424206641025 2 1202504012.204403
0145100521353146424206641025 6 1202504012.204403
0645100521353146424206641025 2 1202504012.204403
0645100521353146424206641025 6 1202504012.204403
0145103521353146424206641025 2 1202504012.204403
0145103521353146424206641025 6 1202504012.204403
0645103521353146424206641025 2 1202504012.204403
0645103521353146424206641025 6 1202504012.204403
0145105521353146424206641025 2 1202504012.204403
0145105521353146424206641025 6 1202504012.204403
0645105521353146424206641025 2 1202504012.204403
0645105521353146424206641025 6 1202504012.204403
0145100526353146424206641025 2 1202504012.204403
0145100526353146424206641025 6 1202504012.204404
0645100526353146424206641025 2 1202504012.204404
0645100526353146424206641025 6 1202504012.204404
0145103526353146424206641025 2 1202504012.204404
0145103526353146424206641025 6 1202504012.204404
0645103526353146424206641025 2 1202504012.204404
0645103526353146424206641025 6 1202504012.204404
0145105526353146424206641025 2 1202504012.204404
0145105526353146424206641025 6 1202504012.204404
0645105526353146424206641025 2 1202504012.204404
0645105526353146424206641025 6 1202504012.204404
0142153526103546424206641025 2 1202504012.204404
0142153526103546424206641025 6 1202504012.204404
0645153521103646424206641025 2 1202504012.204404
0645153521103646424206641025 6 1202504012.204404
0145153026103646424206641025 2 1202504012.204404
0145100521303646424206641025 2 1202504012.204405
0145100521303646424206641025 6 1202504012.204405
0645100521303646424206641025 2 1202504012.204405
0645100521303646424206641025 6 1202504012.204405
0142150521303646424206641025 2 1202504012.204405
0142150521303646424206641025 6 1202504012.204405
0142152521303646424206641025 1 1202504012.204405
0142152521303646424206641025 2 1202504012.204405
0142152521303646424206641025 6 1202504012.204405
0145103521303646424206641025 2 1202504012.204405
0145103521303646424206641025 6 1202504012.204405
0645103521303646424206641025 2 1202504012.204405
0645103521303646424206641025 6 1202504012.204405
0142153521303646424206641025 2 1202504012.204405
0142153521303646424206641025 6 1202504012.204405
0145105521303646424206641025 2 1202504012.204405
0145105521303646424206641025 6 1202504012.204405
0645105521303646424206641025 2 1202504012.204406
0645105521303646424206641025 6 1202504012.204406
0142155521303646424206641025 2 1202504012.204406
0142155521303646424206641025 6 1202504012.204406
0145100526303646424206641025 2 1202504012.204406
0145100526303646424206641025 6 1202504012.204406
0145103526303646424206641025 2 1202504012.204406
0145103526303646424206641025 6 1202504012.204406
0145105526303646424206641025 2 1202504012.204406
0145105526303646424206641025 6 1202504012.204406
0145100521313646424206641025 2 1202504012.204406
0145100521313646424206641025 6 1202504012.204406
0645100521313646424206641025 2 1202504012.204406
0645100521313646424206641025 6 1202504012.204406
0145105521313646424206641025 2 1202504012.204406
0145105521313646424206641025 6 1202504012.204406
0645105521313646424206641025 2 1202504012.204406
0645105521313646424206641025 6 1202504012.204407
0645100026313646424206641025 2 1202504012.204407
0645100026313646424206641025 6 1202504012.204407
0645120026313646424206641025 2 1202504012.204407
0645120026313646424206641025 6 1202504012.204407
0645130026313646424206641025 2 1202504012.204407
0645130026313646424206641025 6 1202504012.204407
0645150026313646424206641025 2 1202504012.204407
0645150026313646424206641025 6 1202504012.204407
0645105026313646424206641025 2 1202504012.204407
0645105026313646424206641025 6 1202504012.204407
0645125026313646424206641025 2 1202504012.204407
0645125026313646424206641025 6 1202504012.204407
0645135026313646424206641025 2 1202504012.204407
0645135026313646424206641025 6 1202504012.204407
0645155026313646424206641025 2 1202504012.204407
0645155026313646424206641025 6 1202504012.204408
0645100226313646424206641025 2 1202504012.204408
0645100226313646424206641025 6 1202504012.204408
0645120226313646424206641025 2 1202504012.204408
0645120226313646424206641025 6 1202504012.204408
0645130226313646424206641025 2 1202504012.204408
0645130226313646424206641025 6 1202504012.204408
0645150226313646424206641025 2 1202504012.204408
0645150226313646424206641025 6 1202504012.204408
0645105226313646424206641025 2 1202504012.204408
0645105226313646424206641025 6 1202504012.204408
0645125226313646424206641025 2 1202504012.204408
0645125226313646424206641025 6 1202504012.204408
0645135226313646424206641025 2 1202504012.204408
0645135226313646424206641025 6 1202504012.204408
0645155226313646424206641025 2 1202504012.204408
0645155226313646424206641025 6 1202504012.204408
0645100326313646424206641025 2 1202504012.204409
0645100326313646424206641025 6 1202504012.204409
0645120326313646424206641025 2 1202504012.204409
0645120326313646424206641025 6 1202504012.204409
0645130326313646424206641025 2 1202504012.204409
0645130326313646424206641025 6 1202504012.204409
0645150326313646424206641025 2 1202504012.204409
0645150326313646424206641025 6 1202504012.204409
0645105326313646424206641025 2 1202504012.204409
0645105326313646424206641025 6 1202504012.204409
0645125326313646424206641025 2 1202504012.204409
0645125326313646424206641025 6 1202504012.204409
0645135326313646424206641025 2 1202504012.204409
0645135326313646424206641025 6 1202504012.204409
0645155326313646424206641025 2 1202504012.204409
0645155326313646424206641025 6 1202504012.204409
0145100526313646424206641025 2 1202504012.204409
0145100526313646424206641025 6 1202504012.204410
0645100526313646424206641025 2 1202504012.204410
0645100526313646424206641025 6 1202504012.204410
0645120526313646424206641025 2 1202504012.204410
0645120526313646424206641025 6 1202504012.204410
0645130526313646424206641025 2 1202504012.204410
0645130526313646424206641025 6 1202504012.204410
0645150526313646424206641025 2 1202504012.204410
0645150526313646424206641025 6 1202504012.204410
0145105526313646424206641025 2 1202504012.204410
0145105526313646424206641025 6 1202504012.204410
0645105526313646424206641025 2 1202504012.204410
0645105526313646424206641025 6 1202504012.204410
0645125526313646424206641025 2 1202504012.204410
0645125526313646424206641025 6 1202504012.204410
0645135526313646424206641025 2 1202504012.204410
0645135526313646424206641025 6 1202504012.204411
0645155526313646424206641025 2 1202504012.204411
0645155526313646424206641025 6 1202504012.204411
0145103521153646424206641025 2 1202504012.204411
0145103521153646424206641025 6 1202504012.204411
0645103521153646424206641025 2 1202504012.204411
0645103521153646424206641025 6 1202504012.204411
0645103026153646424206641025 2 1202504012.204411
0645103026153646424206641025 6 1202504012.204411
0645123026153646424206641025 2 1202504012.204411
0645123026153646424206641025 6 1202504012.204411
0645133026153646424206641025 2 1202504012.204411
0645133026153646424206641025 6 1202504012.204411
0645153026153646424206641025 2 1202504012.204411
0645153026153646424206641025 6 1202504012.204411
0645103226153646424206641025 2 1202504012.204411
0645103226153646424206641025 6 1202504012.204411
0645123226153646424206641025 2 1202504012.204412
0645123226153646424206641025 6 1202504012.204412
0645133226153646424206641025 2 1202504012.204412
0645133226153646424206641025 6 1202504012.204412
0645153226153646424206641025 2 1202504012.204412
0645153226153646424206641025 6 1202504012.204412
0645103326153646424206641025 2 1202504012.204412
0645103326153646424206641025 6 1202504012.204412
0645123326153646424206641025 2 1202504012.204412
0645123326153646424206641025 6 1202504012.204412
0645133326153646424206641025 2 1202504012.204412
0645133326153646424206641025 6 1202504012.204412
0645153326153646424206641025 2 1202504012.204412
0645153326153646424206641025 6 1202504012.204412
0145103526153646424206641025 2 1202504012.204412
0145103526153646424206641025 6 1202504012.204412
0645103526153646424206641025 2 1202504012.204412
0645103526153646424206641025 6 1202504012.204413
0645123526153646424206641025 2 1202504012.204413
0645123526153646424206641025 6 1202504012.204413
0645133526153646424206641025 2 1202504012.204413
0645133526153646424206641025 6 1202504012.204413
0645153526153646424206641025 2 1202504012.204413
0645153526153646424206641025 6 1202504012.204413
0145100521353646424206641025 2 1202504012.204413
0145100521353646424206641025 6 1202504012.204413
0645100521353646424206641025 2 1202504012.204413
0645100521353646424206641025 6 1202504012.204413
0145103521353646424206641025 2 1202504012.204413
0145103521353646424206641025 6 1202504012.204413
0645103521353646424206641025 2 1202504012.204413
0645103521353646424206641025 6 1202504012.204413
0145105521353646424206641025 2 1202504012.204413
0145105521353646424206641025 6 1202504012.204414
0645105521353646424206641025 2 1202504012.204414
0645105521353646424206641025 6 1202504012.204414
0145100526353646424206641025 2 1202504012.204414
0145100526353646424206641025 6 1202504012.204414
0145103526353646424206641025 2 1202504012.204414
0145103526353646424206641025 6 1202504012.204414
0145105526353646424206641025 2 1202504012.204414
0145105526353646424206641025 6 1202504012.204414
0026155021313141424600212055 2 1202504012.204414
0026155521313141424600212055 2 1202504012.204414
0516102021333042464600212055 2 1202504012.204414
0516122021333042464600212055 2 1202504012.204414
0516132021333042464600212055 2 1202504012.204415
0516152021333042464600212055 2 1202504012.204415
0516162021333042464600212055 2 1202504012.204415
0111152021363120404200000246 1 1202504012.204415
0111152021363120404200000246 2 1202504012.204415
0111152021363121404200000246 1 1202504012.204415
0111152021363121404200000246 2 1202504012.204415
0612152021353542424200000520 2 1202504012.204415
0516102021333042464600512050 2 1202504012.204415
0516122021333042464600512050 2 1202504012.204415
0516132021333042464600512050 2 1202504012.204416
0516152021333042464600512050 2 1202504012.204416
0516162021333042464600512050 2 1202504012.204416
0114102521333145424604112031 2 1202504012.204416
0562103521013142424200252431 2 1202504012.204416
0562103521013142424600252431 2 1202504012.204416
0411152021333140424601142014 2 1202504012.204416
0441152021333140424601142014 2 1202504012.204416
0026102525353545424601142014 1 1202504012.204416
0516102321303061404600422054 1 1202504012.204416
0516122321303061404600422054 1 1202504012.204417
0516132321303061404600422054 1 1202504012.204417
0516152321303061404600422054 1 1202504012.204417
0516162321303061404600422054 1 1202504012.204417
0516102321303041464600422054 1 1202504012.204417
0516122321303041464600422054 1 1202504012.204417
0516132321303041464600422054 1 1202504012.204417
0516152321303041464600422054 1 1202504012.204417
0516162321303041464600422054 1 1202504012.204417
0111152021363120404200000546 1 1202504012.204418
0111152021363120404200000546 2 1202504012.204418
0111152021363121404200000546 1 1202504012.204418
0111152021363121404200000546 2 1202504012.204418
0441152621353140424201460610 1 1202504012.204418
0441152621353140424201460610 2 1202504012.204418
0421152021363546424201460610 1 1202504012.204418
0421152021363546424201460610 2 1202504012.204418
0411152021363140424201461303 1 1202504012.204418
0411152021363140424201461303 2 1202504012.204418
0524153021313540424201461303 2 1202504012.204418
0411152021363141424201461303 1 1202504012.204418
0411152021363141424201461303 2 1202504012.204418
0421152021363141424201461303 2 1202504012.204418
0411152021363142424201461303 1 1202504012.204419
0411152021363142424201461303 2 1202504012.204419
0422153021133144424201461303 2 1202504012.204419
0412152021353144424201461303 1 1202504012.204419
0411152021363145424201461303 1 1202504012.204419
0411152021363145424201461303 2 1202504012.204419
0411152021363146424201461303 1 1202504012.204419
0411152021363146424201461303 2 1202504012.204419
0421152021363146424201461303 1 1202504012.204419
0524153021313546424201461303 2 1202504012.204419
0114102521303141424606462313 1 1202504012.204419
0114102521333145424204161325 2 1202504012.204419
0164102521333145424204161325 2 1202504012.204419
0114106523333040464202222130 1 1202504012.204454
0114106523333041464202222130 1 1202504012.204456
0114106523333041464202222130 6 1202504012.204457
0114102523333104464202222130 6 1202504012.204458
0114106523333104464202222130 6 1202504012.204459
0141100523313114464202222130 6 1202504012.204459
0114102523333114464202222130 6 1202504012.204500
0114106523333114464202222130 6 1202504012.204500
0114102523333124464202222130 6 1202504012.204501
0114106523333124464202222130 6 1202504012.204502
0114102523333044464202222130 6 1202504012.204502
0114106523333044464202222130 1 1202504012.204502
0114106523333044464202222130 6 1202504012.204503
0114102523303144464202222130 6 1202504012.204503
0114106523303144464202222130 6 1202504012.204504
0124103523313144464202222130 6 1202504012.204504
0114102523333144464202222130 6 1202504012.204505
0114106523333144464202222130 1 1202504012.204505
0114106523333144464202222130 6 1202504012.204506
0114102523333154464202222130 6 1202504012.204506
0114106523333154464202222130 6 1202504012.204506
0114102523333164464202222130 6 1202504012.204506
0114106523333164464202222130 6 1202504012.204506
0015106525003046464202222130 1 1202504012.204506
0114106523333040464602222130 1 1202504012.204506
0114106523333041464602222130 1 1202504012.204506
0114106523333041464602222130 6 1202504012.204507
0114102523333104464602222130 6 1202504012.204507
0114106523333104464602222130 6 1202504012.204507
0141100523333114464602222130 6 1202504012.204507
0114102523333114464602222130 6 1202504012.204507
0114106523333114464602222130 6 1202504012.204507
0114102523333124464602222130 6 1202504012.204507
0114106523333124464602222130 6 1202504012.204507
0114102523333044464602222130 6 1202504012.204507
0114106523333044464602222130 1 1202504012.204508
0114106523333044464602222130 6 1202504012.204508
0114102523303144464602222130 6 1202504012.204508
0114106523303144464602222130 6 1202504012.204508
0124103523313144464602222130 6 1202504012.204508
0141100523333144464602222130 6 1202504012.204508
0114102523333144464602222130 6 1202504012.204508
0114106523333144464602222130 1 1202504012.204508
0114106523333144464602222130 6 1202504012.204509
0114102523333154464602222130 6 1202504012.204509
0114106523333154464602222130 6 1202504012.204509
0114102523333164464602222130 6 1202504012.204509
0114106523333164464602222130 6 1202504012.204509
0015106525003046464602222130 1 1202504012.204509
0114162021353140424200000140 2 1202504012.204509
0114162021353142424200000140 2 1202504012.204509
0524150021633104424201413550 2 1202504012.204509
0524150021633114424201413550 2 1202504012.204510
0524150021633124424201413550 2 1202504012.204510
0524150021633144424201413550 2 1202504012.204510
0524150021633154424201413550 2 1202504012.204510
0661152621303046424205520011 2 1202504012.204510
0012102521363640424204110051 2 1202504012.204510
0012102521363645424204110051 2 1202504012.204510
0522102020353041464205102151 1 1202504012.204510
0522102220353041464205102151 1 1202504012.204510
0522102320353041464205102151 1 1202504012.204510
0522102520353041464205102151 1 1202504012.204510
0522102520353041464205102151 6 1202504012.204511
0522102620353041464205102151 1 1202504012.204511
0522102520353046464205102151 1 1202504012.204511
0522102520353046464205102151 6 1202504012.204511
0522102020353041464605102151 1 1202504012.204511
0522102220353041464605102151 1 1202504012.204511
0522102320353041464605102151 1 1202504012.204511
0522102520353041464605102151 1 1202504012.204511
0522102520353041464605102151 6 1202504012.204512
0522102620353041464605102151 1 1202504012.204512
0522102520353046464605102151 1 1202504012.204512
0522102520353046464605102151 6 1202504012.204512
0111152021343120464200000022 1 1202504012.204512
0111152021343120464200000022 2 1202504012.204512
0111152021343121464200000022 1 1202504012.204512
0111152021343121464200000022 2 1202504012.204512
0145102521303146464201142103 1 1202504012.204512
0145102521303146464201142103 2 1202504012.204512
0145102521303146464201142103 6 1202504012.204512
0145102521313146464201142103 2 1202504012.204512
0145102521313146464201142103 6 1202504012.204513
0145102521333146464201142103 2 1202504012.204513
0145102521333146464201142103 6 1202504012.204513
0145102521343146464201142103 2 1202504012.204513
0145102521343146464201142103 6 1202504012.204513
0145102521353146464201142103 1 1202504012.204513
0145102521353146464201142103 2 1202504012.204513
0145102521353146464201142103 6 1202504012.204513
0411152021333140424601142103 2 1202504012.204513
0411152021333140424601142103 6 1202504012.204513
0021106025353540424601142103 6 1202504012.204513
0145102521303141424601142103 1 1202504012.204513
0145102521303141424601142103 2 1202504012.204513
0145102521303141424601142103 6 1202504012.204513
0145102521353141424601142103 1 1202504012.204513
0145102521353141424601142103 2 1202504012.204513
0145102521353141424601142103 6 1202504012.204514
0145102521303142424601142103 1 1202504012.204514
0145102521303142424601142103 2 1202504012.204514
0145102521303142424601142103 6 1202504012.204514
0145102521313142424601142103 2 1202504012.204514
0145102521313142424601142103 6 1202504012.204514
0145102521333142424601142103 2 1202504012.204514
0145102521333142424601142103 6 1202504012.204514
0145102521343142424601142103 2 1202504012.204514
0145102521343142424601142103 6 1202504012.204514
0145102521353142424601142103 1 1202504012.204514
0145102521353142424601142103 2 1202504012.204514
0145102521353142424601142103 6 1202504012.204514
0145102521303045424601142103 1 1202504012.204514
0145102521303045424601142103 2 1202504012.204514
0145102521303045424601142103 6 1202504012.204514
0145102521303145424601142103 1 1202504012.204514
0145102521303145424601142103 2 1202504012.204515
0145102521303145424601142103 6 1202504012.204515
0145102521313145424601142103 2 1202504012.204515
0145102521313145424601142103 6 1202504012.204515
0145102521333145424601142103 2 1202504012.204515
0145102521333145424601142103 6 1202504012.204515
0145102521343145424601142103 2 1202504012.204515
0145102521343145424601142103 6 1202504012.204515
0145102521353145424601142103 1 1202504012.204515
0145102521353145424601142103 2 1202504012.204515
0145102521353145424601142103 6 1202504012.204515
0021106025353145424601142103 6 1202504012.204515
0145102521303146424601142103 1 1202504012.204515
0145102521303146424601142103 2 1202504012.204515
0145102521303146424601142103 6 1202504012.204515
0145102521313146424601142103 2 1202504012.204515
0145102521313146424601142103 6 1202504012.204516
0145102521333146424601142103 2 1202504012.204516
0145102521333146424601142103 6 1202504012.204516
0145102521343146424601142103 2 1202504012.204516
0145102521343146424601142103 6 1202504012.204516
0145102521353146424601142103 1 1202504012.204516
0145102521353146424601142103 2 1202504012.204516
0145102521353146424601142103 6 1202504012.204516
0411152020333140464601142103 6 1202504012.204516
0411152021333140464601142103 2 1202504012.204516
0411152021333140464601142103 6 1202504012.204516
0411152023333140464601142103 6 1202504012.204516
0411152024333140464601142103 6 1202504012.204516
0411152025333140464601142103 6 1202504012.204516
0145102520303141464601142103 1 1202504012.204516
0145102520303141464601142103 6 1202504012.204516
0145102521303141464601142103 1 1202504012.204517
0145102521303141464601142103 2 1202504012.204517
0145102521303141464601142103 6 1202504012.204517
0145102523303141464601142103 1 1202504012.204517
0145102523303141464601142103 6 1202504012.204517
0145102524303141464601142103 1 1202504012.204517
0145102524303141464601142103 6 1202504012.204517
0145102525303141464601142103 1 1202504012.204517
0145102525303141464601142103 6 1202504012.204517
0145102520353141464601142103 1 1202504012.204517
0145102520353141464601142103 6 1202504012.204517
0145102521353141464601142103 1 1202504012.204517
0145102521353141464601142103 2 1202504012.204517
0145102521353141464601142103 6 1202504012.204517
0145102523353141464601142103 1 1202504012.204517
0145102523353141464601142103 6 1202504012.204517
0145102524353141464601142103 1 1202504012.204517
0145102524353141464601142103 6 1202504012.204518
0145102525353141464601142103 1 1202504012.204518
0145102525353141464601142103 6 1202504012.204518
0145102520303142464601142103 1 1202504012.204518
0145102520303142464601142103 6 1202504012.204518
0145102521303142464601142103 1 1202504012.204518
0145102521303142464601142103 2 1202504012.204518
0145102521303142464601142103 6 1202504012.204518
0145102520313142464601142103 6 1202504012.204518
0145102521313142464601142103 2 1202504012.204518
0145102521313142464601142103 6 1202504012.204518
0145102520333142464601142103 6 1202504012.204518
0145102521333142464601142103 2 1202504012.204518
0145102521333142464601142103 6 1202504012.204518
0145102520343142464601142103 6 1202504012.204518
0145102521343142464601142103 2 1202504012.204518
0145102521343142464601142103 6 1202504012.204518
0145102520353142464601142103 1 1202504012.204519
0145102520353142464601142103 6 1202504012.204519
0145102521353142464601142103 1 1202504012.204519
0145102521353142464601142103 2 1202504012.204519
0145102521353142464601142103 6 1202504012.204519
0222152023333104464601142103 6 1202504012.204519
0522152023333104464601142103 6 1202504012.204519
0022152023333504464601142103 6 1202504012.204519
0222152023333114464601142103 6 1202504012.204519
0522152023333114464601142103 6 1202504012.204519
0022152023333514464601142103 6 1202504012.204519
0222152023333124464601142103 6 1202504012.204519
0522152023333124464601142103 6 1202504012.204524
0022152023333524464601142103 6 1202504012.204525
0412152023303144464601142103 1 1202504012.204525
0412152023303144464601142103 6 1202504012.204525
0412152023313144464601142103 6 1202504012.204525
0221152023333144464601142103 6 1202504012.204526
0412152023333144464601142103 6 1202504012.204526
0222152023333144464601142103 6 1202504012.204526
0422152023333144464601142103 6 1202504012.204526
0522152023333144464601142103 6 1202504012.204527
0412152023343144464601142103 6 1202504012.204527
0412152023353144464601142103 1 1202504012.204527
0412152023353144464601142103 6 1202504012.204527
