014110242003351042020502 1202404033.235606
014110242003354042020502 1202404033.235704
014110242013354042020502 1202404033.235803
014110242033354042020502 1202404033.235901
014110242043354042020502 1202404044.000000
014110242053354042020502 1202404044.000058
014110242003351042020522 1202404044.000309
014110242003354042020522 1202404044.000408
014110242013354042020522 1202404044.000506
014110242033354042020522 1202404044.000604
014110242043354042020522 1202404044.000702
014110242053354042020522 1202404044.000806
014110242003351042020542 1202404044.005227
014110242053351042020542 1202404044.005334
014110242003354042020542 1202404044.005442
014110242013354042020542 1202404044.005550
014110242033354042020542 1202404044.005658
014110242043354042020542 1202404044.005806
014110242053354042020542 1202404044.005914
