0121102621433010400102014501 1202402294.030155
0121102621433110400102014501 1202402294.030217
0121102621433102400102014501 1202402294.030239
0121102621433012400102014501 1202402294.030301
0121102621433112400102014501 1202402294.030322
0121102621433122400102014501 1202402294.030343
0121102621433042400102014501 1202402294.030404
0121102621433142400102014501 1202402294.030425
0121102621433152400102014501 1202402294.030446
0121102621433062400102014501 1202402294.030509
0121102621433162400102014501 1202402294.030530
0121102621433014400102014501 1202402294.030551
0121102621433114400102014501 1202402294.030611
0121102621433015400102014501 1202402294.030634
0121102621433115400102014501 1202402294.030656
0121102621433016400102014501 1202402294.030717
0121102621433010400202014501 1202402294.030740
0121102621433110400202014501 1202402294.030802
0121102621433102400202014501 1202402294.030824
0121102621433012400202014501 1202402294.030846
0121102621433112400202014501 1202402294.030907
0121102621433122400202014501 1202402294.030928
0121102621433042400202014501 1202402294.030949
0121102621433142400202014501 1202402294.031010
0121102621433152400202014501 1202402294.031031
0121102621433062400202014501 1202402294.031054
0121102621433162400202014501 1202402294.031115
0121102621433014400202014501 1202402294.031136
0121102621433114400202014501 1202402294.031156
0121102621433015400202014501 1202402294.031219
0121102621433115400202014501 1202402294.031241
0121102621433016400202014501 1202402294.031302
0122102621433515400105014501 1202402294.031923
0126102621433515400105014501 1202402294.031946
0126102625433515400105014501 1202402294.032010
0122102621433515400205014501 1202402294.032522
0126102621433515400205014501 1202402294.032545
0126102625433515400205014501 1202402294.032609
0121102621433010400102114501 1202402294.033017
0121102621433110400102114501 1202402294.033038
0121102621433102400102114501 1202402294.033101
0121102621433012400102114501 1202402294.033123
0121102621433112400102114501 1202402294.033144
0121102621433122400102114501 1202402294.033205
0121102621433042400102114501 1202402294.033226
0121102621433142400102114501 1202402294.033247
0121102621433052400102114501 1202402294.033309
0121102621433152400102114501 1202402294.033330
0121102621433062400102114501 1202402294.033353
0121102621433162400102114501 1202402294.033414
0121102621433014400102114501 1202402294.033435
0121102621433114400102114501 1202402294.033455
0121102621433015400102114501 1202402294.033518
0121102621433115400102114501 1202402294.033540
0121102621433016400102114501 1202402294.033601
0121102621433010400202114501 1202402294.033624
0121102621433110400202114501 1202402294.033646
0121102621433102400202114501 1202402294.033708
0121102621433012400202114501 1202402294.033731
0121102621433112400202114501 1202402294.033751
0121102621433122400202114501 1202402294.033812
0121102621433042400202114501 1202402294.033833
0121102621433142400202114501 1202402294.033854
0121102621433052400202114501 1202402294.033917
0121102621433152400202114501 1202402294.033937
0121102621433062400202114501 1202402294.034001
0121102621433162400202114501 1202402294.034021
0121102621433014400202114501 1202402294.034042
0121102621433114400202114501 1202402294.034102
0121102621433015400202114501 1202402294.034125
0121102621433115400202114501 1202402294.034147
0121102621433016400202114501 1202402294.034208
0122102621433515400105114501 1202402294.034908
0126102621433515400105114501 1202402294.034932
0126102625433515400105114501 1202402294.034955
0122102621433515400205114501 1202402294.035507
0126102621433515400205114501 1202402294.035531
0126102625433515400205114501 1202402294.035554
0121102621433010400102214501 1202402294.040138
0121102621433110400102214501 1202402294.040200
0121102621433102400102214501 1202402294.040223
0121102621433012400102214501 1202402294.040245
0121102621433112400102214501 1202402294.040305
0121102621433122400102214501 1202402294.040327
0121102621433042400102214501 1202402294.040348
0121102621433142400102214501 1202402294.040409
0121102621433152400102214501 1202402294.040430
0121102621433062400102214501 1202402294.040453
0121102621433162400102214501 1202402294.040514
0121102621433014400102214501 1202402294.040535
0121102621433114400102214501 1202402294.040555
0121102621433015400102214501 1202402294.040619
0121102621433115400102214501 1202402294.040641
0121102621433016400102214501 1202402294.040702
0121102621433010400202214501 1202402294.040725
0121102621433110400202214501 1202402294.040747
0121102621433102400202214501 1202402294.040809
0121102621433012400202214501 1202402294.040831
0121102621433112400202214501 1202402294.040852
0121102621433122400202214501 1202402294.040913
0121102621433042400202214501 1202402294.040934
0121102621433142400202214501 1202402294.040955
0121102621433152400202214501 1202402294.041016
0121102621433062400202214501 1202402294.041039
0121102621433162400202214501 1202402294.041100
0121102621433014400202214501 1202402294.041121
0121102621433114400202214501 1202402294.041141
0121102621433015400202214501 1202402294.041204
0121102621433115400202214501 1202402294.041226
0121102621433016400202214501 1202402294.041247
0122102621433515400105214501 1202402294.042024
0126102621433515400105214501 1202402294.042048
0126102625433515400105214501 1202402294.042111
0122102621433515400205214501 1202402294.042624
0126102621433515400205214501 1202402294.042648
0126102625433515400205214501 1202402294.042711
0121102621433010400102414501 1202402294.044045
0121102621433110400102414501 1202402294.044107
0121102621433102400102414501 1202402294.044129
0121102621433012400102414501 1202402294.044151
0121102621433112400102414501 1202402294.044212
0121102621433122400102414501 1202402294.044233
0121102621433042400102414501 1202402294.044254
0121102621433142400102414501 1202402294.044315
0121102621433052400102414501 1202402294.044336
0121102621433152400102414501 1202402294.044357
0121102621433062400102414501 1202402294.044420
0121102621433162400102414501 1202402294.044441
0121102621433014400102414501 1202402294.044501
0121102621433114400102414501 1202402294.044522
0121102621433015400102414501 1202402294.044545
0121102621433115400102414501 1202402294.044607
0121102621433016400102414501 1202402294.044628
0121102621433010400202414501 1202402294.044651
0121102621433110400202414501 1202402294.044713
0121102621433102400202414501 1202402294.044735
0121102621433012400202414501 1202402294.044758
0121102621433112400202414501 1202402294.044818
0121102621433122400202414501 1202402294.044839
0121102621433042400202414501 1202402294.044901
0121102621433142400202414501 1202402294.044921
0121102621433052400202414501 1202402294.044942
0121102621433152400202414501 1202402294.045003
0121102621433062400202414501 1202402294.045026
0121102621433162400202414501 1202402294.045047
0121102621433014400202414501 1202402294.045107
0121102621433114400202414501 1202402294.045128
0121102621433015400202414501 1202402294.045151
0121102621433115400202414501 1202402294.045213
0121102621433016400202414501 1202402294.045234
0122102621433515400105414501 1202402294.045920
0126102621433515400105414501 1202402294.045943
0126102625433515400105414501 1202402294.050007
0122102621433515400205414501 1202402294.050520
0126102621433515400205414501 1202402294.050543
0126102625433515400205414501 1202402294.050607
0121102621433010400102614501 1202402294.051047
0121102621433110400102614501 1202402294.051109
0121102621433102400102614501 1202402294.051131
0121102621433012400102614501 1202402294.051154
0121102621433112400102614501 1202402294.051214
0121102621433122400102614501 1202402294.051236
0121102621433042400102614501 1202402294.051257
0121102621433142400102614501 1202402294.051318
0121102621433052400102614501 1202402294.051339
0121102621433152400102614501 1202402294.051400
0121102621433062400102614501 1202402294.051423
0121102621433162400102614501 1202402294.051444
0121102621433014400102614501 1202402294.051504
0121102621433114400102614501 1202402294.051525
0121102621433015400102614501 1202402294.051548
0121102621433115400102614501 1202402294.051610
0121102621433016400102614501 1202402294.051631
0121102621433010400202614501 1202402294.051655
0121102621433110400202614501 1202402294.051716
0121102621433102400202614501 1202402294.051739
0121102621433012400202614501 1202402294.051801
0121102621433112400202614501 1202402294.051822
0121102621433122400202614501 1202402294.051843
0121102621433042400202614501 1202402294.051904
0121102621433142400202614501 1202402294.051925
0121102621433052400202614501 1202402294.051946
0121102621433152400202614501 1202402294.052007
0121102621433062400202614501 1202402294.052030
0121102621433162400202614501 1202402294.052051
0121102621433014400202614501 1202402294.052111
0121102621433114400202614501 1202402294.052132
0121102621433015400202614501 1202402294.052155
0121102621433115400202614501 1202402294.052217
0121102621433016400202614501 1202402294.052238
0122102621433515400105614501 1202402294.053007
0126102621433515400105614501 1202402294.053030
0126102225433515400105614501 1202402294.053054
0126102625433515400105614501 1202402294.053118
0122102621433515400205614501 1202402294.053633
0126102621433515400205614501 1202402294.053657
0126102225433515400205614501 1202402294.053720
0126102625433515400205614501 1202402294.053744
0121102621433010400102014502 1202402294.034648
0121102621433110400102014502 1202402294.034710
0121102621433102400102014502 1202402294.034732
0121102621433012400102014502 1202402294.034754
0121102621433112400102014502 1202402294.034814
0121102621433122400102014502 1202402294.034836
0121102621433042400102014502 1202402294.034857
0121102621433142400102014502 1202402294.034917
0121102621433152400102014502 1202402294.034939
0121102621433062400102014502 1202402294.035002
0121102621433162400102014502 1202402294.035023
0121102621433014400102014502 1202402294.035043
0121102621433114400102014502 1202402294.035103
0121102621433015400102014502 1202402294.035127
0121102621433115400102014502 1202402294.035149
0121102621433016400102014502 1202402294.035209
0121102621433010400202014502 1202402294.035232
0121102621433110400202014502 1202402294.035254
0121102621433102400202014502 1202402294.035316
0121102621433012400202014502 1202402294.035338
0121102621433112400202014502 1202402294.035359
0121102621433122400202014502 1202402294.035420
0121102621433042400202014502 1202402294.035441
0121102621433142400202014502 1202402294.035502
0121102621433152400202014502 1202402294.035523
0121102621433062400202014502 1202402294.035546
0121102621433162400202014502 1202402294.035607
0121102621433014400202014502 1202402294.035627
0121102621433114400202014502 1202402294.035648
0121102621433015400202014502 1202402294.035711
0121102621433115400202014502 1202402294.035733
0121102621433016400202014502 1202402294.035753
0122102621433515400105014502 1202402294.040346
0126102621433515400105014502 1202402294.040410
0126102625433515400105014502 1202402294.040434
0122102621433515400205014502 1202402294.040944
0126102621433515400205014502 1202402294.041008
0126102625433515400205014502 1202402294.041032
0121102621433010400102114502 1202402294.041407
0121102621433110400102114502 1202402294.041429
0121102621433102400102114502 1202402294.041451
0121102621433012400102114502 1202402294.041513
0121102621433112400102114502 1202402294.041534
0121102621433122400102114502 1202402294.041555
0121102621433042400102114502 1202402294.041616
0121102621433142400102114502 1202402294.041637
0121102621433052400102114502 1202402294.041700
0121102621433152400102114502 1202402294.041720
0121102621433062400102114502 1202402294.041744
0121102621433162400102114502 1202402294.041804
0121102621433014400102114502 1202402294.041825
0121102621433114400102114502 1202402294.041845
0121102621433015400102114502 1202402294.041908
0121102621433115400102114502 1202402294.041930
0121102621433016400102114502 1202402294.041951
0121102621433010400202114502 1202402294.042014
0121102621433110400202114502 1202402294.042036
0121102621433102400202114502 1202402294.042058
0121102621433012400202114502 1202402294.042120
0121102621433112400202114502 1202402294.042140
0121102621433122400202114502 1202402294.042202
0121102621433042400202114502 1202402294.042223
0121102621433142400202114502 1202402294.042243
0121102621433052400202114502 1202402294.042306
0121102621433152400202114502 1202402294.042327
0121102621433062400202114502 1202402294.042350
0121102621433162400202114502 1202402294.042411
0121102621433014400202114502 1202402294.042431
0121102621433114400202114502 1202402294.042451
0121102621433015400202114502 1202402294.042515
0121102621433115400202114502 1202402294.042536
0121102621433016400202114502 1202402294.042557
0122102621433515400105114502 1202402294.043225
0126102621433515400105114502 1202402294.043249
0126102625433515400105114502 1202402294.043313
0122102621433515400205114502 1202402294.043823
0126102621433515400205114502 1202402294.043847
0126102625433515400205114502 1202402294.043911
0121102621433010400102214502 1202402294.044441
0121102621433110400102214502 1202402294.044502
0121102621433102400102214502 1202402294.044525
0121102621433012400102214502 1202402294.044547
0121102621433112400102214502 1202402294.044607
0121102621433122400102214502 1202402294.044629
0121102621433042400102214502 1202402294.044650
0121102621433142400102214502 1202402294.044710
0121102621433152400102214502 1202402294.044732
0121102621433062400102214502 1202402294.044755
0121102621433162400102214502 1202402294.044816
0121102621433014400102214502 1202402294.044836
0121102621433114400102214502 1202402294.044856
0121102621433015400102214502 1202402294.044920
0121102621433115400102214502 1202402294.044942
0121102621433016400102214502 1202402294.045002
0121102621433010400202214502 1202402294.045025
0121102621433110400202214502 1202402294.045047
0121102621433102400202214502 1202402294.045109
0121102621433012400202214502 1202402294.045131
0121102621433112400202214502 1202402294.045152
0121102621433122400202214502 1202402294.045213
0121102621433042400202214502 1202402294.045234
0121102621433142400202214502 1202402294.045255
0121102621433152400202214502 1202402294.045316
0121102621433062400202214502 1202402294.045339
0121102621433162400202214502 1202402294.045400
0121102621433014400202214502 1202402294.045420
0121102621433114400202214502 1202402294.045441
0121102621433015400202214502 1202402294.045504
0121102621433115400202214502 1202402294.045526
0121102621433016400202214502 1202402294.045546
0122102621433515400105214502 1202402294.050312
0126102621433515400105214502 1202402294.050336
0126102625433515400105214502 1202402294.050359
0122102621433515400205214502 1202402294.050910
0126102621433515400205214502 1202402294.050934
0126102625433515400205214502 1202402294.050957
0121102621433010400102414502 1202402294.052134
0121102621433110400102414502 1202402294.052156
0121102621433102400102414502 1202402294.052218
0121102621433012400102414502 1202402294.052240
0121102621433112400102414502 1202402294.052301
0121102621433122400102414502 1202402294.052322
0121102621433042400102414502 1202402294.052343
0121102621433142400102414502 1202402294.052404
0121102621433052400102414502 1202402294.052425
0121102621433152400102414502 1202402294.052445
0121102621433062400102414502 1202402294.052509
0121102621433162400102414502 1202402294.052529
0121102621433014400102414502 1202402294.052550
0121102621433114400102414502 1202402294.052610
0121102621433015400102414502 1202402294.052633
0121102621433115400102414502 1202402294.052655
0121102621433016400102414502 1202402294.052716
0121102621433010400202414502 1202402294.052739
0121102621433110400202414502 1202402294.052801
0121102621433102400202414502 1202402294.052823
0121102621433012400202414502 1202402294.052845
0121102621433112400202414502 1202402294.052906
0121102621433122400202414502 1202402294.052927
0121102621433042400202414502 1202402294.052948
0121102621433142400202414502 1202402294.053009
0121102621433052400202414502 1202402294.053030
0121102621433152400202414502 1202402294.053050
0121102621433062400202414502 1202402294.053114
0121102621433162400202414502 1202402294.053134
0121102621433014400202414502 1202402294.053155
0121102621433114400202414502 1202402294.053215
0121102621433015400202414502 1202402294.053238
0121102621433115400202414502 1202402294.053300
0121102621433016400202414502 1202402294.053321
0122102621433515400105414502 1202402294.053935
0126102621433515400105414502 1202402294.053958
0126102625433515400105414502 1202402294.054022
0122102621433515400205414502 1202402294.054533
0126102621433515400205414502 1202402294.054556
0126102625433515400205414502 1202402294.054620
0121102621433010400102614502 1202402294.055023
0121102621433110400102614502 1202402294.055045
0121102621433102400102614502 1202402294.055107
0121102621433012400102614502 1202402294.055130
0121102621433112400102614502 1202402294.055150
0121102621433122400102614502 1202402294.055212
0121102621433042400102614502 1202402294.055233
0121102621433142400102614502 1202402294.055253
0121102621433052400102614502 1202402294.055315
0121102621433152400102614502 1202402294.055335
0121102621433062400102614502 1202402294.055359
0121102621433162400102614502 1202402294.055419
0121102621433014400102614502 1202402294.055440
0121102621433114400102614502 1202402294.055500
0121102621433015400102614502 1202402294.055524
0121102621433115400102614502 1202402294.055545
0121102621433016400102614502 1202402294.055606
0121102621433010400202614502 1202402294.055629
0121102621433110400202614502 1202402294.055651
0121102621433102400202614502 1202402294.055713
0121102621433012400202614502 1202402294.055735
0121102621433112400202614502 1202402294.055756
0121102621433122400202614502 1202402294.055817
0121102621433042400202614502 1202402294.055838
0121102621433142400202614502 1202402294.055859
0121102621433052400202614502 1202402294.055920
0121102621433152400202614502 1202402294.055941
0121102621433062400202614502 1202402294.060004
0121102621433162400202614502 1202402294.060025
0121102621433014400202614502 1202402294.060045
0121102621433114400202614502 1202402294.060106
0121102621433015400202614502 1202402294.060129
0121102621433115400202614502 1202402294.060151
0121102621433016400202614502 1202402294.060211
0122102621433515400105614502 1202402294.060853
0126102621433515400105614502 1202402294.060916
0124102225433515400105614502 1202402294.060940
0126102225433515400105614502 1202402294.061004
0126102625433515400105614502 1202402294.061028
0122102621433515400205614502 1202402294.061540
0126102621433515400205614502 1202402294.061604
0124102225433515400205614502 1202402294.061628
0126102225433515400205614502 1202402294.061652
0126102625433515400205614502 1202402294.061716
0126102625433515400105014102 1202402294.083512
0126102625433515400205014102 1202402294.083621
0126102625433515400105114102 1202402294.091033
0126102625433515400205114102 1202402294.091206
0126102625433515400105214102 1202402294.102509
0126102625433515400205214102 1202402294.102619
0126102625433515400105414102 1202402294.112356
0126102625433515400205414102 1202402294.112522
0126102625433515400105614102 1202402294.115921
0126102625433515400205614102 1202402294.120101
0126102625433510400105014202 1202403015.012626
0126102625433515400105014202 1202403015.012743
0126102625433510400205014202 1202403015.014447
0126102625433515400205014202 1202403015.014603
0122102625433510400105114202 1202403015.020538
0126102625433510400105114202 1202403015.020602
0126102625433515400105114202 1202403015.020734
0122102625433510400205114202 1202403015.022152
0126102625433510400205114202 1202403015.022215
0126102625433515400205114202 1202403015.022347
0122102625433510400105214202 1202403015.024835
0126102625433510400105214202 1202403015.024859
0126102625433515400105214202 1202403015.025055
0122102625433510400205214202 1202403015.030758
0126102625433510400205214202 1202403015.030822
0126102625433515400205214202 1202403015.031017
0122106521433010400106214202 1202403015.032853
0122106521433110400106214202 1202403015.032912
0122102521433060400106214202 1202403015.032931
0122106521433060400106214202 1202403015.032950
0122106521433160400106214202 1202403015.033009
0122106521433001400106214202 1202403015.033028
0122106521433011400106214202 1202403015.033047
0122106521433041400106214202 1202403015.033107
0122106521433051400106214202 1202403015.033126
0122106521433061400106214202 1202403015.033145
0122102521433014400106214202 1202403015.033204
0122106521433014400106214202 1202403015.033224
0122102521433064400106214202 1202403015.033251
0122106521433064400106214202 1202403015.033311
0122102521433164400106214202 1202403015.033330
0122102521433006400106214202 1202403015.033349
0122106521433006400106214202 1202403015.033408
0122102521433016400106214202 1202403015.033427
0122106521433016400106214202 1202403015.033446
0122102521433046400106214202 1202403015.033505
0122106521433046400106214202 1202403015.033524
0122106521433056400106214202 1202403015.033544
0122102521433066400106214202 1202403015.033602
0122106521433066400106214202 1202403015.033622
0122106521433010400206214202 1202403015.033641
0122106521433110400206214202 1202403015.033700
0122102521433060400206214202 1202403015.033719
0122106521433060400206214202 1202403015.033738
0122106521433160400206214202 1202403015.033757
0122106521433001400206214202 1202403015.033816
0122106521433011400206214202 1202403015.033835
0122106521433041400206214202 1202403015.033854
0122106521433051400206214202 1202403015.033914
0122106521433061400206214202 1202403015.033933
0122102521433014400206214202 1202403015.033952
0122106521433014400206214202 1202403015.034011
0122102521433064400206214202 1202403015.034039
0122106521433064400206214202 1202403015.034058
0122102521433164400206214202 1202403015.034117
0122102521433006400206214202 1202403015.034136
0122106521433006400206214202 1202403015.034155
0122102521433016400206214202 1202403015.034214
0122106521433016400206214202 1202403015.034233
0122102521433046400206214202 1202403015.034252
0122106521433046400206214202 1202403015.034311
0122106521433056400206214202 1202403015.034331
0122102521433066400206214202 1202403015.034349
0122106521433066400206214202 1202403015.034409
0122102625433510400105414202 1202403015.034849
0126102625433510400105414202 1202403015.034913
0126102625433515400105414202 1202403015.035046
0122102625433510400205414202 1202403015.040503
0126102625433510400205414202 1202403015.040527
0126102625433515400205414202 1202403015.040659
0122102625433510400105614202 1202403015.042412
0126102625433510400105614202 1202403015.042436
0126102625433515400105614202 1202403015.042626
0122102625433510400205614202 1202403015.044330
0126102625433510400205614202 1202403015.044354
0126102625433515400205614202 1202403015.044543
0121106521433541400105224202 1202403015.052111
0121106521433551400105224202 1202403015.052140
0121106521433546400105224202 1202403015.052525
0121106521433556400105224202 1202403015.052626
0121106521433541400205224202 1202403015.052826
0121106521433551400205224202 1202403015.052855
0121106521433546400205224202 1202403015.053251
0121106521433556400205224202 1202403015.053353
0122102521433010400106224202 1202403015.053641
0122106521433010400106224202 1202403015.053700
0122102521433110400106224202 1202403015.053719
0122106521433110400106224202 1202403015.053739
0122100521433060400106224202 1202403015.053758
0122102521433060400106224202 1202403015.053817
0122103521433060400106224202 1202403015.053837
0122104521433060400106224202 1202403015.053856
0122105521433060400106224202 1202403015.053915
0122106521433060400106224202 1202403015.053935
0122100521433160400106224202 1202403015.053954
0122102521433160400106224202 1202403015.054013
0122103521433160400106224202 1202403015.054032
0122104521433160400106224202 1202403015.054052
0122105521433160400106224202 1202403015.054111
0122106521433160400106224202 1202403015.054130
0122106521433001400106224202 1202403015.054149
0122106521433011400106224202 1202403015.054208
0122106521433041400106224202 1202403015.054235
0122106521433141400106224202 1202403015.054254
0122106521433151400106224202 1202403015.054313
0122100521433061400106224202 1202403015.054333
0122104521433061400106224202 1202403015.054352
0122105521433061400106224202 1202403015.054411
0122106521433061400106224202 1202403015.054431
0122105521433161400106224202 1202403015.054507
0122102521433014400106224202 1202403015.054538
0122106521433014400106224202 1202403015.054557
0122102521433114400106224202 1202403015.054617
0122100521433064400106224202 1202403015.054636
0122102521433064400106224202 1202403015.054655
0122103521433064400106224202 1202403015.054715
0122104521433064400106224202 1202403015.054734
0122105521433064400106224202 1202403015.054753
0122106521433064400106224202 1202403015.054812
0122100521433006400106224202 1202403015.054832
0122102521433006400106224202 1202403015.054851
0122103521433006400106224202 1202403015.054910
0122104521433006400106224202 1202403015.054929
0122105521433006400106224202 1202403015.054948
0122106521433006400106224202 1202403015.055007
0122102521433016400106224202 1202403015.055027
0122104521433016400106224202 1202403015.055046
0122106521433016400106224202 1202403015.055105
0122102521433116400106224202 1202403015.055125
0122104521433116400106224202 1202403015.055144
0122100521433046400106224202 1202403015.055210
0122102521433046400106224202 1202403015.055230
0122103521433046400106224202 1202403015.055249
0122104521433046400106224202 1202403015.055308
0122105521433046400106224202 1202403015.055327
0122106521433046400106224202 1202403015.055346
0122100521433146400106224202 1202403015.055406
0122102521433146400106224202 1202403015.055425
0122103521433146400106224202 1202403015.055445
0122104521433146400106224202 1202403015.055504
0122105521433146400106224202 1202403015.055524
0122106521433146400106224202 1202403015.055543
0122100521433156400106224202 1202403015.055602
0122102521433156400106224202 1202403015.055622
0122103521433156400106224202 1202403015.055641
0122104521433156400106224202 1202403015.055700
0122105521433156400106224202 1202403015.055719
0122106521433156400106224202 1202403015.055738
0122100521433066400106224202 1202403015.055757
0122102521433066400106224202 1202403015.055817
0122103521433066400106224202 1202403015.055836
0122104521433066400106224202 1202403015.055855
0122105521433066400106224202 1202403015.055914
0122106521433066400106224202 1202403015.055934
0122102521433010400206224202 1202403015.060035
0122106521433010400206224202 1202403015.060055
0122102521433110400206224202 1202403015.060114
0122106521433110400206224202 1202403015.060133
0122100521433060400206224202 1202403015.060153
0122102521433060400206224202 1202403015.060212
0122103521433060400206224202 1202403015.060231
0122104521433060400206224202 1202403015.060250
0122105521433060400206224202 1202403015.060310
0122106521433060400206224202 1202403015.060329
0122100521433160400206224202 1202403015.060348
0122102521433160400206224202 1202403015.060407
0122103521433160400206224202 1202403015.060427
0122104521433160400206224202 1202403015.060446
0122105521433160400206224202 1202403015.060505
0122106521433160400206224202 1202403015.060525
0122106521433001400206224202 1202403015.060544
0122106521433011400206224202 1202403015.060603
0122106521433041400206224202 1202403015.060629
0122106521433141400206224202 1202403015.060649
0122106521433151400206224202 1202403015.060708
0122100521433061400206224202 1202403015.060727
0122104521433061400206224202 1202403015.060746
0122105521433061400206224202 1202403015.060806
0122106521433061400206224202 1202403015.060825
0122105521433161400206224202 1202403015.060902
0122102521433014400206224202 1202403015.060932
0122106521433014400206224202 1202403015.060952
0122102521433114400206224202 1202403015.061011
0122100521433064400206224202 1202403015.061030
0122102521433064400206224202 1202403015.061050
0122103521433064400206224202 1202403015.061109
0122104521433064400206224202 1202403015.061128
0122105521433064400206224202 1202403015.061148
0122106521433064400206224202 1202403015.061207
0122100521433006400206224202 1202403015.061226
0122102521433006400206224202 1202403015.061246
0122103521433006400206224202 1202403015.061305
0122104521433006400206224202 1202403015.061324
0122105521433006400206224202 1202403015.061343
0122106521433006400206224202 1202403015.061402
0122102521433016400206224202 1202403015.061421
0122104521433016400206224202 1202403015.061440
0122106521433016400206224202 1202403015.061500
0122102521433116400206224202 1202403015.061519
0122104521433116400206224202 1202403015.061539
0122100521433046400206224202 1202403015.061605
0122102521433046400206224202 1202403015.061624
0122103521433046400206224202 1202403015.061643
0122104521433046400206224202 1202403015.061702
0122105521433046400206224202 1202403015.061721
0122106521433046400206224202 1202403015.061741
0122100521433146400206224202 1202403015.061800
0122102521433146400206224202 1202403015.061820
0122103521433146400206224202 1202403015.061839
0122104521433146400206224202 1202403015.061859
0122105521433146400206224202 1202403015.061918
0122106521433146400206224202 1202403015.061938
0122100521433156400206224202 1202403015.061957
0122102521433156400206224202 1202403015.062016
0122103521433156400206224202 1202403015.062035
0122104521433156400206224202 1202403015.062054
0122105521433156400206224202 1202403015.062113
0122106521433156400206224202 1202403015.062132
0122100521433066400206224202 1202403015.062152
0122102521433066400206224202 1202403015.062211
0122103521433066400206224202 1202403015.062230
0122104521433066400206224202 1202403015.062250
0122105521433066400206224202 1202403015.062309
0122106521433066400206224202 1202403015.062328
0122102521433010400106264202 1202403015.082848
0122106521433010400106264202 1202403015.082907
0122102521433110400106264202 1202403015.082926
0122106521433110400106264202 1202403015.082945
0122100521433060400106264202 1202403015.083005
0122102521433060400106264202 1202403015.083024
0122103521433060400106264202 1202403015.083043
0122104521433060400106264202 1202403015.083102
0122105521433060400106264202 1202403015.083121
0122106521433060400106264202 1202403015.083140
0122100521433160400106264202 1202403015.083200
0122102521433160400106264202 1202403015.083219
0122103521433160400106264202 1202403015.083238
0122104521433160400106264202 1202403015.083257
0122105521433160400106264202 1202403015.083316
0122106521433160400106264202 1202403015.083335
0122106521433001400106264202 1202403015.083355
0122106521433011400106264202 1202403015.083414
0122106521433041400106264202 1202403015.083433
0122106521433051400106264202 1202403015.083452
0122104521433061400106264202 1202403015.083511
0122106521433061400106264202 1202403015.083531
0122100521433161400106264202 1202403015.083550
0122102521433014400106264202 1202403015.083609
0122106521433014400106264202 1202403015.083628
0122100521433064400106264202 1202403015.083648
0122102521433064400106264202 1202403015.083707
0122103521433064400106264202 1202403015.083726
0122104521433064400106264202 1202403015.083746
0122105521433064400106264202 1202403015.083805
0122106521433064400106264202 1202403015.083824
0122100521433006400106264202 1202403015.083844
0122102521433006400106264202 1202403015.083903
0122103521433006400106264202 1202403015.083922
0122104521433006400106264202 1202403015.083941
0122105521433006400106264202 1202403015.084000
0122106521433006400106264202 1202403015.084019
0122102521433016400106264202 1202403015.084038
0122104521433016400106264202 1202403015.084057
0122106521433016400106264202 1202403015.084116
0122100521433046400106264202 1202403015.084135
0122102521433046400106264202 1202403015.084155
0122103521433046400106264202 1202403015.084214
0122104521433046400106264202 1202403015.084233
0122105521433046400106264202 1202403015.084252
0122106521433046400106264202 1202403015.084311
0122100521433056400106264202 1202403015.084330
0122102521433056400106264202 1202403015.084350
0122103521433056400106264202 1202403015.084409
0122104521433056400106264202 1202403015.084428
0122105521433056400106264202 1202403015.084447
0122106521433056400106264202 1202403015.084507
0122100521433066400106264202 1202403015.084526
0122102521433066400106264202 1202403015.084545
0122103521433066400106264202 1202403015.084604
0122104521433066400106264202 1202403015.084623
0122105521433066400106264202 1202403015.084643
0122106521433066400106264202 1202403015.084702
0122102521433010400206264202 1202403015.084721
0122106521433010400206264202 1202403015.084740
0122102521433110400206264202 1202403015.084759
0122106521433110400206264202 1202403015.084818
0122100521433060400206264202 1202403015.084838
0122102521433060400206264202 1202403015.084857
0122103521433060400206264202 1202403015.084916
0122104521433060400206264202 1202403015.084935
0122105521433060400206264202 1202403015.084954
0122106521433060400206264202 1202403015.085013
0122100521433160400206264202 1202403015.085032
0122102521433160400206264202 1202403015.085052
0122103521433160400206264202 1202403015.085111
0122104521433160400206264202 1202403015.085130
0122105521433160400206264202 1202403015.085149
0122106521433160400206264202 1202403015.085208
0122106521433001400206264202 1202403015.085227
0122106521433011400206264202 1202403015.085247
0122106521433041400206264202 1202403015.085306
0122106521433051400206264202 1202403015.085325
0122104521433061400206264202 1202403015.085344
0122106521433061400206264202 1202403015.085403
0122100521433161400206264202 1202403015.085422
0122102521433014400206264202 1202403015.085442
0122106521433014400206264202 1202403015.085501
0122100521433064400206264202 1202403015.085520
0122102521433064400206264202 1202403015.085540
0122103521433064400206264202 1202403015.085559
0122104521433064400206264202 1202403015.085619
0122105521433064400206264202 1202403015.085638
0122106521433064400206264202 1202403015.085657
0122100521433006400206264202 1202403015.085717
0122102521433006400206264202 1202403015.085736
0122103521433006400206264202 1202403015.085755
0122104521433006400206264202 1202403015.085814
0122105521433006400206264202 1202403015.085833
0122106521433006400206264202 1202403015.085852
0122102521433016400206264202 1202403015.085911
0122104521433016400206264202 1202403015.085930
0122106521433016400206264202 1202403015.085949
0122100521433046400206264202 1202403015.090008
0122102521433046400206264202 1202403015.090027
0122103521433046400206264202 1202403015.090047
0122104521433046400206264202 1202403015.090106
0122105521433046400206264202 1202403015.090125
0122106521433046400206264202 1202403015.090144
0122100521433056400206264202 1202403015.090203
0122102521433056400206264202 1202403015.090222
0122103521433056400206264202 1202403015.090242
0122104521433056400206264202 1202403015.090301
0122105521433056400206264202 1202403015.090320
0122106521433056400206264202 1202403015.090339
0122100521433066400206264202 1202403015.090359
0122102521433066400206264202 1202403015.090418
0122103521433066400206264202 1202403015.090437
0122104521433066400206264202 1202403015.090456
0122105521433066400206264202 1202403015.090515
0122106521433066400206264202 1202403015.090534
0121102521433160400102464202 1202403015.091011
0121102521433065400102464202 1202403015.091040
0121102521433106400102464202 1202403015.091105
0121102521433116400102464202 1202403015.091130
0121102521433126400102464202 1202403015.091155
0121102521433146400102464202 1202403015.091220
0121102521433156400102464202 1202403015.091245
0121102521433166400102464202 1202403015.091310
0121102521433102400102624001 1202402294.030443
0121102521433112400102624001 1202402294.030503
0121102521433122400102624001 1202402294.030524
0121102521433142400102624001 1202402294.030544
0121102521433152400102624001 1202402294.030605
0121102521433162400102624001 1202402294.030625
0121102521433102400202624001 1202402294.030653
0121102521433112400202624001 1202402294.030714
0121102521433122400202624001 1202402294.030734
0121102521433142400202624001 1202402294.030754
0121102521433152400202624001 1202402294.030815
0121102521433162400202624001 1202402294.030835
0126102625433515400105014101 1202402294.090411
0126102625433515400205014101 1202402294.090521
0126102625433515400105114101 1202402294.094003
0126102625433515400205114101 1202402294.094137
0126102625433515400105214101 1202402294.105459
0126102625433515400205214101 1202402294.105610
0126102625433515400105414101 1202402294.115452
0126102625433515400205414101 1202402294.115619
0126102625433515400105614101 1202402294.122658
0126102625433515400205614101 1202402294.122812
0126102625433510400105014201 1202403015.025442
0126102625433515400105014201 1202403015.025559
0126102625433510400205014201 1202403015.031303
0126102625433515400205014201 1202403015.031420
0122102625433510400105114201 1202403015.033523
0126102625433510400105114201 1202403015.033547
0126102625433515400105114201 1202403015.033719
0122102625433510400205114201 1202403015.035137
0126102625433510400205114201 1202403015.035200
0126102625433515400205114201 1202403015.035333
0122102625433510400105214201 1202403015.041915
0126102625433510400105214201 1202403015.041939
0126102625433515400105214201 1202403015.042135
0122102625433510400205214201 1202403015.043839
0126102625433510400205214201 1202403015.043902
0126102625433515400205214201 1202403015.044058
0122106521433010400106214201 1202403015.045941
0122106521433110400106214201 1202403015.050000
0122102521433060400106214201 1202403015.050019
0122106521433060400106214201 1202403015.050039
0122106521433160400106214201 1202403015.050058
0122106521433001400106214201 1202403015.050117
0122106521433011400106214201 1202403015.050136
0122106521433041400106214201 1202403015.050155
0122106521433051400106214201 1202403015.050215
0122106521433061400106214201 1202403015.050234
0122102521433014400106214201 1202403015.050253
0122106521433014400106214201 1202403015.050313
0122102521433064400106214201 1202403015.050340
0122106521433064400106214201 1202403015.050400
0122102521433164400106214201 1202403015.050419
0122102521433006400106214201 1202403015.050438
0122106521433006400106214201 1202403015.050457
0122102521433016400106214201 1202403015.050516
0122106521433016400106214201 1202403015.050536
0122102521433046400106214201 1202403015.050555
0122106521433046400106214201 1202403015.050614
0122106521433056400106214201 1202403015.050633
0122102521433066400106214201 1202403015.050652
0122106521433066400106214201 1202403015.050711
0122106521433010400206214201 1202403015.050730
0122106521433110400206214201 1202403015.050749
0122102521433060400206214201 1202403015.050808
0122106521433060400206214201 1202403015.050827
0122106521433160400206214201 1202403015.050847
0122106521433001400206214201 1202403015.050906
0122106521433011400206214201 1202403015.050925
0122106521433041400206214201 1202403015.050944
0122106521433051400206214201 1202403015.051003
0122106521433061400206214201 1202403015.051022
0122102521433014400206214201 1202403015.051042
0122106521433014400206214201 1202403015.051101
0122102521433064400206214201 1202403015.051129
0122106521433064400206214201 1202403015.051148
0122102521433164400206214201 1202403015.051207
0122102521433006400206214201 1202403015.051226
0122106521433006400206214201 1202403015.051245
0122102521433016400206214201 1202403015.051304
0122106521433016400206214201 1202403015.051323
0122102521433046400206214201 1202403015.051343
0122106521433046400206214201 1202403015.051402
0122106521433056400206214201 1202403015.051421
0122102521433066400206214201 1202403015.051440
0122106521433066400206214201 1202403015.051459
0122102625433510400105414201 1202403015.052334
0126102625433510400105414201 1202403015.052358
0126102625433515400105414201 1202403015.052531
0122102625433510400205414201 1202403015.053949
0126102625433510400205414201 1202403015.054012
0126102625433515400205414201 1202403015.054145
0122102625433510400105614201 1202403015.060214
0126102625433510400105614201 1202403015.060238
0126102625433515400105614201 1202403015.060429
0122102625433510400205614201 1202403015.062133
0126102625433510400205614201 1202403015.062157
0126102625433515400205614201 1202403015.062347
0122102521433062400106614201 1202403015.064104
0122102521433014400106614201 1202403015.064124
0122102521433064400106614201 1202403015.064143
0122102521433062400206614201 1202403015.064204
0122102521433014400206614201 1202403015.064224
0122102521433064400206614201 1202403015.064243
0122102521433010400106224201 1202403015.071343
0122106521433010400106224201 1202403015.071402
0122102521433110400106224201 1202403015.071421
0122106521433110400106224201 1202403015.071441
0122100521433060400106224201 1202403015.071500
0122102521433060400106224201 1202403015.071519
0122103521433060400106224201 1202403015.071539
0122104521433060400106224201 1202403015.071558
0122105521433060400106224201 1202403015.071617
0122106521433060400106224201 1202403015.071637
0122100521433160400106224201 1202403015.071656
0122102521433160400106224201 1202403015.071715
0122103521433160400106224201 1202403015.071734
0122104521433160400106224201 1202403015.071754
0122105521433160400106224201 1202403015.071813
0122106521433160400106224201 1202403015.071832
0122106521433001400106224201 1202403015.071851
0122106521433011400106224201 1202403015.071910
0122106521433041400106224201 1202403015.071937
0122106521433141400106224201 1202403015.071956
0122106521433151400106224201 1202403015.072015
0122100521433061400106224201 1202403015.072035
0122104521433061400106224201 1202403015.072054
0122105521433061400106224201 1202403015.072113
0122106521433061400106224201 1202403015.072133
0122105521433161400106224201 1202403015.072209
0122102521433014400106224201 1202403015.072240
0122106521433014400106224201 1202403015.072259
0122102521433114400106224201 1202403015.072319
0122100521433064400106224201 1202403015.072338
0122102521433064400106224201 1202403015.072357
0122103521433064400106224201 1202403015.072417
0122104521433064400106224201 1202403015.072436
0122105521433064400106224201 1202403015.072455
0122106521433064400106224201 1202403015.072514
0122100521433006400106224201 1202403015.072534
0122102521433006400106224201 1202403015.072553
0122103521433006400106224201 1202403015.072612
0122104521433006400106224201 1202403015.072631
0122105521433006400106224201 1202403015.072650
0122106521433006400106224201 1202403015.072709
0122102521433016400106224201 1202403015.072729
0122104521433016400106224201 1202403015.072748
0122106521433016400106224201 1202403015.072807
0122102521433116400106224201 1202403015.072827
0122104521433116400106224201 1202403015.072846
0122100521433046400106224201 1202403015.072912
0122102521433046400106224201 1202403015.072932
0122103521433046400106224201 1202403015.072951
0122104521433046400106224201 1202403015.073010
0122105521433046400106224201 1202403015.073029
0122106521433046400106224201 1202403015.073048
0122100521433146400106224201 1202403015.073108
0122102521433146400106224201 1202403015.073127
0122103521433146400106224201 1202403015.073147
0122104521433146400106224201 1202403015.073206
0122105521433146400106224201 1202403015.073226
0122106521433146400106224201 1202403015.073245
0122100521433156400106224201 1202403015.073304
0122102521433156400106224201 1202403015.073323
0122103521433156400106224201 1202403015.073343
0122104521433156400106224201 1202403015.073402
0122105521433156400106224201 1202403015.073421
0122106521433156400106224201 1202403015.073440
0122100521433066400106224201 1202403015.073459
0122102521433066400106224201 1202403015.073518
0122103521433066400106224201 1202403015.073538
0122104521433066400106224201 1202403015.073557
0122105521433066400106224201 1202403015.073616
0122106521433066400106224201 1202403015.073636
0122102521433010400206224201 1202403015.073737
0122106521433010400206224201 1202403015.073756
0122102521433110400206224201 1202403015.073816
0122106521433110400206224201 1202403015.073835
0122100521433060400206224201 1202403015.073854
0122102521433060400206224201 1202403015.073914
0122103521433060400206224201 1202403015.073933
0122104521433060400206224201 1202403015.073952
0122105521433060400206224201 1202403015.074011
0122106521433060400206224201 1202403015.074031
0122100521433160400206224201 1202403015.074050
0122102521433160400206224201 1202403015.074109
0122103521433160400206224201 1202403015.074128
0122104521433160400206224201 1202403015.074148
0122105521433160400206224201 1202403015.074207
0122106521433160400206224201 1202403015.074226
0122106521433001400206224201 1202403015.074245
0122106521433011400206224201 1202403015.074305
0122106521433041400206224201 1202403015.074331
0122106521433141400206224201 1202403015.074350
0122106521433151400206224201 1202403015.074409
0122100521433061400206224201 1202403015.074429
0122104521433061400206224201 1202403015.074448
0122105521433061400206224201 1202403015.074507
0122106521433061400206224201 1202403015.074527
0122105521433161400206224201 1202403015.074603
0122102521433014400206224201 1202403015.074634
0122106521433014400206224201 1202403015.074653
0122102521433114400206224201 1202403015.074713
0122100521433064400206224201 1202403015.074732
0122102521433064400206224201 1202403015.074751
0122103521433064400206224201 1202403015.074811
0122104521433064400206224201 1202403015.074830
0122105521433064400206224201 1202403015.074849
0122106521433064400206224201 1202403015.074908
0122100521433006400206224201 1202403015.074928
0122102521433006400206224201 1202403015.074947
0122103521433006400206224201 1202403015.075006
0122104521433006400206224201 1202403015.075025
0122105521433006400206224201 1202403015.075044
0122106521433006400206224201 1202403015.075103
0122102521433016400206224201 1202403015.075123
0122104521433016400206224201 1202403015.075142
0122106521433016400206224201 1202403015.075201
0122102521433116400206224201 1202403015.075221
0122104521433116400206224201 1202403015.075240
0122100521433046400206224201 1202403015.075306
0122102521433046400206224201 1202403015.075325
0122103521433046400206224201 1202403015.075345
0122104521433046400206224201 1202403015.075404
0122105521433046400206224201 1202403015.075423
0122106521433046400206224201 1202403015.075442
0122100521433146400206224201 1202403015.075502
0122102521433146400206224201 1202403015.075521
0122103521433146400206224201 1202403015.075541
0122104521433146400206224201 1202403015.075600
0122105521433146400206224201 1202403015.075620
0122106521433146400206224201 1202403015.075639
0122100521433156400206224201 1202403015.075658
0122102521433156400206224201 1202403015.075717
0122103521433156400206224201 1202403015.075736
0122104521433156400206224201 1202403015.075756
0122105521433156400206224201 1202403015.075815
0122106521433156400206224201 1202403015.075834
0122100521433066400206224201 1202403015.075853
0122102521433066400206224201 1202403015.075912
0122103521433066400206224201 1202403015.075932
0122104521433066400206224201 1202403015.075951
0122105521433066400206224201 1202403015.080010
0122106521433066400206224201 1202403015.080029
0122106521433010400106264201 1202403015.100608
0122106521433110400106264201 1202403015.100627
0122100521433060400106264201 1202403015.100646
0122102521433060400106264201 1202403015.100706
0122103521433060400106264201 1202403015.100725
0122104521433060400106264201 1202403015.100744
0122105521433060400106264201 1202403015.100803
0122106521433060400106264201 1202403015.100822
0122100521433160400106264201 1202403015.100841
0122102521433160400106264201 1202403015.100900
0122103521433160400106264201 1202403015.100920
0122104521433160400106264201 1202403015.100939
0122105521433160400106264201 1202403015.100958
0122106521433160400106264201 1202403015.101017
0122106521433001400106264201 1202403015.101036
0122106521433011400106264201 1202403015.101055
0122106521433041400106264201 1202403015.101114
0122106521433051400106264201 1202403015.101134
0122104521433061400106264201 1202403015.101153
0122106521433061400106264201 1202403015.101212
0122102521433014400106264201 1202403015.101231
0122106521433014400106264201 1202403015.101251
0122100521433064400106264201 1202403015.101310
0122102521433064400106264201 1202403015.101330
0122103521433064400106264201 1202403015.101349
0122104521433064400106264201 1202403015.101408
0122105521433064400106264201 1202403015.101427
0122106521433064400106264201 1202403015.101447
0122100521433006400106264201 1202403015.101506
0122102521433006400106264201 1202403015.101525
0122103521433006400106264201 1202403015.101544
0122104521433006400106264201 1202403015.101603
0122105521433006400106264201 1202403015.101622
0122106521433006400106264201 1202403015.101641
0122102521433016400106264201 1202403015.101700
0122104521433016400106264201 1202403015.101719
0122106521433016400106264201 1202403015.101739
0122100521433046400106264201 1202403015.101758
0122102521433046400106264201 1202403015.101817
0122103521433046400106264201 1202403015.101836
0122104521433046400106264201 1202403015.101855
0122105521433046400106264201 1202403015.101914
0122106521433046400106264201 1202403015.101933
0122100521433056400106264201 1202403015.101953
0122102521433056400106264201 1202403015.102012
0122103521433056400106264201 1202403015.102031
0122104521433056400106264201 1202403015.102050
0122105521433056400106264201 1202403015.102110
0122106521433056400106264201 1202403015.102129
0122100521433066400106264201 1202403015.102148
0122102521433066400106264201 1202403015.102207
0122103521433066400106264201 1202403015.102226
0122104521433066400106264201 1202403015.102246
0122105521433066400106264201 1202403015.102305
0122106521433066400106264201 1202403015.102324
0122106521433010400206264201 1202403015.102343
0122106521433110400206264201 1202403015.102402
0122100521433060400206264201 1202403015.102421
0122102521433060400206264201 1202403015.102441
0122103521433060400206264201 1202403015.102500
0122104521433060400206264201 1202403015.102519
0122105521433060400206264201 1202403015.102538
0122106521433060400206264201 1202403015.102557
0122100521433160400206264201 1202403015.102616
0122102521433160400206264201 1202403015.102635
0122103521433160400206264201 1202403015.102655
0122104521433160400206264201 1202403015.102714
0122105521433160400206264201 1202403015.102733
0122106521433160400206264201 1202403015.102752
0122106521433001400206264201 1202403015.102811
0122106521433011400206264201 1202403015.102830
0122106521433041400206264201 1202403015.102849
0122106521433051400206264201 1202403015.102909
0122104521433061400206264201 1202403015.102928
0122106521433061400206264201 1202403015.102947
0122102521433014400206264201 1202403015.103006
0122106521433014400206264201 1202403015.103026
0122100521433064400206264201 1202403015.103045
0122102521433064400206264201 1202403015.103104
0122103521433064400206264201 1202403015.103124
0122104521433064400206264201 1202403015.103143
0122105521433064400206264201 1202403015.103202
0122106521433064400206264201 1202403015.103222
0122100521433006400206264201 1202403015.103241
0122102521433006400206264201 1202403015.103300
0122103521433006400206264201 1202403015.103319
0122104521433006400206264201 1202403015.103338
0122105521433006400206264201 1202403015.103357
0122106521433006400206264201 1202403015.103416
0122102521433016400206264201 1202403015.103435
0122104521433016400206264201 1202403015.103454
0122106521433016400206264201 1202403015.103513
0122100521433046400206264201 1202403015.103533
0122102521433046400206264201 1202403015.103552
0122103521433046400206264201 1202403015.103611
0122104521433046400206264201 1202403015.103630
0122105521433046400206264201 1202403015.103649
0122106521433046400206264201 1202403015.103708
0122100521433056400206264201 1202403015.103728
0122102521433056400206264201 1202403015.103747
0122103521433056400206264201 1202403015.103806
0122104521433056400206264201 1202403015.103825
0122105521433056400206264201 1202403015.103844
0122106521433056400206264201 1202403015.103904
0122100521433066400206264201 1202403015.103923
0122102521433066400206264201 1202403015.103942
0122103521433066400206264201 1202403015.104001
0122104521433066400206264201 1202403015.104020
0122105521433066400206264201 1202403015.104040
0122106521433066400206264201 1202403015.104059
