0122102621433515400105114502 1202403155.222556
0126102621433515400105114502 1202403155.222619
0126102625433515400105114502 1202403155.222641
0122102621433515400205114502 1202403155.223133
0126102621433515400205114502 1202403155.223155
0126102625433515400205114502 1202403155.223218
0121102621433010400102214502 1202403155.223736
0121102621433110400102214502 1202403155.223757
0121102621433102400102214502 1202403155.223818
0121102621433012400102214502 1202403155.223839
0121102621433112400102214502 1202403155.223858
0121102621433122400102214502 1202403155.223918
0121102621433042400102214502 1202403155.223938
0121102621433142400102214502 1202403155.223958
0121102621433152400102214502 1202403155.224018
0121102621433062400102214502 1202403155.224040
0121102621433162400102214502 1202403155.224100
0121102621433014400102214502 1202403155.224119
0121102621433114400102214502 1202403155.224138
0121102621433015400102214502 1202403155.224200
0121102621433115400102214502 1202403155.224222
0121102621433016400102214502 1202403155.224242
0121102621433010400202214502 1202403155.224303
0121102621433110400202214502 1202403155.224324
0121102621433102400202214502 1202403155.224345
0121102621433012400202214502 1202403155.224406
0121102621433112400202214502 1202403155.224426
0121102621433122400202214502 1202403155.224447
0121102621433042400202214502 1202403155.224507
0121102621433142400202214502 1202403155.224526
0121102621433152400202214502 1202403155.224546
0121102621433062400202214502 1202403155.224608
0121102621433162400202214502 1202403155.224628
0121102621433014400202214502 1202403155.224647
0121102621433114400202214502 1202403155.224706
0121102621433015400202214502 1202403155.224728
0121102621433115400202214502 1202403155.224749
0121102621433016400202214502 1202403155.224808
0122102621433515400105214502 1202403155.225513
0126102621433515400105214502 1202403155.225537
0126102625433515400105214502 1202403155.225559
0122102621433515400205214502 1202403155.230052
0126102621433515400205214502 1202403155.230114
0126102625433515400205214502 1202403155.230137
0121102621433010400102414502 1202403155.231243
0121102621433110400102414502 1202403155.231303
0121102621433102400102414502 1202403155.231324
0121102621433012400102414502 1202403155.231345
0121102621433112400102414502 1202403155.231405
0121102621433122400102414502 1202403155.231425
0121102621433042400102414502 1202403155.231445
0121102621433142400102414502 1202403155.231504
0121102621433052400102414502 1202403155.231524
0121102621433152400102414502 1202403155.231543
0121102621433062400102414502 1202403155.231606
0121102621433162400102414502 1202403155.231625
0121102621433014400102414502 1202403155.231644
0121102621433114400102414502 1202403155.231703
0121102621433015400102414502 1202403155.231725
0121102621433115400102414502 1202403155.231746
0121102621433016400102414502 1202403155.231806
0121102621433010400202414502 1202403155.231828
0121102621433110400202414502 1202403155.231848
0121102621433102400202414502 1202403155.231909
0121102621433012400202414502 1202403155.231930
0121102621433112400202414502 1202403155.231949
0121102621433122400202414502 1202403155.232009
0121102621433042400202414502 1202403155.232029
0121102621433142400202414502 1202403155.232049
0121102621433052400202414502 1202403155.232109
0121102621433152400202414502 1202403155.232128
0121102621433062400202414502 1202403155.232150
0121102621433162400202414502 1202403155.232210
0121102621433014400202414502 1202403155.232229
0121102621433114400202414502 1202403155.232248
0121102621433015400202414502 1202403155.232310
0121102621433115400202414502 1202403155.232330
0121102621433016400202414502 1202403155.232350
0122102621433515400105414502 1202403155.232944
0126102621433515400105414502 1202403155.233006
0126102625433515400105414502 1202403155.233029
0122102621433515400205414502 1202403155.233519
0126102621433515400205414502 1202403155.233542
0126102625433515400205414502 1202403155.233604
0121102621433010400102614502 1202403155.233957
0121102621433110400102614502 1202403155.234018
0121102621433102400102614502 1202403155.234039
0121102621433012400102614502 1202403155.234100
0121102621433112400102614502 1202403155.234119
0121102621433122400102614502 1202403155.234139
0121102621433042400102614502 1202403155.234159
0121102621433142400102614502 1202403155.234219
0121102621433052400102614502 1202403155.234239
0121102621433152400102614502 1202403155.234258
0121102621433062400102614502 1202403155.234320
0121102621433162400102614502 1202403155.234340
0121102621433014400102614502 1202403155.234359
0121102621433114400102614502 1202403155.234418
0121102621433015400102614502 1202403155.234440
0121102621433115400102614502 1202403155.234501
0121102621433016400102614502 1202403155.234521
0121102621433010400202614502 1202403155.234542
0121102621433110400202614502 1202403155.234603
0121102621433102400202614502 1202403155.234624
0121102621433012400202614502 1202403155.234645
0121102621433112400202614502 1202403155.234704
0121102621433122400202614502 1202403155.234724
0121102621433042400202614502 1202403155.234744
0121102621433142400202614502 1202403155.234804
0121102621433052400202614502 1202403155.234824
0121102621433152400202614502 1202403155.234843
0121102621433062400202614502 1202403155.234905
0121102621433162400202614502 1202403155.234925
0121102621433014400202614502 1202403155.234944
0121102621433114400202614502 1202403155.235003
0121102621433015400202614502 1202403155.235025
0121102621433115400202614502 1202403155.235046
0121102621433016400202614502 1202403155.235105
0122102621433515400105614502 1202403155.235730
0126102621433515400105614502 1202403155.235752
0124102225433515400105614502 1202403155.235814
0126102225433515400105614502 1202403155.235837
0126102625433515400105614502 1202403155.235859
0122102621433515400205614502 1202403166.000352
0126102621433515400205614502 1202403166.000414
0124102225433515400205614502 1202403166.000436
0126102225433515400205614502 1202403166.000458
0126102625433515400205614502 1202403166.000521
