0121102521433102400102624001 1202403155.220718
0121102521433112400102624001 1202403155.220737
0121102521433122400102624001 1202403155.220756
0121102521433142400102624001 1202403155.220816
0121102521433152400102624001 1202403155.220835
0121102521433162400102624001 1202403155.220854
0121102521433102400202624001 1202403155.220920
0121102521433112400202624001 1202403155.220939
0121102521433122400202624001 1202403155.220959
0121102521433142400202624001 1202403155.221018
0121102521433152400202624001 1202403155.221037
0121102521433162400202624001 1202403155.221057
0122102025433510400605662103 1202403155.223352
0122102525433515400605662103 1202403155.223451
