0122102625433510400105414201 1202404033.222232
0126102625433510400105414201 1202404033.222232
0122102625433510400205414201 1202404033.222232
0126102625433510400205414201 1202404033.222233
0122102625433510400105614201 1202404033.222233
0126102625433510400105614201 1202404033.222233
0122102625433510400205614201 1202404033.222234
0126102625433510400205614201 1202404033.222234
0121102621433102400102614501 1202404033.222234
0121102621433112400102614501 1202404033.222234
0121102621433122400102614501 1202404033.222235
0121102621433142400102614501 1202404033.222235
0121102621433052400102614501 1202404033.222235
0121102621433152400102614501 1202404033.222235
0121102621433162400102614501 1202404033.222236
0121102621433014400102614501 1202404033.222236
0121102621433102400202614501 1202404033.222236
0121102621433112400202614501 1202404033.222236
0121102621433122400202614501 1202404033.222237
0121102621433142400202614501 1202404033.222237
0121102621433052400202614501 1202404033.222237
0121102621433152400202614501 1202404033.222237
0121102621433162400202614501 1202404033.222238
0121102621433014400202614501 1202404033.222238
0122102621433515400105614501 1202404033.222238
0126102225433515400105614501 1202404033.222239
0122102621433515400205614501 1202404033.222239
0126102225433515400205614501 1202404033.222239
0121102621433102400102014501 1202404033.222239
0121102621433112400102014501 1202404033.222240
0121102621433122400102014501 1202404033.222240
0121102621433142400102014501 1202404033.222240
0121102621433152400102014501 1202404033.222240
0121102621433162400102014501 1202404033.222241
0121102621433014400102014501 1202404033.222241
0121102621433102400202014501 1202404033.222241
0121102621433112400202014501 1202404033.222241
0121102621433122400202014501 1202404033.222242
0121102621433142400202014501 1202404033.222242
0121102621433152400202014501 1202404033.222242
0121102621433162400202014501 1202404033.222242
0121102621433014400202014501 1202404033.222243
0122102621433515400105014501 1202404033.222243
0122102621433515400205014501 1202404033.222243
0121102621433102400102114501 1202404033.222244
0121102621433112400102114501 1202404033.222244
0121102621433122400102114501 1202404033.222244
0121102621433142400102114501 1202404033.222244
0121102621433152400102114501 1202404033.222245
0121102621433162400102114501 1202404033.222245
0121102621433014400102114501 1202404033.222245
0121102621433102400202114501 1202404033.222245
0121102621433112400202114501 1202404033.222246
0121102621433122400202114501 1202404033.222246
0121102621433142400202114501 1202404033.222246
0121102621433152400202114501 1202404033.222246
0121102621433162400202114501 1202404033.222247
0121102621433014400202114501 1202404033.222247
0122102621433515400105114501 1202404033.222247
0122102621433515400205114501 1202404033.222247
0121102621433102400102214501 1202404033.222248
0121102621433112400102214501 1202404033.222248
0121102621433122400102214501 1202404033.222248
0121102621433142400102214501 1202404033.222248
0121102621433152400102214501 1202404033.222249
0121102621433162400102214501 1202404033.222249
0121102621433014400102214501 1202404033.222249
0121102621433102400202214501 1202404033.222249
0121102621433112400202214501 1202404033.222250
0121102621433122400202214501 1202404033.222250
0121102621433142400202214501 1202404033.222250
0121102621433152400202214501 1202404033.222250
0121102621433162400202214501 1202404033.222251
0121102621433014400202214501 1202404033.222251
0122102621433515400105214501 1202404033.222251
0122102621433515400205214501 1202404033.222252
0121102621433102400102414501 1202404033.222252
0121102621433112400102414501 1202404033.222252
0121102621433122400102414501 1202404033.222252
0121102621433142400102414501 1202404033.222253
0121102621433152400102414501 1202404033.222253
0121102621433162400102414501 1202404033.222253
0121102621433014400102414501 1202404033.222253
0121102621433102400202414501 1202404033.222254
0121102621433112400202414501 1202404033.222254
0121102621433122400202414501 1202404033.222254
0121102621433142400202414501 1202404033.222254
0121102621433152400202414501 1202404033.222255
0121102621433162400202414501 1202404033.222255
0121102621433014400202414501 1202404033.222255
0122102621433515400105414501 1202404033.222255
0122102621433515400205414501 1202404033.222256
0126102625433510400105014201 1202404033.222256
0126102625433510400205014201 1202404033.222256
0122102625433510400105114201 1202404033.222257
0126102625433510400105114201 1202404033.222257
0122102625433510400205114201 1202404033.222257
0126102625433510400205114201 1202404033.222258
0122102625433510400105214201 1202404033.222258
0126102625433510400105214201 1202404033.222258
0122102625433510400205214201 1202404033.222259
0126102625433510400205214201 1202404033.222259
0126102625433510400105014202 1202404033.222259
0126102625433510400205014202 1202404033.222300
0122102625433510400105114202 1202404033.222300
0126102625433510400105114202 1202404033.222301
0122102625433510400205114202 1202404033.222301
0126102625433510400205114202 1202404033.222301
0122102625433510400105214202 1202404033.222302
0126102625433510400105214202 1202404033.222302
0122102625433510400205214202 1202404033.222302
0126102625433510400205214202 1202404033.222303
0122102625433510400105414202 1202404033.222303
0126102625433510400105414202 1202404033.222303
0122102625433510400205414202 1202404033.222304
0126102625433510400205414202 1202404033.222304
0122102625433510400105614202 1202404033.222304
0126102625433510400105614202 1202404033.222305
0122102625433510400205614202 1202404033.222305
0126102625433510400205614202 1202404033.222305
0122102621433515400105114502 1202404033.222306
0122102621433515400205114502 1202404033.222306
0122102621433515400105214502 1202404033.222306
0122102621433515400205214502 1202404033.222307
0122102621433515400105414502 1202404033.222307
0122102621433515400205414502 1202404033.222307
0122102621433515400105614502 1202404033.222308
0124102225433515400105614502 1202404033.222308
0122102621433515400205614502 1202404033.222308
0124102225433515400205614502 1202404033.222309
0122102621433515400105014502 1202404033.222309
0122102621433515400205014502 1202404033.222309
0141102620033504420105624501 1202404033.222310
0141102620133504420105624501 1202404033.222310
0141102620333504420105624501 1202404033.222310
0141102620433504420105624501 1202404033.222311
0141102620533504420105624501 1202404033.222311
0141102620633504420105624501 1202404033.222311
0141102620033514420105624501 1202404033.222312
0141102620133514420105624501 1202404033.222312
0141102620333514420105624501 1202404033.222312
0141102620433514420105624501 1202404033.222313
0141102620533514420105624501 1202404033.222313
0141102620633514420105624501 1202404033.222313
0141102620033524420105624501 1202404033.222314
0141102620133524420105624501 1202404033.222314
0141102620333524420105624501 1202404033.222314
0141102620433524420105624501 1202404033.222315
0141102620533524420105624501 1202404033.222315
0141102620633524420105624501 1202404033.222315
0141102620033544420105624501 1202404033.222316
0141102620133544420105624501 1202404033.222316
0141102620333544420105624501 1202404033.222316
0141102620433544420105624501 1202404033.222317
0141102620533544420105624501 1202404033.222317
0141102620633544420105624501 1202404033.222317
0141102620033554420105624501 1202404033.222318
0141102620133554420105624501 1202404033.222318
0141102620333554420105624501 1202404033.222318
0141102620433554420105624501 1202404033.222319
0141102620533554420105624501 1202404033.222319
0141102620633554420105624501 1202404033.222319
0141102620033564420105624501 1202404033.222320
0141102620133564420105624501 1202404033.222320
0141102620333564420105624501 1202404033.222320
0141102620433564420105624501 1202404033.222321
0141102620533564420105624501 1202404033.222321
0141102620633564420105624501 1202404033.222321
0141102620033540420205624501 1202404033.222322
0141102620133540420205624501 1202404033.222322
0141102620333540420205624501 1202404033.222322
0141102620433540420205624501 1202404033.222323
0141102620533540420205624501 1202404033.222323
0141102620633540420205624501 1202404033.222323
0141102620033504420205624501 1202404033.222324
0141102620133504420205624501 1202404033.222324
0141102620333504420205624501 1202404033.222324
0141102620433504420205624501 1202404033.222325
0141102620533504420205624501 1202404033.222325
0141102620633504420205624501 1202404033.222325
0141102620033514420205624501 1202404033.222326
0141102620133514420205624501 1202404033.222326
0141102620333514420205624501 1202404033.222326
0141102620433514420205624501 1202404033.222327
0141102620533514420205624501 1202404033.222327
0141102620633514420205624501 1202404033.222327
0141102620033524420205624501 1202404033.222328
0141102620133524420205624501 1202404033.222328
0141102620333524420205624501 1202404033.222328
0141102620433524420205624501 1202404033.222329
0141102620533524420205624501 1202404033.222329
0141102620633524420205624501 1202404033.222329
0141102620033544420205624501 1202404033.222330
0141102620133544420205624501 1202404033.222330
0141102620333544420205624501 1202404033.222330
0141102620433544420205624501 1202404033.222331
0141102620533544420205624501 1202404033.222331
0141102620633544420205624501 1202404033.222331
0141102620033554420205624501 1202404033.222332
0141102620133554420205624501 1202404033.222332
0141102620333554420205624501 1202404033.222332
0141102620433554420205624501 1202404033.222333
0141102620533554420205624501 1202404033.222333
0141102620633554420205624501 1202404033.222333
0141102620033564420205624501 1202404033.222334
0141102620133564420205624501 1202404033.222334
0141102620333564420205624501 1202404033.222334
0141102620433564420205624501 1202404033.222335
0141102620533564420205624501 1202404033.222335
0141102620633564420205624501 1202404033.222335
0141102620033545420205624501 1202404033.222336
0141102620133545420205624501 1202404033.222336
0141102620333545420205624501 1202404033.222336
0141102620433545420205624501 1202404033.222337
0141102620533545420205624501 1202404033.222337
0141102620633545420205624501 1202404033.222337
0141102620033504420105124502 1202404033.222338
0141102620133504420105124502 1202404033.222338
0141102620333504420105124502 1202404033.222338
0141102620433504420105124502 1202404033.222339
0141102620533504420105124502 1202404033.222339
0141102620633504420105124502 1202404033.222339
0141102620033514420105124502 1202404033.222340
0141102620133514420105124502 1202404033.222340
0141102620333514420105124502 1202404033.222340
0141102620433514420105124502 1202404033.222341
0141102620533514420105124502 1202404033.222341
0141102620633514420105124502 1202404033.222341
0141102620033524420105124502 1202404033.222342
0141102620133524420105124502 1202404033.222342
0141102620333524420105124502 1202404033.222342
0141102620433524420105124502 1202404033.222343
0141102620533524420105124502 1202404033.222343
0141102620633524420105124502 1202404033.222343
0141102620033544420105124502 1202404033.222344
0141102620133544420105124502 1202404033.222344
0141102620333544420105124502 1202404033.222344
0141102620433544420105124502 1202404033.222345
0141102620533544420105124502 1202404033.222345
0141102620633544420105124502 1202404033.222345
0141102620033554420105124502 1202404033.222346
0141102620133554420105124502 1202404033.222346
0141102620333554420105124502 1202404033.222346
0141102620433554420105124502 1202404033.222347
0141102620533554420105124502 1202404033.222347
0141102620633554420105124502 1202404033.222347
0141102620033564420105124502 1202404033.222348
0141102620133564420105124502 1202404033.222348
0141102620333564420105124502 1202404033.222348
0141102620433564420105124502 1202404033.222349
0141102620533564420105124502 1202404033.222349
0141102620633564420105124502 1202404033.222349
0141102620033540420205124502 1202404033.222350
0141102620133540420205124502 1202404033.222350
0141102620333540420205124502 1202404033.222350
0141102620433540420205124502 1202404033.222351
0141102620533540420205124502 1202404033.222351
0141102620633540420205124502 1202404033.222351
0141102620033504420205124502 1202404033.222352
0141102620133504420205124502 1202404033.222352
0141102620333504420205124502 1202404033.222352
0141102620433504420205124502 1202404033.222353
0141102620533504420205124502 1202404033.222353
0141102620633504420205124502 1202404033.222353
0141102620033514420205124502 1202404033.222354
0141102620133514420205124502 1202404033.222354
0141102620333514420205124502 1202404033.222354
0141102620433514420205124502 1202404033.222355
0141102620533514420205124502 1202404033.222355
0141102620633514420205124502 1202404033.222355
0141102620033524420205124502 1202404033.222356
0141102620133524420205124502 1202404033.222356
0141102620333524420205124502 1202404033.222356
0141102620433524420205124502 1202404033.222357
0141102620533524420205124502 1202404033.222357
0141102620633524420205124502 1202404033.222357
0141102620033544420205124502 1202404033.222358
0141102620133544420205124502 1202404033.222358
0141102620333544420205124502 1202404033.222358
0141102620433544420205124502 1202404033.222359
0141102620533544420205124502 1202404033.222359
0141102620633544420205124502 1202404033.222359
0141102620033554420205124502 1202404033.222400
0141102620133554420205124502 1202404033.222400
0141102620333554420205124502 1202404033.222400
0141102620433554420205124502 1202404033.222401
0141102620533554420205124502 1202404033.222401
0141102620633554420205124502 1202404033.222401
0141102620033564420205124502 1202404033.222402
0141102620133564420205124502 1202404033.222402
0141102620333564420205124502 1202404033.222402
0141102620433564420205124502 1202404033.222403
0141102620533564420205124502 1202404033.222403
0141102620633564420205124502 1202404033.222403
0141102620033545420205124502 1202404033.222404
0141102620133545420205124502 1202404033.222404
0141102620333545420205124502 1202404033.222404
0141102620433545420205124502 1202404033.222405
0141102620533545420205124502 1202404033.222405
0141102620633545420205124502 1202404033.222405
0141102620033504420105224502 1202404033.222406
0141102620133504420105224502 1202404033.222406
0141102620333504420105224502 1202404033.222406
0141102620433504420105224502 1202404033.222407
0141102620533504420105224502 1202404033.222407
0141102620633504420105224502 1202404033.222407
0141102620033514420105224502 1202404033.222408
0141102620133514420105224502 1202404033.222408
0141102620333514420105224502 1202404033.222408
0141102620433514420105224502 1202404033.222409
0141102620533514420105224502 1202404033.222409
0141102620633514420105224502 1202404033.222409
0141102620033524420105224502 1202404033.222410
0141102620133524420105224502 1202404033.222410
0141102620333524420105224502 1202404033.222410
0141102620433524420105224502 1202404033.222411
0141102620533524420105224502 1202404033.222411
0141102620633524420105224502 1202404033.222411
0141102620033544420105224502 1202404033.222412
0141102620133544420105224502 1202404033.222412
0141102620333544420105224502 1202404033.222412
0141102620433544420105224502 1202404033.222413
0141102620533544420105224502 1202404033.222413
0141102620633544420105224502 1202404033.222413
0141102620033554420105224502 1202404033.222414
0141102620133554420105224502 1202404033.222414
0141102620333554420105224502 1202404033.222414
0141102620433554420105224502 1202404033.222415
0141102620533554420105224502 1202404033.222415
0141102620633554420105224502 1202404033.222415
0141102620033564420105224502 1202404033.222416
0141102620133564420105224502 1202404033.222416
0141102620333564420105224502 1202404033.222416
0141102620433564420105224502 1202404033.222417
0141102620533564420105224502 1202404033.222417
0141102620633564420105224502 1202404033.222417
0141102620033540420205224502 1202404033.222418
0141102620133540420205224502 1202404033.222418
0141102620333540420205224502 1202404033.222418
0141102620433540420205224502 1202404033.222419
0141102620533540420205224502 1202404033.222419
0141102620633540420205224502 1202404033.222419
0141102620033504420205224502 1202404033.222420
0141102620133504420205224502 1202404033.222420
0141102620333504420205224502 1202404033.222420
0141102620433504420205224502 1202404033.222421
0141102620533504420205224502 1202404033.222421
0141102620633504420205224502 1202404033.222421
0141102620033514420205224502 1202404033.222422
0141102620133514420205224502 1202404033.222422
0141102620333514420205224502 1202404033.222422
0141102620433514420205224502 1202404033.222423
0141102620533514420205224502 1202404033.222423
0141102620633514420205224502 1202404033.222423
0141102620033524420205224502 1202404033.222424
0141102620133524420205224502 1202404033.222424
0141102620333524420205224502 1202404033.222424
0141102620433524420205224502 1202404033.222425
0141102620533524420205224502 1202404033.222425
0141102620633524420205224502 1202404033.222425
0141102620033544420205224502 1202404033.222426
0141102620133544420205224502 1202404033.222426
0141102620333544420205224502 1202404033.222426
0141102620433544420205224502 1202404033.222427
0141102620533544420205224502 1202404033.222427
0141102620633544420205224502 1202404033.222427
0141102620033554420205224502 1202404033.222428
0141102620133554420205224502 1202404033.222428
0141102620333554420205224502 1202404033.222428
0141102620433554420205224502 1202404033.222429
0141102620533554420205224502 1202404033.222429
0141102620633554420205224502 1202404033.222429
0141102620033564420205224502 1202404033.222430
0141102620133564420205224502 1202404033.222430
0141102620333564420205224502 1202404033.222430
0141102620433564420205224502 1202404033.222431
0141102620533564420205224502 1202404033.222431
0141102620633564420205224502 1202404033.222431
0141102620033545420205224502 1202404033.222432
0141102620133545420205224502 1202404033.222432
0141102620333545420205224502 1202404033.222432
0141102620433545420205224502 1202404033.222433
0141102620533545420205224502 1202404033.222433
0141102620633545420205224502 1202404033.222433
0141102620033504420105424502 1202404033.222434
0141102620133504420105424502 1202404033.222434
0141102620333504420105424502 1202404033.222434
0141102620433504420105424502 1202404033.222435
0141102620533504420105424502 1202404033.222435
0141102620633504420105424502 1202404033.222435
0141102620033514420105424502 1202404033.222436
0141102620133514420105424502 1202404033.222436
0141102620333514420105424502 1202404033.222436
0141102620433514420105424502 1202404033.222437
0141102620533514420105424502 1202404033.222437
0141102620633514420105424502 1202404033.222437
0141102620033524420105424502 1202404033.222438
0141102620133524420105424502 1202404033.222438
0141102620333524420105424502 1202404033.222438
0141102620433524420105424502 1202404033.222439
0141102620533524420105424502 1202404033.222439
0141102620633524420105424502 1202404033.222439
0141102620033544420105424502 1202404033.222440
0141102620133544420105424502 1202404033.222440
0141102620333544420105424502 1202404033.222440
0141102620433544420105424502 1202404033.222441
0141102620533544420105424502 1202404033.222441
0141102620633544420105424502 1202404033.222441
0141102620033554420105424502 1202404033.222442
0141102620133554420105424502 1202404033.222442
0141102620333554420105424502 1202404033.222442
0141102620433554420105424502 1202404033.222443
0141102620533554420105424502 1202404033.222443
0141102620633554420105424502 1202404033.222443
0141102620033564420105424502 1202404033.222444
0141102620133564420105424502 1202404033.222444
0141102620333564420105424502 1202404033.222444
0141102620433564420105424502 1202404033.222445
0141102620533564420105424502 1202404033.222445
0141102620633564420105424502 1202404033.222445
0141102620033540420205424502 1202404033.222446
0141102620133540420205424502 1202404033.222446
0141102620333540420205424502 1202404033.222446
0141102620433540420205424502 1202404033.222447
0141102620533540420205424502 1202404033.222447
0141102620633540420205424502 1202404033.222447
0141102620033504420205424502 1202404033.222448
0141102620133504420205424502 1202404033.222448
0141102620333504420205424502 1202404033.222448
0141102620433504420205424502 1202404033.222449
0141102620533504420205424502 1202404033.222449
0141102620633504420205424502 1202404033.222449
0141102620033514420205424502 1202404033.222450
0141102620133514420205424502 1202404033.222450
0141102620333514420205424502 1202404033.222450
0141102620433514420205424502 1202404033.222451
0141102620533514420205424502 1202404033.222451
0141102620633514420205424502 1202404033.222451
0141102620033524420205424502 1202404033.222452
0141102620133524420205424502 1202404033.222452
0141102620333524420205424502 1202404033.222452
0141102620433524420205424502 1202404033.222453
0141102620533524420205424502 1202404033.222453
0141102620633524420205424502 1202404033.222453
0141102620033544420205424502 1202404033.222454
0141102620133544420205424502 1202404033.222454
0141102620333544420205424502 1202404033.222454
0141102620433544420205424502 1202404033.222455
0141102620533544420205424502 1202404033.222455
0141102620633544420205424502 1202404033.222455
0141102620033554420205424502 1202404033.222456
0141102620133554420205424502 1202404033.222456
0141102620333554420205424502 1202404033.222456
0141102620433554420205424502 1202404033.222457
0141102620533554420205424502 1202404033.222457
0141102620633554420205424502 1202404033.222457
0141102620033564420205424502 1202404033.222458
0141102620133564420205424502 1202404033.222458
0141102620333564420205424502 1202404033.222458
0141102620433564420205424502 1202404033.222459
0141102620533564420205424502 1202404033.222459
0141102620633564420205424502 1202404033.222459
0141102620033545420205424502 1202404033.222500
0141102620133545420205424502 1202404033.222500
0141102620333545420205424502 1202404033.222500
0141102620433545420205424502 1202404033.222501
0141102620533545420205424502 1202404033.222501
0141102620633545420205424502 1202404033.222501
0141102620033504420105624502 1202404033.222502
0141102620133504420105624502 1202404033.222502
0141102620333504420105624502 1202404033.222502
0141102620433504420105624502 1202404033.222503
0141102620533504420105624502 1202404033.222503
0141102620633504420105624502 1202404033.222503
0141102620033514420105624502 1202404033.222504
0141102620133514420105624502 1202404033.222504
0141102620333514420105624502 1202404033.222504
0141102620433514420105624502 1202404033.222505
0141102620533514420105624502 1202404033.222505
0141102620633514420105624502 1202404033.222505
0141102620033524420105624502 1202404033.222506
0141102620133524420105624502 1202404033.222506
0141102620333524420105624502 1202404033.222506
0141102620433524420105624502 1202404033.222507
0141102620533524420105624502 1202404033.222507
0141102620633524420105624502 1202404033.222507
0141102620033544420105624502 1202404033.222508
0141102620133544420105624502 1202404033.222508
0141102620333544420105624502 1202404033.222508
0141102620433544420105624502 1202404033.222509
0141102620533544420105624502 1202404033.222509
0141102620633544420105624502 1202404033.222509
0141102620033554420105624502 1202404033.222510
0141102620133554420105624502 1202404033.222510
0141102620333554420105624502 1202404033.222510
0141102620433554420105624502 1202404033.222511
0141102620533554420105624502 1202404033.222511
0141102620633554420105624502 1202404033.222511
0141102620033564420105624502 1202404033.222512
0141102620133564420105624502 1202404033.222512
0141102620333564420105624502 1202404033.222512
0141102620433564420105624502 1202404033.222513
0141102620533564420105624502 1202404033.222513
0141102620633564420105624502 1202404033.222513
0141102620033540420205624502 1202404033.222514
0141102620133540420205624502 1202404033.222514
0141102620333540420205624502 1202404033.222514
0141102620433540420205624502 1202404033.222515
0141102620533540420205624502 1202404033.222515
0141102620633540420205624502 1202404033.222515
0141102620033504420205624502 1202404033.222516
0141102620133504420205624502 1202404033.222516
0141102620333504420205624502 1202404033.222516
0141102620433504420205624502 1202404033.222517
0141102620533504420205624502 1202404033.222517
0141102620633504420205624502 1202404033.222517
0141102620033514420205624502 1202404033.222518
0141102620133514420205624502 1202404033.222518
0141102620333514420205624502 1202404033.222518
0141102620433514420205624502 1202404033.222519
0141102620533514420205624502 1202404033.222519
0141102620633514420205624502 1202404033.222519
0141102620033524420205624502 1202404033.222520
0141102620133524420205624502 1202404033.222520
0141102620333524420205624502 1202404033.222520
0141102620433524420205624502 1202404033.222521
0141102620533524420205624502 1202404033.222521
0141102620633524420205624502 1202404033.222521
0141102620033544420205624502 1202404033.222522
0141102620133544420205624502 1202404033.222522
0141102620333544420205624502 1202404033.222522
0141102620433544420205624502 1202404033.222523
0141102620533544420205624502 1202404033.222523
0141102620633544420205624502 1202404033.222523
0141102620033554420205624502 1202404033.222524
0141102620133554420205624502 1202404033.222524
0141102620333554420205624502 1202404033.222524
0141102620433554420205624502 1202404033.222525
0141102620533554420205624502 1202404033.222525
0141102620633554420205624502 1202404033.222525
0141102620033564420205624502 1202404033.222526
0141102620133564420205624502 1202404033.222526
0141102620333564420205624502 1202404033.222526
0141102620433564420205624502 1202404033.222527
0141102620533564420205624502 1202404033.222527
0141102620633564420205624502 1202404033.222527
0141102620033545420205624502 1202404033.222528
0141102620133545420205624502 1202404033.222528
0141102620333545420205624502 1202404033.222528
0141102620433545420205624502 1202404033.222529
0141102620533545420205624502 1202404033.222529
0141102620633545420205624502 1202404033.222529
0141102620033504420105024501 1202404033.222530
0141102620133504420105024501 1202404033.222530
0141102620333504420105024501 1202404033.222530
0141102620433504420105024501 1202404033.222531
0141102620533504420105024501 1202404033.222531
0141102620633504420105024501 1202404033.222531
0141102620033514420105024501 1202404033.222532
0141102620133514420105024501 1202404033.222532
0141102620333514420105024501 1202404033.222532
0141102620433514420105024501 1202404033.222533
0141102620533514420105024501 1202404033.222533
0141102620633514420105024501 1202404033.222533
0141102620033524420105024501 1202404033.222534
0141102620133524420105024501 1202404033.222534
0141102620333524420105024501 1202404033.222534
0141102620433524420105024501 1202404033.222535
0141102620533524420105024501 1202404033.222535
0141102620633524420105024501 1202404033.222535
0141102620033544420105024501 1202404033.222536
0141102620133544420105024501 1202404033.222536
0141102620333544420105024501 1202404033.222536
0141102620433544420105024501 1202404033.222537
0141102620533544420105024501 1202404033.222537
0141102620633544420105024501 1202404033.222537
0141102620033554420105024501 1202404033.222538
0141102620133554420105024501 1202404033.222538
0141102620333554420105024501 1202404033.222538
0141102620433554420105024501 1202404033.222539
0141102620533554420105024501 1202404033.222539
0141102620633554420105024501 1202404033.222539
0141102620033564420105024501 1202404033.222540
0141102620133564420105024501 1202404033.222540
0141102620333564420105024501 1202404033.222540
0141102620433564420105024501 1202404033.222541
0141102620533564420105024501 1202404033.222541
0141102620633564420105024501 1202404033.222541
0141102620533510420205024501 1202404033.222542
0141102620033540420205024501 1202404033.222542
0141102620133540420205024501 1202404033.222542
0141102620333540420205024501 1202404033.222543
0141102620433540420205024501 1202404033.222543
0141102620533540420205024501 1202404033.222543
0141102620633540420205024501 1202404033.222544
0141102620033504420205024501 1202404033.222544
0141102620133504420205024501 1202404033.222544
0141102620333504420205024501 1202404033.222545
0141102620433504420205024501 1202404033.222545
0141102620533504420205024501 1202404033.222545
0141102620633504420205024501 1202404033.222546
0141102620033514420205024501 1202404033.222546
0141102620133514420205024501 1202404033.222546
0141102620333514420205024501 1202404033.222547
0141102620433514420205024501 1202404033.222547
0141102620533514420205024501 1202404033.222547
0141102620633514420205024501 1202404033.222548
0141102620033524420205024501 1202404033.222548
0141102620133524420205024501 1202404033.222548
0141102620333524420205024501 1202404033.222549
0141102620433524420205024501 1202404033.222549
0141102620533524420205024501 1202404033.222549
0141102620633524420205024501 1202404033.222550
0141102620033544420205024501 1202404033.222550
0141102620133544420205024501 1202404033.222550
0141102620333544420205024501 1202404033.222551
0141102620433544420205024501 1202404033.222551
0141102620533544420205024501 1202404033.222551
0141102620633544420205024501 1202404033.222552
0141102620033554420205024501 1202404033.222552
0141102620133554420205024501 1202404033.222552
0141102620333554420205024501 1202404033.222553
0141102620433554420205024501 1202404033.222553
0141102620533554420205024501 1202404033.222553
0141102620633554420205024501 1202404033.222554
0141102620033564420205024501 1202404033.222554
0141102620133564420205024501 1202404033.222554
0141102620333564420205024501 1202404033.222555
0141102620433564420205024501 1202404033.222555
0141102620533564420205024501 1202404033.222555
0141102620633564420205024501 1202404033.222556
0141102620533515420205024501 1202404033.222556
0141102620033545420205024501 1202404033.222556
0141102620133545420205024501 1202404033.222557
0141102620333545420205024501 1202404033.222557
0141102620433545420205024501 1202404033.222557
0141102620533545420205024501 1202404033.222558
0141102620633545420205024501 1202404033.222558
0141102620033504420105124501 1202404033.222558
0141102620133504420105124501 1202404033.222559
0141102620333504420105124501 1202404033.222559
0141102620433504420105124501 1202404033.222559
0141102620533504420105124501 1202404033.222600
0141102620633504420105124501 1202404033.222600
0141102620033514420105124501 1202404033.222600
0141102620133514420105124501 1202404033.222601
0141102620333514420105124501 1202404033.222601
0141102620433514420105124501 1202404033.222601
0141102620533514420105124501 1202404033.222602
0141102620633514420105124501 1202404033.222602
0141102620033524420105124501 1202404033.222602
0141102620133524420105124501 1202404033.222603
0141102620333524420105124501 1202404033.222603
0141102620433524420105124501 1202404033.222603
0141102620533524420105124501 1202404033.222604
0141102620633524420105124501 1202404033.222604
0141102620033544420105124501 1202404033.222604
0141102620133544420105124501 1202404033.222605
0141102620333544420105124501 1202404033.222605
0141102620433544420105124501 1202404033.222605
0141102620533544420105124501 1202404033.222606
0141102620633544420105124501 1202404033.222606
0141102620033554420105124501 1202404033.222606
0141102620133554420105124501 1202404033.222607
0141102620333554420105124501 1202404033.222607
0141102620433554420105124501 1202404033.222607
0141102620533554420105124501 1202404033.222608
0141102620633554420105124501 1202404033.222608
0141102620033564420105124501 1202404033.222608
0141102620133564420105124501 1202404033.222609
0141102620333564420105124501 1202404033.222609
0141102620433564420105124501 1202404033.222609
0141102620533564420105124501 1202404033.222610
0141102620633564420105124501 1202404033.222610
0141102620033540420205124501 1202404033.222610
0141102620133540420205124501 1202404033.222611
0141102620333540420205124501 1202404033.222611
0141102620433540420205124501 1202404033.222611
0141102620533540420205124501 1202404033.222612
0141102620633540420205124501 1202404033.222612
0141102620033504420205124501 1202404033.222612
0141102620133504420205124501 1202404033.222613
0141102620333504420205124501 1202404033.222613
0141102620433504420205124501 1202404033.222613
0141102620533504420205124501 1202404033.222614
0141102620633504420205124501 1202404033.222614
0141102620033514420205124501 1202404033.222614
0141102620133514420205124501 1202404033.222615
0141102620333514420205124501 1202404033.222615
0141102620433514420205124501 1202404033.222615
0141102620533514420205124501 1202404033.222616
0141102620633514420205124501 1202404033.222616
0141102620033524420205124501 1202404033.222616
0141102620133524420205124501 1202404033.222617
0141102620333524420205124501 1202404033.222617
0141102620433524420205124501 1202404033.222617
0141102620533524420205124501 1202404033.222618
0141102620633524420205124501 1202404033.222618
0141102620033544420205124501 1202404033.222618
0141102620133544420205124501 1202404033.222619
0141102620333544420205124501 1202404033.222619
0141102620433544420205124501 1202404033.222619
0141102620533544420205124501 1202404033.222620
0141102620633544420205124501 1202404033.222620
0141102620033554420205124501 1202404033.222620
0141102620133554420205124501 1202404033.222621
0141102620333554420205124501 1202404033.222621
0141102620433554420205124501 1202404033.222621
0141102620533554420205124501 1202404033.222622
0141102620633554420205124501 1202404033.222622
0141102620033564420205124501 1202404033.222622
0141102620133564420205124501 1202404033.222623
0141102620333564420205124501 1202404033.222623
0141102620433564420205124501 1202404033.222623
0141102620533564420205124501 1202404033.222624
0141102620633564420205124501 1202404033.222624
0141102620033545420205124501 1202404033.222624
0141102620133545420205124501 1202404033.222625
0141102620333545420205124501 1202404033.222625
0141102620433545420205124501 1202404033.222625
0141102620533545420205124501 1202404033.222626
0141102620633545420205124501 1202404033.222626
0141102620033504420105224501 1202404033.222626
0141102620133504420105224501 1202404033.222627
0141102620333504420105224501 1202404033.222627
0141102620433504420105224501 1202404033.222627
0141102620533504420105224501 1202404033.222628
0141102620633504420105224501 1202404033.222628
0141102620033514420105224501 1202404033.222628
0141102620133514420105224501 1202404033.222629
0141102620333514420105224501 1202404033.222629
0141102620433514420105224501 1202404033.222629
0141102620533514420105224501 1202404033.222630
0141102620633514420105224501 1202404033.222630
0141102620033524420105224501 1202404033.222630
0141102620133524420105224501 1202404033.222631
0141102620333524420105224501 1202404033.222631
0141102620433524420105224501 1202404033.222631
0141102620533524420105224501 1202404033.222632
0141102620633524420105224501 1202404033.222632
0141102620033544420105224501 1202404033.222632
0141102620133544420105224501 1202404033.222633
0141102620333544420105224501 1202404033.222633
0141102620433544420105224501 1202404033.222633
0141102620533544420105224501 1202404033.222634
0141102620633544420105224501 1202404033.222634
0141102620033554420105224501 1202404033.222634
0141102620133554420105224501 1202404033.222635
0141102620333554420105224501 1202404033.222635
0141102620433554420105224501 1202404033.222635
0141102620533554420105224501 1202404033.222636
0141102620633554420105224501 1202404033.222636
0141102620033564420105224501 1202404033.222636
0141102620133564420105224501 1202404033.222637
0141102620333564420105224501 1202404033.222637
0141102620433564420105224501 1202404033.222637
0141102620533564420105224501 1202404033.222638
0141102620633564420105224501 1202404033.222638
0141102620033540420205224501 1202404033.222638
0141102620133540420205224501 1202404033.222639
0141102620333540420205224501 1202404033.222639
0141102620433540420205224501 1202404033.222639
0141102620533540420205224501 1202404033.222640
0141102620633540420205224501 1202404033.222640
0141102620033504420205224501 1202404033.222640
0141102620133504420205224501 1202404033.222641
0141102620333504420205224501 1202404033.222641
0141102620433504420205224501 1202404033.222641
0141102620533504420205224501 1202404033.222642
0141102620633504420205224501 1202404033.222642
0141102620033514420205224501 1202404033.222642
0141102620133514420205224501 1202404033.222643
0141102620333514420205224501 1202404033.222643
0141102620433514420205224501 1202404033.222643
0141102620533514420205224501 1202404033.222644
0141102620633514420205224501 1202404033.222644
0141102620033524420205224501 1202404033.222644
0141102620133524420205224501 1202404033.222645
0141102620333524420205224501 1202404033.222645
0141102620433524420205224501 1202404033.222645
0141102620533524420205224501 1202404033.222646
0141102620633524420205224501 1202404033.222646
0141102620033544420205224501 1202404033.222646
0141102620133544420205224501 1202404033.222647
0141102620333544420205224501 1202404033.222647
0141102620433544420205224501 1202404033.222647
0141102620533544420205224501 1202404033.222648
0141102620633544420205224501 1202404033.222648
0141102620033554420205224501 1202404033.222648
0141102620133554420205224501 1202404033.222649
0141102620333554420205224501 1202404033.222649
0141102620433554420205224501 1202404033.222649
0141102620533554420205224501 1202404033.222650
0141102620633554420205224501 1202404033.222650
0141102620033564420205224501 1202404033.222650
0141102620133564420205224501 1202404033.222651
0141102620333564420205224501 1202404033.222651
0141102620433564420205224501 1202404033.222651
0141102620533564420205224501 1202404033.222652
0141102620633564420205224501 1202404033.222652
0141102620033545420205224501 1202404033.222652
0141102620133545420205224501 1202404033.222653
0141102620333545420205224501 1202404033.222653
0141102620433545420205224501 1202404033.222653
0141102620533545420205224501 1202404033.222654
0141102620633545420205224501 1202404033.222654
0141102620033504420105424501 1202404033.222654
0141102620133504420105424501 1202404033.222655
0141102620333504420105424501 1202404033.222655
0141102620433504420105424501 1202404033.222655
0141102620533504420105424501 1202404033.222656
0141102620633504420105424501 1202404033.222656
0141102620033514420105424501 1202404033.222656
0141102620133514420105424501 1202404033.222657
0141102620333514420105424501 1202404033.222657
0141102620433514420105424501 1202404033.222657
0141102620533514420105424501 1202404033.222658
0141102620633514420105424501 1202404033.222658
0141102620033524420105424501 1202404033.222658
0141102620133524420105424501 1202404033.222659
0141102620333524420105424501 1202404033.222659
0141102620433524420105424501 1202404033.222659
0141102620533524420105424501 1202404033.222700
0141102620633524420105424501 1202404033.222700
0141102620033544420105424501 1202404033.222700
0141102620133544420105424501 1202404033.222701
0141102620333544420105424501 1202404033.222701
0141102620433544420105424501 1202404033.222701
0141102620533544420105424501 1202404033.222702
0141102620633544420105424501 1202404033.222702
0141102620033554420105424501 1202404033.222702
0141102620133554420105424501 1202404033.222703
0141102620333554420105424501 1202404033.222703
0141102620433554420105424501 1202404033.222703
0141102620533554420105424501 1202404033.222704
0141102620633554420105424501 1202404033.222704
0141102620033564420105424501 1202404033.222704
0141102620133564420105424501 1202404033.222705
0141102620333564420105424501 1202404033.222705
0141102620433564420105424501 1202404033.222705
0141102620533564420105424501 1202404033.222706
0141102620633564420105424501 1202404033.222706
0141102620033540420205424501 1202404033.222706
0141102620133540420205424501 1202404033.222707
0141102620333540420205424501 1202404033.222707
0141102620433540420205424501 1202404033.222707
0141102620533540420205424501 1202404033.222708
0141102620633540420205424501 1202404033.222708
0141102620033504420205424501 1202404033.222708
0141102620133504420205424501 1202404033.222709
0141102620333504420205424501 1202404033.222709
0141102620433504420205424501 1202404033.222709
0141102620533504420205424501 1202404033.222710
0141102620633504420205424501 1202404033.222710
0141102620033514420205424501 1202404033.222710
0141102620133514420205424501 1202404033.222711
0141102620333514420205424501 1202404033.222711
0141102620433514420205424501 1202404033.222711
0141102620533514420205424501 1202404033.222712
0141102620633514420205424501 1202404033.222712
0141102620033524420205424501 1202404033.222712
0141102620133524420205424501 1202404033.222713
0141102620333524420205424501 1202404033.222713
0141102620433524420205424501 1202404033.222713
0141102620533524420205424501 1202404033.222714
0141102620633524420205424501 1202404033.222714
0141102620033544420205424501 1202404033.222714
0141102620133544420205424501 1202404033.222715
0141102620333544420205424501 1202404033.222715
0141102620433544420205424501 1202404033.222715
0141102620533544420205424501 1202404033.222716
0141102620633544420205424501 1202404033.222716
0141102620033554420205424501 1202404033.222716
0141102620133554420205424501 1202404033.222717
0141102620333554420205424501 1202404033.222717
0141102620433554420205424501 1202404033.222717
0141102620533554420205424501 1202404033.222718
0141102620633554420205424501 1202404033.222718
0141102620033564420205424501 1202404033.222718
0141102620133564420205424501 1202404033.222719
0141102620333564420205424501 1202404033.222719
0141102620433564420205424501 1202404033.222719
0141102620533564420205424501 1202404033.222720
0141102620633564420205424501 1202404033.222720
0141102620033545420205424501 1202404033.222720
0141102620133545420205424501 1202404033.222721
0141102620333545420205424501 1202404033.222721
0141102620433545420205424501 1202404033.222721
0141102620533545420205424501 1202404033.222722
0141102620633545420205424501 1202404033.222722
0141102620033504420105024502 1202404033.222722
0141102620133504420105024502 1202404033.222723
0141102620333504420105024502 1202404033.222723
0141102620433504420105024502 1202404033.222723
0141102620533504420105024502 1202404033.222724
0141102620633504420105024502 1202404033.222724
0141102620033514420105024502 1202404033.222724
0141102620133514420105024502 1202404033.222725
0141102620333514420105024502 1202404033.222725
0141102620433514420105024502 1202404033.222725
0141102620533514420105024502 1202404033.222726
0141102620633514420105024502 1202404033.222726
0141102620033524420105024502 1202404033.222726
0141102620133524420105024502 1202404033.222727
0141102620333524420105024502 1202404033.222727
0141102620433524420105024502 1202404033.222727
0141102620533524420105024502 1202404033.222728
0141102620633524420105024502 1202404033.222728
0141102620033544420105024502 1202404033.222728
0141102620133544420105024502 1202404033.222729
0141102620333544420105024502 1202404033.222729
0141102620433544420105024502 1202404033.222729
0141102620533544420105024502 1202404033.222730
0141102620633544420105024502 1202404033.222730
0141102620033554420105024502 1202404033.222730
0141102620133554420105024502 1202404033.222731
0141102620333554420105024502 1202404033.222731
0141102620433554420105024502 1202404033.222731
0141102620533554420105024502 1202404033.222732
0141102620633554420105024502 1202404033.222732
0141102620033564420105024502 1202404033.222732
0141102620133564420105024502 1202404033.222733
0141102620333564420105024502 1202404033.222733
0141102620433564420105024502 1202404033.222733
0141102620533564420105024502 1202404033.222734
0141102620633564420105024502 1202404033.222734
0141102620533510420205024502 1202404033.222734
0141102620033540420205024502 1202404033.222735
0141102620133540420205024502 1202404033.222735
0141102620333540420205024502 1202404033.222735
0141102620433540420205024502 1202404033.222736
0141102620533540420205024502 1202404033.222736
0141102620633540420205024502 1202404033.222736
0141102620033504420205024502 1202404033.222737
0141102620133504420205024502 1202404033.222737
0141102620333504420205024502 1202404033.222737
0141102620433504420205024502 1202404033.222738
0141102620533504420205024502 1202404033.222738
0141102620633504420205024502 1202404033.222738
0141102620033514420205024502 1202404033.222739
0141102620133514420205024502 1202404033.222739
0141102620333514420205024502 1202404033.222739
0141102620433514420205024502 1202404033.222740
0141102620533514420205024502 1202404033.222740
0141102620633514420205024502 1202404033.222740
0141102620033524420205024502 1202404033.222741
0141102620133524420205024502 1202404033.222741
0141102620333524420205024502 1202404033.222741
0141102620433524420205024502 1202404033.222742
0141102620533524420205024502 1202404033.222742
0141102620633524420205024502 1202404033.222742
0141102620033544420205024502 1202404033.222743
0141102620133544420205024502 1202404033.222743
0141102620333544420205024502 1202404033.222743
0141102620433544420205024502 1202404033.222744
0141102620533544420205024502 1202404033.222744
0141102620633544420205024502 1202404033.222744
0141102620033554420205024502 1202404033.222745
0141102620133554420205024502 1202404033.222745
0141102620333554420205024502 1202404033.222745
0141102620433554420205024502 1202404033.222746
0141102620533554420205024502 1202404033.222746
0141102620633554420205024502 1202404033.222746
0141102620033564420205024502 1202404033.222747
0141102620133564420205024502 1202404033.222747
0141102620333564420205024502 1202404033.222747
0141102620433564420205024502 1202404033.222748
0141102620533564420205024502 1202404033.222748
0141102620633564420205024502 1202404033.222748
0141102620533515420205024502 1202404033.222749
0141102620033545420205024502 1202404033.222749
0141102620133545420205024502 1202404033.222749
0141102620333545420205024502 1202404033.222750
0141102620433545420205024502 1202404033.222750
0141102620533545420205024502 1202404033.222750
0141102620633545420205024502 1202404033.222751
