0121102521433102400102624001 1202405013.181337
0121102521433112400102624001 1202405013.181346
0121102521433122400102624001 1202405013.181356
0121102521433142400102624001 1202405013.181406
0121102521433152400102624001 1202405013.181415
0121102521433162400102624001 1202405013.181425
0121102521433102400202624001 1202405013.181435
0121102521433112400202624001 1202405013.181444
0121102521433122400202624001 1202405013.181454
0121102521433142400202624001 1202405013.181504
0121102521433152400202624001 1202405013.181513
0121102521433162400202624001 1202405013.181523
0122102521433062400106614201 1202405013.181532
0122102521433062400206614201 1202405013.181542
0121104520433602400601661124 1202405013.181551
0121104520433112400601661124 1202405013.181600
0121104520433612400601661124 1202405013.181610
0121104520433142400601661124 1202405013.181619
0121104520433642400601661124 1202405013.181628
0121104520433162400601661124 1202405013.181638
0121104520433662400601661124 1202405013.181647
0146106520033011420601661124 1202405013.181657
0146106520033511420601661124 1202405013.181707
0146106520033041420601661124 1202405013.181716
0146106520033061420601661124 1202405013.181726
0146106520033561420601661124 1202405013.181736
0146103520013564420601661124 1202405013.181745
0146102520333040420604111414 1202405013.181755
0146106520033011420606161224 1202405013.181812
0146106520033061420606161224 1202405013.181821
