012110252143310240010242 1202405013.200710
012110252143311240010242 1202405013.200710
012110252143312240010242 1202405013.200710
012110252143314240010242 1202405013.200710
012110252143315240010242 1202405013.200710
012110252143310240010242 1202405013.200710
012110252143311240010242 1202405013.200711
012110252143312240010242 1202405013.200711
012110252143314240010242 1202405013.200711
012110252143315240010242 1202405013.200711
012110252143310240010242 1202405013.200711
012110252143311240010242 1202405013.200711
012110252143312240010242 1202405013.200711
012110252143314240010242 1202405013.200711
012110252143315240010242 1202405013.200711
