0021106021353045424606162400 1 1202503156.204811
0022106021353045424606162400 1 1202503156.204813
0021106221353045424606162400 1 1202503156.204815
0021106321353045424606162400 1 1202503156.204817
0021106521353045424606162400 1 1202503156.204820
0021106621353045424606162400 1 1202503156.204822
0616162021353040424200000520 2 1202503156.205926
0614102021353042424200000520 2 1202503156.210011
0612152021353542424200000520 2 1202503156.210014
0046103621113642424200000520 2 1202503156.210016
0046153621113642424200000520 2 1202503156.210017
0046163621113642424200000520 2 1202503156.210019
0612162021353644424200000520 2 1202503156.210258
0144153621313546424200000520 2 1202503156.210426
0616152021353646424200000520 2 1202503156.210437
0612162021353646424200000520 2 1202503156.210439
0516102021333042464600512050 2 1202503156.215720
0516122021333042464600512050 2 1202503156.215722
0516132021333042464600512050 2 1202503156.215724
0516152021333042464600512050 2 1202503156.215726
0516162021333042464600512050 2 1202503156.215728
0114102521333145424604112031 2 1202503156.221313
0561105021303540424200252431 2 1202503156.221534
0062105021003041424200252431 2 1202503156.221537
0561155021303041424200252431 2 1202503156.221540
0062105021013041424200252431 2 1202503156.221542
0062155021013041424200252431 2 1202503156.221544
0062105021033041424200252431 2 1202503156.221546
0062105021043041424200252431 2 1202503156.221548
0062105021053041424200252431 2 1202503156.221550
0062155021003541424200252431 2 1202503156.221553
0561105021303541424200252431 2 1202503156.221555
0062155021013541424200252431 2 1202503156.221558
0562103521013142424200252431 2 1202503156.221601
0561155021303044424200252431 2 1202503156.221604
0561155521303044424200252431 2 1202503156.221606
0561105021303544424200252431 2 1202503156.221609
0561105021303540424600252431 2 1202503156.221634
0062105021003041424600252431 2 1202503156.221637
0561155021303041424600252431 2 1202503156.221639
0062105021013041424600252431 2 1202503156.221641
0062155021013041424600252431 2 1202503156.221643
0062105021033041424600252431 2 1202503156.221646
0062105021043041424600252431 2 1202503156.221648
0062105021053041424600252431 2 1202503156.221650
0062155021003541424600252431 2 1202503156.221652
0561105021303541424600252431 2 1202503156.221655
0062155021013541424600252431 2 1202503156.221657
0562103521013142424600252431 2 1202503156.221700
0561155021303044424600252431 2 1202503156.221704
0561155521303044424600252431 2 1202503156.221706
0561105021303544424600252431 2 1202503156.221710
0012162521303040424200000651 1 1202503156.222649
0012162521303540424200000651 1 1202503156.222651
0012162521303044424200000651 1 1202503156.222710
0012162621303044424200000651 1 1202503156.222711
0026150621313040424200000222 2 1202503156.224425
0026150621313046424200000222 2 1202503156.224441
0414152021303140424601142014 1 1202503167.001937
0414152021313140424601142014 2 1202503167.001940
0411152021333140424601142014 2 1202503167.001942
0441152021333140424601142014 2 1202503167.001943
0414152021333140424601142014 2 1202503167.001944
0414152021343140424601142014 2 1202503167.001946
0414152021353140424601142014 1 1202503167.001948
0110102220303544424601142014 1 1202503167.002032
0110102620303544424601142014 1 1202503167.002033
0110102621303544424601142014 1 1202503167.002035
0110102625303544424601142014 1 1202503167.002036
0110102220353544424601142014 1 1202503167.002039
0110102620353544424601142014 1 1202503167.002040
0110102621353544424601142014 1 1202503167.002041
0110102625353544424601142014 1 1202503167.002043
0110102220303045424601142014 1 1202503167.002047
0110102620303045424601142014 1 1202503167.002049
0110102225303045424601142014 1 1202503167.002050
0110102625303045424601142014 1 1202503167.002052
0110102220353045424601142014 1 1202503167.002054
0110102620353045424601142014 1 1202503167.002055
0110102225353045424601142014 1 1202503167.002058
0110102625353045424601142014 1 1202503167.002059
0110102220303145424601142014 1 1202503167.002101
0110102620303145424601142014 1 1202503167.002102
0110102225303145424601142014 1 1202503167.002106
0110102625303145424601142014 1 1202503167.002107
0110102220353145424601142014 1 1202503167.002112
0110102620353145424601142014 1 1202503167.002114
0110102225353145424601142014 1 1202503167.002119
0026102225353145424601142014 1 1202503167.002121
0110102625353145424601142014 1 1202503167.002123
0110102220303545424601142014 1 1202503167.002124
0110102620303545424601142014 1 1202503167.002125
0110102225303545424601142014 1 1202503167.002127
0110102625303545424601142014 1 1202503167.002128
0110102220353545424601142014 1 1202503167.002130
0110102620353545424601142014 1 1202503167.002131
0110102225353545424601142014 1 1202503167.002133
0026102525353545424601142014 1 1202503167.002135
0110102625353545424601142014 1 1202503167.002136
0424152021353146424601142014 2 1202503167.002152
0201152521353141464601142014 1 1202503167.002245
0211152521353141464601142014 1 1202503167.002246
0221152521353141464601142014 1 1202503167.002248
0241152521353141464601142014 1 1202503167.002249
0251152521353141464601142014 1 1202503167.002250
0261152521353141464601142014 1 1202503167.002251
0202152521353141464601142014 1 1202503167.002253
0212152521353141464601142014 1 1202503167.002254
0222152521353141464601142014 1 1202503167.002255
0242152521353141464601142014 1 1202503167.002256
0252152521353141464601142014 1 1202503167.002258
0262152521353141464601142014 1 1202503167.002259
0211152521303142464601142014 1 1202503167.002306
0202152521303142464601142014 2 1202503167.002307
0212152521303142464601142014 1 1202503167.002308
0222152521303142464601142014 2 1202503167.002310
0242152521303142464601142014 2 1202503167.002311
0252152521303142464601142014 2 1202503167.002312
0262152521303142464601142014 2 1202503167.002314
0202152521313142464601142014 2 1202503167.002315
0212152521313142464601142014 2 1202503167.002316
0222152521313142464601142014 2 1202503167.002317
0242152521313142464601142014 2 1202503167.002319
0252152521313142464601142014 2 1202503167.002320
0262152521313142464601142014 2 1202503167.002321
0202152521333142464601142014 2 1202503167.002323
0212152521333142464601142014 2 1202503167.002324
0222152521333142464601142014 2 1202503167.002326
0242152521333142464601142014 2 1202503167.002327
0252152521333142464601142014 2 1202503167.002328
0262152521333142464601142014 2 1202503167.002330
0202152521343142464601142014 2 1202503167.002331
0212152521343142464601142014 2 1202503167.002332
0222152521343142464601142014 2 1202503167.002333
0242152521343142464601142014 2 1202503167.002335
0252152521343142464601142014 2 1202503167.002337
0262152521343142464601142014 2 1202503167.002338
0201152521353142464601142014 1 1202503167.002340
0211152521353142464601142014 1 1202503167.002342
0221152521353142464601142014 1 1202503167.002343
0241152521353142464601142014 1 1202503167.002345
0251152521353142464601142014 1 1202503167.002347
0261152521353142464601142014 1 1202503167.002348
0202152521353142464601142014 1 1202503167.002350
0212152521353142464601142014 1 1202503167.002351
0222152521353142464601142014 1 1202503167.002353
0242152521353142464601142014 1 1202503167.002354
0252152521353142464601142014 1 1202503167.002356
0262152521353142464601142014 1 1202503167.002358
0110102220303544464601142014 1 1202503167.002417
0110102620303544464601142014 1 1202503167.002418
0110102621303544464601142014 1 1202503167.002420
0110102623303544464601142014 1 1202503167.002422
0110102624303544464601142014 1 1202503167.002423
0110102625303544464601142014 1 1202503167.002425
0110102220353544464601142014 1 1202503167.002426
0110102620353544464601142014 1 1202503167.002428
0110102621353544464601142014 1 1202503167.002429
0110102623353544464601142014 1 1202503167.002430
0110102624353544464601142014 1 1202503167.002432
0110102625353544464601142014 1 1202503167.002433
0110102220303045464601142014 1 1202503167.002438
0110102620303045464601142014 1 1202503167.002440
0110102621303045464601142014 1 1202503167.002441
0110102623303045464601142014 1 1202503167.002443
0110102624303045464601142014 1 1202503167.002444
0110102225303045464601142014 1 1202503167.002446
0110102625303045464601142014 1 1202503167.002447
0110102220353045464601142014 1 1202503167.002449
0110102620353045464601142014 1 1202503167.002451
0110102621353045464601142014 1 1202503167.002454
0110102623353045464601142014 1 1202503167.002455
0110102624353045464601142014 1 1202503167.002457
0110102225353045464601142014 1 1202503167.002459
0110102625353045464601142014 1 1202503167.002501
0110102220303145464601142014 1 1202503167.002502
0110102620303145464601142014 1 1202503167.002504
0110102621303145464601142014 1 1202503167.002507
0110102623303145464601142014 1 1202503167.002508
0110102624303145464601142014 1 1202503167.002510
0110102225303145464601142014 1 1202503167.002511
0110102625303145464601142014 1 1202503167.002513
0110102220353145464601142014 1 1202503167.002516
0110102620353145464601142014 1 1202503167.002519
0110102621353145464601142014 1 1202503167.002522
0110102623353145464601142014 1 1202503167.002524
0110102624353145464601142014 1 1202503167.002526
0110102225353145464601142014 1 1202503167.002528
0110102625353145464601142014 1 1202503167.002530
0110102220303545464601142014 1 1202503167.002532
0110102620303545464601142014 1 1202503167.002533
0110102621303545464601142014 1 1202503167.002535
0110102623303545464601142014 1 1202503167.002536
0110102624303545464601142014 1 1202503167.002538
0110102225303545464601142014 1 1202503167.002540
0110102625303545464601142014 1 1202503167.002541
0110102220353545464601142014 1 1202503167.002543
0110102620353545464601142014 1 1202503167.002544
0110102621353545464601142014 1 1202503167.002546
0110102623353545464601142014 1 1202503167.002548
0110102624353545464601142014 1 1202503167.002549
0110102225353545464601142014 1 1202503167.002551
0110102625353545464601142014 1 1202503167.002552
0016102021363520424200000244 1 1202503167.004431
0026103021613542424200000244 2 1202503167.004505
0026103021513046424200000244 2 1202503167.005151
0016102021353046424200000244 2 1202503167.005152
0016102021303546424200000244 1 1202503167.005156
0026103021013546424200000244 2 1202503167.005158
0026103021113546424200000244 2 1202503167.005200
0016102021313546424200000244 2 1202503167.005201
0026103021313546424200000244 2 1202503167.005203
0026103021413546424200000244 2 1202503167.005205
0026103021513546424200000244 2 1202503167.005207
0026103021613546424200000244 2 1202503167.005209
0016102021333546424200000244 2 1202503167.005211
0016102021343546424200000244 2 1202503167.005213
0016102021353546424200000244 2 1202503167.005214
0016102021363546424200000244 2 1202503167.005216
0516102321303061404600422054 1 1202503167.010115
0516122321303061404600422054 1 1202503167.010117
0516132321303061404600422054 1 1202503167.010119
0516152321303061404600422054 1 1202503167.010122
0516162321303061404600422054 1 1202503167.010124
0516102321303041464600422054 1 1202503167.010236
0516122321303041464600422054 1 1202503167.010238
0516132321303041464600422054 1 1202503167.010240
0516152321303041464600422054 1 1202503167.010242
0516162321303041464600422054 1 1202503167.010244
0110102220303644424200000154 1 1202503167.010439
0110102220303046424200000154 1 1202503167.010444
0110102220303146424200000154 1 1202503167.010445
0110102220303646424200000154 1 1202503167.010447
0061102021003045424200162435 1 1202503167.021646
0062102021003045424200162435 1 1202503167.021648
0061102221003045424200162435 1 1202503167.021651
0061102321003045424200162435 1 1202503167.021652
0061102521003045424200162435 1 1202503167.021654
0061102621003045424200162435 1 1202503167.021656
0062102021013045424200162435 2 1202503167.021658
0062102021033045424200162435 2 1202503167.021700
0062102021043045424200162435 2 1202503167.021702
0062102021053045424200162435 2 1202503167.021704
0061102021003045424600162435 1 1202503167.021741
0062102021003045424600162435 1 1202503167.021743
0061102221003045424600162435 1 1202503167.021745
0061102321003045424600162435 1 1202503167.021747
0061102521003045424600162435 1 1202503167.021749
0061102621003045424600162435 1 1202503167.021751
0062102021013045424600162435 2 1202503167.021752
0062102021033045424600162435 2 1202503167.021755
0062102021043045424600162435 2 1202503167.021757
0062102021053045424600162435 2 1202503167.021759
0011106021303540424600242055 1 1202503167.022048
0012106021303540424600242055 1 1202503167.022050
0011106221303540424600242055 1 1202503167.022052
0011106321303540424600242055 1 1202503167.022054
0011106521303540424600242055 1 1202503167.022056
0012106521303540424600242055 1 1202503167.022058
0011106621303540424600242055 1 1202503167.022059
0062103021113540424600242055 2 1202503167.022101
0012106021313540424600242055 2 1202503167.022103
0012106021333540424600242055 2 1202503167.022105
0012106021343540424600242055 2 1202503167.022107
0012106021353540424600242055 2 1202503167.022109
0062105021333061424600242055 2 1202503167.022117
0062105021333561424600242055 2 1202503167.022119
0011106021303542424600242055 1 1202503167.022123
0011156021303542424600242055 2 1202503167.022125
0062153021313144424600242055 2 1202503167.022132
0062155021313144424600242055 2 1202503167.022134
0062156021333144424600242055 1 1202503167.022136
0012106021303544424600242055 1 1202503167.022139
0012156021303544424600242055 1 1202503167.022141
0062103021113544424600242055 2 1202503167.022143
0062153021113544424600242055 2 1202503167.022145
0062156021333154424600242055 1 1202503167.022149
0062150021333164424600242055 2 1202503167.022152
0062152021333164424600242055 2 1202503167.022154
0062153021333164424600242055 2 1202503167.022156
0062155021333164424600242055 2 1202503167.022158
0062156021333164424600242055 1 1202503167.022200
0062103021313145424600242055 2 1202503167.022204
0062153021313145424600242055 2 1202503167.022206
0062100021333145424600242055 2 1202503167.022208
0062102021333145424600242055 2 1202503167.022210
0062103021333145424600242055 2 1202503167.022212
0062105021333145424600242055 2 1202503167.022213
0062106021333145424600242055 2 1202503167.022215
0012106021303545424600242055 1 1202503167.022217
0012156021303545424600242055 2 1202503167.022219
0062103021113545424600242055 2 1202503167.022221
0062153021113545424600242055 2 1202503167.022223
0062105021333061464600242055 2 1202503167.022300
0062125021333061464600242055 2 1202503167.022301
0062135021333061464600242055 2 1202503167.022303
0062155021333061464600242055 2 1202503167.022305
0062165021333061464600242055 2 1202503167.022307
0062105021333561464600242055 2 1202503167.022309
0062125021333561464600242055 2 1202503167.022311
0062135021333561464600242055 2 1202503167.022313
0062155021333561464600242055 2 1202503167.022315
0062165021333561464600242055 2 1202503167.022316
0512102521633554424201243155 2 1202503167.022517
0526102621353040424200000216 2 1202503167.022634
0111152021363120404200000546 1 1202503167.022941
0111152021363121404200000546 1 1202503167.022944
