0012162521303040424200000600 1 1202503156.205113
0011162021353040424200000600 2 1202503156.205115
0012162521303540424200000600 1 1202503156.205117
0012162621303540424200000600 1 1202503156.205119
0011162021353540424200000600 2 1202503156.205121
0011162021363540424200000600 2 1202503156.205123
0612162521303040424200000510 1 1202503156.210335
0611162021353040424200000510 2 1202503156.210337
0611162621353040424200000510 2 1202503156.210339
0612162521363040424200000510 1 1202503156.210348
0046102021363641424200000510 1 1202503156.210452
0046102221363641424200000510 1 1202503156.210454
0046102321363641424200000510 1 1202503156.210456
0046102521363641424200000510 1 1202503156.210458
0046102621363641424200000510 1 1202503156.210500
0046152621363641424200000510 1 1202503156.210502
0046162621363641424200000510 1 1202503156.210504
0046102621303642424200000510 1 1202503156.210513
0046152621303642424200000510 1 1202503156.210514
0046162621303642424200000510 1 1202503156.210516
0046102621313642424200000510 2 1202503156.210518
0046152621313642424200000510 2 1202503156.210520
0046162621313642424200000510 2 1202503156.210522
0046102621333642424200000510 2 1202503156.210524
0046152621333642424200000510 2 1202503156.210526
0046162621333642424200000510 2 1202503156.210528
0046102621343642424200000510 2 1202503156.210530
0046152621343642424200000510 2 1202503156.210531
0046162621343642424200000510 2 1202503156.210533
0046102621353642424200000510 2 1202503156.210535
0046152621353642424200000510 2 1202503156.210537
0046162621353642424200000510 2 1202503156.210539
0046102621363642424200000510 1 1202503156.210541
0046152621363642424200000510 1 1202503156.210543
0046162621363642424200000510 1 1202503156.210545
0612162521303046424200000510 1 1202503156.210747
0611162021353046424200000510 2 1202503156.210749
0611162621353046424200000510 2 1202503156.210751
0612162521363046424200000510 1 1202503156.210802
0441152621353140424201460610 2 1202503156.211002
0244162621353640424201460610 2 1202503156.211020
0045102621303022424201460610 1 1202503156.211203
0045162621303022424201460610 1 1202503156.211205
0025102621353022424201460610 1 1202503156.211208
0045102621353022424201460610 1 1202503156.211210
0025162621353022424201460610 1 1202503156.211213
0045162621353022424201460610 1 1202503156.211215
0642102621353624424201460610 2 1202503156.211334
0642162621353044424201460610 1 1202503156.211338
0244162621353626424201460610 1 1202503156.211553
0421152021363546424201460610 2 1202503156.211628
0144103621313540424200000420 2 1202503156.212105
0144153621313546424200000420 2 1202503156.212304
0022106021353045424601122301 2 1202503156.221858
0016102021303645424200000041 1 1202503156.223520
0121152520333064424200402341 2 1202503156.223642
0012162521303040424200000641 1 1202503156.224344
0012162521303540424200000641 1 1202503156.224346
0012162521303044424200000641 1 1202503156.224359
0012162521303046424200000641 1 1202503156.224415
0622150021533104424205412351 2 1202503156.225234
0622150021533114424205412351 2 1202503156.225238
0622150021533124424205412351 2 1202503156.225242
0622150021533144424205412351 2 1202503156.225247
0622150021533154424205412351 2 1202503156.225253
0622150021533164424205412351 2 1202503156.225258
0526150021313545424205412351 2 1202503156.225301
0662150021003104424605412351 2 1202503156.225341
0662150021103104424605412351 2 1202503156.225342
0662150021303104424605412351 2 1202503156.225344
0662150021403104424605412351 2 1202503156.225346
0662150021503104424605412351 2 1202503156.225348
0662150021013104424605412351 2 1202503156.225349
0662150021113104424605412351 2 1202503156.225351
0662150021313104424605412351 2 1202503156.225353
0662150021413104424605412351 2 1202503156.225354
0622150021513104424605412351 2 1202503156.225356
0662150021513104424605412351 2 1202503156.225358
0662150021033104424605412351 2 1202503156.225359
0662150021133104424605412351 2 1202503156.225401
0662150021333104424605412351 2 1202503156.225403
0662150021433104424605412351 2 1202503156.225404
0662150021533104424605412351 2 1202503156.225406
0662150021043104424605412351 2 1202503156.225408
0662150021143104424605412351 2 1202503156.225409
0662150021343104424605412351 2 1202503156.225411
0662150021443104424605412351 2 1202503156.225413
0662150021543104424605412351 2 1202503156.225414
0662150021053104424605412351 2 1202503156.225416
0662150021153104424605412351 2 1202503156.225418
0662150021353104424605412351 2 1202503156.225420
0662150021453104424605412351 2 1202503156.225421
0662150021553104424605412351 2 1202503156.225424
0662150021003114424605412351 2 1202503156.225428
0662150021103114424605412351 2 1202503156.225429
0662150021303114424605412351 2 1202503156.225431
0662150021403114424605412351 2 1202503156.225433
0662150021503114424605412351 2 1202503156.225435
0662150021013114424605412351 2 1202503156.225436
0662150021113114424605412351 2 1202503156.225438
0662150021313114424605412351 2 1202503156.225440
0662150021413114424605412351 2 1202503156.225441
0622150021513114424605412351 2 1202503156.225443
0662150021513114424605412351 2 1202503156.225445
0662150021033114424605412351 2 1202503156.225447
0662150021133114424605412351 2 1202503156.225448
0662150021333114424605412351 2 1202503156.225450
0662150021433114424605412351 2 1202503156.225452
0662150021533114424605412351 2 1202503156.225453
0662150021043114424605412351 2 1202503156.225455
0662150021143114424605412351 2 1202503156.225457
0662150021343114424605412351 2 1202503156.225459
0662150021443114424605412351 2 1202503156.225500
0662150021543114424605412351 2 1202503156.225502
0662150021053114424605412351 2 1202503156.225504
0662150021153114424605412351 2 1202503156.225505
0662150021353114424605412351 2 1202503156.225507
0662150021453114424605412351 2 1202503156.225509
0662150021553114424605412351 2 1202503156.225512
0662150021003124424605412351 2 1202503156.225515
0662150021103124424605412351 2 1202503156.225517
0662150021303124424605412351 2 1202503156.225519
0662150021403124424605412351 2 1202503156.225521
0662150021503124424605412351 2 1202503156.225522
0662150021013124424605412351 2 1202503156.225524
0662150021113124424605412351 2 1202503156.225526
0662150021313124424605412351 2 1202503156.225527
0662150021413124424605412351 2 1202503156.225529
0622150021513124424605412351 2 1202503156.225531
0662150021513124424605412351 2 1202503156.225532
0662150021033124424605412351 2 1202503156.225534
0662150021133124424605412351 2 1202503156.225536
0662150021333124424605412351 2 1202503156.225537
0662150021433124424605412351 2 1202503156.225539
0662150021533124424605412351 2 1202503156.225541
0662150021043124424605412351 2 1202503156.225543
0662150021143124424605412351 2 1202503156.225544
0662150021343124424605412351 2 1202503156.225546
0662150021443124424605412351 2 1202503156.225548
0662150021543124424605412351 2 1202503156.225550
0662150021053124424605412351 2 1202503156.225551
0662150021153124424605412351 2 1202503156.225553
0662150021353124424605412351 2 1202503156.225555
0662150021453124424605412351 2 1202503156.225557
0662150021553124424605412351 2 1202503156.225600
0662150021003144424605412351 2 1202503156.225603
0662150021103144424605412351 2 1202503156.225605
0662150021303144424605412351 2 1202503156.225607
0662150021403144424605412351 2 1202503156.225609
0662150021503144424605412351 2 1202503156.225610
0662150021013144424605412351 2 1202503156.225612
0662150021113144424605412351 2 1202503156.225614
0662150021313144424605412351 2 1202503156.225616
0662150021413144424605412351 2 1202503156.225618
0622150021513144424605412351 2 1202503156.225619
0662150021513144424605412351 2 1202503156.225621
0662150021033144424605412351 2 1202503156.225623
0662150021133144424605412351 2 1202503156.225624
0662150021333144424605412351 2 1202503156.225626
0662150021433144424605412351 2 1202503156.225628
0662150021533144424605412351 2 1202503156.225630
0662150021043144424605412351 2 1202503156.225631
0662150021143144424605412351 2 1202503156.225633
0662150021343144424605412351 2 1202503156.225635
0662150021443144424605412351 2 1202503156.225636
0662150021543144424605412351 2 1202503156.225638
0662150021053144424605412351 2 1202503156.225640
0662150021153144424605412351 2 1202503156.225642
0662150021353144424605412351 2 1202503156.225643
0662150021453144424605412351 2 1202503156.225645
0662150021553144424605412351 2 1202503156.225648
0662150021003154424605412351 2 1202503156.225652
0662150021103154424605412351 2 1202503156.225653
0662150021303154424605412351 2 1202503156.225655
0662150021403154424605412351 2 1202503156.225656
0662150021503154424605412351 2 1202503156.225658
0662150021013154424605412351 2 1202503156.225700
0662150021113154424605412351 2 1202503156.225702
0662150021313154424605412351 2 1202503156.225703
0662150021413154424605412351 2 1202503156.225705
0622150021513154424605412351 2 1202503156.225707
0662150021513154424605412351 2 1202503156.225708
0662150021033154424605412351 2 1202503156.225710
0662150021133154424605412351 2 1202503156.225712
0662150021333154424605412351 2 1202503156.225713
0662150021433154424605412351 2 1202503156.225715
0662150021533154424605412351 2 1202503156.225717
0662150021043154424605412351 2 1202503156.225719
0662150021143154424605412351 2 1202503156.225720
0662150021343154424605412351 2 1202503156.225722
0662150021443154424605412351 2 1202503156.225724
0662150021543154424605412351 2 1202503156.225725
0662150021053154424605412351 2 1202503156.225727
0662150021153154424605412351 2 1202503156.225729
0662150021353154424605412351 2 1202503156.225731
0662150021453154424605412351 2 1202503156.225732
0662150021553154424605412351 2 1202503156.225735
0662150021003164424605412351 2 1202503156.225739
0662150021103164424605412351 2 1202503156.225741
0662150021303164424605412351 2 1202503156.225743
0662150021403164424605412351 2 1202503156.225744
0662150021503164424605412351 2 1202503156.225746
0662150021013164424605412351 2 1202503156.225748
0662150021113164424605412351 2 1202503156.225749
0662150021313164424605412351 2 1202503156.225751
0662150021413164424605412351 2 1202503156.225753
0622150021513164424605412351 2 1202503156.225755
0662150021513164424605412351 2 1202503156.225756
0662150021033164424605412351 2 1202503156.225758
0662150021133164424605412351 2 1202503156.225800
0662150021333164424605412351 2 1202503156.225801
0662150021433164424605412351 2 1202503156.225803
0662150021533164424605412351 2 1202503156.225805
0662150021043164424605412351 2 1202503156.225807
0662150021143164424605412351 2 1202503156.225808
0662150021343164424605412351 2 1202503156.225810
0662150021443164424605412351 2 1202503156.225812
0662150021543164424605412351 2 1202503156.225813
0662150021053164424605412351 2 1202503156.225815
0662150021153164424605412351 2 1202503156.225817
0662150021353164424605412351 2 1202503156.225819
0662150021453164424605412351 2 1202503156.225820
0662150021553164424605412351 2 1202503156.225823
0525103021313040424201461303 2 1202503156.232135
0422153021313140424201461303 2 1202503156.232146
0426153021513140424201461303 2 1202503156.232149
0411152021363140424201461303 1 1202503156.232200
0411152021303540424201461303 1 1202503156.232205
0412152021303540424201461303 1 1202503156.232206
0422153021113540424201461303 2 1202503156.232208
0412152021313540424201461303 2 1202503156.232210
0524153021313540424201461303 2 1202503156.232213
0426153021513540424201461303 2 1202503156.232214
0412152021333540424201461303 2 1202503156.232215
0412152021343540424201461303 2 1202503156.232217
0412152021353540424201461303 2 1202503156.232218
0422153021163540424201461303 2 1202503156.232221
0411152021363540424201461303 1 1202503156.232222
0421152021363540424201461303 1 1202503156.232224
0412152021363540424201461303 1 1202503156.232225
0411152021363141424201461303 1 1202503156.232310
0421152021363141424201461303 1 1202503156.232311
0411152021363541424201461303 1 1202503156.232326
0412152021353522424201461303 1 1202503156.232402
0411152021363142424201461303 1 1202503156.232429
0426153021513542424201461303 2 1202503156.232441
0411152021363542424201461303 1 1202503156.232450
0422150021333104424201461303 2 1202503156.232521
0521102021333104424201461303 2 1202503156.232523
0422152021333104424201461303 2 1202503156.232524
0422153021333104424201461303 2 1202503156.232526
0422155021333104424201461303 2 1202503156.232527
0421155021133114424201461303 2 1202503156.232531
0425155021133114424201461303 2 1202503156.232532
0422150021333114424201461303 2 1202503156.232535
0521102021333114424201461303 2 1202503156.232536
0422152021333114424201461303 2 1202503156.232538
0422153021333114424201461303 2 1202503156.232540
0422155021333114424201461303 2 1202503156.232541
0426152021533114424201461303 2 1202503156.232544
0426155021533114424201461303 2 1202503156.232545
0421155021133514424201461303 2 1202503156.232548
0524155021333514424201461303 2 1202503156.232550
0421155021533514424201461303 2 1202503156.232552
0422150021333124424201461303 2 1202503156.232554
0521102021333124424201461303 2 1202503156.232556
0422152021333124424201461303 2 1202503156.232558
0422153021333124424201461303 2 1202503156.232559
0422155021333124424201461303 2 1202503156.232600
0422150021313144424201461303 2 1202503156.232609
0426153021513144424201461303 2 1202503156.232612
0422153021133144424201461303 2 1202503156.232613
0421155021133144424201461303 2 1202503156.232616
0426155021133144424201461303 2 1202503156.232617
0422150021333144424201461303 2 1202503156.232618
0521102021333144424201461303 2 1202503156.232620
0422152021333144424201461303 2 1202503156.232623
0422153021333144424201461303 2 1202503156.232625
0422155021333144424201461303 2 1202503156.232628
0421150021533144424201461303 2 1202503156.232629
0426150021533144424201461303 2 1202503156.232631
0426152021533144424201461303 2 1202503156.232633
0426153021533144424201461303 2 1202503156.232634
0421155021533144424201461303 2 1202503156.232635
0426155021533144424201461303 2 1202503156.232636
0412152021353144424201461303 1 1202503156.232638
0422150021363144424201461303 2 1202503156.232642
0411152021363144424201461303 1 1202503156.232643
0421152021363144424201461303 1 1202503156.232645
0422152021363144424201461303 2 1202503156.232646
0422153021363144424201461303 2 1202503156.232649
0422155021363144424201461303 2 1202503156.232650
0426153021513544424201461303 2 1202503156.232658
0411152021363544424201461303 1 1202503156.232714
0421152021363544424201461303 1 1202503156.232716
0425155021133154424201461303 2 1202503156.232724
0422150021333154424201461303 2 1202503156.232727
0521102021333154424201461303 2 1202503156.232729
0422152021333154424201461303 2 1202503156.232731
0422153021333154424201461303 2 1202503156.232733
0422155021333154424201461303 2 1202503156.232735
0421150021533154424201461303 2 1202503156.232736
0426150021533154424201461303 2 1202503156.232737
0426152021533154424201461303 2 1202503156.232739
0426153021533154424201461303 2 1202503156.232740
0426155021533154424201461303 2 1202503156.232741
0422150021333164424201461303 2 1202503156.232807
0521102021333164424201461303 2 1202503156.232809
0422152021333164424201461303 2 1202503156.232811
0422153021333164424201461303 2 1202503156.232812
0422155021333164424201461303 2 1202503156.232813
0426153021513145424201461303 2 1202503156.232831
0411152021363145424201461303 1 1202503156.232838
0421152021363145424201461303 1 1202503156.232839
0426153021513545424201461303 2 1202503156.232844
0411152021363545424201461303 1 1202503156.232849
0421152021363545424201461303 1 1202503156.232850
0525103021313046424201461303 2 1202503156.232923
0422153021313146424201461303 2 1202503156.232935
0426153021513146424201461303 2 1202503156.232938
0411152021363146424201461303 1 1202503156.232949
0421152021363146424201461303 1 1202503156.232950
0411152021303546424201461303 1 1202503156.232956
0412152021303546424201461303 1 1202503156.232957
0422153021113546424201461303 2 1202503156.232959
0412152021313546424201461303 2 1202503156.233001
0524153021313546424201461303 2 1202503156.233003
0426153021513546424201461303 2 1202503156.233004
0412152021333546424201461303 2 1202503156.233005
0412152021343546424201461303 2 1202503156.233007
0412152021353546424201461303 2 1202503156.233009
0411152021363546424201461303 1 1202503156.233013
0421152021363546424201461303 1 1202503156.233014
0412152021363546424201461303 1 1202503156.233015
0114102521303141424606462313 1 1202503156.234051
0021150021513041424200652033 2 1202503167.000835
0021150021513041424600652033 2 1202503167.012925
0021150021313540424205662043 2 1202503167.024210
0522153021153024424205662043 2 1202503167.024220
0022153021153524424205662043 2 1202503167.024223
0122153021153524424205662043 2 1202503167.024225
0222153021153524424205662043 2 1202503167.024226
0422153021153524424205662043 2 1202503167.024228
0522153021153524424205662043 2 1202503167.024230
0622153021153524424205662043 2 1202503167.024231
0021150021313540424605662043 2 1202503167.024843
0522153021153024424605662043 2 1202503167.024853
0022153021153524424605662043 2 1202503167.024856
0122153021153524424605662043 2 1202503167.024858
0222153021153524424605662043 2 1202503167.024859
0422153021153524424605662043 2 1202503167.024901
0522153021153524424605662043 2 1202503167.024903
0622153021153524424605662043 2 1202503167.024904
0544102025333564424201212304 2 1202503167.025418
0545102025333564424201212304 2 1202503167.025420
0041105521013104424606222314 2 1202503167.025718
0041105521013114424606222314 2 1202503167.025723
0041105521013124424606222314 2 1202503167.025728
0041105521013144424606222314 2 1202503167.025735
0041105521013154424606222314 2 1202503167.025738
0041105521013164424606222314 2 1202503167.025740
0114102621353146424200000414 2 1202503167.025910
0110102220303045424602442334 1 1202503167.030352
0425160021313644424200000144 2 1202503167.030757
0416162021353644424200000144 2 1202503167.030800
0621102021333154424200000144 2 1202503167.030801
0416162021353646424200000144 2 1202503167.030842
0016102021353020424206400244 1 1202503167.030918
0026103021513046424206400244 2 1202503167.030928
0016102021353046424206400244 2 1202503167.030930
0110102220303046424204510254 1 1202503167.032249
0022105021313041424206652005 2 1202503167.033326
0022155021313064424206652005 2 1202503167.033331
0022105021313041424606652005 2 1202503167.033412
0022155021313064424606652005 2 1202503167.033418
0114102521333145424204161325 2 1202503167.034145
0164102521333145424204161325 2 1202503167.034146
0145102521353145424204161325 1 1202503167.034148
0062100021113045424202202335 2 1202503167.034313
0062100021113045424602202335 2 1202503167.034556
0015102021303140424602262335 1 1202503167.034747
0015106021303140424602262335 2 1202503167.034748
0015102021303144424602262335 1 1202503167.034757
0015106021303144424602262335 1 1202503167.034759
0015102221303144424602262335 1 1202503167.034800
0015102321303144424602262335 1 1202503167.034802
0015102521303144424602262335 1 1202503167.034803
0015106521303144424602262335 1 1202503167.034805
0015102621303144424602262335 1 1202503167.034807
0062100021113045424602262335 2 1202503167.034811
0015102021303145424602262335 1 1202503167.034813
0015106021303145424602262335 1 1202503167.034814
0015102521303145424602262335 1 1202503167.034816
0015106021303142454602262335 1 1202503167.034953
0046152621353020424200000116 2 1202503167.041405
0546152621353020424200000116 2 1202503167.041406
0526102621353040424200000116 2 1202503167.041409
0154162226363040424200000116 1 1202503167.041413
0154162226363140424200000116 1 1202503167.041438
0154162226363640424200000116 1 1202503167.041500
0254162226363640424200000116 1 1202503167.041502
0154162226363044424200000116 1 1202503167.041536
0022152321363540424205500216 1 1202503167.041839
0122152321363540424205500216 1 1202503167.041840
0222152321363540424205500216 1 1202503167.041842
0422152321363540424205500216 1 1202503167.041844
0522152321363540424205500216 1 1202503167.041845
0622152321363540424205500216 1 1202503167.041847
0022152321363546424205500216 1 1202503167.041856
0122152321363546424205500216 1 1202503167.041858
0222152321363546424205500216 1 1202503167.041859
0422152321363546424205500216 1 1202503167.041901
0522152321363546424205500216 1 1202503167.041902
0622152321363546424205500216 1 1202503167.041904
0012162521303040424200000026 1 1202503167.041938
0012162521303540424200000026 1 1202503167.041940
0045163621013044424206650626 2 1202503167.042139
0045163621113044424206650626 2 1202503167.042140
0045163621313044424206650626 2 1202503167.042142
0045163621413044424206650626 2 1202503167.042143
0045163621513044424206650626 2 1202503167.042145
0045163621613044424206650626 2 1202503167.042146
