0426150021313140424601202010 2 1202503156.204914
0441152021333140424601202010 2 1202503156.204916
0141100521333064424204242410 2 1202503156.205315
0141100521033164424204242410 2 1202503156.205317
0141100521133164424204242410 2 1202503156.205318
0141100521333164424204242410 2 1202503156.205320
0124103521113145424604242410 2 1202503156.205424
0144153621313546424200000220 2 1202503156.205727
0121162620333054424200000040 2 1202503156.213542
0012162521303040424200000640 1 1202503156.213952
0011162021353040424200000640 2 1202503156.213954
0012162521303540424200000640 1 1202503156.213958
0011162021353540424200000640 2 1202503156.214000
0022105021313041424206642401 2 1202503156.222704
0022105021313041424606642401 2 1202503156.222802
0122106521553042424604142031 6 1202503156.224401
0122106521553044424604142031 2 1202503156.224424
0122106521553144424604142031 2 1202503156.224506
0114106521003145424604142031 2 1202503156.224524
0114106521103145424604142031 2 1202503156.224525
0114102521303145424604142031 1 1202503156.224527
0114106521303145424604142031 2 1202503156.224528
0114106521403145424604142031 2 1202503156.224529
0114106521503145424604142031 2 1202503156.224530
0114106521013145424604142031 2 1202503156.224532
0114106521113145424604142031 2 1202503156.224533
0114102521313145424604142031 2 1202503156.224534
0114106521313145424604142031 2 1202503156.224536
0114106521413145424604142031 2 1202503156.224537
0114106521513145424604142031 2 1202503156.224538
0114106521033145424604142031 2 1202503156.224539
0114106521133145424604142031 2 1202503156.224541
0114102521333145424604142031 2 1202503156.224542
0114106521333145424604142031 2 1202503156.224543
0114106521433145424604142031 2 1202503156.224545
0114106521533145424604142031 2 1202503156.224546
0114106521043145424604142031 2 1202503156.224547
0114106521143145424604142031 2 1202503156.224549
0114102521343145424604142031 2 1202503156.224550
0114106521343145424604142031 2 1202503156.224551
0114106521443145424604142031 2 1202503156.224552
0114106521543145424604142031 2 1202503156.224554
0114106521053145424604142031 2 1202503156.224555
0114106521153145424604142031 2 1202503156.224556
0114102521353145424604142031 1 1202503156.224558
0114106521353145424604142031 2 1202503156.224559
0114106521453145424604142031 2 1202503156.224600
0122106521553145424604142031 6 1202503156.224601
0114106521553145424604142031 2 1202503156.224603
0011102521363640424200000012 1 1202503156.232708
0011152521363640424200000012 1 1202503156.232710
0026162621353042424200000012 2 1202503156.232718
0610152521303044424200000012 1 1202503156.232723
0610152521363044424200000012 1 1202503156.232725
0610102521303644424200000012 1 1202503156.232731
0610102521363644424200000012 1 1202503156.232734
0011102521363644424200000012 1 1202503156.232737
0621102025363045424200000012 1 1202503156.232744
0621122025363045424200000012 1 1202503156.232746
0621132025363045424200000012 1 1202503156.232749
0621152025363045424200000012 1 1202503156.232751
0621162025363045424200000012 1 1202503156.232754
0621102225363045424200000012 1 1202503156.232757
0621122225363045424200000012 1 1202503156.232759
0621132225363045424200000012 1 1202503156.232802
0621152225363045424200000012 1 1202503156.232804
0621162225363045424200000012 1 1202503156.232807
0621102325363045424200000012 1 1202503156.232809
0621122325363045424200000012 1 1202503156.232812
0621132325363045424200000012 1 1202503156.232815
0621152325363045424200000012 1 1202503156.232817
0621162325363045424200000012 1 1202503156.232820
0621102525363045424200000012 1 1202503156.232822
0621122525363045424200000012 1 1202503156.232825
0621132525363045424200000012 1 1202503156.232828
0621152525363045424200000012 1 1202503156.232830
0621162525363045424200000012 1 1202503156.232833
0621102625363045424200000012 1 1202503156.232836
0621122625363045424200000012 1 1202503156.232839
0621132625363045424200000012 1 1202503156.232842
0621152625363045424200000012 1 1202503156.232844
0621162625363045424200000012 1 1202503156.232846
0011102521363646424200000012 1 1202503156.232854
0011152521363646424200000012 1 1202503156.232856
0111152021343120464200000012 1 1202503156.232916
0111152021343121464200000012 1 1202503156.232920
0111152021343126464200000012 1 1202503156.232932
0011162021353040424200000612 2 1202503156.232949
0611162021353040424200000612 2 1202503156.232951
0011162621353040424200000612 2 1202503156.232953
0614102521303540424200000612 1 1202503156.232955
0011162021353540424200000612 2 1202503156.232957
0611162021353540424200000612 2 1202503156.232959
0011162621353540424200000612 2 1202503156.233001
0614102521363540424200000612 1 1202503156.233003
0010102521303640424200000612 1 1202503156.233005
0011102521303640424200000612 1 1202503156.233007
0614102521303640424200000612 1 1202503156.233009
0016102521303640424200000612 1 1202503156.233011
0010152521303640424200000612 1 1202503156.233013
0011152521303640424200000612 1 1202503156.233015
0016152521303640424200000612 1 1202503156.233016
0010102521363640424200000612 1 1202503156.233019
0011102521363640424200000612 1 1202503156.233020
0614102521363640424200000612 1 1202503156.233022
0016102521363640424200000612 1 1202503156.233024
0010152521363640424200000612 1 1202503156.233026
0011152521363640424200000612 1 1202503156.233028
0016152521363640424200000612 1 1202503156.233030
0610102521303044424200000612 1 1202503156.233039
0610152521303044424200000612 1 1202503156.233041
0011162021353044424200000612 2 1202503156.233043
0611162021353044424200000612 2 1202503156.233045
0011162621353044424200000612 2 1202503156.233048
0610102521363044424200000612 1 1202503156.233050
0610152521363044424200000612 1 1202503156.233053
0010102521303644424200000612 1 1202503156.233104
0510102521303644424200000612 1 1202503156.233107
0610102521303644424200000612 1 1202503156.233109
0011102521303644424200000612 1 1202503156.233112
0014102521303644424200000612 1 1202503156.233115
0010152521303644424200000612 1 1202503156.233118
0510152521303644424200000612 1 1202503156.233120
0010102521363644424200000612 1 1202503156.233124
0510102521363644424200000612 1 1202503156.233126
0610102521363644424200000612 1 1202503156.233129
0011102521363644424200000612 1 1202503156.233132
0061102521363644424200000612 1 1202503156.233134
0014102521363644424200000612 1 1202503156.233137
0010152521363644424200000612 1 1202503156.233140
0510152521363644424200000612 1 1202503156.233142
0011162021353046424200000612 2 1202503156.233156
0611162021353046424200000612 2 1202503156.233159
0011162621353046424200000612 2 1202503156.233201
0011162021353546424200000612 2 1202503156.233205
0611162021353546424200000612 2 1202503156.233208
0011162621353546424200000612 2 1202503156.233210
0010102521303646424200000612 1 1202503156.233212
0011102521303646424200000612 1 1202503156.233214
0014102521303646424200000612 1 1202503156.233216
0016102521303646424200000612 1 1202503156.233218
0010152521303646424200000612 1 1202503156.233220
0011152521303646424200000612 1 1202503156.233222
0016152521303646424200000612 1 1202503156.233224
0010102521363646424200000612 1 1202503156.233226
0011102521363646424200000612 1 1202503156.233228
0014102521363646424200000612 1 1202503156.233230
0016102521363646424200000612 1 1202503156.233232
0010152521363646424200000612 1 1202503156.233234
0011152521363646424200000612 1 1202503156.233235
0016152521363646424200000612 1 1202503156.233237
0046156621313541424200000522 2 1202503156.234117
0046106621313644424200000522 2 1202503156.234446
0646166621313046424200000522 2 1202503156.234637
0046106621313646424200000522 2 1202503156.234700
0112102525533040464604412033 6 1202503167.000632
0112102525533140464604412033 6 1202503167.000634
0112102525533014464604412033 2 1202503167.000650
0112102525533114464604412033 6 1202503167.000651
0112102525533044464604412033 2 1202503167.000657
0112102525533144464604412033 6 1202503167.000700
0112102525533015464604412033 6 1202503167.000733
0112102525533045464604412033 6 1202503167.000735
0112102525533145464604412033 6 1202503167.000739
0112102525533146464604412033 2 1202503167.000745
0026102525353544424601112014 1 1202503167.003532
0026102521353545424601112014 1 1202503167.003539
0026102525353545424601112014 1 1202503167.003541
0026102524353562454601112014 1 1202503167.003638
0022102520353565454601112014 1 1202503167.003646
0026102520353565454601112014 1 1202503167.003648
0026102521353565454601112014 1 1202503167.003650
0026102523353565454601112014 1 1202503167.003652
0026102524353565454601112014 1 1202503167.003654
0026102525353565454601112014 1 1202503167.003656
0111152021363120404200000544 2 1202503167.005923
0111152021363121404200000544 2 1202503167.005927
0145100521303020424206641025 2 1202503167.022019
0645100521303020424206641025 2 1202503167.022020
0145103521303020424206641025 2 1202503167.022022
0645103521303020424206641025 2 1202503167.022023
0145105521303020424206641025 2 1202503167.022024
0645105521303020424206641025 2 1202503167.022025
0145100526303020424206641025 2 1202503167.022027
0145103526303020424206641025 2 1202503167.022028
0145105526303020424206641025 2 1202503167.022029
0145100521313020424206641025 2 1202503167.022031
0645100521313020424206641025 2 1202503167.022032
0645100026313020424206641025 2 1202503167.022033
0645120026313020424206641025 2 1202503167.022035
0645130026313020424206641025 2 1202503167.022036
0645150026313020424206641025 2 1202503167.022037
0645100226313020424206641025 2 1202503167.022039
0645120226313020424206641025 2 1202503167.022040
0645130226313020424206641025 2 1202503167.022041
0645150226313020424206641025 2 1202503167.022043
0645100326313020424206641025 2 1202503167.022044
0645120326313020424206641025 2 1202503167.022045
0645130326313020424206641025 2 1202503167.022047
0645150326313020424206641025 2 1202503167.022048
0145100526313020424206641025 2 1202503167.022049
0645100526313020424206641025 2 1202503167.022051
0645120526313020424206641025 2 1202503167.022053
0645130526313020424206641025 2 1202503167.022055
0645150526313020424206641025 2 1202503167.022056
0145100521303520424206641025 2 1202503167.022140
0645100521303520424206641025 2 1202503167.022142
0145103521303520424206641025 2 1202503167.022144
0645103521303520424206641025 2 1202503167.022146
0145105521303520424206641025 2 1202503167.022148
0645105521303520424206641025 2 1202503167.022150
0145100526303520424206641025 2 1202503167.022153
0145103526303520424206641025 2 1202503167.022155
0145105526303520424206641025 2 1202503167.022156
0145100521313520424206641025 2 1202503167.022158
0645100521313520424206641025 2 1202503167.022200
0645100026313520424206641025 2 1202503167.022202
0645120026313520424206641025 2 1202503167.022205
0645130026313520424206641025 2 1202503167.022207
0645150026313520424206641025 2 1202503167.022209
0645100226313520424206641025 2 1202503167.022211
0645120226313520424206641025 2 1202503167.022213
0645130226313520424206641025 2 1202503167.022215
0645150226313520424206641025 2 1202503167.022217
0645100326313520424206641025 2 1202503167.022220
0645120326313520424206641025 2 1202503167.022222
0645130326313520424206641025 2 1202503167.022223
0645150326313520424206641025 2 1202503167.022226
0145100526313520424206641025 2 1202503167.022228
0645100526313520424206641025 2 1202503167.022230
0645120526313520424206641025 2 1202503167.022232
0645130526313520424206641025 2 1202503167.022234
0645150526313520424206641025 2 1202503167.022236
0142153526103040424206641025 6 1202503167.022314
0146153520153040424206641025 2 1202503167.022526
0645103226103140424206641025 2 1202503167.022655
0645103226113140424206641025 2 1202503167.022736
0645103226133140424206641025 2 1202503167.022808
0645103226143140424206641025 2 1202503167.022826
0645103226153140424206641025 2 1202503167.022846
0645103226163140424206641025 2 1202503167.022939
0142153521103640424206641025 6 1202503167.023011
0142153526103640424206641025 6 1202503167.023034
0146153520153640424206641025 6 1202503167.023353
0645102321303601424206641025 1 1202503167.024958
0145105521303041424206641025 6 1202503167.025700
0645105521303041424206641025 6 1202503167.025702
0645155521303041424206641025 2 1202503167.025705
0645102026303041424206641025 2 1202503167.025709
0645122026303041424206641025 2 1202503167.025711
0645132026303041424206641025 2 1202503167.025713
0645152026303041424206641025 2 1202503167.025715
0645105026303041424206641025 6 1202503167.025717
0645125026303041424206641025 6 1202503167.025720
0645135026303041424206641025 6 1202503167.025722
0645155026303041424206641025 6 1202503167.025725
0645102226303041424206641025 2 1202503167.025728
0645122226303041424206641025 2 1202503167.025730
0645132226303041424206641025 2 1202503167.025732
0645152226303041424206641025 2 1202503167.025734
0645105226303041424206641025 6 1202503167.025737
0645125226303041424206641025 6 1202503167.025739
0645135226303041424206641025 6 1202503167.025741
0645155226303041424206641025 6 1202503167.025744
0645102326303041424206641025 2 1202503167.025748
0645122326303041424206641025 2 1202503167.025749
0645132326303041424206641025 2 1202503167.025751
0645152326303041424206641025 2 1202503167.025753
0645105326303041424206641025 6 1202503167.025756
0645125326303041424206641025 6 1202503167.025758
0645135326303041424206641025 6 1202503167.025801
0645155326303041424206641025 6 1202503167.025803
0645122526303041424206641025 2 1202503167.025807
0645132526303041424206641025 2 1202503167.025809
0645152526303041424206641025 2 1202503167.025811
0145105526303041424206641025 6 1202503167.025814
0645105526303041424206641025 6 1202503167.025816
0645125526303041424206641025 6 1202503167.025818
0645135526303041424206641025 6 1202503167.025821
0645155526303041424206641025 6 1202503167.025823
0645155521313041424206641025 2 1202503167.025836
0645155521333041424206641025 2 1202503167.025925
0645155521343041424206641025 2 1202503167.025950
0645152321353041424206641025 1 1202503167.030018
0645155521353041424206641025 2 1202503167.030032
0645155521363041424206641025 2 1202503167.030203
0145105521303141424206641025 2 1202503167.030238
0645105521303141424206641025 2 1202503167.030239
0145105526303141424206641025 2 1202503167.030306
0645105526303141424206641025 2 1202503167.030308
0566150021313141424206641025 2 1202503167.030310
0566155021313141424206641025 2 1202503167.030313
0566150521313141424206641025 2 1202503167.030317
0145105521313141424206641025 2 1202503167.030321
0645105521313141424206641025 2 1202503167.030322
0566155521313141424206641025 2 1202503167.030327
0145105526313141424206641025 2 1202503167.030344
0645105526313141424206641025 2 1202503167.030345
0145105521333141424206641025 2 1202503167.030351
0645105521333141424206641025 2 1202503167.030352
0145105526333141424206641025 2 1202503167.030401
0645105526333141424206641025 2 1202503167.030402
0145105521343141424206641025 2 1202503167.030407
0645105521343141424206641025 2 1202503167.030409
0145105526343141424206641025 2 1202503167.030417
0645105526343141424206641025 2 1202503167.030418
0145105521353141424206641025 2 1202503167.030440
0645105521353141424206641025 2 1202503167.030441
0145105526353141424206641025 2 1202503167.030517
0645105526353141424206641025 2 1202503167.030518
0145105521363141424206641025 2 1202503167.030523
0645105521363141424206641025 2 1202503167.030524
0145105526363141424206641025 2 1202503167.030533
0645105526363141424206641025 2 1202503167.030534
0142152521303641424206641025 2 1202503167.030630
0145105521303641424206641025 2 1202503167.030637
0645105521303641424206641025 2 1202503167.030638
0645102026303641424206641025 2 1202503167.030651
0645122026303641424206641025 2 1202503167.030655
0645132026303641424206641025 2 1202503167.030659
0645152026303641424206641025 2 1202503167.030703
0645105026303641424206641025 2 1202503167.030709
0645125026303641424206641025 2 1202503167.030712
0645135026303641424206641025 2 1202503167.030715
0645155026303641424206641025 2 1202503167.030719
0645102226303641424206641025 2 1202503167.030728
0645122226303641424206641025 2 1202503167.030732
0645132226303641424206641025 2 1202503167.030736
0645152226303641424206641025 2 1202503167.030740
0645105226303641424206641025 2 1202503167.030745
0645125226303641424206641025 2 1202503167.030748
0645135226303641424206641025 2 1202503167.030751
0645155226303641424206641025 2 1202503167.030754
0645102326303641424206641025 2 1202503167.030803
0645122326303641424206641025 2 1202503167.030807
0645132326303641424206641025 2 1202503167.030811
0645152326303641424206641025 2 1202503167.030815
0645105326303641424206641025 2 1202503167.030821
0645125326303641424206641025 2 1202503167.030824
0645135326303641424206641025 2 1202503167.030827
0645155326303641424206641025 2 1202503167.030830
0645122526303641424206641025 2 1202503167.030840
0645132526303641424206641025 2 1202503167.030844
0645152526303641424206641025 2 1202503167.030848
0145105526303641424206641025 2 1202503167.030854
0645105526303641424206641025 2 1202503167.030856
0645125526303641424206641025 2 1202503167.030859
0645135526303641424206641025 2 1202503167.030902
0645155526303641424206641025 2 1202503167.030906
0566150021313641424206641025 2 1202503167.030909
0566155021313641424206641025 2 1202503167.030911
0566150221313641424206641025 6 1202503167.030913
0566155221313641424206641025 6 1202503167.030914
0566150321313641424206641025 6 1202503167.030916
0566155321313641424206641025 6 1202503167.030921
0566150521313641424206641025 2 1202503167.030927
0145105521313641424206641025 2 1202503167.030931
0645105521313641424206641025 2 1202503167.030932
0566155521313641424206641025 2 1202503167.030936
0645105026313641424206641025 2 1202503167.030945
0645125026313641424206641025 2 1202503167.030948
0645135026313641424206641025 2 1202503167.030952
0645155026313641424206641025 2 1202503167.030955
0645105226313641424206641025 2 1202503167.031003
0645125226313641424206641025 2 1202503167.031006
0645135226313641424206641025 2 1202503167.031009
0645155226313641424206641025 2 1202503167.031013
0645105326313641424206641025 2 1202503167.031021
0645125326313641424206641025 2 1202503167.031024
0645135326313641424206641025 2 1202503167.031027
0645155326313641424206641025 2 1202503167.031030
0145105526313641424206641025 2 1202503167.031041
0645105526313641424206641025 2 1202503167.031042
0645125526313641424206641025 2 1202503167.031045
0645135526313641424206641025 2 1202503167.031048
0645155526313641424206641025 2 1202503167.031052
0145105521333641424206641025 2 1202503167.031059
0645105521333641424206641025 2 1202503167.031100
0645105026333641424206641025 2 1202503167.031106
0645125026333641424206641025 2 1202503167.031108
0645135026333641424206641025 2 1202503167.031110
0645155026333641424206641025 2 1202503167.031112
0645105226333641424206641025 2 1202503167.031116
0645125226333641424206641025 2 1202503167.031118
0645135226333641424206641025 2 1202503167.031120
0645155226333641424206641025 2 1202503167.031122
0645105326333641424206641025 2 1202503167.031126
0645125326333641424206641025 2 1202503167.031128
0645135326333641424206641025 2 1202503167.031130
0645155326333641424206641025 2 1202503167.031132
0145105526333641424206641025 2 1202503167.031137
0645105526333641424206641025 2 1202503167.031138
0645125526333641424206641025 2 1202503167.031140
0645135526333641424206641025 2 1202503167.031142
0645155526333641424206641025 2 1202503167.031144
0145105521343641424206641025 2 1202503167.031150
0645105521343641424206641025 2 1202503167.031152
0645105026343641424206641025 2 1202503167.031157
0645125026343641424206641025 2 1202503167.031159
0645135026343641424206641025 2 1202503167.031201
0645155026343641424206641025 2 1202503167.031203
0645105226343641424206641025 2 1202503167.031208
0645125226343641424206641025 2 1202503167.031209
0645135226343641424206641025 2 1202503167.031211
0645155226343641424206641025 2 1202503167.031213
0645105326343641424206641025 2 1202503167.031218
0645125326343641424206641025 2 1202503167.031220
0645135326343641424206641025 2 1202503167.031221
0645155326343641424206641025 2 1202503167.031223
0145105526343641424206641025 2 1202503167.031229
0645105526343641424206641025 2 1202503167.031230
0645125526343641424206641025 2 1202503167.031232
0645135526343641424206641025 2 1202503167.031234
0645155526343641424206641025 2 1202503167.031236
0145105521353641424206641025 2 1202503167.031327
0645105521353641424206641025 2 1202503167.031328
0645102026353641424206641025 1 1202503167.031339
0645122026353641424206641025 1 1202503167.031341
0645132026353641424206641025 1 1202503167.031343
0645152026353641424206641025 1 1202503167.031345
0645105026353641424206641025 2 1202503167.031349
0645125026353641424206641025 2 1202503167.031352
0645135026353641424206641025 2 1202503167.031355
0645155026353641424206641025 2 1202503167.031358
0645102226353641424206641025 1 1202503167.031406
0645122226353641424206641025 1 1202503167.031408
0645132226353641424206641025 1 1202503167.031410
0645152226353641424206641025 1 1202503167.031412
0645105226353641424206641025 2 1202503167.031415
0645125226353641424206641025 2 1202503167.031418
0645135226353641424206641025 2 1202503167.031421
0645155226353641424206641025 2 1202503167.031424
0645102326353641424206641025 1 1202503167.031433
0645122326353641424206641025 1 1202503167.031434
0645132326353641424206641025 1 1202503167.031436
0645152326353641424206641025 1 1202503167.031438
0645105326353641424206641025 2 1202503167.031441
0645125326353641424206641025 2 1202503167.031444
0645135326353641424206641025 2 1202503167.031447
0645155326353641424206641025 2 1202503167.031450
0645122526353641424206641025 1 1202503167.031501
0645132526353641424206641025 1 1202503167.031503
0645152526353641424206641025 1 1202503167.031506
0145105526353641424206641025 2 1202503167.031510
0645105526353641424206641025 2 1202503167.031511
0645125526353641424206641025 2 1202503167.031514
0645135526353641424206641025 2 1202503167.031517
0645155526353641424206641025 2 1202503167.031521
0145105521363641424206641025 2 1202503167.031528
0645105521363641424206641025 2 1202503167.031529
0645105026363641424206641025 2 1202503167.031535
0645125026363641424206641025 2 1202503167.031537
0645135026363641424206641025 2 1202503167.031539
0645155026363641424206641025 2 1202503167.031541
0645105226363641424206641025 2 1202503167.031545
0645125226363641424206641025 2 1202503167.031547
0645135226363641424206641025 2 1202503167.031549
0645155226363641424206641025 2 1202503167.031551
0645105326363641424206641025 2 1202503167.031555
0645125326363641424206641025 2 1202503167.031557
0645135326363641424206641025 2 1202503167.031559
0645155326363641424206641025 2 1202503167.031601
0145105526363641424206641025 2 1202503167.031606
0645105526363641424206641025 2 1202503167.031607
0645125526363641424206641025 2 1202503167.031609
0645135526363641424206641025 2 1202503167.031611
0645155526363641424206641025 2 1202503167.031613
0645150521303022424206641025 2 1202503167.032849
0645152521303022424206641025 2 1202503167.032851
0645153521303022424206641025 2 1202503167.032855
0645155521303022424206641025 2 1202503167.032859
0645150521313022424206641025 2 1202503167.032911
0645100226303122424206641025 2 1202503167.032947
0645150226303122424206641025 2 1202503167.032949
0645102226303122424206641025 1 1202503167.032950
0645152226303122424206641025 1 1202503167.032951
0645103226303122424206641025 2 1202503167.032953
0645153226303122424206641025 2 1202503167.032954
0641105226303122424206641025 2 1202503167.032955
0645105226303122424206641025 2 1202503167.032956
0641155226303122424206641025 2 1202503167.032957
0645155226303122424206641025 2 1202503167.032959
0645100226313122424206641025 2 1202503167.033004
0645150226313122424206641025 2 1202503167.033005
0645150521303522424206641025 2 1202503167.033010
0645152521303522424206641025 2 1202503167.033011
0645153521303522424206641025 2 1202503167.033015
0645155521303522424206641025 2 1202503167.033020
0645150521313522424206641025 2 1202503167.033033
0144153226103042424206641025 2 1202503167.033113
0144153226113042424206641025 2 1202503167.033212
0144153226133042424206641025 2 1202503167.033421
0144153226143042424206641025 2 1202503167.033452
0144153226153042424206641025 2 1202503167.033531
0144153226163042424206641025 2 1202503167.033636
0145103521103142424206641025 2 1202503167.033703
0645103521103142424206641025 2 1202503167.033704
0145103526103142424206641025 2 1202503167.033713
0645103526103142424206641025 2 1202503167.033715
0145100521303142424206641025 2 1202503167.033725
0645100521303142424206641025 2 1202503167.033726
0145103521303142424206641025 2 1202503167.033731
0645103521303142424206641025 2 1202503167.033732
0145105521303142424206641025 2 1202503167.033738
0645105521303142424206641025 2 1202503167.033739
0645150226303142424206641025 6 1202503167.033758
0645152226303142424206641025 1 1202503167.033801
0645153226303142424206641025 6 1202503167.033805
0645155226303142424206641025 6 1202503167.033810
0145100526303142424206641025 2 1202503167.033814
0645100526303142424206641025 2 1202503167.033815
0145103526303142424206641025 2 1202503167.033822
0645103526303142424206641025 2 1202503167.033823
0145105526303142424206641025 2 1202503167.033829
0645105526303142424206641025 2 1202503167.033830
0145103521113142424206641025 2 1202503167.033834
0645103521113142424206641025 2 1202503167.033835
0145103526113142424206641025 2 1202503167.033840
0645103526113142424206641025 2 1202503167.033841
0145100521313142424206641025 2 1202503167.033846
0645100521313142424206641025 2 1202503167.033847
0145103521313142424206641025 2 1202503167.033851
0645103521313142424206641025 2 1202503167.033852
0145105521313142424206641025 2 1202503167.033856
0645105521313142424206641025 2 1202503167.033857
0645150226313142424206641025 6 1202503167.033910
0145100526313142424206641025 2 1202503167.033923
0645100526313142424206641025 2 1202503167.033924
0145103526313142424206641025 2 1202503167.033929
0645103526313142424206641025 2 1202503167.033930
0145105526313142424206641025 2 1202503167.033936
0645105526313142424206641025 2 1202503167.033937
0145103521133142424206641025 2 1202503167.033940
0645103521133142424206641025 2 1202503167.033941
0145103526133142424206641025 2 1202503167.033946
0645103526133142424206641025 2 1202503167.033947
0145100521333142424206641025 2 1202503167.033950
0645100521333142424206641025 2 1202503167.033951
0145103521333142424206641025 2 1202503167.033953
0645103521333142424206641025 2 1202503167.033955
0145105521333142424206641025 2 1202503167.033957
0645105521333142424206641025 2 1202503167.033958
0145100526333142424206641025 2 1202503167.034014
0645100526333142424206641025 2 1202503167.034015
0145103526333142424206641025 2 1202503167.034019
0645103526333142424206641025 2 1202503167.034020
0145105526333142424206641025 2 1202503167.034024
0645105526333142424206641025 2 1202503167.034025
0145103521143142424206641025 2 1202503167.034027
0645103521143142424206641025 2 1202503167.034028
0145103526143142424206641025 2 1202503167.034032
0645103526143142424206641025 2 1202503167.034033
0145100521343142424206641025 2 1202503167.034037
0645100521343142424206641025 2 1202503167.034038
0145103521343142424206641025 2 1202503167.034040
0645103521343142424206641025 2 1202503167.034041
0145105521343142424206641025 2 1202503167.034044
0645105521343142424206641025 2 1202503167.034045
0145100526343142424206641025 2 1202503167.034101
0645100526343142424206641025 2 1202503167.034102
0145103526343142424206641025 2 1202503167.034106
0645103526343142424206641025 2 1202503167.034107
0145105526343142424206641025 2 1202503167.034110
0645105526343142424206641025 2 1202503167.034111
0145103521153142424206641025 2 1202503167.034115
0645103521153142424206641025 2 1202503167.034116
0145103526153142424206641025 2 1202503167.034125
0645103526153142424206641025 2 1202503167.034126
0145100521353142424206641025 2 1202503167.034137
0645100521353142424206641025 2 1202503167.034138
0145103521353142424206641025 2 1202503167.034144
0645103521353142424206641025 2 1202503167.034145
0145105521353142424206641025 2 1202503167.034150
0645105521353142424206641025 2 1202503167.034152
0145100526353142424206641025 2 1202503167.034230
0645100526353142424206641025 2 1202503167.034231
0145103526353142424206641025 2 1202503167.034240
0645103526353142424206641025 2 1202503167.034241
0145105526353142424206641025 2 1202503167.034247
0645105526353142424206641025 2 1202503167.034248
0145103521163142424206641025 2 1202503167.034252
0645103521163142424206641025 2 1202503167.034253
0145103526163142424206641025 2 1202503167.034257
0645103526163142424206641025 2 1202503167.034258
0145100521363142424206641025 2 1202503167.034302
0645100521363142424206641025 2 1202503167.034303
0145103521363142424206641025 2 1202503167.034305
0645103521363142424206641025 2 1202503167.034306
0145105521363142424206641025 2 1202503167.034309
0645105521363142424206641025 2 1202503167.034310
0145100526363142424206641025 2 1202503167.034325
0645100526363142424206641025 2 1202503167.034327
0145103526363142424206641025 2 1202503167.034330
0645103526363142424206641025 2 1202503167.034332
0145105526363142424206641025 2 1202503167.034335
0645105526363142424206641025 2 1202503167.034336
0145103521103642424206641025 2 1202503167.034651
0645103521103642424206641025 2 1202503167.034652
0645103026103642424206641025 2 1202503167.034657
0645123026103642424206641025 2 1202503167.034658
0645133026103642424206641025 2 1202503167.034659
0645153026103642424206641025 2 1202503167.034701
0645103226103642424206641025 2 1202503167.034702
0645123226103642424206641025 2 1202503167.034703
0645133226103642424206641025 2 1202503167.034705
0645153226103642424206641025 2 1202503167.034706
0645103326103642424206641025 2 1202503167.034707
0645123326103642424206641025 2 1202503167.034708
0645133326103642424206641025 2 1202503167.034710
0645153326103642424206641025 2 1202503167.034711
0145103526103642424206641025 2 1202503167.034713
0645103526103642424206641025 2 1202503167.034714
0645123526103642424206641025 2 1202503167.034715
0645133526103642424206641025 2 1202503167.034716
0645153526103642424206641025 2 1202503167.034718
0145100521303642424206641025 2 1202503167.034730
0645100521303642424206641025 2 1202503167.034731
0645150521303642424206641025 6 1202503167.034736
0645152521303642424206641025 1 1202503167.034740
0145103521303642424206641025 2 1202503167.034741
0645103521303642424206641025 2 1202503167.034742
0645153521303642424206641025 6 1202503167.034747
0145105521303642424206641025 2 1202503167.034751
0645105521303642424206641025 2 1202503167.034752
0645155521303642424206641025 6 1202503167.034757
0145100526303642424206641025 2 1202503167.034843
0145103526303642424206641025 2 1202503167.034851
0145105526303642424206641025 2 1202503167.034855
0145103521113642424206641025 2 1202503167.034901
0645103521113642424206641025 2 1202503167.034902
0645103026113642424206641025 2 1202503167.034904
0645123026113642424206641025 2 1202503167.034905
0645133026113642424206641025 2 1202503167.034906
0645153026113642424206641025 2 1202503167.034907
0645103226113642424206641025 2 1202503167.034909
0645123226113642424206641025 2 1202503167.034910
0645133226113642424206641025 2 1202503167.034911
0645153226113642424206641025 2 1202503167.034912
0645103326113642424206641025 2 1202503167.034913
0645123326113642424206641025 2 1202503167.034915
0645133326113642424206641025 2 1202503167.034916
0645153326113642424206641025 2 1202503167.034917
0145103526113642424206641025 2 1202503167.034918
0645103526113642424206641025 2 1202503167.034919
0645123526113642424206641025 2 1202503167.034920
0645133526113642424206641025 2 1202503167.034922
0645153526113642424206641025 2 1202503167.034923
0145100521313642424206641025 2 1202503167.034929
0645100521313642424206641025 2 1202503167.034930
0645150521313642424206641025 6 1202503167.034934
0145103521313642424206641025 2 1202503167.034938
0645103521313642424206641025 2 1202503167.034939
0145105521313642424206641025 2 1202503167.034945
0645105521313642424206641025 2 1202503167.034946
0645100026313642424206641025 2 1202503167.034953
0645120026313642424206641025 2 1202503167.034955
0645130026313642424206641025 2 1202503167.034957
0645150026313642424206641025 2 1202503167.034959
0645102026313642424206641025 2 1202503167.035001
0645122026313642424206641025 2 1202503167.035002
0645132026313642424206641025 2 1202503167.035003
0645152026313642424206641025 2 1202503167.035004
0645103026313642424206641025 2 1202503167.035006
0645123026313642424206641025 2 1202503167.035007
0645133026313642424206641025 2 1202503167.035009
0645153026313642424206641025 2 1202503167.035010
0645105026313642424206641025 2 1202503167.035013
0645125026313642424206641025 2 1202503167.035015
0645135026313642424206641025 2 1202503167.035018
0645155026313642424206641025 2 1202503167.035020
0645100226313642424206641025 2 1202503167.035023
0645120226313642424206641025 2 1202503167.035025
0645130226313642424206641025 2 1202503167.035027
0645150226313642424206641025 2 1202503167.035029
0645102226313642424206641025 2 1202503167.035030
0645122226313642424206641025 2 1202503167.035032
0645132226313642424206641025 2 1202503167.035033
0645152226313642424206641025 2 1202503167.035034
0645103226313642424206641025 2 1202503167.035035
0645123226313642424206641025 2 1202503167.035037
0645133226313642424206641025 2 1202503167.035038
0645153226313642424206641025 2 1202503167.035040
0645105226313642424206641025 2 1202503167.035042
0645125226313642424206641025 2 1202503167.035045
0645135226313642424206641025 2 1202503167.035047
0645155226313642424206641025 2 1202503167.035050
0645100326313642424206641025 2 1202503167.035052
0645120326313642424206641025 2 1202503167.035054
0645130326313642424206641025 2 1202503167.035056
0645150326313642424206641025 2 1202503167.035058
0645102326313642424206641025 2 1202503167.035100
0645122326313642424206641025 2 1202503167.035101
0645132326313642424206641025 2 1202503167.035102
0645152326313642424206641025 2 1202503167.035103
0645103326313642424206641025 2 1202503167.035105
0645123326313642424206641025 2 1202503167.035106
0645133326313642424206641025 2 1202503167.035108
0645153326313642424206641025 2 1202503167.035109
0645105326313642424206641025 2 1202503167.035112
0645125326313642424206641025 2 1202503167.035114
0645135326313642424206641025 2 1202503167.035117
0645155326313642424206641025 2 1202503167.035119
0145100526313642424206641025 2 1202503167.035122
0645100526313642424206641025 2 1202503167.035123
0645120526313642424206641025 2 1202503167.035126
0645130526313642424206641025 2 1202503167.035128
0645150526313642424206641025 2 1202503167.035130
0645122526313642424206641025 2 1202503167.035132
0645132526313642424206641025 2 1202503167.035133
0645152526313642424206641025 2 1202503167.035134
0145103526313642424206641025 2 1202503167.035136
0645103526313642424206641025 2 1202503167.035137
0645123526313642424206641025 2 1202503167.035138
0645133526313642424206641025 2 1202503167.035140
0645153526313642424206641025 2 1202503167.035141
0145105526313642424206641025 2 1202503167.035145
0645105526313642424206641025 2 1202503167.035146
0645125526313642424206641025 2 1202503167.035149
0645135526313642424206641025 2 1202503167.035151
0645155526313642424206641025 2 1202503167.035154
0145103521133642424206641025 2 1202503167.035156
0645103521133642424206641025 2 1202503167.035157
0645103026133642424206641025 2 1202503167.035200
0645123026133642424206641025 2 1202503167.035201
0645133026133642424206641025 2 1202503167.035202
0645153026133642424206641025 2 1202503167.035203
0645103226133642424206641025 2 1202503167.035204
0645123226133642424206641025 2 1202503167.035206
0645133226133642424206641025 2 1202503167.035207
0645153226133642424206641025 2 1202503167.035208
0645103326133642424206641025 2 1202503167.035209
0645123326133642424206641025 2 1202503167.035210
0645133326133642424206641025 2 1202503167.035211
0645153326133642424206641025 2 1202503167.035213
0145103526133642424206641025 2 1202503167.035214
0645103526133642424206641025 2 1202503167.035215
0645123526133642424206641025 2 1202503167.035216
0645133526133642424206641025 2 1202503167.035217
0645153526133642424206641025 2 1202503167.035219
0145100521333642424206641025 2 1202503167.035221
0645100521333642424206641025 2 1202503167.035223
0145103521333642424206641025 2 1202503167.035228
0645103521333642424206641025 2 1202503167.035229
0145105521333642424206641025 2 1202503167.035234
0645105521333642424206641025 2 1202503167.035235
0145100526333642424206641025 2 1202503167.035249
0145103526333642424206641025 2 1202503167.035252
0145105526333642424206641025 2 1202503167.035254
0145103521143642424206641025 2 1202503167.035257
0645103521143642424206641025 2 1202503167.035258
0645103026143642424206641025 2 1202503167.035301
0645123026143642424206641025 2 1202503167.035302
0645133026143642424206641025 2 1202503167.035303
0645153026143642424206641025 2 1202503167.035304
0645103226143642424206641025 2 1202503167.035305
0645123226143642424206641025 2 1202503167.035307
0645133226143642424206641025 2 1202503167.035308
0645153226143642424206641025 2 1202503167.035309
0645103326143642424206641025 2 1202503167.035310
0645123326143642424206641025 2 1202503167.035311
0645133326143642424206641025 2 1202503167.035313
0645153326143642424206641025 2 1202503167.035314
0145103526143642424206641025 2 1202503167.035315
0645103526143642424206641025 2 1202503167.035316
0645123526143642424206641025 2 1202503167.035317
0645133526143642424206641025 2 1202503167.035318
0645153526143642424206641025 2 1202503167.035320
0145100521343642424206641025 2 1202503167.035323
0645100521343642424206641025 2 1202503167.035324
0145103521343642424206641025 2 1202503167.035329
0645103521343642424206641025 2 1202503167.035330
0145105521343642424206641025 2 1202503167.035335
0645105521343642424206641025 2 1202503167.035336
0145100526343642424206641025 2 1202503167.035350
0145103526343642424206641025 2 1202503167.035352
0145105526343642424206641025 2 1202503167.035355
0145103521153642424206641025 2 1202503167.035401
0645103521153642424206641025 2 1202503167.035402
0645103026153642424206641025 2 1202503167.035406
0645123026153642424206641025 2 1202503167.035407
0645133026153642424206641025 2 1202503167.035408
0645153026153642424206641025 2 1202503167.035410
0645103226153642424206641025 2 1202503167.035411
0645123226153642424206641025 2 1202503167.035412
0645133226153642424206641025 2 1202503167.035413
0645153226153642424206641025 2 1202503167.035415
0645103326153642424206641025 2 1202503167.035416
0645123326153642424206641025 2 1202503167.035417
0645133326153642424206641025 2 1202503167.035419
0645153326153642424206641025 2 1202503167.035420
0145103526153642424206641025 2 1202503167.035421
0645103526153642424206641025 2 1202503167.035422
0645123526153642424206641025 2 1202503167.035424
0645133526153642424206641025 2 1202503167.035425
0645153526153642424206641025 2 1202503167.035427
0145100521353642424206641025 2 1202503167.035441
0645100521353642424206641025 2 1202503167.035442
0145103521353642424206641025 2 1202503167.035502
0645103521353642424206641025 2 1202503167.035503
0145105521353642424206641025 2 1202503167.035513
0645105521353642424206641025 2 1202503167.035514
0145100526353642424206641025 2 1202503167.035545
0145103526353642424206641025 2 1202503167.035551
0145105526353642424206641025 2 1202503167.035555
0145103521163642424206641025 2 1202503167.035601
0645103521163642424206641025 2 1202503167.035602
0645103026163642424206641025 2 1202503167.035604
0645123026163642424206641025 2 1202503167.035605
0645133026163642424206641025 2 1202503167.035606
0645153026163642424206641025 2 1202503167.035607
0645103226163642424206641025 2 1202503167.035609
0645123226163642424206641025 2 1202503167.035610
0645133226163642424206641025 2 1202503167.035611
0645153226163642424206641025 2 1202503167.035612
0645103326163642424206641025 2 1202503167.035613
0645123326163642424206641025 2 1202503167.035614
0645133326163642424206641025 2 1202503167.035616
0645153326163642424206641025 2 1202503167.035617
0145103526163642424206641025 2 1202503167.035618
0645103526163642424206641025 2 1202503167.035619
0645123526163642424206641025 2 1202503167.035620
0645133526163642424206641025 2 1202503167.035622
0645153526163642424206641025 2 1202503167.035623
0145100521363642424206641025 2 1202503167.035626
0645100521363642424206641025 2 1202503167.035627
0145103521363642424206641025 2 1202503167.035632
0645103521363642424206641025 2 1202503167.035633
0145105521363642424206641025 2 1202503167.035638
0645105521363642424206641025 2 1202503167.035639
0145100526363642424206641025 2 1202503167.035653
0145103526363642424206641025 2 1202503167.035656
0145105526363642424206641025 2 1202503167.035658
0641105226303124424206641025 6 1202503167.040909
0142153526103044424206641025 2 1202503167.040932
0142153526113044424206641025 2 1202503167.040957
0142153526133044424206641025 2 1202503167.041040
0142153526143044424206641025 2 1202503167.041054
0146153520153044424206641025 6 1202503167.041103
0142153526153044424206641025 2 1202503167.041124
0146153526153044424206641025 2 1202503167.041126
0142153526163044424206641025 2 1202503167.041200
0565153521103144424206641025 2 1202503167.041210
0565153521113144424206641025 2 1202503167.041308
0565153521133144424206641025 2 1202503167.041345
0565153521143144424206641025 2 1202503167.041408
0565153521153144424206641025 2 1202503167.041433
0565153521163144424206641025 2 1202503167.041533
0142153521103644424206641025 2 1202503167.041630
0142153521113644424206641025 2 1202503167.041815
0142153521133644424206641025 2 1202503167.042005
0142153521143644424206641025 2 1202503167.042035
0142153521153644424206641025 2 1202503167.042113
0146153521153644424206641025 2 1202503167.042115
0142153521163644424206641025 2 1202503167.042253
0145100521303045424206641025 6 1202503167.043350
0645100521303045424206641025 6 1202503167.043352
0145103521303045424206641025 6 1202503167.043355
0645103521303045424206641025 6 1202503167.043357
0145105521303045424206641025 6 1202503167.043400
0645105521303045424206641025 6 1202503167.043401
0145100526303045424206641025 6 1202503167.043419
0145103526303045424206641025 6 1202503167.043424
0145105526303045424206641025 6 1202503167.043426
0145100521313045424206641025 6 1202503167.043443
0645100521313045424206641025 6 1202503167.043444
0645100026313045424206641025 6 1202503167.043454
0645120026313045424206641025 6 1202503167.043456
0645130026313045424206641025 6 1202503167.043458
0645150026313045424206641025 6 1202503167.043501
0645100226313045424206641025 6 1202503167.043513
0645120226313045424206641025 6 1202503167.043516
0645130226313045424206641025 6 1202503167.043518
0645150226313045424206641025 6 1202503167.043520
0645100326313045424206641025 6 1202503167.043533
0645120326313045424206641025 6 1202503167.043535
0645130326313045424206641025 6 1202503167.043537
0645150326313045424206641025 6 1202503167.043539
0145100526313045424206641025 6 1202503167.043553
0645100526313045424206641025 6 1202503167.043554
0645120526313045424206641025 6 1202503167.043556
0645130526313045424206641025 6 1202503167.043558
0645150526313045424206641025 6 1202503167.043601
0145100521303145424206641025 2 1202503167.043919
0645100521303145424206641025 2 1202503167.043920
0145103521303145424206641025 2 1202503167.043922
0645103521303145424206641025 2 1202503167.043923
0145105521303145424206641025 2 1202503167.043926
0645105521303145424206641025 2 1202503167.043927
0145100526303145424206641025 2 1202503167.043944
0645100526303145424206641025 2 1202503167.043945
0145103526303145424206641025 2 1202503167.043947
0645103526303145424206641025 2 1202503167.043948
0145105526303145424206641025 2 1202503167.043952
0645105526303145424206641025 2 1202503167.043953
0145100521313145424206641025 2 1202503167.044000
0645100521313145424206641025 2 1202503167.044001
0145103521313145424206641025 2 1202503167.044002
0645103521313145424206641025 2 1202503167.044003
0145105521313145424206641025 2 1202503167.044006
0645105521313145424206641025 2 1202503167.044007
0145100526313145424206641025 2 1202503167.044020
0645100526313145424206641025 2 1202503167.044021
0145103526313145424206641025 2 1202503167.044023
0645103526313145424206641025 2 1202503167.044024
0145105526313145424206641025 2 1202503167.044027
0645105526313145424206641025 2 1202503167.044029
0145100521333145424206641025 2 1202503167.044036
0645100521333145424206641025 2 1202503167.044037
0145103521333145424206641025 2 1202503167.044038
0645103521333145424206641025 2 1202503167.044039
0145105521333145424206641025 2 1202503167.044041
0645105521333145424206641025 2 1202503167.044042
0145100526333145424206641025 2 1202503167.044049
0645100526333145424206641025 2 1202503167.044050
0145103526333145424206641025 2 1202503167.044051
0645103526333145424206641025 2 1202503167.044052
0145105526333145424206641025 2 1202503167.044054
0645105526333145424206641025 2 1202503167.044055
0145100521343145424206641025 2 1202503167.044101
0645100521343145424206641025 2 1202503167.044102
0145103521343145424206641025 2 1202503167.044103
0645103521343145424206641025 2 1202503167.044104
0145105521343145424206641025 2 1202503167.044106
0645105521343145424206641025 2 1202503167.044107
0145100526343145424206641025 2 1202503167.044114
0645100526343145424206641025 2 1202503167.044115
0145103526343145424206641025 2 1202503167.044116
0645103526343145424206641025 2 1202503167.044117
0145105526343145424206641025 2 1202503167.044119
0645105526343145424206641025 2 1202503167.044120
0145100521353145424206641025 2 1202503167.044137
0645100521353145424206641025 2 1202503167.044138
0145103521353145424206641025 2 1202503167.044140
0645103521353145424206641025 2 1202503167.044141
0145105521353145424206641025 2 1202503167.044144
0645105521353145424206641025 2 1202503167.044145
0145100526353145424206641025 2 1202503167.044206
0645100526353145424206641025 2 1202503167.044207
0145103526353145424206641025 2 1202503167.044208
0645103526353145424206641025 2 1202503167.044209
0145105526353145424206641025 2 1202503167.044213
0645105526353145424206641025 2 1202503167.044214
0145100521363145424206641025 2 1202503167.044220
0645100521363145424206641025 2 1202503167.044221
0145103521363145424206641025 2 1202503167.044222
0645103521363145424206641025 2 1202503167.044223
0145105521363145424206641025 2 1202503167.044225
0645105521363145424206641025 2 1202503167.044226
0145100526363145424206641025 2 1202503167.044233
0645100526363145424206641025 2 1202503167.044234
0145103526363145424206641025 2 1202503167.044235
0645103526363145424206641025 2 1202503167.044236
0145105526363145424206641025 2 1202503167.044238
0645105526363145424206641025 2 1202503167.044239
0645153521103645424206641025 6 1202503167.044258
0142153526103645424206641025 2 1202503167.044312
0145100521303645424206641025 2 1202503167.044322
0645100521303645424206641025 2 1202503167.044323
0142150521303645424206641025 2 1202503167.044325
0142152521303645424206641025 2 1202503167.044328
0145103521303645424206641025 2 1202503167.044331
0645103521303645424206641025 2 1202503167.044332
0142153521303645424206641025 2 1202503167.044334
0145105521303645424206641025 2 1202503167.044338
0645105521303645424206641025 2 1202503167.044339
0142155521303645424206641025 2 1202503167.044341
0145100526303645424206641025 2 1202503167.044415
0145103526303645424206641025 2 1202503167.044422
0145105526303645424206641025 2 1202503167.044425
0142153526113645424206641025 2 1202503167.044440
0145100521313645424206641025 2 1202503167.044450
0645100521313645424206641025 2 1202503167.044450
0142150521313645424206641025 2 1202503167.044452
0142152521313645424206641025 2 1202503167.044455
0145103521313645424206641025 2 1202503167.044457
0645103521313645424206641025 2 1202503167.044458
0142153521313645424206641025 2 1202503167.044459
0145105521313645424206641025 2 1202503167.044503
0645105521313645424206641025 2 1202503167.044504
0142155521313645424206641025 2 1202503167.044507
0645100026313645424206641025 2 1202503167.044511
0645120026313645424206641025 2 1202503167.044512
0645130026313645424206641025 2 1202503167.044514
0645150026313645424206641025 2 1202503167.044516
0645102026313645424206641025 2 1202503167.044517
0645122026313645424206641025 2 1202503167.044518
0645132026313645424206641025 2 1202503167.044519
0645152026313645424206641025 2 1202503167.044521
0645103026313645424206641025 2 1202503167.044522
0645123026313645424206641025 2 1202503167.044523
0645133026313645424206641025 2 1202503167.044524
0645153026313645424206641025 2 1202503167.044526
0645105026313645424206641025 2 1202503167.044529
0645125026313645424206641025 2 1202503167.044531
0645135026313645424206641025 2 1202503167.044534
0645155026313645424206641025 2 1202503167.044536
0645100226313645424206641025 2 1202503167.044538
0645120226313645424206641025 2 1202503167.044540
0645130226313645424206641025 2 1202503167.044541
0645150226313645424206641025 2 1202503167.044543
0645102226313645424206641025 2 1202503167.044544
0645122226313645424206641025 2 1202503167.044545
0645132226313645424206641025 2 1202503167.044547
0645152226313645424206641025 2 1202503167.044548
0645103226313645424206641025 2 1202503167.044549
0645123226313645424206641025 2 1202503167.044550
0645133226313645424206641025 2 1202503167.044552
0645153226313645424206641025 2 1202503167.044553
0645105226313645424206641025 2 1202503167.044555
0645125226313645424206641025 2 1202503167.044558
0645135226313645424206641025 2 1202503167.044600
0645155226313645424206641025 2 1202503167.044603
0645100326313645424206641025 2 1202503167.044605
0645120326313645424206641025 2 1202503167.044606
0645130326313645424206641025 2 1202503167.044608
0645150326313645424206641025 2 1202503167.044610
0645102326313645424206641025 2 1202503167.044611
0645122326313645424206641025 2 1202503167.044612
0645132326313645424206641025 2 1202503167.044613
0645152326313645424206641025 2 1202503167.044614
0645103326313645424206641025 2 1202503167.044616
0645123326313645424206641025 2 1202503167.044617
0645133326313645424206641025 2 1202503167.044618
0645153326313645424206641025 2 1202503167.044619
0645105326313645424206641025 2 1202503167.044622
0645125326313645424206641025 2 1202503167.044624
0645135326313645424206641025 2 1202503167.044627
0645155326313645424206641025 2 1202503167.044629
0145100526313645424206641025 2 1202503167.044632
0645100526313645424206641025 2 1202503167.044633
0645120526313645424206641025 2 1202503167.044634
0645130526313645424206641025 2 1202503167.044636
0645150526313645424206641025 2 1202503167.044638
0645122526313645424206641025 2 1202503167.044639
0645132526313645424206641025 2 1202503167.044640
0645152526313645424206641025 2 1202503167.044642
0145103526313645424206641025 2 1202503167.044643
0645103526313645424206641025 2 1202503167.044644
0645123526313645424206641025 2 1202503167.044645
0645133526313645424206641025 2 1202503167.044647
0645153526313645424206641025 2 1202503167.044648
0145105526313645424206641025 2 1202503167.044651
0645105526313645424206641025 2 1202503167.044652
0645125526313645424206641025 2 1202503167.044655
0645135526313645424206641025 2 1202503167.044657
0645155526313645424206641025 2 1202503167.044700
0142153526133645424206641025 2 1202503167.044714
0145100521333645424206641025 2 1202503167.044717
0645100521333645424206641025 2 1202503167.044718
0142150521333645424206641025 2 1202503167.044719
0142152521333645424206641025 2 1202503167.044721
0145103521333645424206641025 2 1202503167.044722
0645103521333645424206641025 2 1202503167.044723
0142153521333645424206641025 2 1202503167.044724
0145105521333645424206641025 2 1202503167.044727
0645105521333645424206641025 2 1202503167.044728
0142155521333645424206641025 2 1202503167.044730
0145100526333645424206641025 2 1202503167.044740
0145103526333645424206641025 2 1202503167.044742
0145105526333645424206641025 2 1202503167.044744
0142153526143645424206641025 2 1202503167.044758
0145100521343645424206641025 2 1202503167.044801
0645100521343645424206641025 2 1202503167.044802
0142150521343645424206641025 2 1202503167.044803
0142152521343645424206641025 2 1202503167.044805
0145103521343645424206641025 2 1202503167.044807
0645103521343645424206641025 2 1202503167.044808
0142153521343645424206641025 2 1202503167.044809
0145105521343645424206641025 2 1202503167.044811
0645105521343645424206641025 2 1202503167.044812
0142155521343645424206641025 2 1202503167.044814
0145100526343645424206641025 2 1202503167.044824
0145103526343645424206641025 2 1202503167.044826
0145105526343645424206641025 2 1202503167.044828
0142153526153645424206641025 2 1202503167.044902
0146153526153645424206641025 2 1202503167.044904
0145100521353645424206641025 2 1202503167.044933
0645100521353645424206641025 2 1202503167.044934
0142150521353645424206641025 2 1202503167.044936
0146150521353645424206641025 2 1202503167.044938
0141152521353645424206641025 1 1202503167.044940
0142152521353645424206641025 1 1202503167.044940
0146152521353645424206641025 1 1202503167.044943
0145103521353645424206641025 2 1202503167.044945
0645103521353645424206641025 2 1202503167.044946
0142153521353645424206641025 2 1202503167.044947
0146153521353645424206641025 2 1202503167.044949
0145105521353645424206641025 2 1202503167.044952
0645105521353645424206641025 2 1202503167.044953
0142155521353645424206641025 2 1202503167.044956
0146155521353645424206641025 2 1202503167.044958
0145100526353645424206641025 2 1202503167.045026
0145103526353645424206641025 2 1202503167.045035
0145105526353645424206641025 2 1202503167.045038
0142153526163645424206641025 2 1202503167.045055
0145100521363645424206641025 2 1202503167.045058
0645100521363645424206641025 2 1202503167.045059
0142150521363645424206641025 2 1202503167.045100
0142152521363645424206641025 2 1202503167.045102
0145103521363645424206641025 2 1202503167.045103
0645103521363645424206641025 2 1202503167.045104
0142153521363645424206641025 2 1202503167.045105
0145105521363645424206641025 2 1202503167.045108
0645105521363645424206641025 2 1202503167.045109
0142155521363645424206641025 2 1202503167.045111
0145100526363645424206641025 2 1202503167.045121
0145103526363645424206641025 2 1202503167.045123
0145105526363645424206641025 2 1202503167.045125
0645100321303606424206641025 6 1202503167.045739
0645102321303606424206641025 1 1202503167.045740
0645103321303606424206641025 6 1202503167.045742
0645105321303606424206641025 6 1202503167.045744
0142153521103046424206641025 6 1202503167.050223
0142153526103046424206641025 2 1202503167.050241
0145100521303046424206641025 2 1202503167.050246
0645100521303046424206641025 2 1202503167.050247
0145103521303046424206641025 2 1202503167.050252
0645103521303046424206641025 2 1202503167.050253
0145105521303046424206641025 2 1202503167.050256
0645105521303046424206641025 2 1202503167.050257
0145100526303046424206641025 2 1202503167.050311
0145103526303046424206641025 2 1202503167.050314
0145105526303046424206641025 2 1202503167.050316
0645155321313046424206641025 6 1202503167.050322
0145100521313046424206641025 2 1202503167.050324
0645100521313046424206641025 2 1202503167.050325
0645100026313046424206641025 2 1202503167.050334
0645120026313046424206641025 2 1202503167.050336
0645130026313046424206641025 2 1202503167.050338
0645150026313046424206641025 2 1202503167.050340
0645100226313046424206641025 2 1202503167.050352
0645120226313046424206641025 2 1202503167.050354
0645130226313046424206641025 2 1202503167.050356
0645150226313046424206641025 2 1202503167.050358
0645100326313046424206641025 2 1202503167.050409
0645120326313046424206641025 2 1202503167.050411
0645130326313046424206641025 2 1202503167.050413
0645150326313046424206641025 2 1202503167.050415
0145100526313046424206641025 2 1202503167.050427
0645100526313046424206641025 2 1202503167.050428
0645120526313046424206641025 2 1202503167.050430
0645130526313046424206641025 2 1202503167.050432
0645150526313046424206641025 2 1202503167.050434
0144153226153046424206641025 2 1202503167.050458
0645150321353046424206641025 6 1202503167.050509
0645152321353046424206641025 1 1202503167.050511
0645153321353046424206641025 6 1202503167.050512
0645155321353046424206641025 6 1202503167.050514
0645153521103146424206641025 6 1202503167.050559
0645103026103146424206641025 2 1202503167.050600
0645153026103146424206641025 6 1202503167.050602
0645153226103146424206641025 2 1202503167.050605
0145100521303146424206641025 2 1202503167.050616
0645100521303146424206641025 2 1202503167.050617
0145103521303146424206641025 2 1202503167.050623
0645103521303146424206641025 2 1202503167.050623
0145105521303146424206641025 2 1202503167.050627
0645105521303146424206641025 2 1202503167.050628
0641105226303146424206641025 2 1202503167.050650
0145100526303146424206641025 2 1202503167.050655
0645100526303146424206641025 2 1202503167.050656
0145103526303146424206641025 2 1202503167.050700
0645103526303146424206641025 2 1202503167.050701
0145105526303146424206641025 2 1202503167.050704
0645105526303146424206641025 2 1202503167.050705
0145100521313146424206641025 2 1202503167.050709
0645100521313146424206641025 2 1202503167.050710
0145105521313146424206641025 2 1202503167.050715
0645105521313146424206641025 2 1202503167.050716
0145100526313146424206641025 2 1202503167.050732
0645100526313146424206641025 2 1202503167.050733
0142150526313146424206641025 6 1202503167.050735
0145105526313146424206641025 2 1202503167.050739
0645105526313146424206641025 2 1202503167.050740
0145103521153146424206641025 2 1202503167.050744
0645103521153146424206641025 2 1202503167.050744
0145103526153146424206641025 2 1202503167.050752
0645103526153146424206641025 2 1202503167.050753
0145100521353146424206641025 2 1202503167.050801
0645100521353146424206641025 2 1202503167.050802
0145103521353146424206641025 2 1202503167.050807
0645103521353146424206641025 2 1202503167.050808
0145105521353146424206641025 2 1202503167.050812
0645105521353146424206641025 2 1202503167.050813
0145100526353146424206641025 2 1202503167.050845
0645100526353146424206641025 2 1202503167.050846
0145103526353146424206641025 2 1202503167.050853
0645103526353146424206641025 2 1202503167.050854
0145105526353146424206641025 2 1202503167.050900
0645105526353146424206641025 2 1202503167.050900
0142153526103546424206641025 2 1202503167.050921
0645153521103646424206641025 6 1202503167.051046
0145153026103646424206641025 2 1202503167.051052
0145100521303646424206641025 2 1202503167.051131
0645100521303646424206641025 2 1202503167.051132
0142150521303646424206641025 2 1202503167.051135
0142152521303646424206641025 2 1202503167.051138
0145103521303646424206641025 2 1202503167.051141
0645103521303646424206641025 2 1202503167.051142
0142153521303646424206641025 2 1202503167.051144
0145105521303646424206641025 2 1202503167.051147
0645105521303646424206641025 2 1202503167.051148
0142155521303646424206641025 2 1202503167.051152
0145100526303646424206641025 2 1202503167.051221
0145103526303646424206641025 2 1202503167.051226
0145105526303646424206641025 2 1202503167.051229
0145100521313646424206641025 2 1202503167.051238
0645100521313646424206641025 2 1202503167.051239
0145105521313646424206641025 2 1202503167.051245
0645105521313646424206641025 2 1202503167.051246
0645100026313646424206641025 2 1202503167.051251
0645120026313646424206641025 2 1202503167.051252
0645130026313646424206641025 2 1202503167.051253
0645150026313646424206641025 2 1202503167.051255
0645105026313646424206641025 2 1202503167.051258
0645125026313646424206641025 2 1202503167.051300
0645135026313646424206641025 2 1202503167.051302
0645155026313646424206641025 2 1202503167.051304
0645100226313646424206641025 2 1202503167.051305
0645120226313646424206641025 2 1202503167.051307
0645130226313646424206641025 2 1202503167.051308
0645150226313646424206641025 2 1202503167.051309
0645105226313646424206641025 2 1202503167.051312
0645125226313646424206641025 2 1202503167.051314
0645135226313646424206641025 2 1202503167.051316
0645155226313646424206641025 2 1202503167.051318
0645100326313646424206641025 2 1202503167.051319
0645120326313646424206641025 2 1202503167.051321
0645130326313646424206641025 2 1202503167.051322
0645150326313646424206641025 2 1202503167.051323
0645105326313646424206641025 2 1202503167.051326
0645125326313646424206641025 2 1202503167.051328
0645135326313646424206641025 2 1202503167.051330
0645155326313646424206641025 2 1202503167.051332
0145100526313646424206641025 2 1202503167.051334
0645100526313646424206641025 2 1202503167.051335
0645120526313646424206641025 2 1202503167.051336
0645130526313646424206641025 2 1202503167.051338
0645150526313646424206641025 2 1202503167.051339
0145105526313646424206641025 2 1202503167.051343
0645105526313646424206641025 2 1202503167.051344
0645125526313646424206641025 2 1202503167.051346
0645135526313646424206641025 2 1202503167.051348
0645155526313646424206641025 2 1202503167.051350
0145103521153646424206641025 2 1202503167.051358
0645103521153646424206641025 2 1202503167.051359
0645103026153646424206641025 2 1202503167.051402
0645123026153646424206641025 2 1202503167.051403
0645133026153646424206641025 2 1202503167.051404
0645153026153646424206641025 2 1202503167.051405
0645103226153646424206641025 2 1202503167.051406
0645123226153646424206641025 2 1202503167.051407
0645133226153646424206641025 2 1202503167.051409
0645153226153646424206641025 2 1202503167.051410
0645103326153646424206641025 2 1202503167.051411
0645123326153646424206641025 2 1202503167.051412
0645133326153646424206641025 2 1202503167.051413
0645153326153646424206641025 2 1202503167.051414
0145103526153646424206641025 2 1202503167.051415
0645103526153646424206641025 2 1202503167.051416
0645123526153646424206641025 2 1202503167.051417
0645133526153646424206641025 2 1202503167.051418
0645153526153646424206641025 2 1202503167.051420
0145100521353646424206641025 2 1202503167.051432
0645100521353646424206641025 2 1202503167.051433
0145103521353646424206641025 2 1202503167.051450
0645103521353646424206641025 2 1202503167.051451
0145105521353646424206641025 2 1202503167.051459
0645105521353646424206641025 2 1202503167.051500
0145100526353646424206641025 2 1202503167.051526
0145103526353646424206641025 2 1202503167.051530
0145105526353646424206641025 2 1202503167.051534
0511156021303540424600212055 1 1202503167.052113
0511156221303540424600212055 1 1202503167.052115
0511156321303540424600212055 1 1202503167.052116
0511156521303540424600212055 1 1202503167.052117
0512156521303540424600212055 1 1202503167.052119
0511156621303540424600212055 1 1202503167.052120
0026155021313141424600212055 2 1202503167.052124
0026155521313141424600212055 2 1202503167.052126
0066155521313141424600212055 2 1202503167.052127
0015106021303545424600212055 1 1202503167.052147
0015106221303545424600212055 1 1202503167.052148
0015106321303545424600212055 1 1202503167.052149
0015106521303545424600212055 1 1202503167.052151
0015106621303545424600212055 1 1202503167.052152
0516102021333042464600212055 2 1202503167.052250
0516122021333042464600212055 2 1202503167.052251
0516132021333042464600212055 2 1202503167.052252
0516152021333042464600212055 2 1202503167.052253
0516162021333042464600212055 2 1202503167.052254
0526102621353040424200000516 2 1202503167.052456
0526162621353040424200000516 2 1202503167.052457
0526102621353640424200000516 2 1202503167.052529
0526162621353640424200000516 2 1202503167.052531
0622152521363646424200000516 1 1202503167.052746
0111152021363120404200000246 2 1202503167.052845
0111152021363121404200000246 2 1202503167.052848
