0122105021433161400115264502 2 1202406086.203727
0122105021433161400215264502 2 1202406086.204319
0122105021433161400515264502 2 1202406086.204909
0122102021433165400115164502 2 1202406086.204848
0122102021433165400215164502 2 1202406086.205440
0122102021433165400115164501 2 1202406086.204954
0122105021433161400115264501 2 1202406086.205006
0122102021433165400115164505 2 1202406086.205217
0122105021433161400115264505 2 1202406086.205349
0122105021433161400515264501 2 1202406086.205433
0122102021433165400515164502 2 1202406086.205434
0122105021433161400515264505 2 1202406086.205437
0122102021433165400515164501 2 1202406086.205439
0122102021433165400215164501 2 1202406086.205448
0122105021433161400215264501 2 1202406086.205451
0122102021433165400515164505 2 1202406086.205454
0122105021433161400215264505 2 1202406086.205455
0122102021433165400215164505 2 1202406086.205455
0122105021433161400215264505 2 1202406086.205504
0122105021433161400115264505 2 1202406086.205504
0122105021433161400115264505 2 1202406086.205504
0122102021433165400115164505 2 1202406086.205504
0122105021433161400115264505 2 1202406086.205504
0122102021433165400215164505 2 1202406086.205504
0122105021433161400215264501 2 1202406086.205504
0122102021433165400115164505 2 1202406086.205504
0122105021433161400115264501 2 1202406086.205504
0122105021433161400115264501 2 1202406086.205504
0122102021433165400215164501 2 1202406086.205504
0122102021433165400215164502 2 1202406086.205504
0122102021433165400215164501 2 1202406086.205504
0122105021433161400515264505 2 1202406086.205504
0122105021433161400215264505 2 1202406086.205504
0122105021433161400515264505 2 1202406086.205504
0122102021433165400215164502 2 1202406086.205504
0122105021433161400115264501 2 1202406086.205504
0122102021433165400115164505 2 1202406086.205504
0122102021433165400515164502 2 1202406086.205504
0122102021433165400515164502 2 1202406086.205504
0122102021433165400115164505 2 1202406086.205504
0122102021433165400515164505 2 1202406086.205504
0122102021433165400515164501 2 1202406086.205505
0122102021433165400115164501 2 1202406086.205507
