0122106021343102454232143441 2 1202502053.010943
0122106021343112454232143441 2 1202502053.010949
0122106021343122454232143441 2 1202502053.010956
0122106021343142454232143441 2 1202502053.011003
0124103225313144424610002454 2 1202502053.125529
0124103225313144464210002105 2 1202502064.043741
0124103225313144424610002105 2 1202502064.121127
0124103225313144464610002105 2 1202502064.190930
0121106620343122404210002515 2 1202502075.001107
0166103224453525404210002515 6 1202502075.005934
0124103621313144424210002515 6 1202502075.092227
0124103625313144424210002515 2 1202502075.092322
0124103620313144464210002515 6 1202502086.144015
0124103621313144464210002515 6 1202502086.144139
0124103623313144464210002515 6 1202502086.144223
0124103624313144464210002515 6 1202502086.144307
0124103225313144464210002515 2 1202502086.144433
0124103625313144464210002515 2 1202502086.144509
0121106620343122404610002515 2 1202502097.144053
0166103224453525404610002515 6 1202502097.153550
0124103621313144424610002515 6 1202502101.023511
0124103225313144424610002515 2 1202502101.023638
0124103625313144424610002515 2 1202502101.023714
0124103620313144464610002515 6 1202502112.061057
0124103621313144464610002515 6 1202502112.061210
0124103623313144464610002515 6 1202502112.061248
0124103624313144464610002515 6 1202502112.061326
0124103225313144464610002515 2 1202502112.061441
0124103625313144464610002515 2 1202502112.061517
