0124103225313144424610002400 2 1202502053.103021
0124103621313144424210002530 6 1202502075.082755
0124103625313144424210002530 2 1202502075.082854
0124103620313144464210002530 6 1202502101.001430
0124103621313144464210002530 6 1202502101.001603
0124103623313144464210002530 6 1202502101.001652
0124103624313144464210002530 6 1202502101.001741
0124103225313144464210002530 2 1202502101.001911
0124103625313144464210002530 2 1202502101.001947
0124103621313144424610002530 6 1202502134.032747
0124103225313144424610002530 2 1202502134.032918
0124103625313144424610002530 2 1202502134.032953
0124103620313144464610002530 6 1202502156.032455
0124103621313144464610002530 6 1202502156.032612
0124103623313144464610002530 6 1202502156.032650
0124103624313144464610002530 6 1202502156.032729
0124103225313144464610002530 2 1202502156.032843
0124103625313144464610002530 2 1202502156.032919
