0121102220633404424200003050 2 1202502053.011117
0121102220633414424200003050 2 1202502053.011215
0121102220633424424200003050 2 1202502053.011312
0111102220633444424200003050 2 1202502053.011424
0121102220633444424200003050 2 1202502053.011429
0121102220633454424200003050 2 1202502053.011540
0111102220643200434200003050 2 1202502053.011605
0121102220643200434200003050 2 1202502053.011610
0111102220643210434200003050 2 1202502053.011617
0121102220643210434200003050 2 1202502053.011621
0111102220643220434200003050 2 1202502053.011629
0121102220643220434200003050 2 1202502053.011633
0111102220643240434200003050 2 1202502053.011640
0121102220643240434200003050 2 1202502053.011645
0111102220643250434200003050 2 1202502053.011652
0121102220643250434200003050 2 1202502053.011656
0111102220643201434200003050 2 1202502053.011703
0121102220643201434200003050 2 1202502053.011708
0111102220643211434200003050 2 1202502053.011715
0121102220643211434200003050 2 1202502053.011720
0111102220643221434200003050 2 1202502053.011727
0121102220643221434200003050 2 1202502053.011731
0111102220643241434200003050 2 1202502053.011738
0121102220643241434200003050 2 1202502053.011743
0111102220643251434200003050 2 1202502053.011750
0121102220643251434200003050 2 1202502053.011755
0111102220643202434200003050 2 1202502053.011802
0121102220643202434200003050 2 1202502053.011807
0111102220643212434200003050 2 1202502053.011814
0121102220643212434200003050 2 1202502053.011818
0111102220643222434200003050 2 1202502053.011825
0121102220643222434200003050 2 1202502053.011830
0111102220643242434200003050 2 1202502053.011837
0121102220643242434200003050 2 1202502053.011842
0111102220643252434200003050 2 1202502053.011849
0121102220643252434200003050 2 1202502053.011854
0111102220643204434200003050 2 1202502053.011901
0121102220643204434200003050 2 1202502053.011905
0111102220643214434200003050 2 1202502053.011912
0121102220643214434200003050 2 1202502053.011917
0111102220643224434200003050 2 1202502053.011924
0121102220643224434200003050 2 1202502053.011929
0111102220643244434200003050 2 1202502053.011936
0121102220643244434200003050 2 1202502053.011940
0111102220643254434200003050 2 1202502053.011947
0121102220643254434200003050 2 1202502053.011952
0111102220643205434200003050 2 1202502053.011959
0121102220643205434200003050 2 1202502053.012004
0111102220643215434200003050 2 1202502053.012011
0121102220643215434200003050 2 1202502053.012015
0111102220643225434200003050 2 1202502053.012023
0121102220643225434200003050 2 1202502053.012027
0111102220643245434200003050 2 1202502053.012034
0121102220643245434200003050 2 1202502053.012039
0111102220643255434200003050 2 1202502053.012046
0121102220643255434200003050 2 1202502053.012051
0121102220633404424210003050 2 1202502053.015755
0121102220633414424210003050 2 1202502053.020549
0121102220633424424210003050 2 1202502053.022217
0111102220633444424210003050 2 1202502053.023810
0121102220633444424210003050 2 1202502053.023814
0121102220633454424210003050 2 1202502053.025305
0111102220643200434210003050 2 1202502053.032216
0121102220643200434210003050 2 1202502053.032220
0111102220643210434210003050 2 1202502053.032238
0121102220643210434210003050 2 1202502053.032243
0111102220643220434210003050 2 1202502053.032302
0121102220643220434210003050 2 1202502053.032307
0111102220643240434210003050 2 1202502053.032325
0121102220643240434210003050 2 1202502053.032329
0111102220643250434210003050 2 1202502053.032347
0121102220643250434210003050 2 1202502053.032352
0111102220643201434210003050 2 1202502053.032410
0121102220643201434210003050 2 1202502053.032415
0111102220643211434210003050 2 1202502053.032434
0121102220643211434210003050 2 1202502053.032438
0111102220643221434210003050 2 1202502053.032458
0121102220643221434210003050 2 1202502053.032502
0111102220643241434210003050 2 1202502053.032521
0121102220643241434210003050 2 1202502053.032526
0111102220643251434210003050 2 1202502053.032545
0121102220643251434210003050 2 1202502053.032550
0111102220643202434210003050 2 1202502053.032609
0121102220643202434210003050 2 1202502053.032614
0111102220643212434210003050 2 1202502053.032632
0121102220643212434210003050 2 1202502053.032636
0111102220643222434210003050 2 1202502053.032656
0121102220643222434210003050 2 1202502053.032700
0111102220643242434210003050 2 1202502053.032718
0121102220643242434210003050 2 1202502053.032723
0111102220643252434210003050 2 1202502053.032741
0121102220643252434210003050 2 1202502053.032746
0111102220643204434210003050 2 1202502053.032804
0121102220643204434210003050 2 1202502053.032808
0111102220643214434210003050 2 1202502053.032826
0121102220643214434210003050 2 1202502053.032831
0111102220643224434210003050 2 1202502053.032850
0121102220643224434210003050 2 1202502053.032855
0111102220643244434210003050 2 1202502053.032913
0121102220643244434210003050 2 1202502053.032917
0111102220643254434210003050 2 1202502053.032935
0121102220643254434210003050 2 1202502053.032940
0111102220643205434210003050 2 1202502053.032958
0121102220643205434210003050 2 1202502053.033003
0111102220643215434210003050 2 1202502053.033021
0121102220643215434210003050 2 1202502053.033025
0111102220643225434210003050 2 1202502053.033045
0121102220643225434210003050 2 1202502053.033049
0111102220643245434210003050 2 1202502053.033107
0121102220643245434210003050 2 1202502053.033112
0111102220643255434210003050 2 1202502053.033130
0121102220643255434210003050 2 1202502053.033135
0121102524633202404220003050 5 1202502053.033340
0121102524633212404220003050 5 1202502053.033415
0121102524633222404220003050 5 1202502053.033450
0121102524633242404220003050 5 1202502053.033525
0121102524633252404220003050 5 1202502053.033601
0122106021133404424220003050 2 1202502053.033905
0125106021133404424220003050 2 1202502053.033910
0121102220633404424220003050 2 1202502053.033914
0121102520633404424220003050 2 1202502053.033919
0122106021133414424220003050 2 1202502053.034055
0125106021133414424220003050 2 1202502053.034059
0121102220633414424220003050 2 1202502053.034104
0121102520633414424220003050 2 1202502053.034109
0122106021133424424220003050 2 1202502053.034244
0125106021133424424220003050 2 1202502053.034249
0121102220633424424220003050 2 1202502053.034254
0121102520633424424220003050 2 1202502053.034258
0122106021133444424220003050 2 1202502053.034520
0125106021133444424220003050 2 1202502053.034525
0111102220633444424220003050 2 1202502053.034530
0121102220633444424220003050 2 1202502053.034535
0111102520633444424220003050 2 1202502053.034539
0121102520633444424220003050 2 1202502053.034544
0111102521633444424220003050 5 1202502053.034548
0122106021133454424220003050 2 1202502053.034724
0125106021133454424220003050 2 1202502053.034729
0121102220633454424220003050 2 1202502053.034733
0121102520633454424220003050 2 1202502053.034738
0125106021133405424220003050 2 1202502053.034745
0125106021133415424220003050 2 1202502053.034753
0125106021133425424220003050 2 1202502053.034800
0125106021133445424220003050 2 1202502053.034808
0125106021133455424220003050 2 1202502053.034816
0122106021143200434220003050 2 1202502053.034823
0125106021143200434220003050 2 1202502053.034827
0111102220643200434220003050 2 1202502053.034832
0121102220643200434220003050 2 1202502053.034837
0111102520643200434220003050 2 1202502053.034841
0121102520643200434220003050 2 1202502053.034846
0111102521643200434220003050 5 1202502053.034851
0111102220643500434220003050 2 1202502053.034856
0121102220643500434220003050 2 1202502053.034901
0111102520643500434220003050 2 1202502053.034905
0121102520643500434220003050 2 1202502053.034910
0111102521643500434220003050 5 1202502053.034915
0121102521643500434220003050 5 1202502053.034919
0111102523643500434220003050 5 1202502053.034924
0121102523643500434220003050 5 1202502053.034929
0111102524643500434220003050 5 1202502053.034933
0121102524643500434220003050 5 1202502053.034938
0122105524643500434220003050 1 1202502053.034943
0111102526643500434220003050 5 1202502053.034947
0121102526643500434220003050 5 1202502053.034952
0122106021143210434220003050 2 1202502053.034958
0125106021143210434220003050 2 1202502053.035003
0111102220643210434220003050 2 1202502053.035007
0121102220643210434220003050 2 1202502053.035012
0111102520643210434220003050 2 1202502053.035017
0121102520643210434220003050 2 1202502053.035021
0111102521643210434220003050 5 1202502053.035026
0111102220643510434220003050 2 1202502053.035031
0121102220643510434220003050 2 1202502053.035036
0111102520643510434220003050 2 1202502053.035041
0121102520643510434220003050 2 1202502053.035045
0111102521643510434220003050 5 1202502053.035050
0121102521643510434220003050 5 1202502053.035055
0111102523643510434220003050 5 1202502053.035059
0121102523643510434220003050 5 1202502053.035104
0111102524643510434220003050 5 1202502053.035109
0121102524643510434220003050 5 1202502053.035113
0122105524643510434220003050 1 1202502053.035118
0111102526643510434220003050 5 1202502053.035123
0121102526643510434220003050 5 1202502053.035127
0122106021143220434220003050 2 1202502053.035133
0125106021143220434220003050 2 1202502053.035138
0111102220643220434220003050 2 1202502053.035143
0121102220643220434220003050 2 1202502053.035147
0111102520643220434220003050 2 1202502053.035152
0121102520643220434220003050 2 1202502053.035157
0111102521643220434220003050 5 1202502053.035201
0111102220643520434220003050 2 1202502053.035207
0121102220643520434220003050 2 1202502053.035211
0111102520643520434220003050 2 1202502053.035216
0121102520643520434220003050 2 1202502053.035221
0111102521643520434220003050 5 1202502053.035225
0121102521643520434220003050 5 1202502053.035230
0111102523643520434220003050 5 1202502053.035235
0121102523643520434220003050 5 1202502053.035239
0111102524643520434220003050 5 1202502053.035244
0121102524643520434220003050 5 1202502053.035249
0122105524643520434220003050 1 1202502053.035253
0111102526643520434220003050 5 1202502053.035258
0121102526643520434220003050 5 1202502053.035302
0122106021143240434220003050 2 1202502053.035308
0125106021143240434220003050 2 1202502053.035313
0111102220643240434220003050 2 1202502053.035318
0121102220643240434220003050 2 1202502053.035322
0111102520643240434220003050 2 1202502053.035327
0121102520643240434220003050 2 1202502053.035332
0111102521643240434220003050 5 1202502053.035336
0111102220643540434220003050 2 1202502053.035342
0121102220643540434220003050 2 1202502053.035347
0111102520643540434220003050 2 1202502053.035351
0121102520643540434220003050 2 1202502053.035356
0111102521643540434220003050 5 1202502053.035400
0121102521643540434220003050 5 1202502053.035405
0111102523643540434220003050 5 1202502053.035410
0121102523643540434220003050 5 1202502053.035414
0111102524643540434220003050 5 1202502053.035419
0121102524643540434220003050 5 1202502053.035424
0122105524643540434220003050 1 1202502053.035428
0111102526643540434220003050 5 1202502053.035433
0121102526643540434220003050 5 1202502053.035438
0122106021143250434220003050 2 1202502053.035443
0125106021143250434220003050 2 1202502053.035448
0111102220643250434220003050 2 1202502053.035453
0121102220643250434220003050 2 1202502053.035457
0111102520643250434220003050 2 1202502053.035502
0121102520643250434220003050 2 1202502053.035506
0111102521643250434220003050 5 1202502053.035511
0111102220643550434220003050 2 1202502053.035517
0121102220643550434220003050 2 1202502053.035521
0111102520643550434220003050 2 1202502053.035526
0121102520643550434220003050 2 1202502053.035531
0111102521643550434220003050 5 1202502053.035535
0121102521643550434220003050 5 1202502053.035540
0111102523643550434220003050 5 1202502053.035545
0121102523643550434220003050 5 1202502053.035549
0111102524643550434220003050 5 1202502053.035554
0121102524643550434220003050 5 1202502053.035559
0122105524643550434220003050 1 1202502053.035603
0111102526643550434220003050 5 1202502053.035608
0121102526643550434220003050 5 1202502053.035612
0122106021143201434220003050 2 1202502053.035618
0125106021143201434220003050 2 1202502053.035623
0111102220643201434220003050 2 1202502053.035628
0121102220643201434220003050 2 1202502053.035633
0111102520643201434220003050 2 1202502053.035637
0121102520643201434220003050 2 1202502053.035642
0111102521643201434220003050 5 1202502053.035647
0111102220643501434220003050 2 1202502053.035652
0121102220643501434220003050 2 1202502053.035657
0111102520643501434220003050 2 1202502053.035702
0121102520643501434220003050 2 1202502053.035706
0111102521643501434220003050 5 1202502053.035711
0121102521643501434220003050 5 1202502053.035715
0111102523643501434220003050 5 1202502053.035720
0121102523643501434220003050 5 1202502053.035725
0111102524643501434220003050 5 1202502053.035729
0121102524643501434220003050 5 1202502053.035734
0122105524643501434220003050 1 1202502053.035739
0111102526643501434220003050 5 1202502053.035743
0121102526643501434220003050 5 1202502053.035748
0122106021143211434220003050 2 1202502053.035754
0125106021143211434220003050 2 1202502053.035759
0111102220643211434220003050 2 1202502053.035803
0121102220643211434220003050 2 1202502053.035808
0111102520643211434220003050 2 1202502053.035813
0121102520643211434220003050 2 1202502053.035817
0111102521643211434220003050 5 1202502053.035822
0111102220643511434220003050 2 1202502053.035827
0121102220643511434220003050 2 1202502053.035832
0111102520643511434220003050 2 1202502053.035837
0121102520643511434220003050 2 1202502053.035841
0111102521643511434220003050 5 1202502053.035846
0121102521643511434220003050 5 1202502053.035851
0111102523643511434220003050 5 1202502053.035855
0121102523643511434220003050 5 1202502053.035900
0111102524643511434220003050 5 1202502053.035905
0121102524643511434220003050 5 1202502053.035909
0122105524643511434220003050 1 1202502053.035914
0111102526643511434220003050 5 1202502053.035919
0121102526643511434220003050 5 1202502053.035923
0122106021143221434220003050 2 1202502053.035929
0125106021143221434220003050 2 1202502053.035934
0111102220643221434220003050 2 1202502053.035939
0121102220643221434220003050 2 1202502053.035943
0111102520643221434220003050 2 1202502053.035948
0121102520643221434220003050 2 1202502053.035953
0111102521643221434220003050 5 1202502053.035957
0111102220643521434220003050 2 1202502053.040003
0121102220643521434220003050 2 1202502053.040007
0111102520643521434220003050 2 1202502053.040012
0121102520643521434220003050 2 1202502053.040017
0111102521643521434220003050 5 1202502053.040021
0121102521643521434220003050 5 1202502053.040026
0111102523643521434220003050 5 1202502053.040031
0121102523643521434220003050 5 1202502053.040035
0111102524643521434220003050 5 1202502053.040040
0121102524643521434220003050 5 1202502053.040045
0122105524643521434220003050 1 1202502053.040049
0111102526643521434220003050 5 1202502053.040054
0121102526643521434220003050 5 1202502053.040059
0122106021143241434220003050 2 1202502053.040104
0125106021143241434220003050 2 1202502053.040109
0111102220643241434220003050 2 1202502053.040114
0121102220643241434220003050 2 1202502053.040118
0111102520643241434220003050 2 1202502053.040123
0121102520643241434220003050 2 1202502053.040128
0111102521643241434220003050 5 1202502053.040132
0111102220643541434220003050 2 1202502053.040138
0121102220643541434220003050 2 1202502053.040143
0111102520643541434220003050 2 1202502053.040147
0121102520643541434220003050 2 1202502053.040152
0111102521643541434220003050 5 1202502053.040157
0121102521643541434220003050 5 1202502053.040201
0111102523643541434220003050 5 1202502053.040206
0121102523643541434220003050 5 1202502053.040211
0111102524643541434220003050 5 1202502053.040215
0121102524643541434220003050 5 1202502053.040220
0122105524643541434220003050 1 1202502053.040224
0111102526643541434220003050 5 1202502053.040229
0121102526643541434220003050 5 1202502053.040234
0122106021143251434220003050 2 1202502053.040240
0125106021143251434220003050 2 1202502053.040244
0111102220643251434220003050 2 1202502053.040249
0121102220643251434220003050 2 1202502053.040254
0111102520643251434220003050 2 1202502053.040258
0121102520643251434220003050 2 1202502053.040303
0111102521643251434220003050 5 1202502053.040308
0111102220643551434220003050 2 1202502053.040313
0121102220643551434220003050 2 1202502053.040318
0111102520643551434220003050 2 1202502053.040323
0121102520643551434220003050 2 1202502053.040327
0111102521643551434220003050 5 1202502053.040332
0121102521643551434220003050 5 1202502053.040337
0111102523643551434220003050 5 1202502053.040341
0121102523643551434220003050 5 1202502053.040346
0111102524643551434220003050 5 1202502053.040351
0121102524643551434220003050 5 1202502053.040355
0122105524643551434220003050 1 1202502053.040400
0111102526643551434220003050 5 1202502053.040404
0121102526643551434220003050 5 1202502053.040409
0122106021143202434220003050 2 1202502053.040415
0125106021143202434220003050 2 1202502053.040420
0111102220643202434220003050 2 1202502053.040424
0121102220643202434220003050 2 1202502053.040429
0111102520643202434220003050 2 1202502053.040434
0121102520643202434220003050 2 1202502053.040438
0111102521643202434220003050 5 1202502053.040443
0111102220643502434220003050 2 1202502053.040449
0121102220643502434220003050 2 1202502053.040453
0111102520643502434220003050 2 1202502053.040458
0121102520643502434220003050 2 1202502053.040502
0111102521643502434220003050 5 1202502053.040507
0121102521643502434220003050 5 1202502053.040512
0111102523643502434220003050 5 1202502053.040516
0121102523643502434220003050 5 1202502053.040521
0111102524643502434220003050 5 1202502053.040526
0121102524643502434220003050 5 1202502053.040530
0122105524643502434220003050 1 1202502053.040535
0111102526643502434220003050 5 1202502053.040540
0121102526643502434220003050 5 1202502053.040544
0122106021143212434220003050 2 1202502053.040550
0125106021143212434220003050 2 1202502053.040555
0111102220643212434220003050 2 1202502053.040600
0121102220643212434220003050 2 1202502053.040604
0111102520643212434220003050 2 1202502053.040609
0121102520643212434220003050 2 1202502053.040614
0111102521643212434220003050 5 1202502053.040618
0111102220643512434220003050 2 1202502053.040624
0121102220643512434220003050 2 1202502053.040628
0111102520643512434220003050 2 1202502053.040633
0121102520643512434220003050 2 1202502053.040638
0111102521643512434220003050 5 1202502053.040642
0121102521643512434220003050 5 1202502053.040647
0111102523643512434220003050 5 1202502053.040652
0121102523643512434220003050 5 1202502053.040656
0111102524643512434220003050 5 1202502053.040701
0121102524643512434220003050 5 1202502053.040706
0122105524643512434220003050 1 1202502053.040710
0111102526643512434220003050 5 1202502053.040715
0121102526643512434220003050 5 1202502053.040719
0122106021143222434220003050 2 1202502053.040725
0125106021143222434220003050 2 1202502053.040730
0111102220643222434220003050 2 1202502053.040735
0121102220643222434220003050 2 1202502053.040740
0111102520643222434220003050 2 1202502053.040744
0121102520643222434220003050 2 1202502053.040749
0111102521643222434220003050 5 1202502053.040753
0111102220643522434220003050 2 1202502053.040759
0121102220643522434220003050 2 1202502053.040804
0111102520643522434220003050 2 1202502053.040808
0121102520643522434220003050 2 1202502053.040813
0111102521643522434220003050 5 1202502053.040818
0121102521643522434220003050 5 1202502053.040822
0111102523643522434220003050 5 1202502053.040827
0121102523643522434220003050 5 1202502053.040832
0111102524643522434220003050 5 1202502053.040836
0121102524643522434220003050 5 1202502053.040841
0122105524643522434220003050 1 1202502053.040845
0111102526643522434220003050 5 1202502053.040850
0121102526643522434220003050 5 1202502053.040855
0122106021143242434220003050 2 1202502053.040901
0125106021143242434220003050 2 1202502053.040905
0111102220643242434220003050 2 1202502053.040910
0121102220643242434220003050 2 1202502053.040915
0111102520643242434220003050 2 1202502053.040919
0121102520643242434220003050 2 1202502053.040924
0111102521643242434220003050 5 1202502053.040929
0111102220643542434220003050 2 1202502053.040934
0121102220643542434220003050 2 1202502053.040939
0111102520643542434220003050 2 1202502053.040943
0121102520643542434220003050 2 1202502053.040948
0111102521643542434220003050 5 1202502053.040953
0121102521643542434220003050 5 1202502053.040957
0111102523643542434220003050 5 1202502053.041002
0121102523643542434220003050 5 1202502053.041007
0111102524643542434220003050 5 1202502053.041011
0121102524643542434220003050 5 1202502053.041016
0122105524643542434220003050 1 1202502053.041021
0111102526643542434220003050 5 1202502053.041025
0121102526643542434220003050 5 1202502053.041030
0122106021143252434220003050 2 1202502053.041036
0125106021143252434220003050 2 1202502053.041041
0111102220643252434220003050 2 1202502053.041045
0121102220643252434220003050 2 1202502053.041050
0111102520643252434220003050 2 1202502053.041055
0121102520643252434220003050 2 1202502053.041059
0111102521643252434220003050 5 1202502053.041104
0111102220643552434220003050 2 1202502053.041109
0121102220643552434220003050 2 1202502053.041114
0111102520643552434220003050 2 1202502053.041119
0121102520643552434220003050 2 1202502053.041123
0111102521643552434220003050 5 1202502053.041128
0121102521643552434220003050 5 1202502053.041133
0111102523643552434220003050 5 1202502053.041137
0121102523643552434220003050 5 1202502053.041142
0111102524643552434220003050 5 1202502053.041147
0121102524643552434220003050 5 1202502053.041151
0122105524643552434220003050 1 1202502053.041156
0111102526643552434220003050 5 1202502053.041201
0121102526643552434220003050 5 1202502053.041205
0122106021143204434220003050 2 1202502053.041211
0125106021143204434220003050 2 1202502053.041216
0111102220643204434220003050 2 1202502053.041220
0121102220643204434220003050 2 1202502053.041225
0111102520643204434220003050 2 1202502053.041230
0121102520643204434220003050 2 1202502053.041234
0111102521643204434220003050 5 1202502053.041239
0111102220643504434220003050 2 1202502053.041245
0121102220643504434220003050 2 1202502053.041249
0111102520643504434220003050 2 1202502053.041254
0121102520643504434220003050 2 1202502053.041258
0111102521643504434220003050 5 1202502053.041303
0121102521643504434220003050 5 1202502053.041308
0111102523643504434220003050 5 1202502053.041312
0121102523643504434220003050 5 1202502053.041317
0111102524643504434220003050 5 1202502053.041322
0121102524643504434220003050 5 1202502053.041326
0122105524643504434220003050 1 1202502053.041331
0111102526643504434220003050 5 1202502053.041336
0121102526643504434220003050 5 1202502053.041340
0122106021143214434220003050 2 1202502053.041346
0125106021143214434220003050 2 1202502053.041351
0111102220643214434220003050 2 1202502053.041356
0121102220643214434220003050 2 1202502053.041400
0111102520643214434220003050 2 1202502053.041405
0121102520643214434220003050 2 1202502053.041409
0111102521643214434220003050 5 1202502053.041414
0111102220643514434220003050 2 1202502053.041420
0121102220643514434220003050 2 1202502053.041424
0111102520643514434220003050 2 1202502053.041429
0121102520643514434220003050 2 1202502053.041434
0111102521643514434220003050 5 1202502053.041438
0121102521643514434220003050 5 1202502053.041443
0111102523643514434220003050 5 1202502053.041448
0121102523643514434220003050 5 1202502053.041452
0111102524643514434220003050 5 1202502053.041457
0121102524643514434220003050 5 1202502053.041502
0122105524643514434220003050 1 1202502053.041506
0111102526643514434220003050 5 1202502053.041511
0121102526643514434220003050 5 1202502053.041515
0122106021143224434220003050 2 1202502053.041521
0125106021143224434220003050 2 1202502053.041526
0111102220643224434220003050 2 1202502053.041531
0121102220643224434220003050 2 1202502053.041535
0111102520643224434220003050 2 1202502053.041540
0121102520643224434220003050 2 1202502053.041545
0111102521643224434220003050 5 1202502053.041549
0111102220643524434220003050 2 1202502053.041555
0121102220643524434220003050 2 1202502053.041600
0111102520643524434220003050 2 1202502053.041604
0121102520643524434220003050 2 1202502053.041609
0111102521643524434220003050 5 1202502053.041614
0121102521643524434220003050 5 1202502053.041618
0111102523643524434220003050 5 1202502053.041623
0121102523643524434220003050 5 1202502053.041627
0111102524643524434220003050 5 1202502053.041632
0121102524643524434220003050 5 1202502053.041637
0122105524643524434220003050 1 1202502053.041641
0111102526643524434220003050 5 1202502053.041646
0121102526643524434220003050 5 1202502053.041651
0122106021143244434220003050 2 1202502053.041657
0125106021143244434220003050 2 1202502053.041701
0111102220643244434220003050 2 1202502053.041706
0121102220643244434220003050 2 1202502053.041711
0111102520643244434220003050 2 1202502053.041715
0121102520643244434220003050 2 1202502053.041720
0111102521643244434220003050 5 1202502053.041725
0111102220643544434220003050 2 1202502053.041730
0121102220643544434220003050 2 1202502053.041735
0111102520643544434220003050 2 1202502053.041739
0121102520643544434220003050 2 1202502053.041744
0111102521643544434220003050 5 1202502053.041749
0121102521643544434220003050 5 1202502053.041753
0111102523643544434220003050 5 1202502053.041758
0121102523643544434220003050 5 1202502053.041803
0111102524643544434220003050 5 1202502053.041807
0121102524643544434220003050 5 1202502053.041812
0122105524643544434220003050 1 1202502053.041817
0111102526643544434220003050 5 1202502053.041821
0121102526643544434220003050 5 1202502053.041826
0122106021143254434220003050 2 1202502053.041832
0125106021143254434220003050 2 1202502053.041836
0111102220643254434220003050 2 1202502053.041841
0121102220643254434220003050 2 1202502053.041846
0111102520643254434220003050 2 1202502053.041850
0121102520643254434220003050 2 1202502053.041855
0111102521643254434220003050 5 1202502053.041900
0111102220643554434220003050 2 1202502053.041905
0121102220643554434220003050 2 1202502053.041910
0111102520643554434220003050 2 1202502053.041915
0121102520643554434220003050 2 1202502053.041919
0111102521643554434220003050 5 1202502053.041924
0121102521643554434220003050 5 1202502053.041929
0111102523643554434220003050 5 1202502053.041933
0121102523643554434220003050 5 1202502053.041938
0111102524643554434220003050 5 1202502053.041943
0121102524643554434220003050 5 1202502053.041947
0122105524643554434220003050 1 1202502053.041952
0111102526643554434220003050 5 1202502053.041956
0121102526643554434220003050 5 1202502053.042001
0122106021143205434220003050 2 1202502053.042007
0125106021143205434220003050 2 1202502053.042012
0111102220643205434220003050 2 1202502053.042016
0121102220643205434220003050 2 1202502053.042021
0111102520643205434220003050 2 1202502053.042026
0121102520643205434220003050 2 1202502053.042030
0111102521643205434220003050 5 1202502053.042035
0111102220643505434220003050 2 1202502053.042041
0121102220643505434220003050 2 1202502053.042045
0111102520643505434220003050 2 1202502053.042050
0121102520643505434220003050 2 1202502053.042055
0111102521643505434220003050 5 1202502053.042059
0121102521643505434220003050 5 1202502053.042104
0111102523643505434220003050 5 1202502053.042109
0121102523643505434220003050 5 1202502053.042113
0111102524643505434220003050 5 1202502053.042118
0121102524643505434220003050 5 1202502053.042122
0122105524643505434220003050 1 1202502053.042127
0111102526643505434220003050 5 1202502053.042132
0121102526643505434220003050 5 1202502053.042136
0122106021143215434220003050 2 1202502053.042142
0125106021143215434220003050 2 1202502053.042147
0111102220643215434220003050 2 1202502053.042152
0121102220643215434220003050 2 1202502053.042156
0111102520643215434220003050 2 1202502053.042201
0121102520643215434220003050 2 1202502053.042206
0111102521643215434220003050 5 1202502053.042210
0111102220643515434220003050 2 1202502053.042216
0121102220643515434220003050 2 1202502053.042221
0111102520643515434220003050 2 1202502053.042225
0121102520643515434220003050 2 1202502053.042230
0111102521643515434220003050 5 1202502053.042235
0121102521643515434220003050 5 1202502053.042239
0111102523643515434220003050 5 1202502053.042244
0121102523643515434220003050 5 1202502053.042248
0111102524643515434220003050 5 1202502053.042253
0121102524643515434220003050 5 1202502053.042258
0122105524643515434220003050 1 1202502053.042302
0111102526643515434220003050 5 1202502053.042307
0121102526643515434220003050 5 1202502053.042312
0122106021143225434220003050 2 1202502053.042318
0125106021143225434220003050 2 1202502053.042322
0111102220643225434220003050 2 1202502053.042327
0121102220643225434220003050 2 1202502053.042332
0111102520643225434220003050 2 1202502053.042336
0121102520643225434220003050 2 1202502053.042341
0111102521643225434220003050 5 1202502053.042346
0111102220643525434220003050 2 1202502053.042351
0121102220643525434220003050 2 1202502053.042356
0111102520643525434220003050 2 1202502053.042401
0121102520643525434220003050 2 1202502053.042405
0111102521643525434220003050 5 1202502053.042410
0121102521643525434220003050 5 1202502053.042415
0111102523643525434220003050 5 1202502053.042419
0121102523643525434220003050 5 1202502053.042424
0111102524643525434220003050 5 1202502053.042429
0121102524643525434220003050 5 1202502053.042433
0122105524643525434220003050 1 1202502053.042438
0111102526643525434220003050 5 1202502053.042443
0121102526643525434220003050 5 1202502053.042447
0122106021143245434220003050 2 1202502053.042453
0125106021143245434220003050 2 1202502053.042458
0111102220643245434220003050 2 1202502053.042503
0121102220643245434220003050 2 1202502053.042507
0111102520643245434220003050 2 1202502053.042512
0121102520643245434220003050 2 1202502053.042516
0111102521643245434220003050 5 1202502053.042521
0111102220643545434220003050 2 1202502053.042527
0121102220643545434220003050 2 1202502053.042531
0111102520643545434220003050 2 1202502053.042536
0121102520643545434220003050 2 1202502053.042541
0111102521643545434220003050 5 1202502053.042545
0121102521643545434220003050 5 1202502053.042550
0111102523643545434220003050 5 1202502053.042555
0121102523643545434220003050 5 1202502053.042559
0111102524643545434220003050 5 1202502053.042604
0121102524643545434220003050 5 1202502053.042608
0122105524643545434220003050 1 1202502053.042613
0111102526643545434220003050 5 1202502053.042618
0121102526643545434220003050 5 1202502053.042622
0122106021143255434220003050 2 1202502053.042628
0125106021143255434220003050 2 1202502053.042633
0111102220643255434220003050 2 1202502053.042638
0121102220643255434220003050 2 1202502053.042642
0111102520643255434220003050 2 1202502053.042647
0121102520643255434220003050 2 1202502053.042652
0111102521643255434220003050 5 1202502053.042656
0111102220643555434220003050 2 1202502053.042702
0121102220643555434220003050 2 1202502053.042707
0111102520643555434220003050 2 1202502053.042711
0121102520643555434220003050 2 1202502053.042716
0111102521643555434220003050 5 1202502053.042721
0121102521643555434220003050 5 1202502053.042725
0111102523643555434220003050 5 1202502053.042730
0121102523643555434220003050 5 1202502053.042734
0111102524643555434220003050 5 1202502053.042739
0121102524643555434220003050 5 1202502053.042744
0122105524643555434220003050 1 1202502053.042748
0111102526643555434220003050 5 1202502053.042753
0121102526643555434220003050 5 1202502053.042758
0121102220633404454220003050 2 1202502053.043356
0121102520633404454220003050 2 1202502053.043400
0121102521633404454220003050 5 1202502053.043405
0121102523633404454220003050 5 1202502053.043410
0122105523633404454220003050 1 1202502053.043414
0121102524633404454220003050 5 1202502053.043419
0121102526633404454220003050 5 1202502053.043423
0121102220633414454220003050 2 1202502053.043843
0121102520633414454220003050 2 1202502053.043848
0121102521633414454220003050 5 1202502053.043852
0121102523633414454220003050 5 1202502053.043857
0122105523633414454220003050 1 1202502053.043901
0121102524633414454220003050 5 1202502053.043906
0121102526633414454220003050 5 1202502053.043911
0121102220633424454220003050 2 1202502053.044331
0121102520633424454220003050 2 1202502053.044336
0121102521633424454220003050 5 1202502053.044340
0121102523633424454220003050 5 1202502053.044345
0122105523633424454220003050 1 1202502053.044349
0121102524633424454220003050 5 1202502053.044354
0121102526633424454220003050 5 1202502053.044359
0111102220633444454220003050 2 1202502053.045001
0121102220633444454220003050 2 1202502053.045006
0111102520633444454220003050 2 1202502053.045010
0121102520633444454220003050 2 1202502053.045015
0111102521633444454220003050 5 1202502053.045020
0121102521633444454220003050 5 1202502053.045024
0111102523633444454220003050 5 1202502053.045029
0121102523633444454220003050 5 1202502053.045034
0122105523633444454220003050 1 1202502053.045038
0111102524633444454220003050 5 1202502053.045043
0121102524633444454220003050 5 1202502053.045047
0111102526633444454220003050 5 1202502053.045052
0121102526633444454220003050 5 1202502053.045057
0121102220633454454220003050 2 1202502053.045516
0121102520633454454220003050 2 1202502053.045521
0121102521633454454220003050 5 1202502053.045526
0121102523633454454220003050 5 1202502053.045530
0122105523633454454220003050 1 1202502053.045535
0121102524633454454220003050 5 1202502053.045539
0121102526633454454220003050 5 1202502053.045544
0122105523633405454220003050 1 1202502053.045552
0122105523633415454220003050 1 1202502053.045600
0122105523633425454220003050 1 1202502053.045609
0122105523633445454220003050 1 1202502053.045617
0122105523633455454220003050 1 1202502053.045625
0121102524633202404520003050 5 1202502053.045844
0121102524633212404520003050 5 1202502053.045919
0121102524633222404520003050 5 1202502053.045955
0121102524633242404520003050 5 1202502053.050030
0121102524633252404520003050 5 1202502053.050105
0122106021133404424520003050 2 1202502053.050410
0125106021133404424520003050 2 1202502053.050415
0121102220633404424520003050 2 1202502053.050419
0121102520633404424520003050 2 1202502053.050424
0122106021133414424520003050 2 1202502053.050559
0125106021133414424520003050 2 1202502053.050603
0121102220633414424520003050 2 1202502053.050608
0121102520633414424520003050 2 1202502053.050613
0122106021133424424520003050 2 1202502053.050747
0125106021133424424520003050 2 1202502053.050752
0121102220633424424520003050 2 1202502053.050757
0121102520633424424520003050 2 1202502053.050801
0122106021133444424520003050 2 1202502053.051022
0125106021133444424520003050 2 1202502053.051027
0111102220633444424520003050 2 1202502053.051032
0121102220633444424520003050 2 1202502053.051037
0111102520633444424520003050 2 1202502053.051041
0121102520633444424520003050 2 1202502053.051046
0111102521633444424520003050 5 1202502053.051051
0122106021133454424520003050 2 1202502053.051225
0125106021133454424520003050 2 1202502053.051230
0121102220633454424520003050 2 1202502053.051235
0121102520633454424520003050 2 1202502053.051239
0125106021133405424520003050 2 1202502053.051246
0125106021133415424520003050 2 1202502053.051254
0125106021133425424520003050 2 1202502053.051301
0125106021133445424520003050 2 1202502053.051309
0125106021133455424520003050 2 1202502053.051317
0122106021143200434520003050 2 1202502053.051323
0125106021143200434520003050 2 1202502053.051328
0111102220643200434520003050 2 1202502053.051333
0121102220643200434520003050 2 1202502053.051337
0111102520643200434520003050 2 1202502053.051342
0121102520643200434520003050 2 1202502053.051347
0111102521643200434520003050 5 1202502053.051351
0111102220643500434520003050 2 1202502053.051357
0121102220643500434520003050 2 1202502053.051402
0111102520643500434520003050 2 1202502053.051406
0121102520643500434520003050 2 1202502053.051411
0111102521643500434520003050 5 1202502053.051416
0121102521643500434520003050 5 1202502053.051420
0111102523643500434520003050 5 1202502053.051425
0121102523643500434520003050 5 1202502053.051430
0111102524643500434520003050 5 1202502053.051434
0121102524643500434520003050 5 1202502053.051439
0122105524643500434520003050 1 1202502053.051443
0111102526643500434520003050 5 1202502053.051448
0121102526643500434520003050 5 1202502053.051453
0122106021143210434520003050 2 1202502053.051459
0125106021143210434520003050 2 1202502053.051503
0111102220643210434520003050 2 1202502053.051508
0121102220643210434520003050 2 1202502053.051513
0111102520643210434520003050 2 1202502053.051518
0121102520643210434520003050 2 1202502053.051522
0111102521643210434520003050 5 1202502053.051527
0111102220643510434520003050 2 1202502053.051532
0121102220643510434520003050 2 1202502053.051537
0111102520643510434520003050 2 1202502053.051542
0121102520643510434520003050 2 1202502053.051546
0111102521643510434520003050 5 1202502053.051551
0121102521643510434520003050 5 1202502053.051556
0111102523643510434520003050 5 1202502053.051600
0121102523643510434520003050 5 1202502053.051605
0111102524643510434520003050 5 1202502053.051610
0121102524643510434520003050 5 1202502053.051614
0122105524643510434520003050 1 1202502053.051619
0111102526643510434520003050 5 1202502053.051624
0121102526643510434520003050 5 1202502053.051628
0122106021143220434520003050 2 1202502053.051634
0125106021143220434520003050 2 1202502053.051639
0111102220643220434520003050 2 1202502053.051644
0121102220643220434520003050 2 1202502053.051648
0111102520643220434520003050 2 1202502053.051653
0121102520643220434520003050 2 1202502053.051658
0111102521643220434520003050 5 1202502053.051702
0111102220643520434520003050 2 1202502053.051708
0121102220643520434520003050 2 1202502053.051712
0111102520643520434520003050 2 1202502053.051717
0121102520643520434520003050 2 1202502053.051722
0111102521643520434520003050 5 1202502053.051726
0121102521643520434520003050 5 1202502053.051731
0111102523643520434520003050 5 1202502053.051736
0121102523643520434520003050 5 1202502053.051740
0111102524643520434520003050 5 1202502053.051745
0121102524643520434520003050 5 1202502053.051750
0122105524643520434520003050 1 1202502053.051754
0111102526643520434520003050 5 1202502053.051759
0121102526643520434520003050 5 1202502053.051804
0122106021143240434520003050 2 1202502053.051809
0125106021143240434520003050 2 1202502053.051814
0111102220643240434520003050 2 1202502053.051819
0121102220643240434520003050 2 1202502053.051823
0111102520643240434520003050 2 1202502053.051828
0121102520643240434520003050 2 1202502053.051833
0111102521643240434520003050 5 1202502053.051837
0111102220643540434520003050 2 1202502053.051843
0121102220643540434520003050 2 1202502053.051848
0111102520643540434520003050 2 1202502053.051852
0121102520643540434520003050 2 1202502053.051857
0111102521643540434520003050 5 1202502053.051902
0121102521643540434520003050 5 1202502053.051906
0111102523643540434520003050 5 1202502053.051911
0121102523643540434520003050 5 1202502053.051916
0111102524643540434520003050 5 1202502053.051920
0121102524643540434520003050 5 1202502053.051925
0122105524643540434520003050 1 1202502053.051930
0111102526643540434520003050 5 1202502053.051934
0121102526643540434520003050 5 1202502053.051939
0122106021143250434520003050 2 1202502053.051944
0125106021143250434520003050 2 1202502053.051949
0111102220643250434520003050 2 1202502053.051954
0121102220643250434520003050 2 1202502053.051958
0111102520643250434520003050 2 1202502053.052003
0121102520643250434520003050 2 1202502053.052008
0111102521643250434520003050 5 1202502053.052012
0111102220643550434520003050 2 1202502053.052018
0121102220643550434520003050 2 1202502053.052023
0111102520643550434520003050 2 1202502053.052027
0121102520643550434520003050 2 1202502053.052032
0111102521643550434520003050 5 1202502053.052037
0121102521643550434520003050 5 1202502053.052041
0111102523643550434520003050 5 1202502053.052046
0121102523643550434520003050 5 1202502053.052051
0111102524643550434520003050 5 1202502053.052055
0121102524643550434520003050 5 1202502053.052100
0122105524643550434520003050 1 1202502053.052104
0111102526643550434520003050 5 1202502053.052109
0121102526643550434520003050 5 1202502053.052114
0122106021143201434520003050 2 1202502053.052120
0125106021143201434520003050 2 1202502053.052124
0111102220643201434520003050 2 1202502053.052129
0121102220643201434520003050 2 1202502053.052134
0111102520643201434520003050 2 1202502053.052139
0121102520643201434520003050 2 1202502053.052143
0111102521643201434520003050 5 1202502053.052148
0111102220643501434520003050 2 1202502053.052153
0121102220643501434520003050 2 1202502053.052158
0111102520643501434520003050 2 1202502053.052203
0121102520643501434520003050 2 1202502053.052207
0111102521643501434520003050 5 1202502053.052212
0121102521643501434520003050 5 1202502053.052217
0111102523643501434520003050 5 1202502053.052221
0121102523643501434520003050 5 1202502053.052226
0111102524643501434520003050 5 1202502053.052231
0121102524643501434520003050 5 1202502053.052235
0122105524643501434520003050 1 1202502053.052240
0111102526643501434520003050 5 1202502053.052245
0121102526643501434520003050 5 1202502053.052249
0122106021143211434520003050 2 1202502053.052255
0125106021143211434520003050 2 1202502053.052300
0111102220643211434520003050 2 1202502053.052305
0121102220643211434520003050 2 1202502053.052309
0111102520643211434520003050 2 1202502053.052314
0121102520643211434520003050 2 1202502053.052319
0111102521643211434520003050 5 1202502053.052323
0111102220643511434520003050 2 1202502053.052329
0121102220643511434520003050 2 1202502053.052333
0111102520643511434520003050 2 1202502053.052338
0121102520643511434520003050 2 1202502053.052343
0111102521643511434520003050 5 1202502053.052347
0121102521643511434520003050 5 1202502053.052352
0111102523643511434520003050 5 1202502053.052357
0121102523643511434520003050 5 1202502053.052401
0111102524643511434520003050 5 1202502053.052406
0121102524643511434520003050 5 1202502053.052411
0122105524643511434520003050 1 1202502053.052415
0111102526643511434520003050 5 1202502053.052420
0121102526643511434520003050 5 1202502053.052425
0122106021143221434520003050 2 1202502053.052431
0125106021143221434520003050 2 1202502053.052435
0111102220643221434520003050 2 1202502053.052440
0121102220643221434520003050 2 1202502053.052445
0111102520643221434520003050 2 1202502053.052449
0121102520643221434520003050 2 1202502053.052454
0111102521643221434520003050 5 1202502053.052459
0111102220643521434520003050 2 1202502053.052504
0121102220643521434520003050 2 1202502053.052509
0111102520643521434520003050 2 1202502053.052513
0121102520643521434520003050 2 1202502053.052518
0111102521643521434520003050 5 1202502053.052523
0121102521643521434520003050 5 1202502053.052527
0111102523643521434520003050 5 1202502053.052532
0121102523643521434520003050 5 1202502053.052537
0111102524643521434520003050 5 1202502053.052541
0121102524643521434520003050 5 1202502053.052546
0122105524643521434520003050 1 1202502053.052551
0111102526643521434520003050 5 1202502053.052555
0121102526643521434520003050 5 1202502053.052600
0122106021143241434520003050 2 1202502053.052606
0125106021143241434520003050 2 1202502053.052610
0111102220643241434520003050 2 1202502053.052615
0121102220643241434520003050 2 1202502053.052620
0111102520643241434520003050 2 1202502053.052625
0121102520643241434520003050 2 1202502053.052629
0111102521643241434520003050 5 1202502053.052634
0111102220643541434520003050 2 1202502053.052639
0121102220643541434520003050 2 1202502053.052644
0111102520643541434520003050 2 1202502053.052649
0121102520643541434520003050 2 1202502053.052653
0111102521643541434520003050 5 1202502053.052658
0121102521643541434520003050 5 1202502053.052703
0111102523643541434520003050 5 1202502053.052707
0121102523643541434520003050 5 1202502053.052712
0111102524643541434520003050 5 1202502053.052717
0121102524643541434520003050 5 1202502053.052721
0122105524643541434520003050 1 1202502053.052726
0111102526643541434520003050 5 1202502053.052731
0121102526643541434520003050 5 1202502053.052735
0122106021143251434520003050 2 1202502053.052741
0125106021143251434520003050 2 1202502053.052746
0111102220643251434520003050 2 1202502053.052751
0121102220643251434520003050 2 1202502053.052755
0111102520643251434520003050 2 1202502053.052800
0121102520643251434520003050 2 1202502053.052805
0111102521643251434520003050 5 1202502053.052809
0111102220643551434520003050 2 1202502053.052815
0121102220643551434520003050 2 1202502053.052820
0111102520643551434520003050 2 1202502053.052824
0121102520643551434520003050 2 1202502053.052829
0111102521643551434520003050 5 1202502053.052834
0121102521643551434520003050 5 1202502053.052838
0111102523643551434520003050 5 1202502053.052843
0121102523643551434520003050 5 1202502053.052847
0111102524643551434520003050 5 1202502053.052852
0121102524643551434520003050 5 1202502053.052857
0122105524643551434520003050 1 1202502053.052901
0111102526643551434520003050 5 1202502053.052906
0121102526643551434520003050 5 1202502053.052911
0122106021143202434520003050 2 1202502053.052917
0125106021143202434520003050 2 1202502053.052921
0111102220643202434520003050 2 1202502053.052926
0121102220643202434520003050 2 1202502053.052931
0111102520643202434520003050 2 1202502053.052935
0121102520643202434520003050 2 1202502053.052940
0111102521643202434520003050 5 1202502053.052945
0111102220643502434520003050 2 1202502053.052950
0121102220643502434520003050 2 1202502053.052955
0111102520643502434520003050 2 1202502053.053000
0121102520643502434520003050 2 1202502053.053004
0111102521643502434520003050 5 1202502053.053009
0121102521643502434520003050 5 1202502053.053013
0111102523643502434520003050 5 1202502053.053018
0121102523643502434520003050 5 1202502053.053023
0111102524643502434520003050 5 1202502053.053027
0121102524643502434520003050 5 1202502053.053032
0122105524643502434520003050 1 1202502053.053037
0111102526643502434520003050 5 1202502053.053041
0121102526643502434520003050 5 1202502053.053046
0122106021143212434520003050 2 1202502053.053052
0125106021143212434520003050 2 1202502053.053057
0111102220643212434520003050 2 1202502053.053101
0121102220643212434520003050 2 1202502053.053106
0111102520643212434520003050 2 1202502053.053111
0121102520643212434520003050 2 1202502053.053115
0111102521643212434520003050 5 1202502053.053120
0111102220643512434520003050 2 1202502053.053126
0121102220643512434520003050 2 1202502053.053130
0111102520643512434520003050 2 1202502053.053135
0121102520643512434520003050 2 1202502053.053139
0111102521643512434520003050 5 1202502053.053144
0121102521643512434520003050 5 1202502053.053149
0111102523643512434520003050 5 1202502053.053153
0121102523643512434520003050 5 1202502053.053158
0111102524643512434520003050 5 1202502053.053203
0121102524643512434520003050 5 1202502053.053207
0122105524643512434520003050 1 1202502053.053212
0111102526643512434520003050 5 1202502053.053217
0121102526643512434520003050 5 1202502053.053221
0122106021143222434520003050 2 1202502053.053227
0125106021143222434520003050 2 1202502053.053232
0111102220643222434520003050 2 1202502053.053237
0121102220643222434520003050 2 1202502053.053241
0111102520643222434520003050 2 1202502053.053246
0121102520643222434520003050 2 1202502053.053251
0111102521643222434520003050 5 1202502053.053255
0111102220643522434520003050 2 1202502053.053301
0121102220643522434520003050 2 1202502053.053305
0111102520643522434520003050 2 1202502053.053310
0121102520643522434520003050 2 1202502053.053315
0111102521643522434520003050 5 1202502053.053319
0121102521643522434520003050 5 1202502053.053324
0111102523643522434520003050 5 1202502053.053329
0121102523643522434520003050 5 1202502053.053333
0111102524643522434520003050 5 1202502053.053338
0121102524643522434520003050 5 1202502053.053343
0122105524643522434520003050 1 1202502053.053347
0111102526643522434520003050 5 1202502053.053352
0121102526643522434520003050 5 1202502053.053357
0122106021143242434520003050 2 1202502053.053402
0125106021143242434520003050 2 1202502053.053407
0111102220643242434520003050 2 1202502053.053412
0121102220643242434520003050 2 1202502053.053416
0111102520643242434520003050 2 1202502053.053421
0121102520643242434520003050 2 1202502053.053426
0111102521643242434520003050 5 1202502053.053430
0111102220643542434520003050 2 1202502053.053436
0121102220643542434520003050 2 1202502053.053441
0111102520643542434520003050 2 1202502053.053445
0121102520643542434520003050 2 1202502053.053450
0111102521643542434520003050 5 1202502053.053455
0121102521643542434520003050 5 1202502053.053459
0111102523643542434520003050 5 1202502053.053504
0121102523643542434520003050 5 1202502053.053508
0111102524643542434520003050 5 1202502053.053513
0121102524643542434520003050 5 1202502053.053518
0122105524643542434520003050 1 1202502053.053522
0111102526643542434520003050 5 1202502053.053527
0121102526643542434520003050 5 1202502053.053532
0122106021143252434520003050 2 1202502053.053538
0125106021143252434520003050 2 1202502053.053542
0111102220643252434520003050 2 1202502053.053547
0121102220643252434520003050 2 1202502053.053552
0111102520643252434520003050 2 1202502053.053556
0121102520643252434520003050 2 1202502053.053601
0111102521643252434520003050 5 1202502053.053606
0111102220643552434520003050 2 1202502053.053611
0121102220643552434520003050 2 1202502053.053616
0111102520643552434520003050 2 1202502053.053620
0121102520643552434520003050 2 1202502053.053625
0111102521643552434520003050 5 1202502053.053630
0121102521643552434520003050 5 1202502053.053634
0111102523643552434520003050 5 1202502053.053639
0121102523643552434520003050 5 1202502053.053644
0111102524643552434520003050 5 1202502053.053648
0121102524643552434520003050 5 1202502053.053653
0122105524643552434520003050 1 1202502053.053658
0111102526643552434520003050 5 1202502053.053702
0121102526643552434520003050 5 1202502053.053707
0122106021143204434520003050 2 1202502053.053713
0125106021143204434520003050 2 1202502053.053717
0111102220643204434520003050 2 1202502053.053722
0121102220643204434520003050 2 1202502053.053727
0111102520643204434520003050 2 1202502053.053732
0121102520643204434520003050 2 1202502053.053736
0111102521643204434520003050 5 1202502053.053741
0111102220643504434520003050 2 1202502053.053746
0121102220643504434520003050 2 1202502053.053751
0111102520643504434520003050 2 1202502053.053756
0121102520643504434520003050 2 1202502053.053800
0111102521643504434520003050 5 1202502053.053805
0121102521643504434520003050 5 1202502053.053810
0111102523643504434520003050 5 1202502053.053814
0121102523643504434520003050 5 1202502053.053819
0111102524643504434520003050 5 1202502053.053824
0121102524643504434520003050 5 1202502053.053828
0122105524643504434520003050 1 1202502053.053833
0111102526643504434520003050 5 1202502053.053838
0121102526643504434520003050 5 1202502053.053842
0122106021143214434520003050 2 1202502053.053848
0125106021143214434520003050 2 1202502053.053853
0111102220643214434520003050 2 1202502053.053858
0121102220643214434520003050 2 1202502053.053902
0111102520643214434520003050 2 1202502053.053907
0121102520643214434520003050 2 1202502053.053911
0111102521643214434520003050 5 1202502053.053916
0111102220643514434520003050 2 1202502053.053922
0121102220643514434520003050 2 1202502053.053926
0111102520643514434520003050 2 1202502053.053931
0121102520643514434520003050 2 1202502053.053936
0111102521643514434520003050 5 1202502053.053940
0121102521643514434520003050 5 1202502053.053945
0111102523643514434520003050 5 1202502053.053950
0121102523643514434520003050 5 1202502053.053954
0111102524643514434520003050 5 1202502053.053959
0121102524643514434520003050 5 1202502053.054003
0122105524643514434520003050 1 1202502053.054008
0111102526643514434520003050 5 1202502053.054013
0121102526643514434520003050 5 1202502053.054017
0122106021143224434520003050 2 1202502053.054023
0125106021143224434520003050 2 1202502053.054028
0111102220643224434520003050 2 1202502053.054033
0121102220643224434520003050 2 1202502053.054037
0111102520643224434520003050 2 1202502053.054042
0121102520643224434520003050 2 1202502053.054047
0111102521643224434520003050 5 1202502053.054051
0111102220643524434520003050 2 1202502053.054057
0121102220643524434520003050 2 1202502053.054101
0111102520643524434520003050 2 1202502053.054106
0121102520643524434520003050 2 1202502053.054111
0111102521643524434520003050 5 1202502053.054115
0121102521643524434520003050 5 1202502053.054120
0111102523643524434520003050 5 1202502053.054125
0121102523643524434520003050 5 1202502053.054129
0111102524643524434520003050 5 1202502053.054134
0121102524643524434520003050 5 1202502053.054139
0122105524643524434520003050 1 1202502053.054143
0111102526643524434520003050 5 1202502053.054148
0121102526643524434520003050 5 1202502053.054153
0122106021143244434520003050 2 1202502053.054158
0125106021143244434520003050 2 1202502053.054203
0111102220643244434520003050 2 1202502053.054208
0121102220643244434520003050 2 1202502053.054213
0111102520643244434520003050 2 1202502053.054217
0121102520643244434520003050 2 1202502053.054222
0111102521643244434520003050 5 1202502053.054227
0111102220643544434520003050 2 1202502053.054232
0121102220643544434520003050 2 1202502053.054237
0111102520643544434520003050 2 1202502053.054241
0121102520643544434520003050 2 1202502053.054246
0111102521643544434520003050 5 1202502053.054251
0121102521643544434520003050 5 1202502053.054255
0111102523643544434520003050 5 1202502053.054300
0121102523643544434520003050 5 1202502053.054305
0111102524643544434520003050 5 1202502053.054309
0121102524643544434520003050 5 1202502053.054314
0122105524643544434520003050 1 1202502053.054318
0111102526643544434520003050 5 1202502053.054323
0121102526643544434520003050 5 1202502053.054328
0122106021143254434520003050 2 1202502053.054334
0125106021143254434520003050 2 1202502053.054338
0111102220643254434520003050 2 1202502053.054343
0121102220643254434520003050 2 1202502053.054348
0111102520643254434520003050 2 1202502053.054352
0121102520643254434520003050 2 1202502053.054357
0111102521643254434520003050 5 1202502053.054402
0111102220643554434520003050 2 1202502053.054407
0121102220643554434520003050 2 1202502053.054412
0111102520643554434520003050 2 1202502053.054417
0121102520643554434520003050 2 1202502053.054421
0111102521643554434520003050 5 1202502053.054426
0121102521643554434520003050 5 1202502053.054430
0111102523643554434520003050 5 1202502053.054435
0121102523643554434520003050 5 1202502053.054440
0111102524643554434520003050 5 1202502053.054444
0121102524643554434520003050 5 1202502053.054449
0122105524643554434520003050 1 1202502053.054454
0111102526643554434520003050 5 1202502053.054458
0121102526643554434520003050 5 1202502053.054503
0122106021143205434520003050 2 1202502053.054509
0125106021143205434520003050 2 1202502053.054514
0111102220643205434520003050 2 1202502053.054518
0121102220643205434520003050 2 1202502053.054523
0111102520643205434520003050 2 1202502053.054528
0121102520643205434520003050 2 1202502053.054532
0111102521643205434520003050 5 1202502053.054537
0111102220643505434520003050 2 1202502053.054543
0121102220643505434520003050 2 1202502053.054547
0111102520643505434520003050 2 1202502053.054552
0121102520643505434520003050 2 1202502053.054557
0111102521643505434520003050 5 1202502053.054601
0121102521643505434520003050 5 1202502053.054606
0111102523643505434520003050 5 1202502053.054611
0121102523643505434520003050 5 1202502053.054615
0111102524643505434520003050 5 1202502053.054620
0121102524643505434520003050 5 1202502053.054625
0122105524643505434520003050 1 1202502053.054629
0111102526643505434520003050 5 1202502053.054634
0121102526643505434520003050 5 1202502053.054638
0122106021143215434520003050 2 1202502053.054644
0125106021143215434520003050 2 1202502053.054649
0111102220643215434520003050 2 1202502053.054654
0121102220643215434520003050 2 1202502053.054659
0111102520643215434520003050 2 1202502053.054703
0121102520643215434520003050 2 1202502053.054708
0111102521643215434520003050 5 1202502053.054713
0111102220643515434520003050 2 1202502053.054718
0121102220643515434520003050 2 1202502053.054723
0111102520643515434520003050 2 1202502053.054727
0121102520643515434520003050 2 1202502053.054732
0111102521643515434520003050 5 1202502053.054737
0121102521643515434520003050 5 1202502053.054741
0111102523643515434520003050 5 1202502053.054746
0121102523643515434520003050 5 1202502053.054751
0111102524643515434520003050 5 1202502053.054755
0121102524643515434520003050 5 1202502053.054800
0122105524643515434520003050 1 1202502053.054805
0111102526643515434520003050 5 1202502053.054809
0121102526643515434520003050 5 1202502053.054814
0122106021143225434520003050 2 1202502053.054820
0125106021143225434520003050 2 1202502053.054825
0111102220643225434520003050 2 1202502053.054829
0121102220643225434520003050 2 1202502053.054834
0111102520643225434520003050 2 1202502053.054839
0121102520643225434520003050 2 1202502053.054843
0111102521643225434520003050 5 1202502053.054848
0111102220643525434520003050 2 1202502053.054853
0121102220643525434520003050 2 1202502053.054858
0111102520643525434520003050 2 1202502053.054903
0121102520643525434520003050 2 1202502053.054907
0111102521643525434520003050 5 1202502053.054912
0121102521643525434520003050 5 1202502053.054917
0111102523643525434520003050 5 1202502053.054921
0121102523643525434520003050 5 1202502053.054926
0111102524643525434520003050 5 1202502053.054931
0121102524643525434520003050 5 1202502053.054935
0122105524643525434520003050 1 1202502053.054940
0111102526643525434520003050 5 1202502053.054944
0121102526643525434520003050 5 1202502053.054949
0122106021143245434520003050 2 1202502053.054955
0125106021143245434520003050 2 1202502053.055000
0111102220643245434520003050 2 1202502053.055004
0121102220643245434520003050 2 1202502053.055009
0111102520643245434520003050 2 1202502053.055014
0121102520643245434520003050 2 1202502053.055018
0111102521643245434520003050 5 1202502053.055023
0111102220643545434520003050 2 1202502053.055029
0121102220643545434520003050 2 1202502053.055033
0111102520643545434520003050 2 1202502053.055038
0121102520643545434520003050 2 1202502053.055043
0111102521643545434520003050 5 1202502053.055047
0121102521643545434520003050 5 1202502053.055052
0111102523643545434520003050 5 1202502053.055057
0121102523643545434520003050 5 1202502053.055101
0111102524643545434520003050 5 1202502053.055106
0121102524643545434520003050 5 1202502053.055110
0122105524643545434520003050 1 1202502053.055115
0111102526643545434520003050 5 1202502053.055120
0121102526643545434520003050 5 1202502053.055124
0122106021143255434520003050 2 1202502053.055130
0125106021143255434520003050 2 1202502053.055135
0111102220643255434520003050 2 1202502053.055140
0121102220643255434520003050 2 1202502053.055145
0111102520643255434520003050 2 1202502053.055149
0121102520643255434520003050 2 1202502053.055154
0111102521643255434520003050 5 1202502053.055158
0111102220643555434520003050 2 1202502053.055204
0121102220643555434520003050 2 1202502053.055209
0111102520643555434520003050 2 1202502053.055213
0121102520643555434520003050 2 1202502053.055218
0111102521643555434520003050 5 1202502053.055223
0121102521643555434520003050 5 1202502053.055227
0111102523643555434520003050 5 1202502053.055232
0121102523643555434520003050 5 1202502053.055237
0111102524643555434520003050 5 1202502053.055241
0121102524643555434520003050 5 1202502053.055246
0122105524643555434520003050 1 1202502053.055251
0111102526643555434520003050 5 1202502053.055255
0121102526643555434520003050 5 1202502053.055300
0121102220633404454520003050 2 1202502053.055853
0121102520633404454520003050 2 1202502053.055858
0121102521633404454520003050 5 1202502053.055903
0121102523633404454520003050 5 1202502053.055907
0122105523633404454520003050 1 1202502053.055912
0121102524633404454520003050 5 1202502053.055917
0121102526633404454520003050 5 1202502053.055921
0121102220633414454520003050 2 1202502053.060340
0121102520633414454520003050 2 1202502053.060345
0121102521633414454520003050 5 1202502053.060349
0121102523633414454520003050 5 1202502053.060354
0122105523633414454520003050 1 1202502053.060359
0121102524633414454520003050 5 1202502053.060403
0121102526633414454520003050 5 1202502053.060408
0121102220633424454520003050 2 1202502053.060827
0121102520633424454520003050 2 1202502053.060832
0121102521633424454520003050 5 1202502053.060836
0121102523633424454520003050 5 1202502053.060841
0122105523633424454520003050 1 1202502053.060846
0121102524633424454520003050 5 1202502053.060850
0121102526633424454520003050 5 1202502053.060855
0111102220633444454520003050 2 1202502053.061458
0121102220633444454520003050 2 1202502053.061502
0111102520633444454520003050 2 1202502053.061507
0121102520633444454520003050 2 1202502053.061511
0111102521633444454520003050 5 1202502053.061516
0121102521633444454520003050 5 1202502053.061521
0111102523633444454520003050 5 1202502053.061525
0121102523633444454520003050 5 1202502053.061530
0122105523633444454520003050 1 1202502053.061535
0111102524633444454520003050 5 1202502053.061539
0121102524633444454520003050 5 1202502053.061544
0111102526633444454520003050 5 1202502053.061549
0121102526633444454520003050 5 1202502053.061553
0121102220633454454520003050 2 1202502053.062012
0121102520633454454520003050 2 1202502053.062017
0121102521633454454520003050 5 1202502053.062022
0121102523633454454520003050 5 1202502053.062026
0122105523633454454520003050 1 1202502053.062031
0121102524633454454520003050 5 1202502053.062035
0121102526633454454520003050 5 1202502053.062040
0122105523633405454520003050 1 1202502053.062048
0122105523633415454520003050 1 1202502053.062055
0122105523633425454520003050 1 1202502053.062102
0122105523633445454520003050 1 1202502053.062110
0122105523633455454520003050 1 1202502053.062117
0110102220303045424606542111 1 1202502053.070644
0110102220303145424606542111 1 1202502053.070958
0126100020343500434606542111 2 1202502053.071327
0126102020343500434606542111 2 1202502053.071331
0126103020343500434606542111 2 1202502053.071336
0126105020343500434606542111 2 1202502053.071341
0126106020343500434606542111 2 1202502053.071345
0126100020343501434606542111 2 1202502053.071356
0126102020343501434606542111 2 1202502053.071401
0126103020343501434606542111 2 1202502053.071405
0126105020343501434606542111 2 1202502053.071410
0126106020343501434606542111 2 1202502053.071415
0126100020343502434606542111 2 1202502053.071425
0126102020343502434606542111 2 1202502053.071430
0126103020343502434606542111 2 1202502053.071435
0126105020343502434606542111 2 1202502053.071439
0126106020343502434606542111 2 1202502053.071444
0126100020343504434606542111 2 1202502053.071454
0126102020343504434606542111 2 1202502053.071459
0126103020343504434606542111 2 1202502053.071503
0126105020343504434606542111 2 1202502053.071508
0126106020343504434606542111 2 1202502053.071513
0126100020343505434606542111 2 1202502053.071523
0126102020343505434606542111 2 1202502053.071528
0126103020343505434606542111 2 1202502053.071533
0126105020343505434606542111 2 1202502053.071537
0126106020343505434606542111 2 1202502053.071542
0126100020343506434606542111 2 1202502053.071552
0126102020343506434606542111 2 1202502053.071556
0126103020343506434606542111 2 1202502053.071601
0126105020343506434606542111 2 1202502053.071606
0126106020343506434606542111 2 1202502053.071610
0122100021643250434200003111 2 1202502053.074621
0122100021643251434200003111 2 1202502053.074637
0122100021643252434200003111 2 1202502053.074654
0122100021643254434200003111 2 1202502053.074711
0122100021643205434200003111 2 1202502053.074718
0122100021643215434200003111 2 1202502053.074725
0122100021643225434200003111 2 1202502053.074732
0122100021643245434200003111 2 1202502053.074739
0122100021643255434200003111 2 1202502053.074746
0522123225143000464210003111 2 1202502053.094917
0522120225343511464210003111 2 1202502053.094930
0522120225343551464210003111 2 1202502053.094939
0522120225343502464210003111 2 1202502053.094945
0522122225343502464210003111 2 1202502053.094949
0522123225343502464210003111 2 1202502053.094954
0522126225343502464210003111 2 1202502053.094959
0522120225343512464210003111 2 1202502053.095005
0522122225343512464210003111 2 1202502053.095010
0522123225343512464210003111 2 1202502053.095014
0522126225343512464210003111 2 1202502053.095019
0522120225343522464210003111 2 1202502053.095025
0522122225343522464210003111 2 1202502053.095030
0522123225343522464210003111 2 1202502053.095035
0522126225343522464210003111 2 1202502053.095039
0522120225343542464210003111 2 1202502053.095045
0522122225343542464210003111 2 1202502053.095050
0522123225343542464210003111 2 1202502053.095055
0522126225343542464210003111 2 1202502053.095059
0522120225343552464210003111 2 1202502053.095105
0522122225343552464210003111 2 1202502053.095110
0522123225343552464210003111 2 1202502053.095115
0522126225343552464210003111 2 1202502053.095119
0522120225343515464210003111 2 1202502053.095132
0522120225343555464210003111 2 1202502053.095140
0522122225343555464210003111 2 1202502053.095145
0522123225343555464210003111 2 1202502053.095149
0522126225343555464210003111 2 1202502053.095154
0125100021633404424220003111 2 1202502053.095628
0125102021633404424220003111 2 1202502053.095632
0125103021633404424220003111 2 1202502053.095637
0121105021633404424220003111 1 1202502053.095642
0122105021633404424220003111 1 1202502053.095646
0125105021633404424220003111 1 1202502053.095651
0125106021633404424220003111 2 1202502053.095656
0125100021633414424220003111 2 1202502053.095747
0125102021633414424220003111 2 1202502053.095752
0125103021633414424220003111 2 1202502053.095757
0121105021633414424220003111 1 1202502053.095801
0122105021633414424220003111 1 1202502053.095806
0125105021633414424220003111 1 1202502053.095811
0125106021633414424220003111 2 1202502053.095815
0125100021633424424220003111 2 1202502053.095907
0125102021633424424220003111 2 1202502053.095911
0125103021633424424220003111 2 1202502053.095916
0121105021633424424220003111 1 1202502053.095921
0122105021633424424220003111 1 1202502053.095926
0125105021633424424220003111 1 1202502053.095930
0125106021633424424220003111 2 1202502053.095935
0125103021613444424220003111 2 1202502053.100029
0125100021633444424220003111 2 1202502053.100034
0125102021633444424220003111 2 1202502053.100038
0125103021633444424220003111 2 1202502053.100043
0121105021633444424220003111 1 1202502053.100048
0122105021633444424220003111 1 1202502053.100053
0125105021633444424220003111 1 1202502053.100057
0125106021633444424220003111 2 1202502053.100102
0125100021633454424220003111 2 1202502053.100239
0125102021633454424220003111 2 1202502053.100244
0125103021633454424220003111 2 1202502053.100248
0121105021633454424220003111 1 1202502053.100253
0122105021633454424220003111 1 1202502053.100258
0125105021633454424220003111 1 1202502053.100303
0125106021633454424220003111 2 1202502053.100307
0125100021633405424220003111 2 1202502053.100315
0125102021633405424220003111 2 1202502053.100320
0125103021633405424220003111 2 1202502053.100324
0125105021633405424220003111 1 1202502053.100329
0125106021633405424220003111 2 1202502053.100334
0125100021633415424220003111 2 1202502053.100341
0125102021633415424220003111 2 1202502053.100346
0125103021633415424220003111 2 1202502053.100350
0125105021633415424220003111 1 1202502053.100355
0125106021633415424220003111 2 1202502053.100400
0125100021633425424220003111 2 1202502053.100407
0125102021633425424220003111 2 1202502053.100412
0125103021633425424220003111 2 1202502053.100416
0125105021633425424220003111 1 1202502053.100421
0125106021633425424220003111 2 1202502053.100426
0125100021633445424220003111 2 1202502053.100433
0125102021633445424220003111 2 1202502053.100438
0125103021633445424220003111 2 1202502053.100442
0125105021633445424220003111 1 1202502053.100447
0125106021633445424220003111 2 1202502053.100452
0125100021633455424220003111 2 1202502053.100459
0125102021633455424220003111 2 1202502053.100504
0125103021633455424220003111 2 1202502053.100509
0125105021633455424220003111 1 1202502053.100513
0125106021633455424220003111 2 1202502053.100518
0125100021643200434220003111 2 1202502053.100525
0125102021643200434220003111 2 1202502053.100529
0125103021643200434220003111 2 1202502053.100534
0121105021643200434220003111 1 1202502053.100539
0122105021643200434220003111 1 1202502053.100544
0125105021643200434220003111 1 1202502053.100548
0125106021643200434220003111 2 1202502053.100553
0125100021643210434220003111 2 1202502053.100600
0125102021643210434220003111 2 1202502053.100605
0125103021643210434220003111 2 1202502053.100609
0121105021643210434220003111 1 1202502053.100614
0122105021643210434220003111 1 1202502053.100619
0125105021643210434220003111 1 1202502053.100624
0125106021643210434220003111 2 1202502053.100628
0125100021643220434220003111 2 1202502053.100635
0125102021643220434220003111 2 1202502053.100640
0125103021643220434220003111 2 1202502053.100645
0121105021643220434220003111 1 1202502053.100649
0122105021643220434220003111 1 1202502053.100654
0125105021643220434220003111 1 1202502053.100659
0125106021643220434220003111 2 1202502053.100704
0125100021643240434220003111 2 1202502053.100710
0125102021643240434220003111 2 1202502053.100715
0125103021643240434220003111 2 1202502053.100720
0121105021643240434220003111 1 1202502053.100724
0122105021643240434220003111 1 1202502053.100729
0125105021643240434220003111 1 1202502053.100734
0125106021643240434220003111 2 1202502053.100739
0122100021643250434220003111 2 1202502053.100746
0125100021643250434220003111 2 1202502053.100750
0125102021643250434220003111 2 1202502053.100755
0125103021643250434220003111 2 1202502053.100800
0121105021643250434220003111 1 1202502053.100804
0122105021643250434220003111 1 1202502053.100809
0125105021643250434220003111 1 1202502053.100814
0125106021643250434220003111 2 1202502053.100818
0125100021643201434220003111 2 1202502053.100825
0125102021643201434220003111 2 1202502053.100830
0125103021643201434220003111 2 1202502053.100835
0121105021643201434220003111 1 1202502053.100840
0122105021643201434220003111 1 1202502053.100844
0125105021643201434220003111 1 1202502053.100849
0125106021643201434220003111 2 1202502053.100854
0125100021643211434220003111 2 1202502053.100900
0125102021643211434220003111 2 1202502053.100905
0125103021643211434220003111 2 1202502053.100910
0121105021643211434220003111 1 1202502053.100914
0122105021643211434220003111 1 1202502053.100919
0125105021643211434220003111 1 1202502053.100924
0125106021643211434220003111 2 1202502053.100929
0125100021643221434220003111 2 1202502053.100936
0125102021643221434220003111 2 1202502053.100940
0125103021643221434220003111 2 1202502053.100945
0121105021643221434220003111 1 1202502053.100950
0122105021643221434220003111 1 1202502053.100954
0125105021643221434220003111 1 1202502053.100959
0125106021643221434220003111 2 1202502053.101004
0125100021643241434220003111 2 1202502053.101011
0125102021643241434220003111 2 1202502053.101015
0125103021643241434220003111 2 1202502053.101020
0121105021643241434220003111 1 1202502053.101025
0122105021643241434220003111 1 1202502053.101030
0125105021643241434220003111 1 1202502053.101034
0125106021643241434220003111 2 1202502053.101039
0122100021643251434220003111 2 1202502053.101046
0125100021643251434220003111 2 1202502053.101051
0125102021643251434220003111 2 1202502053.101055
0125103021643251434220003111 2 1202502053.101100
0121105021643251434220003111 1 1202502053.101105
0122105021643251434220003111 1 1202502053.101109
0125105021643251434220003111 1 1202502053.101114
0125106021643251434220003111 2 1202502053.101119
0125100021643202434220003111 2 1202502053.101126
0125102021643202434220003111 2 1202502053.101131
0125103021643202434220003111 2 1202502053.101135
0121105021643202434220003111 1 1202502053.101140
0122105021643202434220003111 1 1202502053.101145
0125105021643202434220003111 1 1202502053.101149
0125106021643202434220003111 2 1202502053.101154
0125100021643212434220003111 2 1202502053.101201
0125102021643212434220003111 2 1202502053.101206
0125103021643212434220003111 2 1202502053.101211
0121105021643212434220003111 1 1202502053.101215
0122105021643212434220003111 1 1202502053.101220
0125105021643212434220003111 1 1202502053.101225
0125106021643212434220003111 2 1202502053.101229
0125100021643222434220003111 2 1202502053.101236
0125102021643222434220003111 2 1202502053.101241
0125103021643222434220003111 2 1202502053.101246
0121105021643222434220003111 1 1202502053.101251
0122105021643222434220003111 1 1202502053.101255
0125105021643222434220003111 1 1202502053.101300
0125106021643222434220003111 2 1202502053.101305
0125100021643242434220003111 2 1202502053.101312
0125102021643242434220003111 2 1202502053.101316
0125103021643242434220003111 2 1202502053.101321
0121105021643242434220003111 1 1202502053.101326
0122105021643242434220003111 1 1202502053.101330
0125105021643242434220003111 1 1202502053.101335
0125106021643242434220003111 2 1202502053.101340
0122100021643252434220003111 2 1202502053.101347
0125100021643252434220003111 2 1202502053.101351
0125102021643252434220003111 2 1202502053.101356
0125103021643252434220003111 2 1202502053.101401
0121105021643252434220003111 1 1202502053.101406
0122105021643252434220003111 1 1202502053.101410
0125105021643252434220003111 1 1202502053.101415
0125106021643252434220003111 2 1202502053.101420
0125100021643204434220003111 2 1202502053.101426
0125102021643204434220003111 2 1202502053.101431
0125103021643204434220003111 2 1202502053.101436
0121105021643204434220003111 1 1202502053.101441
0122105021643204434220003111 1 1202502053.101445
0125105021643204434220003111 1 1202502053.101450
0125106021643204434220003111 2 1202502053.101455
0125100021643214434220003111 2 1202502053.101502
0125102021643214434220003111 2 1202502053.101506
0125103021643214434220003111 2 1202502053.101511
0121105021643214434220003111 1 1202502053.101516
0122105021643214434220003111 1 1202502053.101520
0125105021643214434220003111 1 1202502053.101525
0125106021643214434220003111 2 1202502053.101530
0125100021643224434220003111 2 1202502053.101537
0125102021643224434220003111 2 1202502053.101541
0125103021643224434220003111 2 1202502053.101546
0121105021643224434220003111 1 1202502053.101551
0122105021643224434220003111 1 1202502053.101556
0125105021643224434220003111 1 1202502053.101600
0125106021643224434220003111 2 1202502053.101605
0125100021643244434220003111 2 1202502053.101612
0125102021643244434220003111 2 1202502053.101616
0125103021643244434220003111 2 1202502053.101621
0121105021643244434220003111 1 1202502053.101626
0122105021643244434220003111 1 1202502053.101631
0125105021643244434220003111 1 1202502053.101635
0125106021643244434220003111 2 1202502053.101640
0122100021643254434220003111 2 1202502053.101647
0125100021643254434220003111 2 1202502053.101652
0125102021643254434220003111 2 1202502053.101656
0125103021643254434220003111 2 1202502053.101701
0121105021643254434220003111 1 1202502053.101706
0122105021643254434220003111 1 1202502053.101710
0125105021643254434220003111 1 1202502053.101715
0125106021643254434220003111 2 1202502053.101720
0122100021643205434220003111 2 1202502053.101727
0125100021643205434220003111 2 1202502053.101731
0125102021643205434220003111 2 1202502053.101736
0125103021643205434220003111 2 1202502053.101741
0121105021643205434220003111 1 1202502053.101745
0122105021643205434220003111 1 1202502053.101750
0125105021643205434220003111 1 1202502053.101755
0125106021643205434220003111 2 1202502053.101800
0122100021643215434220003111 2 1202502053.101806
0125100021643215434220003111 2 1202502053.101811
0125102021643215434220003111 2 1202502053.101816
0125103021643215434220003111 2 1202502053.101821
0121105021643215434220003111 1 1202502053.101825
0122105021643215434220003111 1 1202502053.101830
0125105021643215434220003111 1 1202502053.101835
0125106021643215434220003111 2 1202502053.101839
0122100021643225434220003111 2 1202502053.101846
0125100021643225434220003111 2 1202502053.101851
0125102021643225434220003111 2 1202502053.101856
0125103021643225434220003111 2 1202502053.101900
0121105021643225434220003111 1 1202502053.101905
0122105021643225434220003111 1 1202502053.101910
0125105021643225434220003111 1 1202502053.101915
0125106021643225434220003111 2 1202502053.101919
0122100021643245434220003111 2 1202502053.101926
0125100021643245434220003111 2 1202502053.101931
0125102021643245434220003111 2 1202502053.101935
0125103021643245434220003111 2 1202502053.101940
0121105021643245434220003111 1 1202502053.101945
0122105021643245434220003111 1 1202502053.101950
0125105021643245434220003111 1 1202502053.101954
0125106021643245434220003111 2 1202502053.101959
0122100021643255434220003111 2 1202502053.102006
0125100021643255434220003111 2 1202502053.102011
0125102021643255434220003111 2 1202502053.102015
0125103021643255434220003111 2 1202502053.102020
0121105021643255434220003111 1 1202502053.102025
0122105021643255434220003111 1 1202502053.102029
0125105021643255434220003111 1 1202502053.102034
0125106021643255434220003111 2 1202502053.102039
0125100021633404424520003111 2 1202502053.105007
0125102021633404424520003111 2 1202502053.105012
0125103021633404424520003111 2 1202502053.105016
0121105021633404424520003111 1 1202502053.105021
0122105021633404424520003111 1 1202502053.105026
0125105021633404424520003111 1 1202502053.105030
0125106021633404424520003111 2 1202502053.105035
0125100021633414424520003111 2 1202502053.105211
0125102021633414424520003111 2 1202502053.105216
0125103021633414424520003111 2 1202502053.105221
0121105021633414424520003111 1 1202502053.105225
0122105021633414424520003111 1 1202502053.105230
0125105021633414424520003111 1 1202502053.105235
0125106021633414424520003111 2 1202502053.105240
0125100021633424424520003111 2 1202502053.105416
0125102021633424424520003111 2 1202502053.105421
0125103021633424424520003111 2 1202502053.105425
0121105021633424424520003111 1 1202502053.105430
0122105021633424424520003111 1 1202502053.105435
0125105021633424424520003111 1 1202502053.105439
0125106021633424424520003111 2 1202502053.105444
0125103021613444424520003111 2 1202502053.105634
0122100021633444424520003111 2 1202502053.105638
0125100021633444424520003111 2 1202502053.105643
0125102021633444424520003111 2 1202502053.105648
0125103021633444424520003111 2 1202502053.105652
0121105021633444424520003111 1 1202502053.105657
0122105021633444424520003111 1 1202502053.105702
0125105021633444424520003111 1 1202502053.105707
0125106021633444424520003111 2 1202502053.105711
0125100021633454424520003111 2 1202502053.105848
0125102021633454424520003111 2 1202502053.105852
0125103021633454424520003111 2 1202502053.105857
0121105021633454424520003111 1 1202502053.105902
0122105021633454424520003111 1 1202502053.105906
0125105021633454424520003111 1 1202502053.105911
0125106021633454424520003111 2 1202502053.105916
0125100021633405424520003111 2 1202502053.105924
0125102021633405424520003111 2 1202502053.105928
0125103021633405424520003111 2 1202502053.105933
0125105021633405424520003111 1 1202502053.105938
0125106021633405424520003111 2 1202502053.105942
0125100021633415424520003111 2 1202502053.105950
0125102021633415424520003111 2 1202502053.105955
0125103021633415424520003111 2 1202502053.105959
0125105021633415424520003111 1 1202502053.110004
0125106021633415424520003111 2 1202502053.110009
0125100021633425424520003111 2 1202502053.110016
0125102021633425424520003111 2 1202502053.110021
0125103021633425424520003111 2 1202502053.110025
0125105021633425424520003111 1 1202502053.110030
0125106021633425424520003111 2 1202502053.110035
0125100021633445424520003111 2 1202502053.110042
0125102021633445424520003111 2 1202502053.110047
0125103021633445424520003111 2 1202502053.110052
0125105021633445424520003111 1 1202502053.110056
0125106021633445424520003111 2 1202502053.110101
0125100021633455424520003111 2 1202502053.110109
0125102021633455424520003111 2 1202502053.110113
0125103021633455424520003111 2 1202502053.110118
0125105021633455424520003111 1 1202502053.110123
0125106021633455424520003111 2 1202502053.110127
0122100021643200434520003111 2 1202502053.110134
0125100021643200434520003111 2 1202502053.110139
0125102021643200434520003111 2 1202502053.110144
0125103021643200434520003111 2 1202502053.110148
0121105021643200434520003111 1 1202502053.110153
0122105021643200434520003111 1 1202502053.110158
0125105021643200434520003111 1 1202502053.110202
0125106021643200434520003111 2 1202502053.110207
0122100021643210434520003111 2 1202502053.110214
0125100021643210434520003111 2 1202502053.110219
0125102021643210434520003111 2 1202502053.110223
0125103021643210434520003111 2 1202502053.110228
0121105021643210434520003111 1 1202502053.110233
0122105021643210434520003111 1 1202502053.110238
0125105021643210434520003111 1 1202502053.110242
0125106021643210434520003111 2 1202502053.110247
0122100021643220434520003111 2 1202502053.110254
0125100021643220434520003111 2 1202502053.110258
0125102021643220434520003111 2 1202502053.110303
0125103021643220434520003111 2 1202502053.110308
0121105021643220434520003111 1 1202502053.110313
0122105021643220434520003111 1 1202502053.110317
0125105021643220434520003111 1 1202502053.110322
0125106021643220434520003111 2 1202502053.110327
0122100021643240434520003111 2 1202502053.110333
0125100021643240434520003111 2 1202502053.110338
0125102021643240434520003111 2 1202502053.110343
0125103021643240434520003111 2 1202502053.110348
0121105021643240434520003111 1 1202502053.110352
0122105021643240434520003111 1 1202502053.110357
0125105021643240434520003111 1 1202502053.110402
0125106021643240434520003111 2 1202502053.110406
0122100021643250434520003111 2 1202502053.110413
0125100021643250434520003111 2 1202502053.110418
0125102021643250434520003111 2 1202502053.110423
0125103021643250434520003111 2 1202502053.110428
0121105021643250434520003111 1 1202502053.110432
0122105021643250434520003111 1 1202502053.110437
0125105021643250434520003111 1 1202502053.110442
0125106021643250434520003111 2 1202502053.110446
0122100021643201434520003111 2 1202502053.110453
0125100021643201434520003111 2 1202502053.110458
0125102021643201434520003111 2 1202502053.110503
0125103021643201434520003111 2 1202502053.110507
0121105021643201434520003111 1 1202502053.110512
0122105021643201434520003111 1 1202502053.110517
0125105021643201434520003111 1 1202502053.110522
0125106021643201434520003111 2 1202502053.110526
0122100021643211434520003111 2 1202502053.110533
0125100021643211434520003111 2 1202502053.110538
0125102021643211434520003111 2 1202502053.110542
0125103021643211434520003111 2 1202502053.110547
0121105021643211434520003111 1 1202502053.110552
0122105021643211434520003111 1 1202502053.110557
0125105021643211434520003111 1 1202502053.110601
0125106021643211434520003111 2 1202502053.110606
0122100021643221434520003111 2 1202502053.110613
0125100021643221434520003111 2 1202502053.110617
0125102021643221434520003111 2 1202502053.110622
0125103021643221434520003111 2 1202502053.110627
0121105021643221434520003111 1 1202502053.110632
0122105021643221434520003111 1 1202502053.110636
0125105021643221434520003111 1 1202502053.110641
0125106021643221434520003111 2 1202502053.110646
0122100021643241434520003111 2 1202502053.110653
0125100021643241434520003111 2 1202502053.110657
0125102021643241434520003111 2 1202502053.110702
0125103021643241434520003111 2 1202502053.110707
0121105021643241434520003111 1 1202502053.110711
0122105021643241434520003111 1 1202502053.110716
0125105021643241434520003111 1 1202502053.110721
0125106021643241434520003111 2 1202502053.110726
0122100021643251434520003111 2 1202502053.110732
0125100021643251434520003111 2 1202502053.110737
0125102021643251434520003111 2 1202502053.110742
0125103021643251434520003111 2 1202502053.110747
0121105021643251434520003111 1 1202502053.110751
0122105021643251434520003111 1 1202502053.110756
0125105021643251434520003111 1 1202502053.110801
0125106021643251434520003111 2 1202502053.110806
0122100021643202434520003111 2 1202502053.110812
0125100021643202434520003111 2 1202502053.110817
0125102021643202434520003111 2 1202502053.110822
0125103021643202434520003111 2 1202502053.110826
0121105021643202434520003111 1 1202502053.110831
0122105021643202434520003111 1 1202502053.110836
0125105021643202434520003111 1 1202502053.110841
0125106021643202434520003111 2 1202502053.110845
0122100021643212434520003111 2 1202502053.110852
0125100021643212434520003111 2 1202502053.110857
0125102021643212434520003111 2 1202502053.110902
0125103021643212434520003111 2 1202502053.110906
0121105021643212434520003111 1 1202502053.110911
0122105021643212434520003111 1 1202502053.110916
0125105021643212434520003111 1 1202502053.110920
0125106021643212434520003111 2 1202502053.110925
0122100021643222434520003111 2 1202502053.110932
0125100021643222434520003111 2 1202502053.110937
0125102021643222434520003111 2 1202502053.110941
0125103021643222434520003111 2 1202502053.110946
0121105021643222434520003111 1 1202502053.110951
0122105021643222434520003111 1 1202502053.110956
0125105021643222434520003111 1 1202502053.111000
0125106021643222434520003111 2 1202502053.111005
0122100021643242434520003111 2 1202502053.111012
0125100021643242434520003111 2 1202502053.111016
0125102021643242434520003111 2 1202502053.111021
0125103021643242434520003111 2 1202502053.111026
0121105021643242434520003111 1 1202502053.111030
0122105021643242434520003111 1 1202502053.111035
0125105021643242434520003111 1 1202502053.111040
0125106021643242434520003111 2 1202502053.111045
0122100021643252434520003111 2 1202502053.111051
0125100021643252434520003111 2 1202502053.111056
0125102021643252434520003111 2 1202502053.111101
0125103021643252434520003111 2 1202502053.111105
0121105021643252434520003111 1 1202502053.111110
0122105021643252434520003111 1 1202502053.111115
0125105021643252434520003111 1 1202502053.111120
0125106021643252434520003111 2 1202502053.111124
0122100021643204434520003111 2 1202502053.111131
0125100021643204434520003111 2 1202502053.111136
0125102021643204434520003111 2 1202502053.111141
0125103021643204434520003111 2 1202502053.111145
0121105021643204434520003111 1 1202502053.111150
0122105021643204434520003111 1 1202502053.111155
0125105021643204434520003111 1 1202502053.111159
0125106021643204434520003111 2 1202502053.111204
0122100021643214434520003111 2 1202502053.111211
0125100021643214434520003111 2 1202502053.111216
0125102021643214434520003111 2 1202502053.111220
0125103021643214434520003111 2 1202502053.111225
0121105021643214434520003111 1 1202502053.111230
0122105021643214434520003111 1 1202502053.111235
0125105021643214434520003111 1 1202502053.111239
0125106021643214434520003111 2 1202502053.111244
0122100021643224434520003111 2 1202502053.111251
0125100021643224434520003111 2 1202502053.111255
0125102021643224434520003111 2 1202502053.111300
0125103021643224434520003111 2 1202502053.111305
0121105021643224434520003111 1 1202502053.111309
0122105021643224434520003111 1 1202502053.111314
0125105021643224434520003111 1 1202502053.111319
0125106021643224434520003111 2 1202502053.111324
0122100021643244434520003111 2 1202502053.111330
0125100021643244434520003111 2 1202502053.111335
0125102021643244434520003111 2 1202502053.111340
0125103021643244434520003111 2 1202502053.111344
0121105021643244434520003111 1 1202502053.111349
0122105021643244434520003111 1 1202502053.111354
0125105021643244434520003111 1 1202502053.111359
0125106021643244434520003111 2 1202502053.111403
0122100021643254434520003111 2 1202502053.111410
0125100021643254434520003111 2 1202502053.111415
0125102021643254434520003111 2 1202502053.111420
0125103021643254434520003111 2 1202502053.111424
0121105021643254434520003111 1 1202502053.111429
0122105021643254434520003111 1 1202502053.111434
0125105021643254434520003111 1 1202502053.111438
0125106021643254434520003111 2 1202502053.111443
0122100021643205434520003111 2 1202502053.111450
0125100021643205434520003111 2 1202502053.111455
0125102021643205434520003111 2 1202502053.111459
0125103021643205434520003111 2 1202502053.111504
0121105021643205434520003111 1 1202502053.111509
0122105021643205434520003111 1 1202502053.111514
0125105021643205434520003111 1 1202502053.111518
0125106021643205434520003111 2 1202502053.111523
0122100021643215434520003111 2 1202502053.111530
0125100021643215434520003111 2 1202502053.111535
0125102021643215434520003111 2 1202502053.111539
0125103021643215434520003111 2 1202502053.111544
0121105021643215434520003111 1 1202502053.111549
0122105021643215434520003111 1 1202502053.111554
0125105021643215434520003111 1 1202502053.111558
0125106021643215434520003111 2 1202502053.111603
0122100021643225434520003111 2 1202502053.111610
0125100021643225434520003111 2 1202502053.111615
0125102021643225434520003111 2 1202502053.111619
0125103021643225434520003111 2 1202502053.111624
0121105021643225434520003111 1 1202502053.111629
0122105021643225434520003111 1 1202502053.111634
0125105021643225434520003111 1 1202502053.111638
0125106021643225434520003111 2 1202502053.111643
0122100021643245434520003111 2 1202502053.111650
0125100021643245434520003111 2 1202502053.111654
0125102021643245434520003111 2 1202502053.111659
0125103021643245434520003111 2 1202502053.111704
0121105021643245434520003111 1 1202502053.111709
0122105021643245434520003111 1 1202502053.111713
0125105021643245434520003111 1 1202502053.111718
0125106021643245434520003111 2 1202502053.111723
0122100021643255434520003111 2 1202502053.111730
0125100021643255434520003111 2 1202502053.111734
0125102021643255434520003111 2 1202502053.111739
0125103021643255434520003111 2 1202502053.111744
0121105021643255434520003111 1 1202502053.111749
0122105021643255434520003111 1 1202502053.111753
0125105021643255434520003111 1 1202502053.111758
0125106021643255434520003111 2 1202502053.111803
0042156621313045424200000226 2 1202502053.121718
0146103621113546424200000226 2 1202502053.122240
