0120150021333106404601102410 2 1202502053.054206
0120150021333116404601102410 2 1202502053.054403
0120150021333126404601102410 2 1202502053.054611
0120150021333146404601102410 2 1202502053.054913
0120150021333156404601102410 2 1202502053.055154
0120150021333166404601102410 2 1202502053.055426
0524102021353041424601102410 2 1202502053.062441
0120150021333104424601102410 2 1202502053.062712
0120150021333114424601102410 2 1202502053.062816
0120150021333124424601102410 2 1202502053.062919
0120150021333144424601102410 2 1202502053.063952
0120150021333154424601102410 2 1202502053.065506
0120150021333164424601102410 2 1202502053.065639
0120150021333106454601102410 2 1202502053.073800
0120150021333116454601102410 2 1202502053.074004
0120150021333126454601102410 2 1202502053.074240
0120150021333146454601102410 2 1202502053.074532
0120150021333156454601102410 2 1202502053.074736
0120150021333166454601102410 2 1202502053.074941
0124103225313144464210002130 2 1202502086.011436
0124103225313144424610002130 2 1202502097.070601
0124103225313144464610002130 2 1202502101.030457
0124103621313144424210002540 6 1202502112.031616
0124103625313144424210002540 2 1202502112.031700
0124103620313144464210002540 6 1202502112.171005
0124103621313144464210002540 6 1202502112.171117
0124103623313144464210002540 6 1202502112.171155
0124103624313144464210002540 6 1202502112.171234
0124103225313144464210002540 2 1202502112.171348
0124103625313144464210002540 2 1202502112.171424
0124103621313144424610002540 6 1202502123.125813
0124103225313144424610002540 2 1202502123.125928
0124103625313144424610002540 2 1202502123.130004
0124103620313144464610002540 6 1202502134.045606
0124103621313144464610002540 6 1202502134.045718
0124103623313144464610002540 6 1202502134.045756
0124103624313144464610002540 6 1202502134.045834
0124103225313144464610002540 2 1202502134.045949
0124103625313144464610002540 2 1202502134.050025
0124100225363144424210001232 2 1202502134.165525
0124102225363144424210001232 2 1202502134.165545
0124103225363144424210001232 2 1202502134.165557
0526100021313040424200000204 2 1202502134.175702
0526100021313044424200000204 2 1202502134.175919
0012162521303040424200000614 1 1202502134.181350
0011162021353040424200000614 2 1202502134.181404
0011162621353040424200000614 2 1202502134.181421
0012162521363040424200000614 1 1202502134.181522
0012162521303540424200000614 1 1202502134.181750
0011162021353540424200000614 2 1202502134.181945
0011162621353540424200000614 2 1202502134.182008
0012162521363540424200000614 1 1202502134.182216
0012162521303044424200000614 1 1202502134.182652
0011162021353044424200000614 2 1202502134.182709
0011162621353044424200000614 2 1202502134.182726
0012162521363044424200000614 1 1202502134.182809
0012162521303544424200000614 1 1202502134.183051
0011162021353544424200000614 2 1202502134.183248
0011162621353544424200000614 2 1202502134.183312
0012162521363544424200000614 1 1202502134.183526
