0122153021613440424200003500 2 1202502053.010937
0124105526333105424220003500 1 1202502053.030655
0124105526333115424220003500 1 1202502053.030703
0124105526333125424220003500 1 1202502053.030710
0124105526333145424220003500 1 1202502053.030718
0124105526333155424220003500 1 1202502053.030726
0111102220343000464220003500 2 1202502053.032150
0121102220343000464220003500 2 1202502053.032154
0111102520343000464220003500 2 1202502053.032159
0121102520343000464220003500 2 1202502053.032204
0111102521343000464220003500 5 1202502053.032208
0121102521343000464220003500 5 1202502053.032213
0111102523343000464220003500 5 1202502053.032218
0121102523343000464220003500 5 1202502053.032222
0111102524343000464220003500 5 1202502053.032227
0121102524343000464220003500 5 1202502053.032232
0122105524343000464220003500 1 1202502053.032236
0111102526343000464220003500 5 1202502053.032241
0121102526343000464220003500 5 1202502053.032245
0111102220343010464220003500 2 1202502053.032252
0121102220343010464220003500 2 1202502053.032257
0111102520343010464220003500 2 1202502053.032302
0121102520343010464220003500 2 1202502053.032306
0111102521343010464220003500 5 1202502053.032311
0121102521343010464220003500 5 1202502053.032315
0111102523343010464220003500 5 1202502053.032320
0121102523343010464220003500 5 1202502053.032325
0111102524343010464220003500 5 1202502053.032329
0121102524343010464220003500 5 1202502053.032334
0122105524343010464220003500 1 1202502053.032339
0111102526343010464220003500 5 1202502053.032343
0121102526343010464220003500 5 1202502053.032348
0111102220343020464220003500 2 1202502053.032356
0121102220343020464220003500 2 1202502053.032400
0111102520343020464220003500 2 1202502053.032405
0121102520343020464220003500 2 1202502053.032410
0111102521343020464220003500 5 1202502053.032414
0121102521343020464220003500 5 1202502053.032419
0111102523343020464220003500 5 1202502053.032424
0121102523343020464220003500 5 1202502053.032428
0111102524343020464220003500 5 1202502053.032433
0121102524343020464220003500 5 1202502053.032437
0122105524343020464220003500 1 1202502053.032442
0111102526343020464220003500 5 1202502053.032447
0121102526343020464220003500 5 1202502053.032451
0111102220343040464220003500 2 1202502053.032459
0121102220343040464220003500 2 1202502053.032503
0111102520343040464220003500 2 1202502053.032508
0121102520343040464220003500 2 1202502053.032513
0111102521343040464220003500 5 1202502053.032517
0121102521343040464220003500 5 1202502053.032522
0111102523343040464220003500 5 1202502053.032527
0121102523343040464220003500 5 1202502053.032531
0111102524343040464220003500 5 1202502053.032536
0121102524343040464220003500 5 1202502053.032540
0122105524343040464220003500 1 1202502053.032545
0111102526343040464220003500 5 1202502053.032550
0121102526343040464220003500 5 1202502053.032554
0111102220343050464220003500 2 1202502053.032602
0121102220343050464220003500 2 1202502053.032606
0111102520343050464220003500 2 1202502053.032611
0121102520343050464220003500 2 1202502053.032616
0111102521343050464220003500 5 1202502053.032620
0121102521343050464220003500 5 1202502053.032625
0111102523343050464220003500 5 1202502053.032630
0121102523343050464220003500 5 1202502053.032634
0111102524343050464220003500 5 1202502053.032639
0121102524343050464220003500 5 1202502053.032644
0122105524343050464220003500 1 1202502053.032648
0111102526343050464220003500 5 1202502053.032653
0121102526343050464220003500 5 1202502053.032658
0121102220343001464220003500 2 1202502053.032705
0121102520343001464220003500 2 1202502053.032709
0121102521343001464220003500 5 1202502053.032714
0121102523343001464220003500 5 1202502053.032719
0121102524343001464220003500 5 1202502053.032723
0122105524343001464220003500 1 1202502053.032728
0121102526343001464220003500 5 1202502053.032732
0121102220343011464220003500 2 1202502053.032740
0121102520343011464220003500 2 1202502053.032745
0121102521343011464220003500 5 1202502053.032749
0121102523343011464220003500 5 1202502053.032754
0121102524343011464220003500 5 1202502053.032758
0122105524343011464220003500 1 1202502053.032803
0121102526343011464220003500 5 1202502053.032808
0121102220343021464220003500 2 1202502053.032815
0121102520343021464220003500 2 1202502053.032820
0121102521343021464220003500 5 1202502053.032824
0121102523343021464220003500 5 1202502053.032829
0121102524343021464220003500 5 1202502053.032834
0122105524343021464220003500 1 1202502053.032838
0121102526343021464220003500 5 1202502053.032843
0121102220343041464220003500 2 1202502053.032850
0121102520343041464220003500 2 1202502053.032855
0121102521343041464220003500 5 1202502053.032900
0121102523343041464220003500 5 1202502053.032904
0121102524343041464220003500 5 1202502053.032909
0122105524343041464220003500 1 1202502053.032914
0121102526343041464220003500 5 1202502053.032918
0121102220343051464220003500 2 1202502053.032926
0121102520343051464220003500 2 1202502053.032931
0121102521343051464220003500 5 1202502053.032935
0121102523343051464220003500 5 1202502053.032940
0121102524343051464220003500 5 1202502053.032944
0122105524343051464220003500 1 1202502053.032949
0121102526343051464220003500 5 1202502053.032954
0122100021343151464220003500 5 1202502053.032959
0111102220343002464220003500 2 1202502053.033006
0121102220343002464220003500 2 1202502053.033010
0111102520343002464220003500 2 1202502053.033015
0121102520343002464220003500 2 1202502053.033020
0121102521343002464220003500 5 1202502053.033024
0121102523343002464220003500 5 1202502053.033029
0121102524343002464220003500 5 1202502053.033034
0122105524343002464220003500 1 1202502053.033038
0121102526343002464220003500 5 1202502053.033043
0121105020343102464220003500 1 1202502053.033048
0111102220343012464220003500 2 1202502053.033055
0121102220343012464220003500 2 1202502053.033059
0111102520343012464220003500 2 1202502053.033104
0121102520343012464220003500 2 1202502053.033109
0121102521343012464220003500 5 1202502053.033113
0121102523343012464220003500 5 1202502053.033118
0121102524343012464220003500 5 1202502053.033123
0122105524343012464220003500 1 1202502053.033127
0121102526343012464220003500 5 1202502053.033132
0121105020343112464220003500 1 1202502053.033137
0111102220343022464220003500 2 1202502053.033144
0121102220343022464220003500 2 1202502053.033149
0111102520343022464220003500 2 1202502053.033154
0121102520343022464220003500 2 1202502053.033158
0121102521343022464220003500 5 1202502053.033203
0121102523343022464220003500 5 1202502053.033207
0121102524343022464220003500 5 1202502053.033212
0122105524343022464220003500 1 1202502053.033217
0121102526343022464220003500 5 1202502053.033221
0121105020343122464220003500 1 1202502053.033226
0111102220343042464220003500 2 1202502053.033233
0121102220343042464220003500 2 1202502053.033238
0111102520343042464220003500 2 1202502053.033243
0121102520343042464220003500 2 1202502053.033247
0121102521343042464220003500 5 1202502053.033252
0121102523343042464220003500 5 1202502053.033256
0121102524343042464220003500 5 1202502053.033301
0122105524343042464220003500 1 1202502053.033306
0121102526343042464220003500 5 1202502053.033310
0121105020343142464220003500 1 1202502053.033315
0111102220343052464220003500 2 1202502053.033322
0121102220343052464220003500 2 1202502053.033327
0111102520343052464220003500 2 1202502053.033332
0121102520343052464220003500 2 1202502053.033336
0121102521343052464220003500 5 1202502053.033341
0121102523343052464220003500 5 1202502053.033346
0121102524343052464220003500 5 1202502053.033350
0122105524343052464220003500 1 1202502053.033355
0121102526343052464220003500 5 1202502053.033359
0121105020343152464220003500 1 1202502053.033405
0121102220343004464220003500 2 1202502053.033411
0121102520343004464220003500 2 1202502053.033416
0121102521343004464220003500 5 1202502053.033421
0121102523343004464220003500 5 1202502053.033425
0121102524343004464220003500 5 1202502053.033430
0122105524343004464220003500 1 1202502053.033434
0121102526343004464220003500 5 1202502053.033439
0121102220343014464220003500 2 1202502053.033446
0121102520343014464220003500 2 1202502053.033451
0121102521343014464220003500 5 1202502053.033456
0121102523343014464220003500 5 1202502053.033500
0121102524343014464220003500 5 1202502053.033505
0122105524343014464220003500 1 1202502053.033509
0121102526343014464220003500 5 1202502053.033514
0121102220343024464220003500 2 1202502053.033522
0121102520343024464220003500 2 1202502053.033526
0121102521343024464220003500 5 1202502053.033531
0121102523343024464220003500 5 1202502053.033536
0121102524343024464220003500 5 1202502053.033540
0122105524343024464220003500 1 1202502053.033545
0121102526343024464220003500 5 1202502053.033549
0121102220343044464220003500 2 1202502053.033557
0121102520343044464220003500 2 1202502053.033601
0121102521343044464220003500 5 1202502053.033606
0121102523343044464220003500 5 1202502053.033611
0121102524343044464220003500 5 1202502053.033615
0122105524343044464220003500 1 1202502053.033620
0121102526343044464220003500 5 1202502053.033624
0121102220343054464220003500 2 1202502053.033632
0121102520343054464220003500 2 1202502053.033636
0121102521343054464220003500 5 1202502053.033641
0121102523343054464220003500 5 1202502053.033646
0121102524343054464220003500 5 1202502053.033650
0122105524343054464220003500 1 1202502053.033655
0121102526343054464220003500 5 1202502053.033659
0111102220343005464220003500 2 1202502053.033707
0121102220343005464220003500 2 1202502053.033711
0111102520343005464220003500 2 1202502053.033716
0121102520343005464220003500 2 1202502053.033721
0111102521343005464220003500 5 1202502053.033725
0121102521343005464220003500 5 1202502053.033730
0111102523343005464220003500 5 1202502053.033735
0121102523343005464220003500 5 1202502053.033739
0111102524343005464220003500 5 1202502053.033744
0121102524343005464220003500 5 1202502053.033749
0122105524343005464220003500 1 1202502053.033753
0111102526343005464220003500 5 1202502053.033758
0121102526343005464220003500 5 1202502053.033803
0122105524333105464220003500 1 1202502053.033808
0121105020343105464220003500 1 1202502053.033812
0122100021343105464220003500 2 1202502053.033817
0122102021343105464220003500 2 1202502053.033822
0122103021343105464220003500 2 1202502053.033827
0121105021343105464220003500 1 1202502053.033831
0122105021343105464220003500 1 1202502053.033836
0122106021343105464220003500 2 1202502053.033841
0121105023343105464220003500 1 1202502053.033845
0121105024343105464220003500 1 1202502053.033850
0121105026343105464220003500 1 1202502053.033855
0111102220343015464220003500 2 1202502053.033902
0121102220343015464220003500 2 1202502053.033906
0111102520343015464220003500 2 1202502053.033911
0121102520343015464220003500 2 1202502053.033916
0111102521343015464220003500 5 1202502053.033920
0121102521343015464220003500 5 1202502053.033925
0111102523343015464220003500 5 1202502053.033930
0121102523343015464220003500 5 1202502053.033934
0111102524343015464220003500 5 1202502053.033939
0121102524343015464220003500 5 1202502053.033943
0122105524343015464220003500 1 1202502053.033948
0111102526343015464220003500 5 1202502053.033953
0121102526343015464220003500 5 1202502053.033957
0122105524333115464220003500 1 1202502053.034002
0121105020343115464220003500 1 1202502053.034007
0122100021343115464220003500 2 1202502053.034012
0122102021343115464220003500 2 1202502053.034017
0122103021343115464220003500 2 1202502053.034021
0121105021343115464220003500 1 1202502053.034026
0122105021343115464220003500 1 1202502053.034031
0122106021343115464220003500 2 1202502053.034035
0121105023343115464220003500 1 1202502053.034040
0121105024343115464220003500 1 1202502053.034045
0121105026343115464220003500 1 1202502053.034050
0111102220343025464220003500 2 1202502053.034057
0121102220343025464220003500 2 1202502053.034101
0111102520343025464220003500 2 1202502053.034106
0121102520343025464220003500 2 1202502053.034111
0111102521343025464220003500 5 1202502053.034115
0121102521343025464220003500 5 1202502053.034120
0111102523343025464220003500 5 1202502053.034125
0121102523343025464220003500 5 1202502053.034129
0111102524343025464220003500 5 1202502053.034134
0121102524343025464220003500 5 1202502053.034138
0122105524343025464220003500 1 1202502053.034143
0111102526343025464220003500 5 1202502053.034148
0121102526343025464220003500 5 1202502053.034152
0122105524333125464220003500 1 1202502053.034157
0121105020343125464220003500 1 1202502053.034202
0122100021343125464220003500 2 1202502053.034207
0122102021343125464220003500 2 1202502053.034212
0122103021343125464220003500 2 1202502053.034216
0121105021343125464220003500 1 1202502053.034221
0122105021343125464220003500 1 1202502053.034226
0122106021343125464220003500 2 1202502053.034231
0121105023343125464220003500 1 1202502053.034235
0121105024343125464220003500 1 1202502053.034240
0121105026343125464220003500 1 1202502053.034245
0111102220343045464220003500 2 1202502053.034251
0121102220343045464220003500 2 1202502053.034256
0111102520343045464220003500 2 1202502053.034301
0121102520343045464220003500 2 1202502053.034305
0111102521343045464220003500 5 1202502053.034310
0121102521343045464220003500 5 1202502053.034315
0111102523343045464220003500 5 1202502053.034319
0121102523343045464220003500 5 1202502053.034324
0111102524343045464220003500 5 1202502053.034329
0121102524343045464220003500 5 1202502053.034333
0122105524343045464220003500 1 1202502053.034338
0111102526343045464220003500 5 1202502053.034343
0121102526343045464220003500 5 1202502053.034347
0122105524333145464220003500 1 1202502053.034352
0121105020343145464220003500 1 1202502053.034357
0122100021343145464220003500 2 1202502053.034402
0122102021343145464220003500 2 1202502053.034407
0122103021343145464220003500 2 1202502053.034411
0121105021343145464220003500 1 1202502053.034416
0122105021343145464220003500 1 1202502053.034421
0122106021343145464220003500 2 1202502053.034425
0121105023343145464220003500 1 1202502053.034430
0121105024343145464220003500 1 1202502053.034435
0121105026343145464220003500 1 1202502053.034439
0111102220343055464220003500 2 1202502053.034446
0121102220343055464220003500 2 1202502053.034451
0111102520343055464220003500 2 1202502053.034456
0121102520343055464220003500 2 1202502053.034500
0111102521343055464220003500 5 1202502053.034505
0121102521343055464220003500 5 1202502053.034510
0111102523343055464220003500 5 1202502053.034514
0121102523343055464220003500 5 1202502053.034519
0111102524343055464220003500 5 1202502053.034524
0121102524343055464220003500 5 1202502053.034528
0122105524343055464220003500 1 1202502053.034533
0111102526343055464220003500 5 1202502053.034537
0121102526343055464220003500 5 1202502053.034542
0122105524333155464220003500 1 1202502053.034547
0121105020343155464220003500 1 1202502053.034552
0122100021343155464220003500 2 1202502053.034557
0122102021343155464220003500 2 1202502053.034601
0122103021343155464220003500 2 1202502053.034606
0121105021343155464220003500 1 1202502053.034611
0122105021343155464220003500 1 1202502053.034615
0122106021343155464220003500 2 1202502053.034620
0121105023343155464220003500 1 1202502053.034625
0121105024343155464220003500 1 1202502053.034630
0121105026343155464220003500 1 1202502053.034634
0124105526333105424520003500 1 1202502053.035245
0124105526333115424520003500 1 1202502053.035253
0124105526333125424520003500 1 1202502053.035301
0124105526333145424520003500 1 1202502053.035309
0124105526333155424520003500 1 1202502053.035316
0111102220343000464520003500 2 1202502053.040738
0121102220343000464520003500 2 1202502053.040742
0111102520343000464520003500 2 1202502053.040747
0121102520343000464520003500 2 1202502053.040752
0111102521343000464520003500 5 1202502053.040756
0121102521343000464520003500 5 1202502053.040801
0111102523343000464520003500 5 1202502053.040806
0121102523343000464520003500 5 1202502053.040810
0111102524343000464520003500 5 1202502053.040815
0121102524343000464520003500 5 1202502053.040820
0122105524343000464520003500 1 1202502053.040824
0111102526343000464520003500 5 1202502053.040829
0121102526343000464520003500 5 1202502053.040833
0111102220343010464520003500 2 1202502053.040840
0121102220343010464520003500 2 1202502053.040845
0111102520343010464520003500 2 1202502053.040850
0121102520343010464520003500 2 1202502053.040854
0111102521343010464520003500 5 1202502053.040859
0121102521343010464520003500 5 1202502053.040903
0111102523343010464520003500 5 1202502053.040908
0121102523343010464520003500 5 1202502053.040913
0111102524343010464520003500 5 1202502053.040917
0121102524343010464520003500 5 1202502053.040922
0122105524343010464520003500 1 1202502053.040927
0111102526343010464520003500 5 1202502053.040931
0121102526343010464520003500 5 1202502053.040936
0111102220343020464520003500 2 1202502053.040944
0121102220343020464520003500 2 1202502053.040948
0111102520343020464520003500 2 1202502053.040953
0121102520343020464520003500 2 1202502053.040957
0111102521343020464520003500 5 1202502053.041002
0121102521343020464520003500 5 1202502053.041007
0111102523343020464520003500 5 1202502053.041011
0121102523343020464520003500 5 1202502053.041016
0111102524343020464520003500 5 1202502053.041021
0121102524343020464520003500 5 1202502053.041025
0122105524343020464520003500 1 1202502053.041030
0111102526343020464520003500 5 1202502053.041035
0121102526343020464520003500 5 1202502053.041039
0111102220343040464520003500 2 1202502053.041046
0121102220343040464520003500 2 1202502053.041051
0111102520343040464520003500 2 1202502053.041056
0121102520343040464520003500 2 1202502053.041100
0111102521343040464520003500 5 1202502053.041105
0121102521343040464520003500 5 1202502053.041110
0111102523343040464520003500 5 1202502053.041114
0121102523343040464520003500 5 1202502053.041119
0111102524343040464520003500 5 1202502053.041124
0121102524343040464520003500 5 1202502053.041128
0122105524343040464520003500 1 1202502053.041133
0111102526343040464520003500 5 1202502053.041138
0121102526343040464520003500 5 1202502053.041142
0111102220343050464520003500 2 1202502053.041150
0121102220343050464520003500 2 1202502053.041154
0111102520343050464520003500 2 1202502053.041159
0121102520343050464520003500 2 1202502053.041204
0111102521343050464520003500 5 1202502053.041208
0121102521343050464520003500 5 1202502053.041213
0111102523343050464520003500 5 1202502053.041218
0121102523343050464520003500 5 1202502053.041222
0111102524343050464520003500 5 1202502053.041227
0121102524343050464520003500 5 1202502053.041231
0122105524343050464520003500 1 1202502053.041236
0111102526343050464520003500 5 1202502053.041241
0121102526343050464520003500 5 1202502053.041245
0121102220343001464520003500 2 1202502053.041253
0121102520343001464520003500 2 1202502053.041257
0121102521343001464520003500 5 1202502053.041302
0121102523343001464520003500 5 1202502053.041307
0121102524343001464520003500 5 1202502053.041311
0122105524343001464520003500 1 1202502053.041316
0121102526343001464520003500 5 1202502053.041320
0121102220343011464520003500 2 1202502053.041328
0121102520343011464520003500 2 1202502053.041333
0121102521343011464520003500 5 1202502053.041337
0121102523343011464520003500 5 1202502053.041342
0121102524343011464520003500 5 1202502053.041346
0122105524343011464520003500 1 1202502053.041351
0121102526343011464520003500 5 1202502053.041356
0121102220343021464520003500 2 1202502053.041403
0121102520343021464520003500 2 1202502053.041408
0121102521343021464520003500 5 1202502053.041412
0121102523343021464520003500 5 1202502053.041417
0121102524343021464520003500 5 1202502053.041422
0122105524343021464520003500 1 1202502053.041426
0121102526343021464520003500 5 1202502053.041431
0121102220343041464520003500 2 1202502053.041438
0121102520343041464520003500 2 1202502053.041443
0121102521343041464520003500 5 1202502053.041448
0121102523343041464520003500 5 1202502053.041452
0121102524343041464520003500 5 1202502053.041457
0122105524343041464520003500 1 1202502053.041502
0121102526343041464520003500 5 1202502053.041506
0121102220343051464520003500 2 1202502053.041514
0121102520343051464520003500 2 1202502053.041519
0121102521343051464520003500 5 1202502053.041523
0121102523343051464520003500 5 1202502053.041528
0121102524343051464520003500 5 1202502053.041532
0122105524343051464520003500 1 1202502053.041537
0121102526343051464520003500 5 1202502053.041542
0122100021343151464520003500 5 1202502053.041547
0111102220343002464520003500 2 1202502053.041554
0121102220343002464520003500 2 1202502053.041558
0111102520343002464520003500 2 1202502053.041603
0121102520343002464520003500 2 1202502053.041608
0121102521343002464520003500 5 1202502053.041612
0121102523343002464520003500 5 1202502053.041617
0121102524343002464520003500 5 1202502053.041622
0122105524343002464520003500 1 1202502053.041626
0121102526343002464520003500 5 1202502053.041631
0121105020343102464520003500 1 1202502053.041636
0111102220343012464520003500 2 1202502053.041643
0121102220343012464520003500 2 1202502053.041647
0111102520343012464520003500 2 1202502053.041652
0121102520343012464520003500 2 1202502053.041657
0121102521343012464520003500 5 1202502053.041701
0121102523343012464520003500 5 1202502053.041706
0121102524343012464520003500 5 1202502053.041711
0122105524343012464520003500 1 1202502053.041715
0121102526343012464520003500 5 1202502053.041720
0121105020343112464520003500 1 1202502053.041725
0111102220343022464520003500 2 1202502053.041732
0121102220343022464520003500 2 1202502053.041737
0111102520343022464520003500 2 1202502053.041741
0121102520343022464520003500 2 1202502053.041746
0121102521343022464520003500 5 1202502053.041750
0121102523343022464520003500 5 1202502053.041755
0121102524343022464520003500 5 1202502053.041800
0122105524343022464520003500 1 1202502053.041804
0121102526343022464520003500 5 1202502053.041809
0121105020343122464520003500 1 1202502053.041814
0111102220343042464520003500 2 1202502053.041821
0121102220343042464520003500 2 1202502053.041825
0111102520343042464520003500 2 1202502053.041830
0121102520343042464520003500 2 1202502053.041835
0121102521343042464520003500 5 1202502053.041839
0121102523343042464520003500 5 1202502053.041844
0121102524343042464520003500 5 1202502053.041849
0122105524343042464520003500 1 1202502053.041853
0121102526343042464520003500 5 1202502053.041858
0121105020343142464520003500 1 1202502053.041903
0111102220343052464520003500 2 1202502053.041910
0121102220343052464520003500 2 1202502053.041914
0111102520343052464520003500 2 1202502053.041919
0121102520343052464520003500 2 1202502053.041924
0121102521343052464520003500 5 1202502053.041928
0121102523343052464520003500 5 1202502053.041933
0121102524343052464520003500 5 1202502053.041937
0122105524343052464520003500 1 1202502053.041942
0121102526343052464520003500 5 1202502053.041947
0121105020343152464520003500 1 1202502053.041952
0121102220343004464520003500 2 1202502053.041959
0121102520343004464520003500 2 1202502053.042003
0121102521343004464520003500 5 1202502053.042008
0121102523343004464520003500 5 1202502053.042012
0121102524343004464520003500 5 1202502053.042017
0122105524343004464520003500 1 1202502053.042022
0121102526343004464520003500 5 1202502053.042026
0121102220343014464520003500 2 1202502053.042034
0121102520343014464520003500 2 1202502053.042038
0121102521343014464520003500 5 1202502053.042043
0121102523343014464520003500 5 1202502053.042047
0121102524343014464520003500 5 1202502053.042052
0122105524343014464520003500 1 1202502053.042057
0121102526343014464520003500 5 1202502053.042101
0121102220343024464520003500 2 1202502053.042109
0121102520343024464520003500 2 1202502053.042114
0121102521343024464520003500 5 1202502053.042118
0121102523343024464520003500 5 1202502053.042123
0121102524343024464520003500 5 1202502053.042127
0122105524343024464520003500 1 1202502053.042132
0121102526343024464520003500 5 1202502053.042137
0121102220343044464520003500 2 1202502053.042144
0121102520343044464520003500 2 1202502053.042148
0121102521343044464520003500 5 1202502053.042153
0121102523343044464520003500 5 1202502053.042158
0121102524343044464520003500 5 1202502053.042202
0122105524343044464520003500 1 1202502053.042207
0121102526343044464520003500 5 1202502053.042211
0121102220343054464520003500 2 1202502053.042219
0121102520343054464520003500 2 1202502053.042223
0121102521343054464520003500 5 1202502053.042228
0121102523343054464520003500 5 1202502053.042233
0121102524343054464520003500 5 1202502053.042237
0122105524343054464520003500 1 1202502053.042242
0121102526343054464520003500 5 1202502053.042246
0111102220343005464520003500 2 1202502053.042254
0121102220343005464520003500 2 1202502053.042259
0111102520343005464520003500 2 1202502053.042303
0121102520343005464520003500 2 1202502053.042308
0111102521343005464520003500 5 1202502053.042313
0121102521343005464520003500 5 1202502053.042317
0111102523343005464520003500 5 1202502053.042322
0121102523343005464520003500 5 1202502053.042326
0111102524343005464520003500 5 1202502053.042331
0121102524343005464520003500 5 1202502053.042336
0122105524343005464520003500 1 1202502053.042340
0111102526343005464520003500 5 1202502053.042345
0121102526343005464520003500 5 1202502053.042350
0122105524333105464520003500 1 1202502053.042355
0121105020343105464520003500 1 1202502053.042400
0122100021343105464520003500 2 1202502053.042404
0122102021343105464520003500 2 1202502053.042409
0122103021343105464520003500 2 1202502053.042414
0121105021343105464520003500 1 1202502053.042418
0122105021343105464520003500 1 1202502053.042423
0122106021343105464520003500 2 1202502053.042428
0121105023343105464520003500 1 1202502053.042433
0121105024343105464520003500 1 1202502053.042437
0121105026343105464520003500 1 1202502053.042442
0111102220343015464520003500 2 1202502053.042449
0121102220343015464520003500 2 1202502053.042453
0111102520343015464520003500 2 1202502053.042458
0121102520343015464520003500 2 1202502053.042503
0111102521343015464520003500 5 1202502053.042507
0121102521343015464520003500 5 1202502053.042512
0111102523343015464520003500 5 1202502053.042517
0121102523343015464520003500 5 1202502053.042521
0111102524343015464520003500 5 1202502053.042526
0121102524343015464520003500 5 1202502053.042531
0122105524343015464520003500 1 1202502053.042535
0111102526343015464520003500 5 1202502053.042540
0121102526343015464520003500 5 1202502053.042545
0122105524333115464520003500 1 1202502053.042550
0121105020343115464520003500 1 1202502053.042554
0122100021343115464520003500 2 1202502053.042559
0122102021343115464520003500 2 1202502053.042604
0122103021343115464520003500 2 1202502053.042609
0121105021343115464520003500 1 1202502053.042613
0122105021343115464520003500 1 1202502053.042618
0122106021343115464520003500 2 1202502053.042623
0121105023343115464520003500 1 1202502053.042627
0121105024343115464520003500 1 1202502053.042632
0121105026343115464520003500 1 1202502053.042637
0111102220343025464520003500 2 1202502053.042644
0121102220343025464520003500 2 1202502053.042648
0111102520343025464520003500 2 1202502053.042653
0121102520343025464520003500 2 1202502053.042658
0111102521343025464520003500 5 1202502053.042702
0121102521343025464520003500 5 1202502053.042707
0111102523343025464520003500 5 1202502053.042712
0121102523343025464520003500 5 1202502053.042716
0111102524343025464520003500 5 1202502053.042721
0121102524343025464520003500 5 1202502053.042726
0122105524343025464520003500 1 1202502053.042730
0111102526343025464520003500 5 1202502053.042735
0121102526343025464520003500 5 1202502053.042740
0122105524333125464520003500 1 1202502053.042745
0121105020343125464520003500 1 1202502053.042749
0122100021343125464520003500 2 1202502053.042754
0122102021343125464520003500 2 1202502053.042759
0122103021343125464520003500 2 1202502053.042803
0121105021343125464520003500 1 1202502053.042808
0122105021343125464520003500 1 1202502053.042813
0122106021343125464520003500 2 1202502053.042818
0121105023343125464520003500 1 1202502053.042822
0121105024343125464520003500 1 1202502053.042827
0121105026343125464520003500 1 1202502053.042832
0111102220343045464520003500 2 1202502053.042839
0121102220343045464520003500 2 1202502053.042843
0111102520343045464520003500 2 1202502053.042848
0121102520343045464520003500 2 1202502053.042852
0111102521343045464520003500 5 1202502053.042857
0121102521343045464520003500 5 1202502053.042902
0111102523343045464520003500 5 1202502053.042906
0121102523343045464520003500 5 1202502053.042911
0111102524343045464520003500 5 1202502053.042916
0121102524343045464520003500 5 1202502053.042920
0122105524343045464520003500 1 1202502053.042925
0111102526343045464520003500 5 1202502053.042930
0121102526343045464520003500 5 1202502053.042934
0122105524333145464520003500 1 1202502053.042939
0121105020343145464520003500 1 1202502053.042944
0122100021343145464520003500 2 1202502053.042949
0122102021343145464520003500 2 1202502053.042954
0122103021343145464520003500 2 1202502053.042958
0121105021343145464520003500 1 1202502053.043003
0122105021343145464520003500 1 1202502053.043008
0122106021343145464520003500 2 1202502053.043012
0121105023343145464520003500 1 1202502053.043017
0121105024343145464520003500 1 1202502053.043022
0121105026343145464520003500 1 1202502053.043026
0111102220343055464520003500 2 1202502053.043033
0121102220343055464520003500 2 1202502053.043038
0111102520343055464520003500 2 1202502053.043043
0121102520343055464520003500 2 1202502053.043047
0111102521343055464520003500 5 1202502053.043052
0121102521343055464520003500 5 1202502053.043057
0111102523343055464520003500 5 1202502053.043101
0121102523343055464520003500 5 1202502053.043106
0111102524343055464520003500 5 1202502053.043111
0121102524343055464520003500 5 1202502053.043115
0122105524343055464520003500 1 1202502053.043120
0111102526343055464520003500 5 1202502053.043124
0121102526343055464520003500 5 1202502053.043129
0122105524333155464520003500 1 1202502053.043134
0121105020343155464520003500 1 1202502053.043139
0122100021343155464520003500 2 1202502053.043144
0122102021343155464520003500 2 1202502053.043148
0122103021343155464520003500 2 1202502053.043153
0121105021343155464520003500 1 1202502053.043158
0122105021343155464520003500 1 1202502053.043203
0122106021343155464520003500 2 1202502053.043207
0121105023343155464520003500 1 1202502053.043212
0121105024343155464520003500 1 1202502053.043217
0121105026343155464520003500 1 1202502053.043221
0111102220343050464200003220 2 1202502053.043938
0121102220343050464200003220 2 1202502053.043943
0121102220343051464200003220 2 1202502053.043957
0122100021343151464200003220 2 1202502053.044002
0122105021343102464200003220 2 1202502053.044008
0111102220343502464200003220 2 1202502053.044014
0122105021343112464200003220 2 1202502053.044019
0111102220343512464200003220 2 1202502053.044025
0122105021343122464200003220 2 1202502053.044031
0111102220343522464200003220 2 1202502053.044037
0122105021343142464200003220 2 1202502053.044042
0111102220343542464200003220 2 1202502053.044048
0111102220343052464200003220 2 1202502053.044053
0121102220343052464200003220 2 1202502053.044057
0122100021343152464200003220 2 1202502053.044103
0122102021343152464200003220 2 1202502053.044107
0122103021343152464200003220 2 1202502053.044112
0122105021343152464200003220 2 1202502053.044117
0122106021343152464200003220 2 1202502053.044121
0111102220343552464200003220 2 1202502053.044127
0121102220343054464200003220 2 1202502053.044139
0121102220343005464200003220 2 1202502053.044145
0121102220343015464200003220 2 1202502053.044151
0121102220343025464200003220 2 1202502053.044158
0121102220343045464200003220 2 1202502053.044204
0121102220343055464200003220 2 1202502053.044211
0122153021143555464200003220 2 1202502053.044217
0522103021143000464210003220 2 1202502053.055824
0122103025143000464210003220 2 1202502053.055829
0522103025143000464210003220 2 1202502053.055833
0522123025143000464210003220 2 1202502053.055838
0522133025143000464210003220 2 1202502053.055843
0522163025143000464210003220 2 1202502053.055848
0522103225143000464210003220 2 1202502053.055855
0522123225143000464210003220 2 1202502053.055900
0522133225143000464210003220 2 1202502053.055905
0522163225143000464210003220 2 1202502053.055909
0522103325143000464210003220 2 1202502053.055914
0522123325143000464210003220 2 1202502053.055919
0522133325143000464210003220 2 1202502053.055923
0522163325143000464210003220 2 1202502053.055928
0522103625143000464210003220 2 1202502053.055933
0522123625143000464210003220 2 1202502053.055938
0522133625143000464210003220 2 1202502053.055942
0522163625143000464210003220 2 1202502053.055947
0111102220343050464210003220 2 1202502053.060006
0121102220343050464210003220 2 1202502053.060011
0522120025343501464210003220 2 1202502053.060042
0522130025343501464210003220 2 1202502053.060047
0522160025343501464210003220 2 1202502053.060051
0522100225343501464210003220 2 1202502053.060056
0522120225343501464210003220 2 1202502053.060101
0522130225343501464210003220 2 1202502053.060105
0522160225343501464210003220 2 1202502053.060110
0522100325343501464210003220 2 1202502053.060115
0522120325343501464210003220 2 1202502053.060119
0522130325343501464210003220 2 1202502053.060124
0522160325343501464210003220 2 1202502053.060129
0522100625343501464210003220 2 1202502053.060134
0522120625343501464210003220 2 1202502053.060138
0522130625343501464210003220 2 1202502053.060143
0522160625343501464210003220 2 1202502053.060148
0522120025343511464210003220 2 1202502053.060154
0522130025343511464210003220 2 1202502053.060158
0522160025343511464210003220 2 1202502053.060203
0522100225343511464210003220 2 1202502053.060211
0522120225343511464210003220 2 1202502053.060215
0522130225343511464210003220 2 1202502053.060220
0522160225343511464210003220 2 1202502053.060225
0522100325343511464210003220 2 1202502053.060230
0522120325343511464210003220 2 1202502053.060235
0522130325343511464210003220 2 1202502053.060239
0522160325343511464210003220 2 1202502053.060244
0522100625343511464210003220 2 1202502053.060249
0522120625343511464210003220 2 1202502053.060253
0522130625343511464210003220 2 1202502053.060258
0522160625343511464210003220 2 1202502053.060303
0522120025343521464210003220 2 1202502053.060309
0522130025343521464210003220 2 1202502053.060314
0522160025343521464210003220 2 1202502053.060318
0522100225343521464210003220 2 1202502053.060323
0522120225343521464210003220 2 1202502053.060328
0522130225343521464210003220 2 1202502053.060332
0522160225343521464210003220 2 1202502053.060337
0522100325343521464210003220 2 1202502053.060342
0522120325343521464210003220 2 1202502053.060347
0522130325343521464210003220 2 1202502053.060351
0522160325343521464210003220 2 1202502053.060356
0522100625343521464210003220 2 1202502053.060401
0522120625343521464210003220 2 1202502053.060405
0522130625343521464210003220 2 1202502053.060410
0522160625343521464210003220 2 1202502053.060415
0522120025343541464210003220 2 1202502053.060421
0522130025343541464210003220 2 1202502053.060425
0522160025343541464210003220 2 1202502053.060430
0522100225343541464210003220 2 1202502053.060435
0522120225343541464210003220 2 1202502053.060440
0522130225343541464210003220 2 1202502053.060444
0522160225343541464210003220 2 1202502053.060449
0522100325343541464210003220 2 1202502053.060454
0522120325343541464210003220 2 1202502053.060458
0522130325343541464210003220 2 1202502053.060503
0522160325343541464210003220 2 1202502053.060508
0522100625343541464210003220 2 1202502053.060512
0522120625343541464210003220 2 1202502053.060517
0522130625343541464210003220 2 1202502053.060522
0522160625343541464210003220 2 1202502053.060527
0121102220343051464210003220 2 1202502053.060531
0522120025343551464210003220 2 1202502053.060537
0522130025343551464210003220 2 1202502053.060542
0522160025343551464210003220 2 1202502053.060547
0522100225343551464210003220 2 1202502053.060554
0522120225343551464210003220 2 1202502053.060559
0522130225343551464210003220 2 1202502053.060604
0522160225343551464210003220 2 1202502053.060608
0522100325343551464210003220 2 1202502053.060613
0522120325343551464210003220 2 1202502053.060618
0522130325343551464210003220 2 1202502053.060622
0522160325343551464210003220 2 1202502053.060627
0522100625343551464210003220 2 1202502053.060632
0522120625343551464210003220 2 1202502053.060637
0522130625343551464210003220 2 1202502053.060641
0522160625343551464210003220 2 1202502053.060646
0522102021343102464210003220 2 1202502053.060651
0522103021343102464210003220 2 1202502053.060656
0522106021343102464210003220 2 1202502053.060701
0122102025343102464210003220 2 1202502053.060705
0522102025343102464210003220 2 1202502053.060710
0122103025343102464210003220 2 1202502053.060715
0522103025343102464210003220 2 1202502053.060719
0122106025343102464210003220 2 1202502053.060724
0522106025343102464210003220 2 1202502053.060729
0122102021343502464210003220 2 1202502053.060735
0522102021343502464210003220 2 1202502053.060739
0122103021343502464210003220 2 1202502053.060744
0522103021343502464210003220 2 1202502053.060749
0122106021343502464210003220 2 1202502053.060753
0522106021343502464210003220 2 1202502053.060758
0122102025343502464210003220 2 1202502053.060803
0122103025343502464210003220 2 1202502053.060807
0122106025343502464210003220 2 1202502053.060812
0522102021343112464210003220 2 1202502053.060829
0522103021343112464210003220 2 1202502053.060833
0522106021343112464210003220 2 1202502053.060838
0122102025343112464210003220 2 1202502053.060843
0522102025343112464210003220 2 1202502053.060848
0122103025343112464210003220 2 1202502053.060852
0522103025343112464210003220 2 1202502053.060857
0122106025343112464210003220 2 1202502053.060902
0522106025343112464210003220 2 1202502053.060906
0122102021343512464210003220 2 1202502053.060912
0522102021343512464210003220 2 1202502053.060917
0122103021343512464210003220 2 1202502053.060921
0522103021343512464210003220 2 1202502053.060926
0122106021343512464210003220 2 1202502053.060931
0522106021343512464210003220 2 1202502053.060936
0522120025343512464210003220 2 1202502053.060940
0522130025343512464210003220 2 1202502053.060945
0522160025343512464210003220 2 1202502053.060950
0122102025343512464210003220 2 1202502053.060954
0522102025343512464210003220 2 1202502053.060959
0522122025343512464210003220 2 1202502053.061004
0522132025343512464210003220 2 1202502053.061008
0522162025343512464210003220 2 1202502053.061013
0122103025343512464210003220 2 1202502053.061018
0522103025343512464210003220 2 1202502053.061023
0522123025343512464210003220 2 1202502053.061027
0522133025343512464210003220 2 1202502053.061032
0522163025343512464210003220 2 1202502053.061037
0122106025343512464210003220 2 1202502053.061041
0522106025343512464210003220 2 1202502053.061046
0522126025343512464210003220 2 1202502053.061051
0522136025343512464210003220 2 1202502053.061056
0522166025343512464210003220 2 1202502053.061100
0522100225343512464210003220 2 1202502053.061108
0522120225343512464210003220 2 1202502053.061112
0522130225343512464210003220 2 1202502053.061117
0522160225343512464210003220 2 1202502053.061122
0522102225343512464210003220 2 1202502053.061129
0522122225343512464210003220 2 1202502053.061134
0522132225343512464210003220 2 1202502053.061139
0522162225343512464210003220 2 1202502053.061144
0522103225343512464210003220 2 1202502053.061151
0522123225343512464210003220 2 1202502053.061156
0522133225343512464210003220 2 1202502053.061200
0522163225343512464210003220 2 1202502053.061205
0522106225343512464210003220 2 1202502053.061213
0522126225343512464210003220 2 1202502053.061217
0522136225343512464210003220 2 1202502053.061222
0522166225343512464210003220 2 1202502053.061227
0522100325343512464210003220 2 1202502053.061232
0522120325343512464210003220 2 1202502053.061236
0522130325343512464210003220 2 1202502053.061241
0522160325343512464210003220 2 1202502053.061246
0522102325343512464210003220 2 1202502053.061250
0522122325343512464210003220 2 1202502053.061255
0522132325343512464210003220 2 1202502053.061300
0522162325343512464210003220 2 1202502053.061305
0522103325343512464210003220 2 1202502053.061309
0522123325343512464210003220 2 1202502053.061314
0522133325343512464210003220 2 1202502053.061319
0522163325343512464210003220 2 1202502053.061323
0522106325343512464210003220 2 1202502053.061328
0522126325343512464210003220 2 1202502053.061333
0522136325343512464210003220 2 1202502053.061338
0522166325343512464210003220 2 1202502053.061342
0522100625343512464210003220 2 1202502053.061347
0522120625343512464210003220 2 1202502053.061352
0522130625343512464210003220 2 1202502053.061356
0522160625343512464210003220 2 1202502053.061401
0522102625343512464210003220 2 1202502053.061406
0522122625343512464210003220 2 1202502053.061411
0522132625343512464210003220 2 1202502053.061415
0522162625343512464210003220 2 1202502053.061420
0522103625343512464210003220 2 1202502053.061425
0522123625343512464210003220 2 1202502053.061429
0522133625343512464210003220 2 1202502053.061434
0522163625343512464210003220 2 1202502053.061439
0522106625343512464210003220 2 1202502053.061444
0522126625343512464210003220 2 1202502053.061448
0522136625343512464210003220 2 1202502053.061453
0522166625343512464210003220 2 1202502053.061458
0522102021343122464210003220 2 1202502053.061503
0522103021343122464210003220 2 1202502053.061508
0522106021343122464210003220 2 1202502053.061512
0122102025343122464210003220 2 1202502053.061517
0522102025343122464210003220 2 1202502053.061522
0122103025343122464210003220 2 1202502053.061527
0522103025343122464210003220 2 1202502053.061531
0122106025343122464210003220 2 1202502053.061536
0522106025343122464210003220 2 1202502053.061541
0122102021343522464210003220 2 1202502053.061546
0522102021343522464210003220 2 1202502053.061551
0122103021343522464210003220 2 1202502053.061556
0522103021343522464210003220 2 1202502053.061600
0122106021343522464210003220 2 1202502053.061605
0522106021343522464210003220 2 1202502053.061610
0122102025343522464210003220 2 1202502053.061615
0122103025343522464210003220 2 1202502053.061619
0122106025343522464210003220 2 1202502053.061624
0522102021343142464210003220 2 1202502053.061641
0522103021343142464210003220 2 1202502053.061645
0522106021343142464210003220 2 1202502053.061650
0122102025343142464210003220 2 1202502053.061655
0522102025343142464210003220 2 1202502053.061659
0122103025343142464210003220 2 1202502053.061704
0522103025343142464210003220 2 1202502053.061709
0122106025343142464210003220 2 1202502053.061713
0522106025343142464210003220 2 1202502053.061718
0122102021343542464210003220 2 1202502053.061724
0522102021343542464210003220 2 1202502053.061728
0122103021343542464210003220 2 1202502053.061733
0522103021343542464210003220 2 1202502053.061738
0122106021343542464210003220 2 1202502053.061743
0522106021343542464210003220 2 1202502053.061747
0122102025343542464210003220 2 1202502053.061752
0122103025343542464210003220 2 1202502053.061757
0122106025343542464210003220 2 1202502053.061801
0111102220343052464210003220 2 1202502053.061818
0121102220343052464210003220 2 1202502053.061822
0122102021343152464210003220 2 1202502053.061827
0522102021343152464210003220 2 1202502053.061832
0122103021343152464210003220 2 1202502053.061837
0522103021343152464210003220 2 1202502053.061841
0122106021343152464210003220 2 1202502053.061846
0522106021343152464210003220 2 1202502053.061851
0122102025343152464210003220 2 1202502053.061856
0522102025343152464210003220 2 1202502053.061900
0122103025343152464210003220 2 1202502053.061905
0522103025343152464210003220 2 1202502053.061910
0122106025343152464210003220 2 1202502053.061914
0522106025343152464210003220 2 1202502053.061919
0122102021343552464210003220 2 1202502053.061925
0522102021343552464210003220 2 1202502053.061929
0122103021343552464210003220 2 1202502053.061934
0522103021343552464210003220 2 1202502053.061939
0122106021343552464210003220 2 1202502053.061943
0522106021343552464210003220 2 1202502053.061948
0122102025343552464210003220 2 1202502053.061953
0122103025343552464210003220 2 1202502053.061958
0122106025343552464210003220 2 1202502053.062002
0121102220343054464210003220 2 1202502053.062023
0121102220343005464210003220 2 1202502053.062029
0122102021343105464210003220 2 1202502053.062034
0522102021343105464210003220 2 1202502053.062039
0122103021343105464210003220 2 1202502053.062043
0522103021343105464210003220 2 1202502053.062048
0122106021343105464210003220 2 1202502053.062053
0522106021343105464210003220 2 1202502053.062057
0122102025343105464210003220 2 1202502053.062102
0522102025343105464210003220 2 1202502053.062107
0122103025343105464210003220 2 1202502053.062111
0522103025343105464210003220 2 1202502053.062116
0122106025343105464210003220 2 1202502053.062121
0522106025343105464210003220 2 1202502053.062125
0122102021343505464210003220 2 1202502053.062131
0522102021343505464210003220 2 1202502053.062136
0122103021343505464210003220 2 1202502053.062140
0522103021343505464210003220 2 1202502053.062145
0122106021343505464210003220 2 1202502053.062150
0522106021343505464210003220 2 1202502053.062154
0122102025343505464210003220 2 1202502053.062159
0122103025343505464210003220 2 1202502053.062204
0122106025343505464210003220 2 1202502053.062208
0121102220343015464210003220 2 1202502053.062213
0122102021343115464210003220 2 1202502053.062218
0522102021343115464210003220 2 1202502053.062223
0122103021343115464210003220 2 1202502053.062228
0522103021343115464210003220 2 1202502053.062232
0122106021343115464210003220 2 1202502053.062237
0522106021343115464210003220 2 1202502053.062242
0122102025343115464210003220 2 1202502053.062246
0522102025343115464210003220 2 1202502053.062251
0122103025343115464210003220 2 1202502053.062256
0522103025343115464210003220 2 1202502053.062301
0122106025343115464210003220 2 1202502053.062305
0522106025343115464210003220 2 1202502053.062310
0122102021343515464210003220 2 1202502053.062315
0522102021343515464210003220 2 1202502053.062320
0122103021343515464210003220 2 1202502053.062325
0522103021343515464210003220 2 1202502053.062329
0122106021343515464210003220 2 1202502053.062334
0522106021343515464210003220 2 1202502053.062339
0522120025343515464210003220 2 1202502053.062344
0522130025343515464210003220 2 1202502053.062348
0522160025343515464210003220 2 1202502053.062353
0122102025343515464210003220 2 1202502053.062358
0522102025343515464210003220 2 1202502053.062402
0522122025343515464210003220 2 1202502053.062407
0522132025343515464210003220 2 1202502053.062412
0522162025343515464210003220 2 1202502053.062416
0122103025343515464210003220 2 1202502053.062421
0522103025343515464210003220 2 1202502053.062426
0522123025343515464210003220 2 1202502053.062431
0522133025343515464210003220 2 1202502053.062435
0522163025343515464210003220 2 1202502053.062440
0122106025343515464210003220 2 1202502053.062445
0522106025343515464210003220 2 1202502053.062449
0522126025343515464210003220 2 1202502053.062454
0522136025343515464210003220 2 1202502053.062459
0522166025343515464210003220 2 1202502053.062503
0522100225343515464210003220 2 1202502053.062511
0522120225343515464210003220 2 1202502053.062516
0522130225343515464210003220 2 1202502053.062520
0522160225343515464210003220 2 1202502053.062525
0522102225343515464210003220 2 1202502053.062530
0522122225343515464210003220 2 1202502053.062534
0522132225343515464210003220 2 1202502053.062539
0522162225343515464210003220 2 1202502053.062544
0522103225343515464210003220 2 1202502053.062549
0522123225343515464210003220 2 1202502053.062553
0522133225343515464210003220 2 1202502053.062558
0522163225343515464210003220 2 1202502053.062603
0522106225343515464210003220 2 1202502053.062607
0522126225343515464210003220 2 1202502053.062612
0522136225343515464210003220 2 1202502053.062617
0522166225343515464210003220 2 1202502053.062621
0522100325343515464210003220 2 1202502053.062626
0522120325343515464210003220 2 1202502053.062631
0522130325343515464210003220 2 1202502053.062635
0522160325343515464210003220 2 1202502053.062640
0522102325343515464210003220 2 1202502053.062645
0522122325343515464210003220 2 1202502053.062650
0522132325343515464210003220 2 1202502053.062654
0522162325343515464210003220 2 1202502053.062659
0522103325343515464210003220 2 1202502053.062704
0522123325343515464210003220 2 1202502053.062708
0522133325343515464210003220 2 1202502053.062713
0522163325343515464210003220 2 1202502053.062718
0522106325343515464210003220 2 1202502053.062722
0522126325343515464210003220 2 1202502053.062727
0522136325343515464210003220 2 1202502053.062732
0522166325343515464210003220 2 1202502053.062737
0522100625343515464210003220 2 1202502053.062741
0522120625343515464210003220 2 1202502053.062746
0522130625343515464210003220 2 1202502053.062751
0522160625343515464210003220 2 1202502053.062755
0522102625343515464210003220 2 1202502053.062800
0522122625343515464210003220 2 1202502053.062805
0522132625343515464210003220 2 1202502053.062809
0522162625343515464210003220 2 1202502053.062814
0522103625343515464210003220 2 1202502053.062819
0522123625343515464210003220 2 1202502053.062824
0522133625343515464210003220 2 1202502053.062828
0522163625343515464210003220 2 1202502053.062833
0522106625343515464210003220 2 1202502053.062838
0522126625343515464210003220 2 1202502053.062842
0522136625343515464210003220 2 1202502053.062847
0522166625343515464210003220 2 1202502053.062852
0121102220343025464210003220 2 1202502053.062857
0122102021343125464210003220 2 1202502053.062901
0522102021343125464210003220 2 1202502053.062906
0122103021343125464210003220 2 1202502053.062911
0522103021343125464210003220 2 1202502053.062916
0122106021343125464210003220 2 1202502053.062920
0522106021343125464210003220 2 1202502053.062925
0122102025343125464210003220 2 1202502053.062930
0522102025343125464210003220 2 1202502053.062934
0122103025343125464210003220 2 1202502053.062939
0522103025343125464210003220 2 1202502053.062944
0122106025343125464210003220 2 1202502053.062948
0522106025343125464210003220 2 1202502053.062953
0122102021343525464210003220 2 1202502053.062959
0522102021343525464210003220 2 1202502053.063003
0122103021343525464210003220 2 1202502053.063008
0522103021343525464210003220 2 1202502053.063013
0122106021343525464210003220 2 1202502053.063017
0522106021343525464210003220 2 1202502053.063022
0122102025343525464210003220 2 1202502053.063027
0122103025343525464210003220 2 1202502053.063031
0122106025343525464210003220 2 1202502053.063036
0121102220343045464210003220 2 1202502053.063041
0122102021343145464210003220 2 1202502053.063046
0522102021343145464210003220 2 1202502053.063050
0122103021343145464210003220 2 1202502053.063055
0522103021343145464210003220 2 1202502053.063100
0122106021343145464210003220 2 1202502053.063105
0522106021343145464210003220 2 1202502053.063109
0122102025343145464210003220 2 1202502053.063114
0522102025343145464210003220 2 1202502053.063119
0122103025343145464210003220 2 1202502053.063123
0522103025343145464210003220 2 1202502053.063128
0122106025343145464210003220 2 1202502053.063133
0522106025343145464210003220 2 1202502053.063137
0122102021343545464210003220 2 1202502053.063143
0522102021343545464210003220 2 1202502053.063148
0122103021343545464210003220 2 1202502053.063152
0522103021343545464210003220 2 1202502053.063157
0122106021343545464210003220 2 1202502053.063202
0522106021343545464210003220 2 1202502053.063206
0122102025343545464210003220 2 1202502053.063211
0122103025343545464210003220 2 1202502053.063216
0122106025343545464210003220 2 1202502053.063220
0121102220343055464210003220 2 1202502053.063225
0122102021343155464210003220 2 1202502053.063230
0522102021343155464210003220 2 1202502053.063235
0122103021343155464210003220 2 1202502053.063240
0522103021343155464210003220 2 1202502053.063244
0122106021343155464210003220 2 1202502053.063249
0522106021343155464210003220 2 1202502053.063254
0122102025343155464210003220 2 1202502053.063258
0522102025343155464210003220 2 1202502053.063303
0122103025343155464210003220 2 1202502053.063308
0522103025343155464210003220 2 1202502053.063312
0122106025343155464210003220 2 1202502053.063317
0522106025343155464210003220 2 1202502053.063322
0122102021343555464210003220 2 1202502053.063327
0522102021343555464210003220 2 1202502053.063332
0122103021343555464210003220 2 1202502053.063337
0522103021343555464210003220 2 1202502053.063342
0122106021343555464210003220 2 1202502053.063346
0522106021343555464210003220 2 1202502053.063351
0122102025343555464210003220 2 1202502053.063356
0122103025343555464210003220 2 1202502053.063400
0122106025343555464210003220 2 1202502053.063405
0125103021143000464220003220 2 1202502053.065225
0111102520343000464220003220 2 1202502053.065229
0121102520343000464220003220 2 1202502053.065234
0111102521343000464220003220 5 1202502053.065239
0125100021343100464220003220 2 1202502053.065244
0125102021343100464220003220 2 1202502053.065249
0125103021343100464220003220 2 1202502053.065253
0125105021343100464220003220 1 1202502053.065258
0125106021343100464220003220 2 1202502053.065303
0125103021143010464220003220 2 1202502053.065309
0111102520343010464220003220 2 1202502053.065314
0121102520343010464220003220 2 1202502053.065319
0125100021343110464220003220 2 1202502053.065324
0125102021343110464220003220 2 1202502053.065328
0125103021343110464220003220 2 1202502053.065333
0125105021343110464220003220 1 1202502053.065338
0125106021343110464220003220 2 1202502053.065343
0125103021143020464220003220 2 1202502053.065349
0111102520343020464220003220 2 1202502053.065354
0121102520343020464220003220 2 1202502053.065359
0125100021343120464220003220 2 1202502053.065404
0125102021343120464220003220 2 1202502053.065409
0125103021343120464220003220 2 1202502053.065413
0125105021343120464220003220 1 1202502053.065418
0125106021343120464220003220 2 1202502053.065423
0125103021143040464220003220 2 1202502053.065429
0111102520343040464220003220 2 1202502053.065433
0121102520343040464220003220 2 1202502053.065438
0125100021343140464220003220 2 1202502053.065443
0125102021343140464220003220 2 1202502053.065448
0125103021343140464220003220 2 1202502053.065452
0125105021343140464220003220 1 1202502053.065457
0125106021343140464220003220 2 1202502053.065502
0122103021143050464220003220 2 1202502053.065508
0125103021143050464220003220 2 1202502053.065513
0111102220343050464220003220 2 1202502053.065518
0121102220343050464220003220 2 1202502053.065522
0111102520343050464220003220 2 1202502053.065527
0121102520343050464220003220 2 1202502053.065531
0111102521343050464220003220 5 1202502053.065536
0125100021343150464220003220 2 1202502053.065541
0125102021343150464220003220 2 1202502053.065546
0125103021343150464220003220 2 1202502053.065551
0125105021343150464220003220 1 1202502053.065555
0125106021343150464220003220 2 1202502053.065600
0125103021143001464220003220 2 1202502053.065606
0121102520343001464220003220 2 1202502053.065611
0125100021343101464220003220 2 1202502053.065616
0125102021343101464220003220 2 1202502053.065621
0125103021343101464220003220 2 1202502053.065626
0121105021343101464220003220 1 1202502053.065630
0122105021343101464220003220 1 1202502053.065635
0125105021343101464220003220 1 1202502053.065640
0125106021343101464220003220 2 1202502053.065644
0125103021143011464220003220 2 1202502053.065651
0121102520343011464220003220 2 1202502053.065656
0125100021343111464220003220 2 1202502053.065701
0125102021343111464220003220 2 1202502053.065705
0125103021343111464220003220 2 1202502053.065710
0121105021343111464220003220 1 1202502053.065715
0122105021343111464220003220 1 1202502053.065720
0125105021343111464220003220 1 1202502053.065724
0125106021343111464220003220 2 1202502053.065729
0125103021143021464220003220 2 1202502053.065736
0121102520343021464220003220 2 1202502053.065740
0125100021343121464220003220 2 1202502053.065745
0125102021343121464220003220 2 1202502053.065750
0125103021343121464220003220 2 1202502053.065755
0121105021343121464220003220 1 1202502053.065800
0122105021343121464220003220 1 1202502053.065804
0125105021343121464220003220 1 1202502053.065809
0125106021343121464220003220 2 1202502053.065814
0125103021143041464220003220 2 1202502053.065820
0121102520343041464220003220 2 1202502053.065825
0125100021343141464220003220 2 1202502053.065830
0125102021343141464220003220 2 1202502053.065835
0125103021343141464220003220 2 1202502053.065839
0121105021343141464220003220 1 1202502053.065844
0122105021343141464220003220 1 1202502053.065849
0125105021343141464220003220 1 1202502053.065854
0125106021343141464220003220 2 1202502053.065858
0125103021143051464220003220 2 1202502053.065905
0121102220343051464220003220 2 1202502053.065909
0121102520343051464220003220 2 1202502053.065914
0122100021343151464220003220 2 1202502053.065919
0125100021343151464220003220 2 1202502053.065924
0125102021343151464220003220 2 1202502053.065928
0125103021343151464220003220 2 1202502053.065933
0121105021343151464220003220 1 1202502053.065938
0122105021343151464220003220 1 1202502053.065943
0125105021343151464220003220 1 1202502053.065947
0125106021343151464220003220 2 1202502053.065952
0125103021143002464220003220 2 1202502053.065959
0111102520343002464220003220 2 1202502053.070003
0121102520343002464220003220 2 1202502053.070008
0121105020343102464220003220 1 1202502053.070013
0125100021343102464220003220 2 1202502053.070018
0125102021343102464220003220 2 1202502053.070022
0125103021343102464220003220 2 1202502053.070027
0121105021343102464220003220 1 1202502053.070032
0122105021343102464220003220 1 1202502053.070037
0125105021343102464220003220 1 1202502053.070041
0125106021343102464220003220 2 1202502053.070046
0125103021143012464220003220 2 1202502053.070052
0111102520343012464220003220 2 1202502053.070057
0121102520343012464220003220 2 1202502053.070102
0121105020343112464220003220 1 1202502053.070107
0125100021343112464220003220 2 1202502053.070112
0125102021343112464220003220 2 1202502053.070116
0125103021343112464220003220 2 1202502053.070121
0121105021343112464220003220 1 1202502053.070126
0122105021343112464220003220 1 1202502053.070131
0125105021343112464220003220 1 1202502053.070135
0125106021343112464220003220 2 1202502053.070140
0125103021143022464220003220 2 1202502053.070146
0111102520343022464220003220 2 1202502053.070151
0121102520343022464220003220 2 1202502053.070156
0121105020343122464220003220 1 1202502053.070201
0125100021343122464220003220 2 1202502053.070206
0125102021343122464220003220 2 1202502053.070210
0125103021343122464220003220 2 1202502053.070215
0121105021343122464220003220 1 1202502053.070220
0122105021343122464220003220 1 1202502053.070224
0125105021343122464220003220 1 1202502053.070229
0125106021343122464220003220 2 1202502053.070234
0125103021143042464220003220 2 1202502053.070240
0111102520343042464220003220 2 1202502053.070245
0121102520343042464220003220 2 1202502053.070250
0121105020343142464220003220 1 1202502053.070255
0125100021343142464220003220 2 1202502053.070259
0125102021343142464220003220 2 1202502053.070304
0125103021343142464220003220 2 1202502053.070309
0121105021343142464220003220 1 1202502053.070313
0122105021343142464220003220 1 1202502053.070318
0125105021343142464220003220 1 1202502053.070323
0125106021343142464220003220 2 1202502053.070328
0125103021143052464220003220 2 1202502053.070334
0111102220343052464220003220 2 1202502053.070339
0121102220343052464220003220 2 1202502053.070343
0111102520343052464220003220 2 1202502053.070348
0121102520343052464220003220 2 1202502053.070353
0121105020343152464220003220 1 1202502053.070358
0122100021343152464220003220 2 1202502053.070402
0125100021343152464220003220 2 1202502053.070407
0122102021343152464220003220 2 1202502053.070412
0125102021343152464220003220 2 1202502053.070417
0122103021343152464220003220 2 1202502053.070421
0125103021343152464220003220 2 1202502053.070426
0121105021343152464220003220 1 1202502053.070431
0122105021343152464220003220 1 1202502053.070435
0125105021343152464220003220 1 1202502053.070440
0122106021343152464220003220 2 1202502053.070445
0125106021343152464220003220 2 1202502053.070449
0125103021143004464220003220 2 1202502053.070456
0121102520343004464220003220 2 1202502053.070500
0125100021343104464220003220 2 1202502053.070506
0125102021343104464220003220 2 1202502053.070510
0125103021343104464220003220 2 1202502053.070515
0125105021343104464220003220 1 1202502053.070520
0125106021343104464220003220 2 1202502053.070524
0125103021143014464220003220 2 1202502053.070531
0121102520343014464220003220 2 1202502053.070535
0125100021343114464220003220 2 1202502053.070540
0125102021343114464220003220 2 1202502053.070545
0125103021343114464220003220 2 1202502053.070550
0125105021343114464220003220 1 1202502053.070554
0125106021343114464220003220 2 1202502053.070559
0125103021143024464220003220 2 1202502053.070605
0121102520343024464220003220 2 1202502053.070610
0125100021343124464220003220 2 1202502053.070615
0125102021343124464220003220 2 1202502053.070620
0125103021343124464220003220 2 1202502053.070624
0125105021343124464220003220 1 1202502053.070629
0125106021343124464220003220 2 1202502053.070634
0125103021143044464220003220 2 1202502053.070640
0121102520343044464220003220 2 1202502053.070645
0125100021343144464220003220 2 1202502053.070650
0125102021343144464220003220 2 1202502053.070655
0125103021343144464220003220 2 1202502053.070659
0125105021343144464220003220 1 1202502053.070704
0125106021343144464220003220 2 1202502053.070709
0125103021143054464220003220 2 1202502053.070715
0121102220343054464220003220 2 1202502053.070720
0121102520343054464220003220 2 1202502053.070724
0125100021343154464220003220 2 1202502053.070729
0125102021343154464220003220 2 1202502053.070734
0125103021343154464220003220 2 1202502053.070739
0125105021343154464220003220 1 1202502053.070743
0125106021343154464220003220 2 1202502053.070748
0122103021143005464220003220 2 1202502053.070754
0125103021143005464220003220 2 1202502053.070759
0111102220343005464220003220 2 1202502053.070804
0121102220343005464220003220 2 1202502053.070808
0111102520343005464220003220 2 1202502053.070813
0121102520343005464220003220 2 1202502053.070818
0111102521343005464220003220 5 1202502053.070822
0121105020343105464220003220 1 1202502053.070827
0125100021343105464220003220 2 1202502053.070832
0125102021343105464220003220 2 1202502053.070837
0125103021343105464220003220 2 1202502053.070841
0125105021343105464220003220 1 1202502053.070846
0125106021343105464220003220 2 1202502053.070851
0125103021143015464220003220 2 1202502053.070857
0111102220343015464220003220 2 1202502053.070902
0121102220343015464220003220 2 1202502053.070907
0111102520343015464220003220 2 1202502053.070911
0121102520343015464220003220 2 1202502053.070916
0111102521343015464220003220 5 1202502053.070920
0121105020343115464220003220 1 1202502053.070926
0125100021343115464220003220 2 1202502053.070930
0125102021343115464220003220 2 1202502053.070935
0125103021343115464220003220 2 1202502053.070940
0125105021343115464220003220 1 1202502053.070944
0125106021343115464220003220 2 1202502053.070949
0125103021143025464220003220 2 1202502053.070955
0111102220343025464220003220 2 1202502053.071000
0121102220343025464220003220 2 1202502053.071005
0111102520343025464220003220 2 1202502053.071009
0121102520343025464220003220 2 1202502053.071014
0111102521343025464220003220 5 1202502053.071019
0121105020343125464220003220 1 1202502053.071024
0125100021343125464220003220 2 1202502053.071028
0125102021343125464220003220 2 1202502053.071033
0125103021343125464220003220 2 1202502053.071038
0125105021343125464220003220 1 1202502053.071042
0125106021343125464220003220 2 1202502053.071047
0125103021143045464220003220 2 1202502053.071054
0111102220343045464220003220 2 1202502053.071058
0121102220343045464220003220 2 1202502053.071103
0111102520343045464220003220 2 1202502053.071107
0121102520343045464220003220 2 1202502053.071112
0111102521343045464220003220 5 1202502053.071117
0121105020343145464220003220 1 1202502053.071122
0125100021343145464220003220 2 1202502053.071127
0125102021343145464220003220 2 1202502053.071131
0125103021343145464220003220 2 1202502053.071136
0125105021343145464220003220 1 1202502053.071141
0125106021343145464220003220 2 1202502053.071145
0122103021143055464220003220 2 1202502053.071152
0125103021143055464220003220 2 1202502053.071156
0111102220343055464220003220 2 1202502053.071201
0121102220343055464220003220 2 1202502053.071206
0111102520343055464220003220 2 1202502053.071210
0121102520343055464220003220 2 1202502053.071215
0111102521343055464220003220 5 1202502053.071220
0121105020343155464220003220 1 1202502053.071225
0125100021343155464220003220 2 1202502053.071229
0125102021343155464220003220 2 1202502053.071234
0125103021343155464220003220 2 1202502053.071239
0125105021343155464220003220 1 1202502053.071243
0125106021343155464220003220 2 1202502053.071248
0122103021143000464520003220 2 1202502053.073218
0125103021143000464520003220 2 1202502053.073222
0111102220343000464520003220 2 1202502053.073227
0121102220343000464520003220 2 1202502053.073232
0111102520343000464520003220 2 1202502053.073236
0121102520343000464520003220 2 1202502053.073241
0111102521343000464520003220 5 1202502053.073246
0125100021343100464520003220 2 1202502053.073251
0125102021343100464520003220 2 1202502053.073256
0125103021343100464520003220 2 1202502053.073300
0125105021343100464520003220 1 1202502053.073305
0125106021343100464520003220 2 1202502053.073310
0125103021143010464520003220 2 1202502053.073316
0111102220343010464520003220 2 1202502053.073321
0121102220343010464520003220 2 1202502053.073325
0111102520343010464520003220 2 1202502053.073330
0121102520343010464520003220 2 1202502053.073334
0125100021343110464520003220 2 1202502053.073340
0125102021343110464520003220 2 1202502053.073344
0125103021343110464520003220 2 1202502053.073349
0125105021343110464520003220 1 1202502053.073354
0125106021343110464520003220 2 1202502053.073359
0125103021143020464520003220 2 1202502053.073405
0111102220343020464520003220 2 1202502053.073410
0121102220343020464520003220 2 1202502053.073414
0111102520343020464520003220 2 1202502053.073419
0121102520343020464520003220 2 1202502053.073424
0125100021343120464520003220 2 1202502053.073429
0125102021343120464520003220 2 1202502053.073433
0125103021343120464520003220 2 1202502053.073438
0125105021343120464520003220 1 1202502053.073443
0125106021343120464520003220 2 1202502053.073447
0125103021143040464520003220 2 1202502053.073453
0111102220343040464520003220 2 1202502053.073458
0121102220343040464520003220 2 1202502053.073503
0111102520343040464520003220 2 1202502053.073507
0121102520343040464520003220 2 1202502053.073512
0125100021343140464520003220 2 1202502053.073517
0125102021343140464520003220 2 1202502053.073522
0125103021343140464520003220 2 1202502053.073526
0125105021343140464520003220 1 1202502053.073531
0125106021343140464520003220 2 1202502053.073536
0122103021143050464520003220 2 1202502053.073542
0125103021143050464520003220 2 1202502053.073547
0111102220343050464520003220 2 1202502053.073551
0121102220343050464520003220 2 1202502053.073556
0111102520343050464520003220 2 1202502053.073601
0121102520343050464520003220 2 1202502053.073605
0111102521343050464520003220 5 1202502053.073610
0125100021343150464520003220 2 1202502053.073615
0125102021343150464520003220 2 1202502053.073620
0125103021343150464520003220 2 1202502053.073624
0125105021343150464520003220 1 1202502053.073629
0125106021343150464520003220 2 1202502053.073634
0125103021143001464520003220 2 1202502053.073640
0121102220343001464520003220 2 1202502053.073645
0121102520343001464520003220 2 1202502053.073649
0122100021343101464520003220 2 1202502053.073654
0125100021343101464520003220 2 1202502053.073659
0125102021343101464520003220 2 1202502053.073704
0125103021343101464520003220 2 1202502053.073708
0121105021343101464520003220 1 1202502053.073713
0122105021343101464520003220 1 1202502053.073718
0125105021343101464520003220 1 1202502053.073723
0125106021343101464520003220 2 1202502053.073727
0125103021143011464520003220 2 1202502053.073734
0121102220343011464520003220 2 1202502053.073738
0121102520343011464520003220 2 1202502053.073743
0122100021343111464520003220 2 1202502053.073748
0125100021343111464520003220 2 1202502053.073753
0125102021343111464520003220 2 1202502053.073757
0125103021343111464520003220 2 1202502053.073802
0121105021343111464520003220 1 1202502053.073807
0122105021343111464520003220 1 1202502053.073812
0125105021343111464520003220 1 1202502053.073816
0125106021343111464520003220 2 1202502053.073821
0125103021143021464520003220 2 1202502053.073827
0121102220343021464520003220 2 1202502053.073832
0121102520343021464520003220 2 1202502053.073837
0122100021343121464520003220 2 1202502053.073842
0125100021343121464520003220 2 1202502053.073846
0125102021343121464520003220 2 1202502053.073851
0125103021343121464520003220 2 1202502053.073856
0121105021343121464520003220 1 1202502053.073901
0122105021343121464520003220 1 1202502053.073905
0125105021343121464520003220 1 1202502053.073910
0125106021343121464520003220 2 1202502053.073915
0125103021143041464520003220 2 1202502053.073921
0121102220343041464520003220 2 1202502053.073926
0121102520343041464520003220 2 1202502053.073930
0122100021343141464520003220 2 1202502053.073935
0125100021343141464520003220 2 1202502053.073940
0125102021343141464520003220 2 1202502053.073945
0125103021343141464520003220 2 1202502053.073949
0121105021343141464520003220 1 1202502053.073954
0122105021343141464520003220 1 1202502053.073959
0125105021343141464520003220 1 1202502053.074004
0125106021343141464520003220 2 1202502053.074008
0125103021143051464520003220 2 1202502053.074015
0121102220343051464520003220 2 1202502053.074019
0121102520343051464520003220 2 1202502053.074024
0122100021343151464520003220 2 1202502053.074029
0125100021343151464520003220 2 1202502053.074034
0125102021343151464520003220 2 1202502053.074038
0125103021343151464520003220 2 1202502053.074043
0121105021343151464520003220 1 1202502053.074048
0122105021343151464520003220 1 1202502053.074053
0125105021343151464520003220 1 1202502053.074057
0125106021343151464520003220 2 1202502053.074102
0125103021143002464520003220 2 1202502053.074108
0111102220343002464520003220 2 1202502053.074113
0121102220343002464520003220 2 1202502053.074118
0111102520343002464520003220 2 1202502053.074122
0121102520343002464520003220 2 1202502053.074127
0121105020343102464520003220 1 1202502053.074132
0122100021343102464520003220 2 1202502053.074137
0125100021343102464520003220 2 1202502053.074141
0122102021343102464520003220 2 1202502053.074146
0125102021343102464520003220 2 1202502053.074151
0122103021343102464520003220 2 1202502053.074156
0125103021343102464520003220 2 1202502053.074200
0121105021343102464520003220 1 1202502053.074205
0122105021343102464520003220 1 1202502053.074210
0125105021343102464520003220 1 1202502053.074214
0122106021343102464520003220 2 1202502053.074219
0125106021343102464520003220 2 1202502053.074224
0125103021143012464520003220 2 1202502053.074230
0111102220343012464520003220 2 1202502053.074235
0121102220343012464520003220 2 1202502053.074239
0111102520343012464520003220 2 1202502053.074244
0121102520343012464520003220 2 1202502053.074249
0121105020343112464520003220 1 1202502053.074254
0122100021343112464520003220 2 1202502053.074259
0125100021343112464520003220 2 1202502053.074303
0122102021343112464520003220 2 1202502053.074308
0125102021343112464520003220 2 1202502053.074313
0122103021343112464520003220 2 1202502053.074317
0125103021343112464520003220 2 1202502053.074322
0121105021343112464520003220 1 1202502053.074327
0122105021343112464520003220 1 1202502053.074332
0125105021343112464520003220 1 1202502053.074336
0122106021343112464520003220 2 1202502053.074341
0125106021343112464520003220 2 1202502053.074346
0125103021143022464520003220 2 1202502053.074352
0111102220343022464520003220 2 1202502053.074357
0121102220343022464520003220 2 1202502053.074401
0111102520343022464520003220 2 1202502053.074406
0121102520343022464520003220 2 1202502053.074411
0121105020343122464520003220 1 1202502053.074416
0122100021343122464520003220 2 1202502053.074420
0125100021343122464520003220 2 1202502053.074425
0122102021343122464520003220 2 1202502053.074430
0125102021343122464520003220 2 1202502053.074435
0122103021343122464520003220 2 1202502053.074439
0125103021343122464520003220 2 1202502053.074444
0121105021343122464520003220 1 1202502053.074449
0122105021343122464520003220 1 1202502053.074454
0125105021343122464520003220 1 1202502053.074458
0122106021343122464520003220 2 1202502053.074503
0125106021343122464520003220 2 1202502053.074508
0125103021143042464520003220 2 1202502053.074514
0111102220343042464520003220 2 1202502053.074519
0121102220343042464520003220 2 1202502053.074523
0111102520343042464520003220 2 1202502053.074528
0121102520343042464520003220 2 1202502053.074532
0121105020343142464520003220 1 1202502053.074538
0122100021343142464520003220 2 1202502053.074542
0125100021343142464520003220 2 1202502053.074547
0122102021343142464520003220 2 1202502053.074552
0125102021343142464520003220 2 1202502053.074556
0122103021343142464520003220 2 1202502053.074601
0125103021343142464520003220 2 1202502053.074606
0121105021343142464520003220 1 1202502053.074611
0122105021343142464520003220 1 1202502053.074615
0125105021343142464520003220 1 1202502053.074620
0122106021343142464520003220 2 1202502053.074625
0125106021343142464520003220 2 1202502053.074629
0125103021143052464520003220 2 1202502053.074636
0111102220343052464520003220 2 1202502053.074640
0121102220343052464520003220 2 1202502053.074645
0111102520343052464520003220 2 1202502053.074650
0121102520343052464520003220 2 1202502053.074654
0121105020343152464520003220 1 1202502053.074659
0122100021343152464520003220 2 1202502053.074704
0125100021343152464520003220 2 1202502053.074709
0122102021343152464520003220 2 1202502053.074713
0125102021343152464520003220 2 1202502053.074718
0122103021343152464520003220 2 1202502053.074723
0125103021343152464520003220 2 1202502053.074728
0121105021343152464520003220 1 1202502053.074732
0122105021343152464520003220 1 1202502053.074737
0125105021343152464520003220 1 1202502053.074742
0122106021343152464520003220 2 1202502053.074747
0125106021343152464520003220 2 1202502053.074751
0125103021143004464520003220 2 1202502053.074757
0121102220343004464520003220 2 1202502053.074802
0121102520343004464520003220 2 1202502053.074807
0125100021343104464520003220 2 1202502053.074812
0125102021343104464520003220 2 1202502053.074816
0125103021343104464520003220 2 1202502053.074821
0125105021343104464520003220 1 1202502053.074826
0125106021343104464520003220 2 1202502053.074831
0125103021143014464520003220 2 1202502053.074837
0121102220343014464520003220 2 1202502053.074841
0121102520343014464520003220 2 1202502053.074846
0125100021343114464520003220 2 1202502053.074851
0125102021343114464520003220 2 1202502053.074856
0125103021343114464520003220 2 1202502053.074900
0125105021343114464520003220 1 1202502053.074905
0125106021343114464520003220 2 1202502053.074910
0125103021143024464520003220 2 1202502053.074916
0121102220343024464520003220 2 1202502053.074921
0121102520343024464520003220 2 1202502053.074925
0125100021343124464520003220 2 1202502053.074930
0125102021343124464520003220 2 1202502053.074935
0125103021343124464520003220 2 1202502053.074940
0125105021343124464520003220 1 1202502053.074944
0125106021343124464520003220 2 1202502053.074949
0125103021143044464520003220 2 1202502053.074955
0121102220343044464520003220 2 1202502053.075000
0121102520343044464520003220 2 1202502053.075004
0125100021343144464520003220 2 1202502053.075009
0125102021343144464520003220 2 1202502053.075014
0125103021343144464520003220 2 1202502053.075019
0125105021343144464520003220 1 1202502053.075024
0125106021343144464520003220 2 1202502053.075028
0125103021143054464520003220 2 1202502053.075034
0121102220343054464520003220 2 1202502053.075039
0121102520343054464520003220 2 1202502053.075044
0125100021343154464520003220 2 1202502053.075049
0125102021343154464520003220 2 1202502053.075053
0125103021343154464520003220 2 1202502053.075058
0125105021343154464520003220 1 1202502053.075103
0125106021343154464520003220 2 1202502053.075107
0122103021143005464520003220 2 1202502053.075114
0125103021143005464520003220 2 1202502053.075118
0111102220343005464520003220 2 1202502053.075123
0121102220343005464520003220 2 1202502053.075128
0111102520343005464520003220 2 1202502053.075132
0121102520343005464520003220 2 1202502053.075137
0111102521343005464520003220 5 1202502053.075142
0121105020343105464520003220 1 1202502053.075147
0125100021343105464520003220 2 1202502053.075152
0125102021343105464520003220 2 1202502053.075156
0125103021343105464520003220 2 1202502053.075201
0125105021343105464520003220 1 1202502053.075206
0125106021343105464520003220 2 1202502053.075210
0125103021143015464520003220 2 1202502053.075217
0111102220343015464520003220 2 1202502053.075221
0121102220343015464520003220 2 1202502053.075226
0111102520343015464520003220 2 1202502053.075231
0121102520343015464520003220 2 1202502053.075235
0111102521343015464520003220 5 1202502053.075240
0121105020343115464520003220 1 1202502053.075245
0125100021343115464520003220 2 1202502053.075250
0125102021343115464520003220 2 1202502053.075254
0125103021343115464520003220 2 1202502053.075259
0125105021343115464520003220 1 1202502053.075304
0125106021343115464520003220 2 1202502053.075308
0125103021143025464520003220 2 1202502053.075315
0111102220343025464520003220 2 1202502053.075320
0121102220343025464520003220 2 1202502053.075324
0111102520343025464520003220 2 1202502053.075329
0121102520343025464520003220 2 1202502053.075333
0111102521343025464520003220 5 1202502053.075338
0121105020343125464520003220 1 1202502053.075343
0125100021343125464520003220 2 1202502053.075348
0125102021343125464520003220 2 1202502053.075353
0125103021343125464520003220 2 1202502053.075357
0125105021343125464520003220 1 1202502053.075402
0125106021343125464520003220 2 1202502053.075407
0125103021143045464520003220 2 1202502053.075413
0111102220343045464520003220 2 1202502053.075418
0121102220343045464520003220 2 1202502053.075422
0111102520343045464520003220 2 1202502053.075427
0121102520343045464520003220 2 1202502053.075432
0111102521343045464520003220 5 1202502053.075436
0121105020343145464520003220 1 1202502053.075441
0125100021343145464520003220 2 1202502053.075446
0125102021343145464520003220 2 1202502053.075451
0125103021343145464520003220 2 1202502053.075455
0125105021343145464520003220 1 1202502053.075500
0125106021343145464520003220 2 1202502053.075505
0122103021143055464520003220 2 1202502053.075511
0125103021143055464520003220 2 1202502053.075516
0111102220343055464520003220 2 1202502053.075521
0121102220343055464520003220 2 1202502053.075525
0111102520343055464520003220 2 1202502053.075530
0121102520343055464520003220 2 1202502053.075535
0111102521343055464520003220 5 1202502053.075539
0121105020343155464520003220 1 1202502053.075544
0125100021343155464520003220 2 1202502053.075549
0125102021343155464520003220 2 1202502053.075554
0125103021343155464520003220 2 1202502053.075558
0125105021343155464520003220 1 1202502053.075603
0125106021343155464520003220 2 1202502053.075608
0122105021343102464230003220 2 1202502053.075900
0122105021343112464230003220 2 1202502053.075906
0122105021343122464230003220 2 1202502053.075913
0122105021343142464230003220 2 1202502053.075919
0022100021353044424601612411 2 1202502053.080319
0422150521303144424601612411 2 1202502053.080351
0422150021313144424601612411 2 1202502053.080419
0424150521313144424601612411 2 1202502053.080428
0024150021333144424601612411 2 1202502053.080452
0124150021333144424601612411 2 1202502053.080457
0422150521333144424601612411 2 1202502053.080508
0422150521353144424601612411 2 1202502053.080619
0422150521303544424601612411 2 1202502053.080640
0524100521313544424601612411 2 1202502053.080700
0024150521313544424601612411 2 1202502053.080705
0424150521313544424601612411 2 1202502053.080709
0124150021333544424601612411 2 1202502053.080721
0524150021333544424601612411 2 1202502053.080725
0422150521333544424601612411 2 1202502053.080732
0024150521333544424601612411 2 1202502053.080737
0124150021353544424601612411 2 1202502053.080752
0422150521353544424601612411 2 1202502053.080757
0022100021353045424601612411 2 1202502053.081659
0422150521303145424601612411 2 1202502053.081845
0524100521313145424601612411 2 1202502053.082032
0424150521313145424601612411 2 1202502053.082038
0422150521333145424601612411 2 1202502053.082208
0024150521333145424601612411 2 1202502053.082213
0424150521333145424601612411 2 1202502053.082219
0422150521353145424601612411 2 1202502053.082520
0524100021313545424601612411 2 1202502053.082626
0422150021313545424601612411 2 1202502053.082631
0124150021313545424601612411 2 1202502053.082636
0524100521313545424601612411 2 1202502053.082646
0024150521313545424601612411 2 1202502053.082651
0424150521313545424601612411 2 1202502053.082655
0422150521353545424601612411 2 1202502053.082701
0126162621343520404200000116 2 1202502053.171525
0046152621353020424200000116 2 1202502053.172612
0546152621353020424200000116 2 1202502053.172619
0641162621353020424200000116 2 1202502053.172624
0644162621353020424200000116 2 1202502053.172629
0146162621353020424200000116 2 1202502053.172634
0646162621353020424200000116 2 1202502053.172639
0644162621353120424200000116 2 1202502053.172647
0146102621353520424200000116 2 1202502053.172659
0641162621353520424200000116 2 1202502053.172704
0644162621353520424200000116 2 1202502053.172709
0146162621353520424200000116 2 1202502053.172714
0646162621353520424200000116 2 1202502053.172719
0641162621353620424200000116 2 1202502053.172727
0644162621353620424200000116 2 1202502053.172732
0526102621353040424200000116 2 1202502053.172852
0146102621353040424200000116 2 1202502053.172857
0624162621353040424200000116 2 1202502053.172910
0144162621353040424200000116 2 1202502053.172915
0644162621353040424200000116 2 1202502053.172920
0146162621353040424200000116 2 1202502053.172925
0154162226363040424200000116 1 1202502053.173212
0546162621303140424200000116 1 1202502053.173435
0546162621313140424200000116 2 1202502053.173618
0546162621333140424200000116 2 1202502053.173717
0546162621343140424200000116 2 1202502053.173810
0141162621353140424200000116 2 1202502053.173907
0641162621353140424200000116 2 1202502053.173912
0144162621353140424200000116 2 1202502053.173922
0644162621353140424200000116 2 1202502053.173927
0046162621353140424200000116 2 1202502053.173937
0146162621353140424200000116 2 1202502053.173942
0246162621353140424200000116 2 1202502053.173947
0446162621353140424200000116 2 1202502053.173952
0546162621353140424200000116 2 1202502053.173957
0646162621353140424200000116 2 1202502053.174001
0546162621363140424200000116 1 1202502053.174404
0154162226363140424200000116 1 1202502053.174511
0546162626363140424200000116 1 1202502053.174547
0646102621303540424200000116 1 1202502053.174652
0146162621303540424200000116 1 1202502053.174734
0646102621313540424200000116 2 1202502053.174844
0646102621333540424200000116 2 1202502053.174913
0646102621343540424200000116 2 1202502053.174942
0646102621353540424200000116 2 1202502053.175011
0146162620363540424200000116 1 1202502053.175129
0646102621363540424200000116 1 1202502053.175335
0146162626363540424200000116 1 1202502053.175637
0646162626363540424200000116 1 1202502053.175642
0546162621303640424200000116 1 1202502053.175826
0546162621313640424200000116 2 1202502053.180023
0546162621333640424200000116 2 1202502053.180059
0546162621343640424200000116 2 1202502053.180134
0146102621353640424200000116 2 1202502053.180212
0646102621353640424200000116 2 1202502053.180217
0144162621353640424200000116 2 1202502053.180232
0644162621353640424200000116 2 1202502053.180237
0046162621353640424200000116 2 1202502053.180247
0146162621353640424200000116 2 1202502053.180252
0246162621353640424200000116 2 1202502053.180257
0446162621353640424200000116 2 1202502053.180302
0546162621353640424200000116 2 1202502053.180307
0646162621353640424200000116 2 1202502053.180312
0546162621363640424200000116 1 1202502053.180537
0154162226363640424200000116 1 1202502053.180715
0254162226363640424200000116 1 1202502053.180720
0546162626363640424200000116 1 1202502053.180807
0641162621353021424200000116 2 1202502053.180855
0144162621353021424200000116 2 1202502053.180900
0644162621353021424200000116 2 1202502053.180904
0146162621353021424200000116 2 1202502053.180909
0646162621353021424200000116 2 1202502053.180914
0646102621353121424200000116 2 1202502053.180953
0146102621303521424200000116 1 1202502053.180959
0646102621303521424200000116 1 1202502053.181005
0141162621303521424200000116 1 1202502053.181010
0144162621303521424200000116 1 1202502053.181015
0644162621303521424200000116 1 1202502053.181020
0146162621303521424200000116 1 1202502053.181025
0646162621303521424200000116 1 1202502053.181030
0641162621353041424200000116 2 1202502053.181135
0144162621353041424200000116 2 1202502053.181140
0644162621353041424200000116 2 1202502053.181145
0146162621353041424200000116 2 1202502053.181149
0646162621353041424200000116 2 1202502053.181154
0146102621303541424200000116 1 1202502053.181425
0646102621303541424200000116 1 1202502053.181430
0141162621303541424200000116 1 1202502053.181436
0144162621303541424200000116 1 1202502053.181441
0644162621303541424200000116 1 1202502053.181446
0146162621303541424200000116 1 1202502053.181451
0646162621303541424200000116 1 1202502053.181456
0646102621353122424200000116 2 1202502053.181627
0144162620363542424200000116 1 1202502053.181846
0146162620363542424200000116 1 1202502053.181851
0141152520363642424200000116 2 1202502053.181908
0146102621353024424200000116 2 1202502053.182102
0646102621353024424200000116 2 1202502053.182108
0644162621353024424200000116 2 1202502053.182113
0146162621353024424200000116 2 1202502053.182118
0646162621353024424200000116 2 1202502053.182123
0141162621303524424200000116 1 1202502053.182202
0146102621353524424200000116 2 1202502053.182208
0526152621353524424200000116 2 1202502053.182215
0624162621353524424200000116 2 1202502053.182220
0644162621353524424200000116 2 1202502053.182225
0146162621353524424200000116 2 1202502053.182230
0646162621353524424200000116 2 1202502053.182235
0146102621353044424200000116 2 1202502053.182613
0646102621353044424200000116 2 1202502053.182618
0144162621353044424200000116 2 1202502053.182640
0644162621353044424200000116 2 1202502053.182645
0146162621353044424200000116 2 1202502053.182655
0646162621353044424200000116 2 1202502053.182700
0154162226363044424200000116 1 1202502053.183009
0646102621353144424200000116 2 1202502053.183822
0114162220303544424200000116 1 1202502053.184514
0146102621303544424200000116 1 1202502053.184645
0141162621303544424200000116 1 1202502053.184738
0624162621303544424200000116 2 1202502053.184748
0144162621303544424200000116 1 1202502053.184753
0644162621303544424200000116 1 1202502053.184758
0146162621303544424200000116 1 1202502053.184803
0646162621303544424200000116 1 1202502053.184808
0114162226303544424200000116 1 1202502053.184919
0146102621313544424200000116 2 1202502053.185000
0144162621313544424200000116 2 1202502053.185023
0644162621313544424200000116 2 1202502053.185028
0146162621313544424200000116 2 1202502053.185033
0146102621333544424200000116 2 1202502053.185056
0144162621333544424200000116 2 1202502053.185119
0644162621333544424200000116 2 1202502053.185124
0146162621333544424200000116 2 1202502053.185129
0146102621343544424200000116 2 1202502053.185152
0144162621343544424200000116 2 1202502053.185215
0644162621343544424200000116 2 1202502053.185220
0146162621343544424200000116 2 1202502053.185225
0146102621353544424200000116 2 1202502053.185250
0624162621353544424200000116 2 1202502053.185316
0144162621353544424200000116 2 1202502053.185321
0644162621353544424200000116 2 1202502053.185326
0146162621353544424200000116 2 1202502053.185331
0114162220363544424200000116 1 1202502053.185423
0146102621363544424200000116 1 1202502053.185841
0144162621363544424200000116 1 1202502053.190027
0644162621363544424200000116 1 1202502053.190032
0146162621363544424200000116 1 1202502053.190037
0114162226363544424200000116 1 1202502053.190321
0646102621303025424200000116 1 1202502053.191811
0644162621303025424200000116 1 1202502053.191816
0146162621303025424200000116 1 1202502053.191821
0646162621303025424200000116 1 1202502053.191826
0646102621353025424200000116 2 1202502053.191833
0644162621353025424200000116 2 1202502053.191838
0646162621353025424200000116 2 1202502053.191843
0644162621303125424200000116 1 1202502053.191848
0646102621353125424200000116 2 1202502053.191854
0146102621303525424200000116 1 1202502053.191900
0644162621303525424200000116 1 1202502053.191906
0146162621303525424200000116 1 1202502053.191911
0644162621303625424200000116 1 1202502053.191924
0046162621303625424200000116 1 1202502053.191929
0146162621303625424200000116 1 1202502053.191934
0246162621303625424200000116 1 1202502053.191939
0446162621303625424200000116 1 1202502053.191944
0546162621303625424200000116 1 1202502053.191949
0646162621303625424200000116 1 1202502053.191954
0644162621303045424200000116 1 1202502053.192012
0146162621303045424200000116 1 1202502053.192017
0646162621303045424200000116 1 1202502053.192021
0141162620363045424200000116 2 1202502053.192100
0141162625363045424200000116 1 1202502053.192133
0641162625363045424200000116 1 1202502053.192138
0146102621303545424200000116 1 1202502053.192408
0141162621303545424200000116 1 1202502053.192413
0144162621303545424200000116 1 1202502053.192418
0644162621303545424200000116 1 1202502053.192423
0146162621303545424200000116 1 1202502053.192428
0646102621353126424200000116 2 1202502053.192958
0146102621303546424200000116 2 1202502053.195250
0141162621303546424200000116 1 1202502053.195332
0146102621313546424200000116 2 1202502053.195510
0146102621333546424200000116 2 1202502053.195546
0146102621343546424200000116 2 1202502053.195622
0146102621353546424200000116 2 1202502053.195658
0141162621353546424200000116 2 1202502053.195715
0146102621363546424200000116 1 1202502053.200033
0526162621343120464200000116 2 1202502053.202523
0126162621343520464200000116 2 1202502053.202557
0626162621343520464200000116 2 1202502053.202602
0526162621343620464200000116 2 1202502053.202659
