0124105226363144424200001030 2 1202502053.042435
0124100225363144424210001030 2 1202502053.123934
0124102225363144424210001030 2 1202502053.124002
0124103225363144424210001030 2 1202502053.124019
0146102621303500424200000412 1 1202502053.192126
0146102621303501424200000412 1 1202502053.193052
0146102621353521424200000412 2 1202502053.193104
0146102621353541424200000412 2 1202502053.193136
0146102621303502424200000412 1 1202502053.193201
0146102621353522424200000412 2 1202502053.193213
0141102621303542424200000412 1 1202502053.193230
0146102621303542424200000412 1 1202502053.193238
0146102621303504424200000412 1 1202502053.193332
0146102621353524424200000412 2 1202502053.193410
0146102621303544424200000412 1 1202502053.193824
0146102621313544424200000412 2 1202502053.193911
0146102621333544424200000412 2 1202502053.193937
0146102621343544424200000412 2 1202502053.194003
0146102621353544424200000412 2 1202502053.194029
0146102621363544424200000412 1 1202502053.194343
0146102621303005424200000412 1 1202502053.194624
0146102621303105424200000412 1 1202502053.194630
0146102621303205424200000412 1 1202502053.194635
0146102621303405424200000412 1 1202502053.194640
0146102621303505424200000412 1 1202502053.194646
0146102621303605424200000412 1 1202502053.194651
0146102621353525424200000412 2 1202502053.194701
0141102621303545424200000412 2 1202502053.194820
0146102621303545424200000412 1 1202502053.194827
0146102621303506424200000412 1 1202502053.195001
0642152321063016424200000412 1 1202502053.195007
0646152321063016424200000412 1 1202502053.195011
0642152321063516424200000412 1 1202502053.195016
0146102621353526424200000412 2 1202502053.195023
0146102621353146424200000412 2 1202502053.195402
0241162321063410454200000412 1 1202502053.200359
0241162621303420454200000412 1 1202502053.200414
0241162621303520454200000412 1 1202502053.200419
0242162621303520454200000412 1 1202502053.200423
0241162621303024454200000412 1 1202502053.200521
0242162621343024454200000412 2 1202502053.200525
0242162621353024454200000412 2 1202502053.200529
0241162621303025454200000412 1 1202502053.200549
0411162021363520424200000542 1 1202502053.201155
0414162021363520424200000542 1 1202502053.201159
0414162321603540424200000542 1 1202502053.201250
0424163021313540424200000542 2 1202502053.201256
0414162321603640424200000542 1 1202502053.201337
0624100021313641424200000542 2 1202502053.201546
0026163021313044424200000542 2 1202502053.202252
0421160021633164424200000542 2 1202502053.203045
0110152021303146424200000542 1 1202502053.203349
0120153021113146424200000542 2 1202502053.203356
0110152021313146424200000542 2 1202502053.203411
0110152021333146424200000542 2 1202502053.203429
0110152021343146424200000542 2 1202502053.203435
0110152021353146424200000542 2 1202502053.203442
0110152021363146424200000542 1 1202502053.203448
0026103021613646424200000542 2 1202502053.203640
0412152321403410464200000262 1 1202502053.205006
0412152321403004464200000262 1 1202502053.205120
0412152321403104464200000262 1 1202502053.205125
0412152321403204464200000262 1 1202502053.205129
0412152321403404464200000262 1 1202502053.205134
0412152321403504464200000262 1 1202502053.205138
0412152321403604464200000262 1 1202502053.205142
0121105220363000424221063414 2 1202502053.205801
0121105220333100424221063414 2 1202502053.205806
0121105220363010424221063414 2 1202502053.205812
0121105220333110424221063414 2 1202502053.205817
0121105220363020424221063414 2 1202502053.205823
0121105220333120424221063414 2 1202502053.205828
0121105220363040424221063414 2 1202502053.205927
0121105220333140424221063414 2 1202502053.210019
0121102220363050424221063414 2 1202502053.210047
0121105220363050424221063414 2 1202502053.210052
0121105220333150424221063414 2 1202502053.210057
0121105220363001424221063414 2 1202502053.210103
0121105220333101424221063414 2 1202502053.210108
0121105220363011424221063414 2 1202502053.210114
0121105220333111424221063414 2 1202502053.210119
0121105220363021424221063414 2 1202502053.210126
0121105220333121424221063414 2 1202502053.210131
0121105220363041424221063414 2 1202502053.210153
0121105220333141424221063414 2 1202502053.210209
0121102220363051424221063414 2 1202502053.210215
0121105220363051424221063414 2 1202502053.210220
0121105220333151424221063414 2 1202502053.210225
0121105220363002424221063414 2 1202502053.210231
0121105220333102424221063414 2 1202502053.210236
0125100020363102424221063414 5 1202502053.210241
0125102020363102424221063414 5 1202502053.210245
0125103020363102424221063414 5 1202502053.210250
0125105020363102424221063414 5 1202502053.210255
0125106020363102424221063414 5 1202502053.210259
0125100021363102424221063414 2 1202502053.210304
0125102021363102424221063414 2 1202502053.210309
0125103021363102424221063414 2 1202502053.210313
0122105021363102424221063414 2 1202502053.210318
0125105021363102424221063414 2 1202502053.210323
0125106021363102424221063414 2 1202502053.210328
0121105220363012424221063414 2 1202502053.210334
0121105220333112424221063414 2 1202502053.210338
0125100020363112424221063414 5 1202502053.210343
0125102020363112424221063414 5 1202502053.210348
0125103020363112424221063414 5 1202502053.210353
0125105020363112424221063414 5 1202502053.210357
0125106020363112424221063414 5 1202502053.210402
0125100021363112424221063414 2 1202502053.210407
0125102021363112424221063414 2 1202502053.210411
0125103021363112424221063414 2 1202502053.210416
0122105021363112424221063414 2 1202502053.210421
0125105021363112424221063414 2 1202502053.210426
0125106021363112424221063414 2 1202502053.210430
0121105220363022424221063414 2 1202502053.210436
0121105220333122424221063414 2 1202502053.210441
0125100020363122424221063414 5 1202502053.210446
0125102020363122424221063414 5 1202502053.210451
0125103020363122424221063414 5 1202502053.210455
0125105020363122424221063414 5 1202502053.210500
0125106020363122424221063414 5 1202502053.210505
0125100021363122424221063414 2 1202502053.210509
0125102021363122424221063414 2 1202502053.210514
0125103021363122424221063414 2 1202502053.210519
0122105021363122424221063414 2 1202502053.210524
0125105021363122424221063414 2 1202502053.210528
0125106021363122424221063414 2 1202502053.210533
0121105220363042424221063414 2 1202502053.210539
0121105220333142424221063414 2 1202502053.210549
0125100020363142424221063414 5 1202502053.210554
0125102020363142424221063414 5 1202502053.210559
0125103020363142424221063414 5 1202502053.210604
0125105020363142424221063414 5 1202502053.210608
0125106020363142424221063414 5 1202502053.210613
0125100021363142424221063414 2 1202502053.210618
0125102021363142424221063414 2 1202502053.210622
0125103021363142424221063414 2 1202502053.210627
0122105021363142424221063414 2 1202502053.210632
0125105021363142424221063414 2 1202502053.210637
0125106021363142424221063414 2 1202502053.210641
0111102220363052424221063414 2 1202502053.210647
0121102220363052424221063414 2 1202502053.210652
0121105220363052424221063414 2 1202502053.210657
0121105220333152424221063414 2 1202502053.210701
0125100020363152424221063414 5 1202502053.210706
0125102020363152424221063414 5 1202502053.210711
0125103020363152424221063414 5 1202502053.210716
0125105020363152424221063414 5 1202502053.210720
0125106020363152424221063414 5 1202502053.210725
0122100021363152424221063414 2 1202502053.210730
0125100021363152424221063414 2 1202502053.210734
0122102021363152424221063414 2 1202502053.210739
0125102021363152424221063414 2 1202502053.210744
0122103021363152424221063414 2 1202502053.210749
0125103021363152424221063414 2 1202502053.210753
0122105021363152424221063414 2 1202502053.210758
0125105021363152424221063414 2 1202502053.210803
0122106021363152424221063414 2 1202502053.210808
0125106021363152424221063414 2 1202502053.210812
0121105220363004424221063414 2 1202502053.210923
0121105220333104424221063414 2 1202502053.210950
0121105220363014424221063414 2 1202502053.211138
0121105220333114424221063414 2 1202502053.211206
0121105220363024424221063414 2 1202502053.211354
0121105220333124424221063414 2 1202502053.211421
0121105220363044424221063414 2 1202502053.211611
0121105220333144424221063414 2 1202502053.211647
0121102220363054424221063414 2 1202502053.211849
0121105220363054424221063414 2 1202502053.211854
0121105220333154424221063414 2 1202502053.211939
0121102220363005424221063414 2 1202502053.212111
0121105220363005424221063414 2 1202502053.212116
0121105220333105424221063414 2 1202502053.212121
0122100021363105424221063414 2 1202502053.212126
0125100021363105424221063414 2 1202502053.212130
0122102021363105424221063414 2 1202502053.212135
0125102021363105424221063414 2 1202502053.212140
0122103021363105424221063414 2 1202502053.212145
0125103021363105424221063414 2 1202502053.212149
0122105021363105424221063414 2 1202502053.212154
0125105021363105424221063414 2 1202502053.212159
0122106021363105424221063414 2 1202502053.212204
0125106021363105424221063414 2 1202502053.212208
0121102220363015424221063414 2 1202502053.212215
0121105220363015424221063414 2 1202502053.212219
0121105220333115424221063414 2 1202502053.212224
0122100021363115424221063414 2 1202502053.212229
0125100021363115424221063414 2 1202502053.212234
0122102021363115424221063414 2 1202502053.212238
0125102021363115424221063414 2 1202502053.212243
0122103021363115424221063414 2 1202502053.212248
0125103021363115424221063414 2 1202502053.212252
0122105021363115424221063414 2 1202502053.212257
0125105021363115424221063414 2 1202502053.212302
0122106021363115424221063414 2 1202502053.212307
0125106021363115424221063414 2 1202502053.212311
0121102220363025424221063414 2 1202502053.212318
0121105220363025424221063414 2 1202502053.212322
0121105220333125424221063414 2 1202502053.212327
0122100021363125424221063414 2 1202502053.212332
0125100021363125424221063414 2 1202502053.212337
0122102021363125424221063414 2 1202502053.212341
0125102021363125424221063414 2 1202502053.212346
0122103021363125424221063414 2 1202502053.212351
0125103021363125424221063414 2 1202502053.212356
0122105021363125424221063414 2 1202502053.212400
0125105021363125424221063414 2 1202502053.212405
0122106021363125424221063414 2 1202502053.212410
0125106021363125424221063414 2 1202502053.212415
0121102220363045424221063414 2 1202502053.212421
0121105220363045424221063414 2 1202502053.212426
0121105220333145424221063414 2 1202502053.212441
0122100021363145424221063414 2 1202502053.212446
0125100021363145424221063414 2 1202502053.212451
0122102021363145424221063414 2 1202502053.212456
0125102021363145424221063414 2 1202502053.212501
0122103021363145424221063414 2 1202502053.212505
0125103021363145424221063414 2 1202502053.212510
0122105021363145424221063414 2 1202502053.212515
0125105021363145424221063414 2 1202502053.212519
0122106021363145424221063414 2 1202502053.212524
0125106021363145424221063414 2 1202502053.212529
0121102220363055424221063414 2 1202502053.212535
0121105220363055424221063414 2 1202502053.212540
0121105220333155424221063414 2 1202502053.212545
0122100021363155424221063414 2 1202502053.212549
0125100021363155424221063414 2 1202502053.212554
0122102021363155424221063414 2 1202502053.212559
0125102021363155424221063414 2 1202502053.212604
0122103021363155424221063414 2 1202502053.212608
0125103021363155424221063414 2 1202502053.212613
0122105021363155424221063414 2 1202502053.212618
0125105021363155424221063414 2 1202502053.212623
0122106021363155424221063414 2 1202502053.212627
0125106021363155424221063414 2 1202502053.212632
0122103020163000454221063414 5 1202502053.212652
0121105220333100454221063414 2 1202502053.212657
0122100020363100454221063414 5 1202502053.212702
0122102020363100454221063414 5 1202502053.212707
0122103020363100454221063414 5 1202502053.212712
0122105020363100454221063414 5 1202502053.212716
0122106020363100454221063414 5 1202502053.212721
0122103020163010454221063414 5 1202502053.212727
0121105220333110454221063414 2 1202502053.212731
0122100020363110454221063414 5 1202502053.212736
0122102020363110454221063414 5 1202502053.212741
0122103020363110454221063414 5 1202502053.212746
0122105020363110454221063414 5 1202502053.212750
0122106020363110454221063414 5 1202502053.212755
0122103020163020454221063414 5 1202502053.212801
0121105220333120454221063414 2 1202502053.212806
0122100020363120454221063414 5 1202502053.212810
0122102020363120454221063414 5 1202502053.212815
0122103020363120454221063414 5 1202502053.212820
0122105020363120454221063414 5 1202502053.212824
0122106020363120454221063414 5 1202502053.212829
0122103020163040454221063414 5 1202502053.213316
0121105220333140454221063414 2 1202502053.213749
0122100020363140454221063414 5 1202502053.213902
0122102020363140454221063414 5 1202502053.213910
0122103020363140454221063414 5 1202502053.213917
0122105020363140454221063414 5 1202502053.213922
0122106020363140454221063414 5 1202502053.213927
0122103020163050454221063414 5 1202502053.214006
0121105220333150454221063414 2 1202502053.214011
0122100020363150454221063414 5 1202502053.214016
0122102020363150454221063414 5 1202502053.214021
0122103020363150454221063414 5 1202502053.214025
0122105020363150454221063414 5 1202502053.214030
0122106020363150454221063414 5 1202502053.214035
0122103020163001454221063414 5 1202502053.214040
0121105220333101454221063414 2 1202502053.214045
0122100020363101454221063414 5 1202502053.214050
0122102020363101454221063414 5 1202502053.214055
0122103020363101454221063414 5 1202502053.214059
0122105020363101454221063414 5 1202502053.214104
0122106020363101454221063414 5 1202502053.214109
0122103020163011454221063414 5 1202502053.214115
0121105220333111454221063414 2 1202502053.214119
0122100020363111454221063414 5 1202502053.214124
0122102020363111454221063414 5 1202502053.214129
0122103020363111454221063414 5 1202502053.214134
0122105020363111454221063414 5 1202502053.214138
0122106020363111454221063414 5 1202502053.214143
0122103020163021454221063414 5 1202502053.214149
0121105220333121454221063414 2 1202502053.214154
0122100020363121454221063414 5 1202502053.214158
0122102020363121454221063414 5 1202502053.214203
0122103020363121454221063414 5 1202502053.214208
0122105020363121454221063414 5 1202502053.214212
0122106020363121454221063414 5 1202502053.214217
0122103020163041454221063414 5 1202502053.214309
0121105220333141454221063414 2 1202502053.214357
0122100020363141454221063414 5 1202502053.214402
0122102020363141454221063414 5 1202502053.214406
0122103020363141454221063414 5 1202502053.214411
0122105020363141454221063414 5 1202502053.214416
0122106020363141454221063414 5 1202502053.214420
0122103020163051454221063414 5 1202502053.214426
0121105220333151454221063414 2 1202502053.214431
0122100020363151454221063414 5 1202502053.214436
0122102020363151454221063414 5 1202502053.214441
0122103020363151454221063414 5 1202502053.214445
0122105020363151454221063414 5 1202502053.214450
0122106020363151454221063414 5 1202502053.214455
0122103020163002454221063414 5 1202502053.214500
0111102220363002454221063414 2 1202502053.214505
0121105220333102454221063414 2 1202502053.214510
0122100020363102454221063414 5 1202502053.214515
0122102020363102454221063414 5 1202502053.214519
0122103020363102454221063414 5 1202502053.214524
0122105020363102454221063414 5 1202502053.214529
0122106020363102454221063414 5 1202502053.214533
0122100021363102454221063414 2 1202502053.214538
0125100021363102454221063414 2 1202502053.214543
0122102021363102454221063414 2 1202502053.214548
0125102021363102454221063414 2 1202502053.214552
0122103021363102454221063414 2 1202502053.214557
0125103021363102454221063414 2 1202502053.214602
0122105021363102454221063414 2 1202502053.214606
0125105021363102454221063414 2 1202502053.214611
0122106021363102454221063414 2 1202502053.214616
0125106021363102454221063414 2 1202502053.214621
0122103020163012454221063414 5 1202502053.214626
0111102220363012454221063414 2 1202502053.214631
0121105220333112454221063414 2 1202502053.214636
0122100020363112454221063414 5 1202502053.214641
0122102020363112454221063414 5 1202502053.214645
0122103020363112454221063414 5 1202502053.214650
0122105020363112454221063414 5 1202502053.214655
0122106020363112454221063414 5 1202502053.214659
0122100021363112454221063414 2 1202502053.214704
0125100021363112454221063414 2 1202502053.214709
0122102021363112454221063414 2 1202502053.214713
0125102021363112454221063414 2 1202502053.214718
0122103021363112454221063414 2 1202502053.214723
0125103021363112454221063414 2 1202502053.214728
0122105021363112454221063414 2 1202502053.214732
0125105021363112454221063414 2 1202502053.214737
0122106021363112454221063414 2 1202502053.214742
0125106021363112454221063414 2 1202502053.214747
0122103020163022454221063414 5 1202502053.214752
0111102220363022454221063414 2 1202502053.214757
0121105220333122454221063414 2 1202502053.214802
0122100020363122454221063414 5 1202502053.214807
0122102020363122454221063414 5 1202502053.214811
0122103020363122454221063414 5 1202502053.214816
0122105020363122454221063414 5 1202502053.214821
0122106020363122454221063414 5 1202502053.214825
0122100021363122454221063414 2 1202502053.214830
0125100021363122454221063414 2 1202502053.214835
0122102021363122454221063414 2 1202502053.214839
0125102021363122454221063414 2 1202502053.214844
0122103021363122454221063414 2 1202502053.214849
0125103021363122454221063414 2 1202502053.214854
0122105021363122454221063414 2 1202502053.214858
0125105021363122454221063414 2 1202502053.214903
0122106021363122454221063414 2 1202502053.214908
0125106021363122454221063414 2 1202502053.214913
0122103020163042454221063414 5 1202502053.214919
0111102220363042454221063414 2 1202502053.214924
0121105220333142454221063414 2 1202502053.214940
0122100020363142454221063414 5 1202502053.214945
0122102020363142454221063414 5 1202502053.214950
0122103020363142454221063414 5 1202502053.214954
0122105020363142454221063414 5 1202502053.214959
0122106020363142454221063414 5 1202502053.215004
0122100021363142454221063414 2 1202502053.215008
0125100021363142454221063414 2 1202502053.215013
0122102021363142454221063414 2 1202502053.215018
0125102021363142454221063414 2 1202502053.215022
0122103021363142454221063414 2 1202502053.215027
0125103021363142454221063414 2 1202502053.215032
0122105021363142454221063414 2 1202502053.215037
0125105021363142454221063414 2 1202502053.215041
0122106021363142454221063414 2 1202502053.215046
0125106021363142454221063414 2 1202502053.215051
0122103020163052454221063414 5 1202502053.215056
0111102220363052454221063414 2 1202502053.215101
0121105220333152454221063414 2 1202502053.215106
0122100020363152454221063414 5 1202502053.215111
0122102020363152454221063414 5 1202502053.215115
0122103020363152454221063414 5 1202502053.215120
0122105020363152454221063414 5 1202502053.215125
0122106020363152454221063414 5 1202502053.215130
0122100021363152454221063414 2 1202502053.215134
0125100021363152454221063414 2 1202502053.215139
0122102021363152454221063414 2 1202502053.215144
0125102021363152454221063414 2 1202502053.215148
0122103021363152454221063414 2 1202502053.215153
0125103021363152454221063414 2 1202502053.215158
0122105021363152454221063414 2 1202502053.215203
0125105021363152454221063414 2 1202502053.215207
0122106021363152454221063414 2 1202502053.215212
0125106021363152454221063414 2 1202502053.215217
0122103020163004454221063414 5 1202502053.215228
0121105220333104454221063414 2 1202502053.215310
0122100020363104454221063414 5 1202502053.215607
0122102020363104454221063414 5 1202502053.215611
0122103020363104454221063414 5 1202502053.215616
0122105020363104454221063414 5 1202502053.215621
0122106020363104454221063414 5 1202502053.215626
0122103020163014454221063414 5 1202502053.215639
0121105220333114454221063414 2 1202502053.215721
0122100020363114454221063414 5 1202502053.220018
0122102020363114454221063414 5 1202502053.220023
0122103020363114454221063414 5 1202502053.220028
0122105020363114454221063414 5 1202502053.220033
0122106020363114454221063414 5 1202502053.220037
0122103020163024454221063414 5 1202502053.220051
0121105220333124454221063414 2 1202502053.220133
0122100020363124454221063414 5 1202502053.220430
0122102020363124454221063414 5 1202502053.220434
0122103020363124454221063414 5 1202502053.220439
0122105020363124454221063414 5 1202502053.220444
0122106020363124454221063414 5 1202502053.220449
0122103020163044454221063414 5 1202502053.220713
0121105220333144454221063414 2 1202502053.221040
0122100020363144454221063414 5 1202502053.221405
0122102020363144454221063414 5 1202502053.221413
0122103020363144454221063414 5 1202502053.221418
0122105020363144454221063414 5 1202502053.221422
0122106020363144454221063414 5 1202502053.221427
0122103020163054454221063414 5 1202502053.221454
0121105220333154454221063414 2 1202502053.221536
0122100020363154454221063414 5 1202502053.221833
0122102020363154454221063414 5 1202502053.221837
0122103020363154454221063414 5 1202502053.221842
0122105020363154454221063414 5 1202502053.221847
0122106020363154454221063414 5 1202502053.221852
0122103020163005454221063414 5 1202502053.221900
0121105220333105454221063414 2 1202502053.221905
0122100020363105454221063414 5 1202502053.221910
0125100020363105454221063414 5 1202502053.221915
0122102020363105454221063414 5 1202502053.221919
0125102020363105454221063414 5 1202502053.221924
0122103020363105454221063414 5 1202502053.221929
0125103020363105454221063414 5 1202502053.221934
0122105020363105454221063414 5 1202502053.221938
0125105020363105454221063414 5 1202502053.221943
0122106020363105454221063414 5 1202502053.221948
0125106020363105454221063414 5 1202502053.221952
0122100021363105454221063414 2 1202502053.221957
0125100021363105454221063414 2 1202502053.222002
0122102021363105454221063414 2 1202502053.222006
0125102021363105454221063414 2 1202502053.222011
0122103021363105454221063414 2 1202502053.222016
0125103021363105454221063414 2 1202502053.222021
0122105021363105454221063414 2 1202502053.222025
0125105021363105454221063414 2 1202502053.222030
0122106021363105454221063414 2 1202502053.222035
0125106021363105454221063414 2 1202502053.222040
0125100023363105454221063414 5 1202502053.222044
0125102023363105454221063414 5 1202502053.222049
0125103023363105454221063414 5 1202502053.222054
0125105023363105454221063414 5 1202502053.222058
0125106023363105454221063414 5 1202502053.222103
0125100024363105454221063414 5 1202502053.222108
0125102024363105454221063414 5 1202502053.222112
0125103024363105454221063414 5 1202502053.222117
0125105024363105454221063414 5 1202502053.222122
0125106024363105454221063414 5 1202502053.222127
0125100026363105454221063414 5 1202502053.222131
0125102026363105454221063414 5 1202502053.222136
0125103026363105454221063414 5 1202502053.222141
0125105026363105454221063414 5 1202502053.222145
0125106026363105454221063414 5 1202502053.222150
0122103020163015454221063414 5 1202502053.222156
0121105220333115454221063414 2 1202502053.222201
0122100020363115454221063414 5 1202502053.222206
0125100020363115454221063414 5 1202502053.222210
0122102020363115454221063414 5 1202502053.222215
0125102020363115454221063414 5 1202502053.222220
0122103020363115454221063414 5 1202502053.222224
0125103020363115454221063414 5 1202502053.222229
0122105020363115454221063414 5 1202502053.222234
0125105020363115454221063414 5 1202502053.222238
0122106020363115454221063414 5 1202502053.222243
0125106020363115454221063414 5 1202502053.222248
0122100021363115454221063414 2 1202502053.222253
0125100021363115454221063414 2 1202502053.222257
0122102021363115454221063414 2 1202502053.222302
0125102021363115454221063414 2 1202502053.222307
0122103021363115454221063414 2 1202502053.222311
0125103021363115454221063414 2 1202502053.222316
0122105021363115454221063414 2 1202502053.222321
0125105021363115454221063414 2 1202502053.222326
0122106021363115454221063414 2 1202502053.222330
0125106021363115454221063414 2 1202502053.222335
0125100023363115454221063414 5 1202502053.222340
0125102023363115454221063414 5 1202502053.222344
0125103023363115454221063414 5 1202502053.222349
0125105023363115454221063414 5 1202502053.222354
0125106023363115454221063414 5 1202502053.222359
0125100024363115454221063414 5 1202502053.222403
0125102024363115454221063414 5 1202502053.222408
0125103024363115454221063414 5 1202502053.222413
0125105024363115454221063414 5 1202502053.222417
0125106024363115454221063414 5 1202502053.222422
0125100026363115454221063414 5 1202502053.222427
0125102026363115454221063414 5 1202502053.222431
0125103026363115454221063414 5 1202502053.222436
0125105026363115454221063414 5 1202502053.222441
0125106026363115454221063414 5 1202502053.222446
0122103020163025454221063414 5 1202502053.222451
0121105220333125454221063414 2 1202502053.222456
0122100020363125454221063414 5 1202502053.222501
0125100020363125454221063414 5 1202502053.222506
0122102020363125454221063414 5 1202502053.222510
0125102020363125454221063414 5 1202502053.222515
0122103020363125454221063414 5 1202502053.222520
0125103020363125454221063414 5 1202502053.222525
0122105020363125454221063414 5 1202502053.222529
0125105020363125454221063414 5 1202502053.222534
0122106020363125454221063414 5 1202502053.222539
0125106020363125454221063414 5 1202502053.222543
0122100021363125454221063414 2 1202502053.222548
0125100021363125454221063414 2 1202502053.222553
0122102021363125454221063414 2 1202502053.222558
0125102021363125454221063414 2 1202502053.222602
0122103021363125454221063414 2 1202502053.222607
0125103021363125454221063414 2 1202502053.222612
0122105021363125454221063414 2 1202502053.222616
0125105021363125454221063414 2 1202502053.222621
0122106021363125454221063414 2 1202502053.222626
0125106021363125454221063414 2 1202502053.222631
0125100023363125454221063414 5 1202502053.222635
0125102023363125454221063414 5 1202502053.222640
0125103023363125454221063414 5 1202502053.222645
0125105023363125454221063414 5 1202502053.222649
0125106023363125454221063414 5 1202502053.222654
0125100024363125454221063414 5 1202502053.222659
0125102024363125454221063414 5 1202502053.222704
0125103024363125454221063414 5 1202502053.222708
0125105024363125454221063414 5 1202502053.222713
0125106024363125454221063414 5 1202502053.222718
0125100026363125454221063414 5 1202502053.222722
0125102026363125454221063414 5 1202502053.222727
0125103026363125454221063414 5 1202502053.222732
0125105026363125454221063414 5 1202502053.222736
0125106026363125454221063414 5 1202502053.222741
0122103020163045454221063414 5 1202502053.222749
0121105220333145454221063414 2 1202502053.222815
0122100020363145454221063414 5 1202502053.222820
0125100020363145454221063414 5 1202502053.222825
0122102020363145454221063414 5 1202502053.222830
0125102020363145454221063414 5 1202502053.222834
0122103020363145454221063414 5 1202502053.222839
0125103020363145454221063414 5 1202502053.222844
0122105020363145454221063414 5 1202502053.222848
0125105020363145454221063414 5 1202502053.222853
0122106020363145454221063414 5 1202502053.222858
0125106020363145454221063414 5 1202502053.222902
0122100021363145454221063414 2 1202502053.222907
0125100021363145454221063414 2 1202502053.222912
0122102021363145454221063414 2 1202502053.222917
0125102021363145454221063414 2 1202502053.222921
0122103021363145454221063414 2 1202502053.222926
0125103021363145454221063414 2 1202502053.222931
0122105021363145454221063414 2 1202502053.222936
0125105021363145454221063414 2 1202502053.222940
0122106021363145454221063414 2 1202502053.222945
0125106021363145454221063414 2 1202502053.222950
0125100023363145454221063414 5 1202502053.222954
0125102023363145454221063414 5 1202502053.222959
0125103023363145454221063414 5 1202502053.223004
0125105023363145454221063414 5 1202502053.223008
0125106023363145454221063414 5 1202502053.223013
0125100024363145454221063414 5 1202502053.223018
0125102024363145454221063414 5 1202502053.223023
0125103024363145454221063414 5 1202502053.223027
0125105024363145454221063414 5 1202502053.223032
0125106024363145454221063414 5 1202502053.223037
0125100026363145454221063414 5 1202502053.223041
0125102026363145454221063414 5 1202502053.223046
0125103026363145454221063414 5 1202502053.223051
0125105026363145454221063414 5 1202502053.223055
0125106026363145454221063414 5 1202502053.223100
0122103020163055454221063414 5 1202502053.223106
0121105220333155454221063414 2 1202502053.223111
0122100020363155454221063414 5 1202502053.223116
0125100020363155454221063414 5 1202502053.223120
0122102020363155454221063414 5 1202502053.223125
0125102020363155454221063414 5 1202502053.223130
0122103020363155454221063414 5 1202502053.223134
0125103020363155454221063414 5 1202502053.223139
0122105020363155454221063414 5 1202502053.223144
0125105020363155454221063414 5 1202502053.223149
0122106020363155454221063414 5 1202502053.223153
0125106020363155454221063414 5 1202502053.223158
0122100021363155454221063414 2 1202502053.223203
0125100021363155454221063414 2 1202502053.223207
0122102021363155454221063414 2 1202502053.223212
0125102021363155454221063414 2 1202502053.223217
0122103021363155454221063414 2 1202502053.223222
0125103021363155454221063414 2 1202502053.223226
0122105021363155454221063414 2 1202502053.223231
0125105021363155454221063414 2 1202502053.223236
0122106021363155454221063414 2 1202502053.223240
0125106021363155454221063414 2 1202502053.223245
0125100023363155454221063414 5 1202502053.223250
0125102023363155454221063414 5 1202502053.223255
0125103023363155454221063414 5 1202502053.223259
0125105023363155454221063414 5 1202502053.223304
0125106023363155454221063414 5 1202502053.223309
0125100024363155454221063414 5 1202502053.223313
0125102024363155454221063414 5 1202502053.223318
0125103024363155454221063414 5 1202502053.223323
0125105024363155454221063414 5 1202502053.223328
0125106024363155454221063414 5 1202502053.223332
0125100026363155454221063414 5 1202502053.223337
0125102026363155454221063414 5 1202502053.223342
0125103026363155454221063414 5 1202502053.223346
0125105026363155454221063414 5 1202502053.223351
0125106026363155454221063414 5 1202502053.223356
0121102220363000424521063414 2 1202502053.224150
0121105220363000424521063414 2 1202502053.224154
0121105220333100424521063414 2 1202502053.224159
0121102220363010424521063414 2 1202502053.224205
0121105220363010424521063414 2 1202502053.224210
0121105220333110424521063414 2 1202502053.224214
0121102220363020424521063414 2 1202502053.224220
0121105220363020424521063414 2 1202502053.224225
0121105220333120424521063414 2 1202502053.224230
0121102220363040424521063414 2 1202502053.224518
0121105220363040424521063414 2 1202502053.224523
0121105220333140424521063414 2 1202502053.224750
0121102220363050424521063414 2 1202502053.224855
0121105220363050424521063414 2 1202502053.224900
0121105220333150424521063414 2 1202502053.224905
0121102220363001424521063414 2 1202502053.224911
0121105220363001424521063414 2 1202502053.224915
0121105220333101424521063414 2 1202502053.224920
0121102220363011424521063414 2 1202502053.224926
0121105220363011424521063414 2 1202502053.224931
0121105220333111424521063414 2 1202502053.224936
0121102220363021424521063414 2 1202502053.224941
0121105220363021424521063414 2 1202502053.224946
0121105220333121424521063414 2 1202502053.224951
0121102220363041424521063414 2 1202502053.225026
0121105220363041424521063414 2 1202502053.225031
0121105220333141424521063414 2 1202502053.225104
0121102220363051424521063414 2 1202502053.225110
0121105220363051424521063414 2 1202502053.225114
0121105220333151424521063414 2 1202502053.225119
0111102220363002424521063414 2 1202502053.225125
0121102220363002424521063414 2 1202502053.225130
0121105220363002424521063414 2 1202502053.225134
0121105220333102424521063414 2 1202502053.225139
0125100020363102424521063414 5 1202502053.225144
0125102020363102424521063414 5 1202502053.225149
0125103020363102424521063414 5 1202502053.225153
0125105020363102424521063414 5 1202502053.225158
0125106020363102424521063414 5 1202502053.225203
0122100021363102424521063414 2 1202502053.225207
0125100021363102424521063414 2 1202502053.225212
0122102021363102424521063414 2 1202502053.225217
0125102021363102424521063414 2 1202502053.225222
0122103021363102424521063414 2 1202502053.225226
0125103021363102424521063414 2 1202502053.225231
0122105021363102424521063414 2 1202502053.225236
0125105021363102424521063414 2 1202502053.225241
0122106021363102424521063414 2 1202502053.225245
0125106021363102424521063414 2 1202502053.225250
0111102220363012424521063414 2 1202502053.225256
0121102220363012424521063414 2 1202502053.225301
0121105220363012424521063414 2 1202502053.225305
0121105220333112424521063414 2 1202502053.225310
0125100020363112424521063414 5 1202502053.225315
0125102020363112424521063414 5 1202502053.225319
0125103020363112424521063414 5 1202502053.225324
0125105020363112424521063414 5 1202502053.225329
0125106020363112424521063414 5 1202502053.225334
0122100021363112424521063414 2 1202502053.225338
0125100021363112424521063414 2 1202502053.225343
0122102021363112424521063414 2 1202502053.225348
0125102021363112424521063414 2 1202502053.225352
0122103021363112424521063414 2 1202502053.225357
0125103021363112424521063414 2 1202502053.225402
0122105021363112424521063414 2 1202502053.225407
0125105021363112424521063414 2 1202502053.225411
0122106021363112424521063414 2 1202502053.225416
0125106021363112424521063414 2 1202502053.225421
0111102220363022424521063414 2 1202502053.225427
0121102220363022424521063414 2 1202502053.225431
0121105220363022424521063414 2 1202502053.225436
0121105220333122424521063414 2 1202502053.225441
0125100020363122424521063414 5 1202502053.225446
0125102020363122424521063414 5 1202502053.225450
0125103020363122424521063414 5 1202502053.225455
0125105020363122424521063414 5 1202502053.225500
0125106020363122424521063414 5 1202502053.225504
0122100021363122424521063414 2 1202502053.225509
0125100021363122424521063414 2 1202502053.225514
0122102021363122424521063414 2 1202502053.225518
0125102021363122424521063414 2 1202502053.225523
0122103021363122424521063414 2 1202502053.225528
0125103021363122424521063414 2 1202502053.225533
0122105021363122424521063414 2 1202502053.225537
0125105021363122424521063414 2 1202502053.225542
0122106021363122424521063414 2 1202502053.225547
0125106021363122424521063414 2 1202502053.225552
0111102220363042424521063414 2 1202502053.225558
0121102220363042424521063414 2 1202502053.225603
0121105220363042424521063414 2 1202502053.225607
0121105220333142424521063414 2 1202502053.225623
0125100020363142424521063414 5 1202502053.225627
0125102020363142424521063414 5 1202502053.225632
0125103020363142424521063414 5 1202502053.225637
0125105020363142424521063414 5 1202502053.225642
0125106020363142424521063414 5 1202502053.225646
0122100021363142424521063414 2 1202502053.225651
0125100021363142424521063414 2 1202502053.225656
0122102021363142424521063414 2 1202502053.225700
0125102021363142424521063414 2 1202502053.225705
0122103021363142424521063414 2 1202502053.225710
0125103021363142424521063414 2 1202502053.225715
0122105021363142424521063414 2 1202502053.225719
0125105021363142424521063414 2 1202502053.225724
0122106021363142424521063414 2 1202502053.225729
0125106021363142424521063414 2 1202502053.225733
0111102220363052424521063414 2 1202502053.225739
0121102220363052424521063414 2 1202502053.225744
0121105220363052424521063414 2 1202502053.225749
0121105220333152424521063414 2 1202502053.225754
0125100020363152424521063414 5 1202502053.225758
0125102020363152424521063414 5 1202502053.225803
0125103020363152424521063414 5 1202502053.225808
0125105020363152424521063414 5 1202502053.225812
0125106020363152424521063414 5 1202502053.225817
0122100021363152424521063414 2 1202502053.225822
0125100021363152424521063414 2 1202502053.225827
0122102021363152424521063414 2 1202502053.225831
0125102021363152424521063414 2 1202502053.225836
0122103021363152424521063414 2 1202502053.225841
0125103021363152424521063414 2 1202502053.225845
0122105021363152424521063414 2 1202502053.225850
0125105021363152424521063414 2 1202502053.225855
0122106021363152424521063414 2 1202502053.225900
0125106021363152424521063414 2 1202502053.225904
0121102220363004424521063414 2 1202502053.230028
0121105220363004424521063414 2 1202502053.230033
0121105220333104424521063414 2 1202502053.230119
0121102220363014424521063414 2 1202502053.230408
0121105220363014424521063414 2 1202502053.230413
0121105220333114424521063414 2 1202502053.230459
0121102220363024424521063414 2 1202502053.230748
0121105220363024424521063414 2 1202502053.230753
0121105220333124424521063414 2 1202502053.230838
0121102220363044424521063414 2 1202502053.231238
0121105220363044424521063414 2 1202502053.231243
0121105220333144424521063414 2 1202502053.231447
0121102220363054424521063414 2 1202502053.231758
0121105220363054424521063414 2 1202502053.231802
0121105220333154424521063414 2 1202502053.231848
0121102220363005424521063414 2 1202502053.232019
0121105220363005424521063414 2 1202502053.232024
0121105220333105424521063414 2 1202502053.232029
0122100021363105424521063414 2 1202502053.232034
0125100021363105424521063414 2 1202502053.232038
0122102021363105424521063414 2 1202502053.232043
0125102021363105424521063414 2 1202502053.232048
0122103021363105424521063414 2 1202502053.232053
0125103021363105424521063414 2 1202502053.232057
0122105021363105424521063414 2 1202502053.232102
0125105021363105424521063414 2 1202502053.232107
0122106021363105424521063414 2 1202502053.232111
0125106021363105424521063414 2 1202502053.232116
0121102220363015424521063414 2 1202502053.232122
0121105220363015424521063414 2 1202502053.232127
0121105220333115424521063414 2 1202502053.232131
0122100021363115424521063414 2 1202502053.232136
0125100021363115424521063414 2 1202502053.232141
0122102021363115424521063414 2 1202502053.232146
0125102021363115424521063414 2 1202502053.232150
0122103021363115424521063414 2 1202502053.232155
0125103021363115424521063414 2 1202502053.232200
0122105021363115424521063414 2 1202502053.232205
0125105021363115424521063414 2 1202502053.232209
0122106021363115424521063414 2 1202502053.232214
0125106021363115424521063414 2 1202502053.232219
0121102220363025424521063414 2 1202502053.232225
0121105220363025424521063414 2 1202502053.232229
0121105220333125424521063414 2 1202502053.232234
0122100021363125424521063414 2 1202502053.232239
0125100021363125424521063414 2 1202502053.232244
0122102021363125424521063414 2 1202502053.232248
0125102021363125424521063414 2 1202502053.232253
0122103021363125424521063414 2 1202502053.232258
0125103021363125424521063414 2 1202502053.232303
0122105021363125424521063414 2 1202502053.232307
0125105021363125424521063414 2 1202502053.232312
0122106021363125424521063414 2 1202502053.232317
0125106021363125424521063414 2 1202502053.232321
0121102220363045424521063414 2 1202502053.232328
0121105220363045424521063414 2 1202502053.232332
0121105220333145424521063414 2 1202502053.232348
0122100021363145424521063414 2 1202502053.232353
0125100021363145424521063414 2 1202502053.232357
0122102021363145424521063414 2 1202502053.232402
0125102021363145424521063414 2 1202502053.232407
0122103021363145424521063414 2 1202502053.232412
0125103021363145424521063414 2 1202502053.232416
0122105021363145424521063414 2 1202502053.232421
0125105021363145424521063414 2 1202502053.232426
0122106021363145424521063414 2 1202502053.232430
0125106021363145424521063414 2 1202502053.232435
0121102220363055424521063414 2 1202502053.232441
0121105220363055424521063414 2 1202502053.232446
0121105220333155424521063414 2 1202502053.232451
0122100021363155424521063414 2 1202502053.232455
0125100021363155424521063414 2 1202502053.232500
0122102021363155424521063414 2 1202502053.232505
0125102021363155424521063414 2 1202502053.232510
0122103021363155424521063414 2 1202502053.232514
0125103021363155424521063414 2 1202502053.232519
0122105021363155424521063414 2 1202502053.232524
0125105021363155424521063414 2 1202502053.232528
0122106021363155424521063414 2 1202502053.232533
0125106021363155424521063414 2 1202502053.232538
0122103020163000454521063414 5 1202502053.232557
0121105220333100454521063414 2 1202502053.232602
0122100020363100454521063414 5 1202502053.232606
0122102020363100454521063414 5 1202502053.232611
0122103020363100454521063414 5 1202502053.232616
0122105020363100454521063414 5 1202502053.232620
0122106020363100454521063414 5 1202502053.232625
0122103020163010454521063414 5 1202502053.232631
0121105220333110454521063414 2 1202502053.232636
0122100020363110454521063414 5 1202502053.232640
0122102020363110454521063414 5 1202502053.232645
0122103020363110454521063414 5 1202502053.232650
0122105020363110454521063414 5 1202502053.232654
0122106020363110454521063414 5 1202502053.232659
0122103020163020454521063414 5 1202502053.232705
0121105220333120454521063414 2 1202502053.232710
0122100020363120454521063414 5 1202502053.232715
0122102020363120454521063414 5 1202502053.232719
0122103020363120454521063414 5 1202502053.232724
0122105020363120454521063414 5 1202502053.232729
0122106020363120454521063414 5 1202502053.232733
0122103020163040454521063414 5 1202502053.233220
0121105220333140454521063414 2 1202502053.233652
0122100020363140454521063414 5 1202502053.233804
0122102020363140454521063414 5 1202502053.233812
0122103020363140454521063414 5 1202502053.233819
0122105020363140454521063414 5 1202502053.233824
0122106020363140454521063414 5 1202502053.233829
0122103020163050454521063414 5 1202502053.233908
0121105220333150454521063414 2 1202502053.233913
0122100020363150454521063414 5 1202502053.233918
0122102020363150454521063414 5 1202502053.233923
0122103020363150454521063414 5 1202502053.233927
0122105020363150454521063414 5 1202502053.233932
0122106020363150454521063414 5 1202502053.233937
0122103020163001454521063414 5 1202502053.233942
0121105220333101454521063414 2 1202502053.233947
0122100020363101454521063414 5 1202502053.233952
0122102020363101454521063414 5 1202502053.233957
0122103020363101454521063414 5 1202502053.234001
0122105020363101454521063414 5 1202502053.234006
0122106020363101454521063414 5 1202502053.234011
0122103020163011454521063414 5 1202502053.234016
0121105220333111454521063414 2 1202502053.234021
0122100020363111454521063414 5 1202502053.234026
0122102020363111454521063414 5 1202502053.234031
0122103020363111454521063414 5 1202502053.234035
0122105020363111454521063414 5 1202502053.234040
0122106020363111454521063414 5 1202502053.234045
0122103020163021454521063414 5 1202502053.234050
0121105220333121454521063414 2 1202502053.234055
0122100020363121454521063414 5 1202502053.234100
0122102020363121454521063414 5 1202502053.234105
0122103020363121454521063414 5 1202502053.234109
0122105020363121454521063414 5 1202502053.234114
0122106020363121454521063414 5 1202502053.234119
0122103020163041454521063414 5 1202502053.234211
0121105220333141454521063414 2 1202502053.234258
0122100020363141454521063414 5 1202502053.234303
0122102020363141454521063414 5 1202502053.234308
0122103020363141454521063414 5 1202502053.234312
0122105020363141454521063414 5 1202502053.234317
0122106020363141454521063414 5 1202502053.234322
0122103020163051454521063414 5 1202502053.234328
0121105220333151454521063414 2 1202502053.234332
0122100020363151454521063414 5 1202502053.234337
0122102020363151454521063414 5 1202502053.234342
0122103020363151454521063414 5 1202502053.234347
0122105020363151454521063414 5 1202502053.234351
0122106020363151454521063414 5 1202502053.234356
0122103020163002454521063414 5 1202502053.234402
0111102220363002454521063414 2 1202502053.234406
0121105220333102454521063414 2 1202502053.234411
0122100020363102454521063414 5 1202502053.234416
0122102020363102454521063414 5 1202502053.234421
0122103020363102454521063414 5 1202502053.234425
0122105020363102454521063414 5 1202502053.234430
0122106020363102454521063414 5 1202502053.234435
0122100021363102454521063414 2 1202502053.234439
0125100021363102454521063414 2 1202502053.234444
0122102021363102454521063414 2 1202502053.234449
0125102021363102454521063414 2 1202502053.234453
0122103021363102454521063414 2 1202502053.234458
0125103021363102454521063414 2 1202502053.234503
0122105021363102454521063414 2 1202502053.234508
0125105021363102454521063414 2 1202502053.234512
0122106021363102454521063414 2 1202502053.234517
0125106021363102454521063414 2 1202502053.234522
0122103020163012454521063414 5 1202502053.234527
0111102220363012454521063414 2 1202502053.234532
0121105220333112454521063414 2 1202502053.234537
0122100020363112454521063414 5 1202502053.234542
0122102020363112454521063414 5 1202502053.234546
0122103020363112454521063414 5 1202502053.234551
0122105020363112454521063414 5 1202502053.234556
0122106020363112454521063414 5 1202502053.234601
0122100021363112454521063414 2 1202502053.234605
0125100021363112454521063414 2 1202502053.234610
0122102021363112454521063414 2 1202502053.234615
0125102021363112454521063414 2 1202502053.234619
0122103021363112454521063414 2 1202502053.234624
0125103021363112454521063414 2 1202502053.234629
0122105021363112454521063414 2 1202502053.234634
0125105021363112454521063414 2 1202502053.234638
0122106021363112454521063414 2 1202502053.234643
0125106021363112454521063414 2 1202502053.234648
0122103020163022454521063414 5 1202502053.234653
0111102220363022454521063414 2 1202502053.234658
0121105220333122454521063414 2 1202502053.234703
0122100020363122454521063414 5 1202502053.234708
0122102020363122454521063414 5 1202502053.234712
0122103020363122454521063414 5 1202502053.234717
0122105020363122454521063414 5 1202502053.234722
0122106020363122454521063414 5 1202502053.234726
0122100021363122454521063414 2 1202502053.234731
0125100021363122454521063414 2 1202502053.234736
0122102021363122454521063414 2 1202502053.234741
0125102021363122454521063414 2 1202502053.234745
0122103021363122454521063414 2 1202502053.234750
0125103021363122454521063414 2 1202502053.234755
0122105021363122454521063414 2 1202502053.234759
0125105021363122454521063414 2 1202502053.234804
0122106021363122454521063414 2 1202502053.234809
0125106021363122454521063414 2 1202502053.234814
0122103020163042454521063414 5 1202502053.234821
0111102220363042454521063414 2 1202502053.234825
0121105220333142454521063414 2 1202502053.234841
0122100020363142454521063414 5 1202502053.234846
0122102020363142454521063414 5 1202502053.234851
0122103020363142454521063414 5 1202502053.234855
0122105020363142454521063414 5 1202502053.234900
0122106020363142454521063414 5 1202502053.234905
0122100021363142454521063414 2 1202502053.234909
0125100021363142454521063414 2 1202502053.234914
0122102021363142454521063414 2 1202502053.234919
0125102021363142454521063414 2 1202502053.234924
0122103021363142454521063414 2 1202502053.234928
0125103021363142454521063414 2 1202502053.234933
0122105021363142454521063414 2 1202502053.234938
0125105021363142454521063414 2 1202502053.234942
0122106021363142454521063414 2 1202502053.234947
0125106021363142454521063414 2 1202502053.234952
0122103020163052454521063414 5 1202502053.234958
0111102220363052454521063414 2 1202502053.235002
0121105220333152454521063414 2 1202502053.235007
0122100020363152454521063414 5 1202502053.235012
0122102020363152454521063414 5 1202502053.235017
0122103020363152454521063414 5 1202502053.235021
0122105020363152454521063414 5 1202502053.235026
0122106020363152454521063414 5 1202502053.235031
0122100021363152454521063414 2 1202502053.235035
0125100021363152454521063414 2 1202502053.235040
0122102021363152454521063414 2 1202502053.235045
0125102021363152454521063414 2 1202502053.235049
0122103021363152454521063414 2 1202502053.235054
0125103021363152454521063414 2 1202502053.235059
0122105021363152454521063414 2 1202502053.235104
0125105021363152454521063414 2 1202502053.235108
0122106021363152454521063414 2 1202502053.235113
0125106021363152454521063414 2 1202502053.235118
0122103020163004454521063414 5 1202502053.235126
0121105220333104454521063414 2 1202502053.235209
0122100020363104454521063414 5 1202502053.235506
0122102020363104454521063414 5 1202502053.235511
0122103020363104454521063414 5 1202502053.235515
0122105020363104454521063414 5 1202502053.235520
0122106020363104454521063414 5 1202502053.235525
0122103020163014454521063414 5 1202502053.235536
0121105220333114454521063414 2 1202502053.235619
0122100020363114454521063414 5 1202502053.235916
0122102020363114454521063414 5 1202502053.235921
0122103020363114454521063414 5 1202502053.235925
0122105020363114454521063414 5 1202502053.235930
0122106020363114454521063414 5 1202502053.235935
0122103020163024454521063414 5 1202502053.235946
0121105220333124454521063414 2 1202502064.000030
0122100020363124454521063414 5 1202502064.000329
0122102020363124454521063414 5 1202502064.000333
0122103020363124454521063414 5 1202502064.000338
0122105020363124454521063414 5 1202502064.000343
0122106020363124454521063414 5 1202502064.000348
0122103020163044454521063414 5 1202502064.000610
0121105220333144454521063414 2 1202502064.000937
0122100020363144454521063414 5 1202502064.001302
0122102020363144454521063414 5 1202502064.001310
0122103020363144454521063414 5 1202502064.001315
0122105020363144454521063414 5 1202502064.001320
0122106020363144454521063414 5 1202502064.001324
0122103020163054454521063414 5 1202502064.001348
0121105220333154454521063414 2 1202502064.001431
0122100020363154454521063414 5 1202502064.001728
0122102020363154454521063414 5 1202502064.001733
0122103020363154454521063414 5 1202502064.001738
0122105020363154454521063414 5 1202502064.001742
0122106020363154454521063414 5 1202502064.001747
0122103020163005454521063414 5 1202502064.001756
0121105220333105454521063414 2 1202502064.001800
0122100020363105454521063414 5 1202502064.001805
0125100020363105454521063414 5 1202502064.001810
0122102020363105454521063414 5 1202502064.001815
0125102020363105454521063414 5 1202502064.001819
0122103020363105454521063414 5 1202502064.001824
0125103020363105454521063414 5 1202502064.001829
0122105020363105454521063414 5 1202502064.001833
0125105020363105454521063414 5 1202502064.001838
0122106020363105454521063414 5 1202502064.001843
0125106020363105454521063414 5 1202502064.001848
0122100021363105454521063414 2 1202502064.001852
0125100021363105454521063414 2 1202502064.001857
0122102021363105454521063414 2 1202502064.001902
0125102021363105454521063414 2 1202502064.001906
0122103021363105454521063414 2 1202502064.001911
0125103021363105454521063414 2 1202502064.001916
0122105021363105454521063414 2 1202502064.001921
0125105021363105454521063414 2 1202502064.001925
0122106021363105454521063414 2 1202502064.001930
0125106021363105454521063414 2 1202502064.001935
0125100023363105454521063414 5 1202502064.001940
0125102023363105454521063414 5 1202502064.001944
0125103023363105454521063414 5 1202502064.001949
0125105023363105454521063414 5 1202502064.001954
0125106023363105454521063414 5 1202502064.001958
0125100024363105454521063414 5 1202502064.002003
0125102024363105454521063414 5 1202502064.002008
0125103024363105454521063414 5 1202502064.002012
0125105024363105454521063414 5 1202502064.002017
0125106024363105454521063414 5 1202502064.002022
0125100026363105454521063414 5 1202502064.002027
0125102026363105454521063414 5 1202502064.002031
0125103026363105454521063414 5 1202502064.002036
0125105026363105454521063414 5 1202502064.002041
0125106026363105454521063414 5 1202502064.002045
0122103020163015454521063414 5 1202502064.002051
0121105220333115454521063414 2 1202502064.002056
0122100020363115454521063414 5 1202502064.002101
0125100020363115454521063414 5 1202502064.002105
0122102020363115454521063414 5 1202502064.002110
0125102020363115454521063414 5 1202502064.002115
0122103020363115454521063414 5 1202502064.002120
0125103020363115454521063414 5 1202502064.002124
0122105020363115454521063414 5 1202502064.002129
0125105020363115454521063414 5 1202502064.002134
0122106020363115454521063414 5 1202502064.002138
0125106020363115454521063414 5 1202502064.002143
0122100021363115454521063414 2 1202502064.002148
0125100021363115454521063414 2 1202502064.002153
0122102021363115454521063414 2 1202502064.002157
0125102021363115454521063414 2 1202502064.002202
0122103021363115454521063414 2 1202502064.002207
0125103021363115454521063414 2 1202502064.002211
0122105021363115454521063414 2 1202502064.002216
0125105021363115454521063414 2 1202502064.002221
0122106021363115454521063414 2 1202502064.002226
0125106021363115454521063414 2 1202502064.002230
0125100023363115454521063414 5 1202502064.002235
0125102023363115454521063414 5 1202502064.002240
0125103023363115454521063414 5 1202502064.002244
0125105023363115454521063414 5 1202502064.002249
0125106023363115454521063414 5 1202502064.002254
0125100024363115454521063414 5 1202502064.002259
0125102024363115454521063414 5 1202502064.002303
0125103024363115454521063414 5 1202502064.002308
0125105024363115454521063414 5 1202502064.002313
0125106024363115454521063414 5 1202502064.002317
0125100026363115454521063414 5 1202502064.002322
0125102026363115454521063414 5 1202502064.002327
0125103026363115454521063414 5 1202502064.002331
0125105026363115454521063414 5 1202502064.002336
0125106026363115454521063414 5 1202502064.002341
0122103020163025454521063414 5 1202502064.002347
0121105220333125454521063414 2 1202502064.002351
0122100020363125454521063414 5 1202502064.002356
0125100020363125454521063414 5 1202502064.002401
0122102020363125454521063414 5 1202502064.002406
0125102020363125454521063414 5 1202502064.002410
0122103020363125454521063414 5 1202502064.002415
0125103020363125454521063414 5 1202502064.002420
0122105020363125454521063414 5 1202502064.002424
0125105020363125454521063414 5 1202502064.002429
0122106020363125454521063414 5 1202502064.002434
0125106020363125454521063414 5 1202502064.002438
0122100021363125454521063414 2 1202502064.002443
0125100021363125454521063414 2 1202502064.002448
0122102021363125454521063414 2 1202502064.002453
0125102021363125454521063414 2 1202502064.002457
0122103021363125454521063414 2 1202502064.002502
0125103021363125454521063414 2 1202502064.002507
0122105021363125454521063414 2 1202502064.002512
0125105021363125454521063414 2 1202502064.002516
0122106021363125454521063414 2 1202502064.002521
0125106021363125454521063414 2 1202502064.002526
0125100023363125454521063414 5 1202502064.002530
0125102023363125454521063414 5 1202502064.002535
0125103023363125454521063414 5 1202502064.002540
0125105023363125454521063414 5 1202502064.002545
0125106023363125454521063414 5 1202502064.002549
0125100024363125454521063414 5 1202502064.002554
0125102024363125454521063414 5 1202502064.002559
0125103024363125454521063414 5 1202502064.002603
0125105024363125454521063414 5 1202502064.002608
0125106024363125454521063414 5 1202502064.002613
0125100026363125454521063414 5 1202502064.002617
0125102026363125454521063414 5 1202502064.002622
0125103026363125454521063414 5 1202502064.002627
0125105026363125454521063414 5 1202502064.002632
0125106026363125454521063414 5 1202502064.002636
0122103020163045454521063414 5 1202502064.002644
0121105220333145454521063414 2 1202502064.002710
0122100020363145454521063414 5 1202502064.002715
0125100020363145454521063414 5 1202502064.002720
0122102020363145454521063414 5 1202502064.002724
0125102020363145454521063414 5 1202502064.002729
0122103020363145454521063414 5 1202502064.002734
0125103020363145454521063414 5 1202502064.002739
0122105020363145454521063414 5 1202502064.002743
0125105020363145454521063414 5 1202502064.002748
0122106020363145454521063414 5 1202502064.002753
0125106020363145454521063414 5 1202502064.002757
0122100021363145454521063414 2 1202502064.002802
0125100021363145454521063414 2 1202502064.002807
0122102021363145454521063414 2 1202502064.002812
0125102021363145454521063414 2 1202502064.002816
0122103021363145454521063414 2 1202502064.002821
0125103021363145454521063414 2 1202502064.002826
0122105021363145454521063414 2 1202502064.002830
0125105021363145454521063414 2 1202502064.002835
0122106021363145454521063414 2 1202502064.002840
0125106021363145454521063414 2 1202502064.002845
0125100023363145454521063414 5 1202502064.002849
0125102023363145454521063414 5 1202502064.002854
0125103023363145454521063414 5 1202502064.002859
0125105023363145454521063414 5 1202502064.002903
0125106023363145454521063414 5 1202502064.002908
0125100024363145454521063414 5 1202502064.002913
0125102024363145454521063414 5 1202502064.002918
0125103024363145454521063414 5 1202502064.002922
0125105024363145454521063414 5 1202502064.002927
0125106024363145454521063414 5 1202502064.002932
0125100026363145454521063414 5 1202502064.002936
0125102026363145454521063414 5 1202502064.002941
0125103026363145454521063414 5 1202502064.002946
0125105026363145454521063414 5 1202502064.002951
0125106026363145454521063414 5 1202502064.002955
0122103020163055454521063414 5 1202502064.003001
0121105220333155454521063414 2 1202502064.003006
0122100020363155454521063414 5 1202502064.003011
0125100020363155454521063414 5 1202502064.003015
0122102020363155454521063414 5 1202502064.003020
0125102020363155454521063414 5 1202502064.003025
0122103020363155454521063414 5 1202502064.003029
0125103020363155454521063414 5 1202502064.003034
0122105020363155454521063414 5 1202502064.003039
0125105020363155454521063414 5 1202502064.003044
0122106020363155454521063414 5 1202502064.003048
0125106020363155454521063414 5 1202502064.003053
0122100021363155454521063414 2 1202502064.003058
0125100021363155454521063414 2 1202502064.003102
0122102021363155454521063414 2 1202502064.003107
0125102021363155454521063414 2 1202502064.003112
0122103021363155454521063414 2 1202502064.003117
0125103021363155454521063414 2 1202502064.003121
0122105021363155454521063414 2 1202502064.003126
0125105021363155454521063414 2 1202502064.003131
0122106021363155454521063414 2 1202502064.003135
0125106021363155454521063414 2 1202502064.003140
0125100023363155454521063414 5 1202502064.003145
0125102023363155454521063414 5 1202502064.003149
0125103023363155454521063414 5 1202502064.003154
0125105023363155454521063414 5 1202502064.003159
0125106023363155454521063414 5 1202502064.003204
0125100024363155454521063414 5 1202502064.003208
0125102024363155454521063414 5 1202502064.003213
0125103024363155454521063414 5 1202502064.003218
0125105024363155454521063414 5 1202502064.003222
0125106024363155454521063414 5 1202502064.003227
0125100026363155454521063414 5 1202502064.003232
0125102026363155454521063414 5 1202502064.003237
0125103026363155454521063414 5 1202502064.003241
0125105026363155454521063414 5 1202502064.003246
0125106026363155454521063414 5 1202502064.003251
0121102220633404424226603045 2 1202502064.004008
0121102220633414424226603045 2 1202502064.004159
0121102220633424424226603045 2 1202502064.004350
0121102220633444424226603045 2 1202502064.004652
0121102220633454424226603045 2 1202502064.004842
0121102220643200434226603045 2 1202502064.004854
0121102220643210434226603045 2 1202502064.004900
0121102220643220434226603045 2 1202502064.004905
0121102220643240434226603045 2 1202502064.004910
0121102220643250434226603045 2 1202502064.004916
0121102220643201434226603045 2 1202502064.004921
0121102220643211434226603045 2 1202502064.004926
0121102220643221434226603045 2 1202502064.004932
0121102220643241434226603045 2 1202502064.004937
0121102220643251434226603045 2 1202502064.004943
0121102220643202434226603045 2 1202502064.004948
0121102220643212434226603045 2 1202502064.004953
0121102220643222434226603045 2 1202502064.004959
0121102220643242434226603045 2 1202502064.005004
0121102220643252434226603045 2 1202502064.005009
0121102220643204434226603045 2 1202502064.005015
0121102220643214434226603045 2 1202502064.005020
0121102220643224434226603045 2 1202502064.005025
0121102220643244434226603045 2 1202502064.005031
0121102220643254434226603045 2 1202502064.005036
0121102220643205434226603045 2 1202502064.005042
0121102220643215434226603045 2 1202502064.005047
0121102220643225434226603045 2 1202502064.005052
0121102220643245434226603045 2 1202502064.005057
0121102220643255434226603045 2 1202502064.005103
0121102220633404424526603045 2 1202502064.005856
0121102220633414424526603045 2 1202502064.010046
0121102220633424424526603045 2 1202502064.010237
0121102220633444424526603045 2 1202502064.010538
0121102220633454424526603045 2 1202502064.010729
0121102220643200434526603045 2 1202502064.010744
0121102220643210434526603045 2 1202502064.010749
0121102220643220434526603045 2 1202502064.010755
0121102220643240434526603045 2 1202502064.010800
0121102220643250434526603045 2 1202502064.010806
0121102220643201434526603045 2 1202502064.010812
0121102220643211434526603045 2 1202502064.010817
0121102220643221434526603045 2 1202502064.010823
0121102220643241434526603045 2 1202502064.010828
0121102220643251434526603045 2 1202502064.010834
0121102220643202434526603045 2 1202502064.010840
0121102220643212434526603045 2 1202502064.010845
0121102220643222434526603045 2 1202502064.010851
0121102220643242434526603045 2 1202502064.010856
0121102220643252434526603045 2 1202502064.010902
0121102220643204434526603045 2 1202502064.010907
0121102220643214434526603045 2 1202502064.010913
0121102220643224434526603045 2 1202502064.010919
0121102220643244434526603045 2 1202502064.010924
0121102220643254434526603045 2 1202502064.010930
0121102220643205434526603045 2 1202502064.010935
0121102220643215434526603045 2 1202502064.010941
0121102220643225434526603045 2 1202502064.010947
0121102220643245434526603045 2 1202502064.010952
0121102220643255434526603045 2 1202502064.010958
0125103021163000424220103455 2 1202502064.011330
0125100021363100424220103455 2 1202502064.011335
0125102021363100424220103455 2 1202502064.011340
0125103021363100424220103455 2 1202502064.011345
0125105021363100424220103455 1 1202502064.011350
0125106021363100424220103455 2 1202502064.011354
0125103021163010424220103455 2 1202502064.011401
0125100021363110424220103455 2 1202502064.011406
0125102021363110424220103455 2 1202502064.011411
0125103021363110424220103455 2 1202502064.011415
0125105021363110424220103455 1 1202502064.011420
0125106021363110424220103455 2 1202502064.011425
0125103021163020424220103455 2 1202502064.011431
0125100021363120424220103455 2 1202502064.011437
0125102021363120424220103455 2 1202502064.011441
0125103021363120424220103455 2 1202502064.011446
0125105021363120424220103455 1 1202502064.011451
0125106021363120424220103455 2 1202502064.011455
0125103021163040424220103455 2 1202502064.011506
0125100021363140424220103455 2 1202502064.011517
0125102021363140424220103455 2 1202502064.011527
0125103021363140424220103455 2 1202502064.011532
0125105021363140424220103455 1 1202502064.011537
0125106021363140424220103455 2 1202502064.011541
0125103021163050424220103455 2 1202502064.011548
0125100021363150424220103455 2 1202502064.011554
0125102021363150424220103455 2 1202502064.011558
0125103021363150424220103455 2 1202502064.011603
0125105021363150424220103455 1 1202502064.011608
0125106021363150424220103455 2 1202502064.011612
0125103021163001424220103455 2 1202502064.011619
0125100021363101424220103455 2 1202502064.011624
0125102021363101424220103455 2 1202502064.011629
0125103021363101424220103455 2 1202502064.011634
0125105021363101424220103455 1 1202502064.011638
0125106021363101424220103455 2 1202502064.011643
0125103021163011424220103455 2 1202502064.011650
0125100021363111424220103455 2 1202502064.011655
0125102021363111424220103455 2 1202502064.011659
0125103021363111424220103455 2 1202502064.011704
0125105021363111424220103455 1 1202502064.011709
0125106021363111424220103455 2 1202502064.011714
0125103021163021424220103455 2 1202502064.011720
0125100021363121424220103455 2 1202502064.011725
0125102021363121424220103455 2 1202502064.011730
0125103021363121424220103455 2 1202502064.011735
0125105021363121424220103455 1 1202502064.011739
0125106021363121424220103455 2 1202502064.011744
0125103021163041424220103455 2 1202502064.011751
0125100021363141424220103455 2 1202502064.011756
0125102021363141424220103455 2 1202502064.011801
0125103021363141424220103455 2 1202502064.011806
0125105021363141424220103455 1 1202502064.011810
0125106021363141424220103455 2 1202502064.011815
0125103021163051424220103455 2 1202502064.011822
0125100021363151424220103455 2 1202502064.011827
0125102021363151424220103455 2 1202502064.011831
0125103021363151424220103455 2 1202502064.011836
0125105021363151424220103455 1 1202502064.011841
0125106021363151424220103455 2 1202502064.011846
0125103021163002424220103455 2 1202502064.011852
0125100021363102424220103455 2 1202502064.011857
0125102021363102424220103455 2 1202502064.011902
0125103021363102424220103455 2 1202502064.011907
0125105021363102424220103455 1 1202502064.011911
0125106021363102424220103455 2 1202502064.011916
0125103021163012424220103455 2 1202502064.011923
0125100021363112424220103455 2 1202502064.011928
0125102021363112424220103455 2 1202502064.011933
0125103021363112424220103455 2 1202502064.011937
0125105021363112424220103455 1 1202502064.011942
0125106021363112424220103455 2 1202502064.011947
0125103021163022424220103455 2 1202502064.011953
0125100021363122424220103455 2 1202502064.011959
0125102021363122424220103455 2 1202502064.012003
0125103021363122424220103455 2 1202502064.012008
0125105021363122424220103455 1 1202502064.012013
0125106021363122424220103455 2 1202502064.012017
0125103021163042424220103455 2 1202502064.012024
0125100021363142424220103455 2 1202502064.012029
0125102021363142424220103455 2 1202502064.012034
0125103021363142424220103455 2 1202502064.012039
0125105021363142424220103455 1 1202502064.012043
0125106021363142424220103455 2 1202502064.012048
0125103021163052424220103455 2 1202502064.012055
0125100021363152424220103455 2 1202502064.012100
0125102021363152424220103455 2 1202502064.012105
0125103021363152424220103455 2 1202502064.012109
0125105021363152424220103455 1 1202502064.012114
0125106021363152424220103455 2 1202502064.012119
0125103021163004424220103455 2 1202502064.012143
0125100021363104424220103455 2 1202502064.012158
0125102021363104424220103455 2 1202502064.012203
0125103021363104424220103455 2 1202502064.012208
0125105021363104424220103455 1 1202502064.012213
0125106021363104424220103455 2 1202502064.012217
0125103021163014424220103455 2 1202502064.012242
0125100021363114424220103455 2 1202502064.012258
0125102021363114424220103455 2 1202502064.012302
0125103021363114424220103455 2 1202502064.012307
0125105021363114424220103455 1 1202502064.012312
0125106021363114424220103455 2 1202502064.012317
0125103021163024424220103455 2 1202502064.012341
0125100021363124424220103455 2 1202502064.012357
0125102021363124424220103455 2 1202502064.012402
0125103021363124424220103455 2 1202502064.012406
0125105021363124424220103455 1 1202502064.012411
0125106021363124424220103455 2 1202502064.012416
0125103021163044424220103455 2 1202502064.012441
0125100021363144424220103455 2 1202502064.012459
0125102021363144424220103455 2 1202502064.012507
0125103021363144424220103455 2 1202502064.012511
0125105021363144424220103455 1 1202502064.012516
0125106021363144424220103455 2 1202502064.012521
0125103021163054424220103455 2 1202502064.012546
0125100021363154424220103455 2 1202502064.012601
0125102021363154424220103455 2 1202502064.012606
0125103021363154424220103455 2 1202502064.012611
0125105021363154424220103455 1 1202502064.012616
0125106021363154424220103455 2 1202502064.012620
0125103021163005424220103455 2 1202502064.012628
0125100021363105424220103455 2 1202502064.012633
0125102021363105424220103455 2 1202502064.012638
0125103021363105424220103455 2 1202502064.012642
0125105021363105424220103455 1 1202502064.012647
0125106021363105424220103455 2 1202502064.012652
0125103021163015424220103455 2 1202502064.012658
0125100021363115424220103455 2 1202502064.012703
0125102021363115424220103455 2 1202502064.012708
0125103021363115424220103455 2 1202502064.012713
0125105021363115424220103455 1 1202502064.012718
0125106021363115424220103455 2 1202502064.012722
0125103021163025424220103455 2 1202502064.012729
0125100021363125424220103455 2 1202502064.012734
0125102021363125424220103455 2 1202502064.012739
0125103021363125424220103455 2 1202502064.012743
0125105021363125424220103455 1 1202502064.012748
0125106021363125424220103455 2 1202502064.012753
0125103021163045424220103455 2 1202502064.012800
0125100021363145424220103455 2 1202502064.012805
0125102021363145424220103455 2 1202502064.012810
0125103021363145424220103455 2 1202502064.012814
0125105021363145424220103455 1 1202502064.012819
0125106021363145424220103455 2 1202502064.012824
0125103021163055424220103455 2 1202502064.012830
0125100021363155424220103455 2 1202502064.012836
0125102021363155424220103455 2 1202502064.012840
0125103021363155424220103455 2 1202502064.012845
0125105021363155424220103455 1 1202502064.012850
0125106021363155424220103455 2 1202502064.012854
0122105526363000454220103455 1 1202502064.012947
0122105526363010454220103455 1 1202502064.012954
0122105526363020454220103455 1 1202502064.013002
0122105526363040454220103455 1 1202502064.013045
0122105526363050454220103455 1 1202502064.013103
0122105526363001454220103455 1 1202502064.013110
0122105526363011454220103455 1 1202502064.013118
0122105526363021454220103455 1 1202502064.013125
0112102526303041454220103455 1 1202502064.013133
0122105526363041454220103455 1 1202502064.013138
0122105526363051454220103455 1 1202502064.013148
0122105526363002454220103455 1 1202502064.013156
0122105526363012454220103455 1 1202502064.013203
0122105526363022454220103455 1 1202502064.013211
0122103021163042454220103455 2 1202502064.013218
0122105526363042454220103455 1 1202502064.013223
0122105526363052454220103455 1 1202502064.013230
0122105526363004454220103455 1 1202502064.013424
0122105526333104454220103455 1 1202502064.013449
0122105526363014454220103455 1 1202502064.013712
0122105526333114454220103455 1 1202502064.013737
0122105526363024454220103455 1 1202502064.014001
0122105526333124454220103455 1 1202502064.014026
0122105526363044454220103455 1 1202502064.014258
0122105526333144454220103455 1 1202502064.014333
0122105526363054454220103455 1 1202502064.014559
0122105526333154454220103455 1 1202502064.014624
0122105526363005454220103455 1 1202502064.014702
0122105526333105454220103455 1 1202502064.014707
0122105526363015454220103455 1 1202502064.014715
0122105526333115454220103455 1 1202502064.014720
0122105526363025454220103455 1 1202502064.014727
0122105526333125454220103455 1 1202502064.014732
0112102526303045454220103455 1 1202502064.014739
0122103021163045454220103455 2 1202502064.014744
0122105526363045454220103455 1 1202502064.014748
0122105526333145454220103455 1 1202502064.014754
0122105526363055454220103455 1 1202502064.014801
0122105526333155454220103455 1 1202502064.014806
0125103021163000424520103455 2 1202502064.015115
0125100021363100424520103455 2 1202502064.015120
0125102021363100424520103455 2 1202502064.015125
0125103021363100424520103455 2 1202502064.015130
0125105021363100424520103455 1 1202502064.015134
0125106021363100424520103455 2 1202502064.015139
0125103021163010424520103455 2 1202502064.015146
0125100021363110424520103455 2 1202502064.015151
0125102021363110424520103455 2 1202502064.015156
0125103021363110424520103455 2 1202502064.015200
0125105021363110424520103455 1 1202502064.015205
0125106021363110424520103455 2 1202502064.015210
0125103021163020424520103455 2 1202502064.015216
0125100021363120424520103455 2 1202502064.015221
0125102021363120424520103455 2 1202502064.015226
0125103021363120424520103455 2 1202502064.015231
0125105021363120424520103455 1 1202502064.015236
0125106021363120424520103455 2 1202502064.015240
0125103021163040424520103455 2 1202502064.015251
0125100021363140424520103455 2 1202502064.015302
0125102021363140424520103455 2 1202502064.015312
0125103021363140424520103455 2 1202502064.015317
0125105021363140424520103455 1 1202502064.015322
0125106021363140424520103455 2 1202502064.015327
0125103021163050424520103455 2 1202502064.015334
0125100021363150424520103455 2 1202502064.015339
0125102021363150424520103455 2 1202502064.015343
0125103021363150424520103455 2 1202502064.015348
0125105021363150424520103455 1 1202502064.015353
0125106021363150424520103455 2 1202502064.015357
0125103021163001424520103455 2 1202502064.015404
0125100021363101424520103455 2 1202502064.015410
0125102021363101424520103455 2 1202502064.015414
0125103021363101424520103455 2 1202502064.015419
0125105021363101424520103455 1 1202502064.015424
0125106021363101424520103455 2 1202502064.015428
0125103021163011424520103455 2 1202502064.015435
0125100021363111424520103455 2 1202502064.015441
0125102021363111424520103455 2 1202502064.015445
0125103021363111424520103455 2 1202502064.015450
0125105021363111424520103455 1 1202502064.015455
0125106021363111424520103455 2 1202502064.015459
0125103021163021424520103455 2 1202502064.015506
0125100021363121424520103455 2 1202502064.015512
0125102021363121424520103455 2 1202502064.015516
0125103021363121424520103455 2 1202502064.015521
0125105021363121424520103455 1 1202502064.015526
0125106021363121424520103455 2 1202502064.015530
0125103021163041424520103455 2 1202502064.015537
0125100021363141424520103455 2 1202502064.015543
0125102021363141424520103455 2 1202502064.015547
0125103021363141424520103455 2 1202502064.015552
0125105021363141424520103455 1 1202502064.015557
0125106021363141424520103455 2 1202502064.015601
0125103021163051424520103455 2 1202502064.015608
0125100021363151424520103455 2 1202502064.015614
0125102021363151424520103455 2 1202502064.015618
0125103021363151424520103455 2 1202502064.015623
0125105021363151424520103455 1 1202502064.015628
0125106021363151424520103455 2 1202502064.015632
0125103021163002424520103455 2 1202502064.015639
0125100021363102424520103455 2 1202502064.015644
0125102021363102424520103455 2 1202502064.015649
0125103021363102424520103455 2 1202502064.015654
0125105021363102424520103455 1 1202502064.015658
0125106021363102424520103455 2 1202502064.015703
0125103021163012424520103455 2 1202502064.015710
0125100021363112424520103455 2 1202502064.015715
0125102021363112424520103455 2 1202502064.015720
0125103021363112424520103455 2 1202502064.015724
0125105021363112424520103455 1 1202502064.015729
0125106021363112424520103455 2 1202502064.015734
0125103021163022424520103455 2 1202502064.015740
0125100021363122424520103455 2 1202502064.015745
0125102021363122424520103455 2 1202502064.015750
0125103021363122424520103455 2 1202502064.015755
0125105021363122424520103455 1 1202502064.015759
0125106021363122424520103455 2 1202502064.015804
0125103021163042424520103455 2 1202502064.015811
0125100021363142424520103455 2 1202502064.015816
0125102021363142424520103455 2 1202502064.015821
0125103021363142424520103455 2 1202502064.015826
0125105021363142424520103455 1 1202502064.015830
0125106021363142424520103455 2 1202502064.015835
0125103021163052424520103455 2 1202502064.015842
0125100021363152424520103455 2 1202502064.015847
0125102021363152424520103455 2 1202502064.015852
0125103021363152424520103455 2 1202502064.015856
0125105021363152424520103455 1 1202502064.015901
0125106021363152424520103455 2 1202502064.015906
0125103021163004424520103455 2 1202502064.015930
0125100021363104424520103455 2 1202502064.015945
0125102021363104424520103455 2 1202502064.015950
0125103021363104424520103455 2 1202502064.015954
0125105021363104424520103455 1 1202502064.015959
0125106021363104424520103455 2 1202502064.020004
0125103021163014424520103455 2 1202502064.020029
0125100021363114424520103455 2 1202502064.020044
0125102021363114424520103455 2 1202502064.020048
0125103021363114424520103455 2 1202502064.020053
0125105021363114424520103455 1 1202502064.020058
0125106021363114424520103455 2 1202502064.020102
0125103021163024424520103455 2 1202502064.020127
0125100021363124424520103455 2 1202502064.020142
0125102021363124424520103455 2 1202502064.020147
0125103021363124424520103455 2 1202502064.020151
0125105021363124424520103455 1 1202502064.020156
0125106021363124424520103455 2 1202502064.020201
0125103021163044424520103455 2 1202502064.020226
0125100021363144424520103455 2 1202502064.020243
0125102021363144424520103455 2 1202502064.020251
0125103021363144424520103455 2 1202502064.020255
0125105021363144424520103455 1 1202502064.020300
0125106021363144424520103455 2 1202502064.020305
0125103021163054424520103455 2 1202502064.020330
0125100021363154424520103455 2 1202502064.020345
0125102021363154424520103455 2 1202502064.020349
0125103021363154424520103455 2 1202502064.020354
0125105021363154424520103455 1 1202502064.020359
0125106021363154424520103455 2 1202502064.020403
0125103021163005424520103455 2 1202502064.020410
0125100021363105424520103455 2 1202502064.020415
0125102021363105424520103455 2 1202502064.020420
0125103021363105424520103455 2 1202502064.020425
0125105021363105424520103455 1 1202502064.020429
0125106021363105424520103455 2 1202502064.020434
0125103021163015424520103455 2 1202502064.020441
0125100021363115424520103455 2 1202502064.020446
0125102021363115424520103455 2 1202502064.020451
0125103021363115424520103455 2 1202502064.020455
0125105021363115424520103455 1 1202502064.020500
0125106021363115424520103455 2 1202502064.020505
0125103021163025424520103455 2 1202502064.020511
0125100021363125424520103455 2 1202502064.020517
0125102021363125424520103455 2 1202502064.020521
0125103021363125424520103455 2 1202502064.020526
0125105021363125424520103455 1 1202502064.020531
0125106021363125424520103455 2 1202502064.020535
0125103021163045424520103455 2 1202502064.020542
0125100021363145424520103455 2 1202502064.020547
0125102021363145424520103455 2 1202502064.020552
0125103021363145424520103455 2 1202502064.020557
0125105021363145424520103455 1 1202502064.020601
0125106021363145424520103455 2 1202502064.020606
0125103021163055424520103455 2 1202502064.020613
0125100021363155424520103455 2 1202502064.020618
0125102021363155424520103455 2 1202502064.020623
0125103021363155424520103455 2 1202502064.020627
0125105021363155424520103455 1 1202502064.020632
0125106021363155424520103455 2 1202502064.020637
0122105526363000454520103455 1 1202502064.020730
0122105526363010454520103455 1 1202502064.020737
0122105526363020454520103455 1 1202502064.020745
0122105526363040454520103455 1 1202502064.020829
0122105526363050454520103455 1 1202502064.020846
0122105526363001454520103455 1 1202502064.020855
0122105526363011454520103455 1 1202502064.020903
0122105526363021454520103455 1 1202502064.020912
0112102526303041454520103455 1 1202502064.020919
0122105526363041454520103455 1 1202502064.020925
0122105526363051454520103455 1 1202502064.020936
0122105526363002454520103455 1 1202502064.020943
0122105526363012454520103455 1 1202502064.020951
0122105526363022454520103455 1 1202502064.020958
0122103021163042454520103455 2 1202502064.021005
0122105526363042454520103455 1 1202502064.021010
0122105526363052454520103455 1 1202502064.021017
0122105526363004454520103455 1 1202502064.021210
0122105526333104454520103455 1 1202502064.021235
0122105526363014454520103455 1 1202502064.021459
0122105526333114454520103455 1 1202502064.021524
0122105526363024454520103455 1 1202502064.021748
0122105526333124454520103455 1 1202502064.021813
0122105526363044454520103455 1 1202502064.022044
0122105526333144454520103455 1 1202502064.022120
0122105526363054454520103455 1 1202502064.022346
0122105526333154454520103455 1 1202502064.022411
0122105526363005454520103455 1 1202502064.022449
0122105526333105454520103455 1 1202502064.022454
0122105526363015454520103455 1 1202502064.022501
0122105526333115454520103455 1 1202502064.022506
0122105526363025454520103455 1 1202502064.022512
0122105526333125454520103455 1 1202502064.022517
0112102526303045454520103455 1 1202502064.022524
0122103021163045454520103455 2 1202502064.022529
0122105526363045454520103455 1 1202502064.022534
0122105526333145454520103455 1 1202502064.022539
0122105526363055454520103455 1 1202502064.022546
0122105526333155454520103455 1 1202502064.022551
