729
case #0  ::  [3226154728018]:  { 1 1 2 0 1 2 0 1 2 1 2 0 1 2 0 1 2 0 2 0 1 2 0 1 2 0 1 }  --->  41797 timesteps
case #1  ::  [3226154728021]:  { 1 2 2 0 1 2 0 1 2 1 2 0 1 2 0 1 2 0 2 0 1 2 0 1 2 0 1 }  --->  1377 timesteps
case #2  ::  [3226154728000]:  { 1 1 0 0 1 2 0 1 2 1 2 0 1 2 0 1 2 0 2 0 1 2 0 1 2 0 1 }  --->  11186 timesteps
case #3  ::  [3226154728045]:  { 1 1 2 1 1 2 0 1 2 1 2 0 1 2 0 1 2 0 2 0 1 2 0 1 2 0 1 }  --->  3 timesteps
case #4  ::  [3226154728099]:  { 1 1 2 0 2 2 0 1 2 1 2 0 1 2 0 1 2 0 2 0 1 2 0 1 2 0 1 }  --->  5305 timesteps
case #5  ::  [3226154727532]:  { 1 1 2 0 1 0 0 1 2 1 2 0 1 2 0 1 2 0 2 0 1 2 0 1 2 0 1 }  --->  48693 timesteps
case #6  ::  [3226154728747]:  { 1 1 2 0 1 2 1 1 2 1 2 0 1 2 0 1 2 0 2 0 1 2 0 1 2 0 1 }  --->  5483 timesteps
case #7  ::  [3226154730205]:  { 1 1 2 0 1 2 0 2 2 1 2 0 1 2 0 1 2 0 2 0 1 2 0 1 2 0 1 }  --->  11872 timesteps
case #8  ::  [3226154714896]:  { 1 1 2 0 1 2 0 1 0 1 2 0 1 2 0 1 2 0 2 0 1 2 0 1 2 0 1 }  --->  7415 timesteps
case #9  ::  [3226154747701]:  { 1 1 2 0 1 2 0 1 2 2 2 0 1 2 0 1 2 0 2 0 1 2 0 1 2 0 1 }  --->  12941 timesteps
case #10  ::  [3226154609920]:  { 1 1 2 0 1 2 0 1 2 1 0 0 1 2 0 1 2 0 2 0 1 2 0 1 2 0 1 }  --->  29742 timesteps
case #11  ::  [3226154905165]:  { 1 1 2 0 1 2 0 1 2 1 2 1 1 2 0 1 2 0 2 0 1 2 0 1 2 0 1 }  --->  13408 timesteps
case #12  ::  [3226155259459]:  { 1 1 2 0 1 2 0 1 2 1 2 0 2 2 0 1 2 0 2 0 1 2 0 1 2 0 1 }  --->  63089 timesteps
case #13  ::  [3226151539372]:  { 1 1 2 0 1 2 0 1 2 1 2 0 1 0 0 1 2 0 2 0 1 2 0 1 2 0 1 }  --->  3806 timesteps
case #14  ::  [3226159510987]:  { 1 1 2 0 1 2 0 1 2 1 2 0 1 2 1 1 2 0 2 0 1 2 0 1 2 0 1 }  --->  31229 timesteps
case #15  ::  [3226169076925]:  { 1 1 2 0 1 2 0 1 2 1 2 0 1 2 0 2 2 0 2 0 1 2 0 1 2 0 1 }  --->  7388 timesteps
case #16  ::  [3226068634576]:  { 1 1 2 0 1 2 0 1 2 1 2 0 1 2 0 1 0 0 2 0 1 2 0 1 2 0 1 }  --->  2464 timesteps
case #17  ::  [3226283868181]:  { 1 1 2 0 1 2 0 1 2 1 2 0 1 2 0 1 2 1 2 0 1 2 0 1 2 0 1 }  --->  38403 timesteps
case #18  ::  [3225379887040]:  { 1 1 2 0 1 2 0 1 2 1 2 0 1 2 0 1 2 0 0 0 1 2 0 1 2 0 1 }  --->  6075 timesteps
case #19  ::  [3227316989485]:  { 1 1 2 0 1 2 0 1 2 1 2 0 1 2 0 1 2 0 2 1 1 2 0 1 2 0 1 }  --->  9673 timesteps
case #20  ::  [3229641512419]:  { 1 1 2 0 1 2 0 1 2 1 2 0 1 2 0 1 2 0 2 0 2 2 0 1 2 0 1 }  --->  12468 timesteps
case #21  ::  [3205234021612]:  { 1 1 2 0 1 2 0 1 2 1 2 0 1 2 0 1 2 0 2 0 1 0 0 1 2 0 1 }  --->  7098 timesteps
case #22  ::  [3257535787627]:  { 1 1 2 0 1 2 0 1 2 1 2 0 1 2 0 1 2 0 2 0 1 2 1 1 2 0 1 }  --->  1301 timesteps
case #23  ::  [3320297906845]:  { 1 1 2 0 1 2 0 1 2 1 2 0 1 2 0 1 2 0 2 0 1 2 0 2 2 0 1 }  --->  45929 timesteps
case #24  ::  [2661295655056]:  { 1 1 2 0 1 2 0 1 2 1 2 0 1 2 0 1 2 0 2 0 1 2 0 1 0 0 1 }  --->  18659 timesteps
case #25  ::  [4073443337461]:  { 1 1 2 0 1 2 0 1 2 1 2 0 1 2 0 1 2 0 2 0 1 2 0 1 2 1 1 }  --->  48721 timesteps
case #26  ::  [5768020556347]:  { 1 1 2 0 1 2 0 1 2 1 2 0 1 2 0 1 2 0 2 0 1 2 0 1 2 0 2 }  --->  39833 timesteps
case #27  ::  [3226154728021]:  { 1 2 2 0 1 2 0 1 2 1 2 0 1 2 0 1 2 0 2 0 1 2 0 1 2 0 1 }  --->  1377 timesteps
case #28  ::  [3226154728020]:  { 0 2 2 0 1 2 0 1 2 1 2 0 1 2 0 1 2 0 2 0 1 2 0 1 2 0 1 }  --->  37174 timesteps
case #29  ::  [3226154728002]:  { 0 2 0 0 1 2 0 1 2 1 2 0 1 2 0 1 2 0 2 0 1 2 0 1 2 0 1 }  --->  1115 timesteps
case #30  ::  [3226154728047]:  { 0 2 2 1 1 2 0 1 2 1 2 0 1 2 0 1 2 0 2 0 1 2 0 1 2 0 1 }  --->  21847 timesteps
case #31  ::  [3226154728101]:  { 0 2 2 0 2 2 0 1 2 1 2 0 1 2 0 1 2 0 2 0 1 2 0 1 2 0 1 }  --->  17379 timesteps
case #32  ::  [3226154727534]:  { 0 2 2 0 1 0 0 1 2 1 2 0 1 2 0 1 2 0 2 0 1 2 0 1 2 0 1 }  --->  34 timesteps
case #33  ::  [3226154728749]:  { 0 2 2 0 1 2 1 1 2 1 2 0 1 2 0 1 2 0 2 0 1 2 0 1 2 0 1 }  --->  40356 timesteps
case #34  ::  [3226154730207]:  { 0 2 2 0 1 2 0 2 2 1 2 0 1 2 0 1 2 0 2 0 1 2 0 1 2 0 1 }  --->  19882 timesteps
case #35  ::  [3226154714898]:  { 0 2 2 0 1 2 0 1 0 1 2 0 1 2 0 1 2 0 2 0 1 2 0 1 2 0 1 }  --->  38895 timesteps
case #36  ::  [3226154747703]:  { 0 2 2 0 1 2 0 1 2 2 2 0 1 2 0 1 2 0 2 0 1 2 0 1 2 0 1 }  --->  28944 timesteps
case #37  ::  [3226154609922]:  { 0 2 2 0 1 2 0 1 2 1 0 0 1 2 0 1 2 0 2 0 1 2 0 1 2 0 1 }  --->  3353 timesteps
case #38  ::  [3226154905167]:  { 0 2 2 0 1 2 0 1 2 1 2 1 1 2 0 1 2 0 2 0 1 2 0 1 2 0 1 }  --->  24305 timesteps
case #39  ::  [3226155259461]:  { 0 2 2 0 1 2 0 1 2 1 2 0 2 2 0 1 2 0 2 0 1 2 0 1 2 0 1 }  --->  6590 timesteps
case #40  ::  [3226151539374]:  { 0 2 2 0 1 2 0 1 2 1 2 0 1 0 0 1 2 0 2 0 1 2 0 1 2 0 1 }  --->  86578 timesteps
case #41  ::  [3226159510989]:  { 0 2 2 0 1 2 0 1 2 1 2 0 1 2 1 1 2 0 2 0 1 2 0 1 2 0 1 }  --->  5157 timesteps
case #42  ::  [3226169076927]:  { 0 2 2 0 1 2 0 1 2 1 2 0 1 2 0 2 2 0 2 0 1 2 0 1 2 0 1 }  --->  251 timesteps
case #43  ::  [3226068634578]:  { 0 2 2 0 1 2 0 1 2 1 2 0 1 2 0 1 0 0 2 0 1 2 0 1 2 0 1 }  --->  64778 timesteps
case #44  ::  [3226283868183]:  { 0 2 2 0 1 2 0 1 2 1 2 0 1 2 0 1 2 1 2 0 1 2 0 1 2 0 1 }  --->  38739 timesteps
case #45  ::  [3225379887042]:  { 0 2 2 0 1 2 0 1 2 1 2 0 1 2 0 1 2 0 0 0 1 2 0 1 2 0 1 }  --->  13649 timesteps
case #46  ::  [3227316989487]:  { 0 2 2 0 1 2 0 1 2 1 2 0 1 2 0 1 2 0 2 1 1 2 0 1 2 0 1 }  --->  48282 timesteps
case #47  ::  [3229641512421]:  { 0 2 2 0 1 2 0 1 2 1 2 0 1 2 0 1 2 0 2 0 2 2 0 1 2 0 1 }  --->  6111 timesteps
case #48  ::  [3205234021614]:  { 0 2 2 0 1 2 0 1 2 1 2 0 1 2 0 1 2 0 2 0 1 0 0 1 2 0 1 }  --->  2307 timesteps
case #49  ::  [3257535787629]:  { 0 2 2 0 1 2 0 1 2 1 2 0 1 2 0 1 2 0 2 0 1 2 1 1 2 0 1 }  --->  2606 timesteps
case #50  ::  [3320297906847]:  { 0 2 2 0 1 2 0 1 2 1 2 0 1 2 0 1 2 0 2 0 1 2 0 2 2 0 1 }  --->  379 timesteps
case #51  ::  [2661295655058]:  { 0 2 2 0 1 2 0 1 2 1 2 0 1 2 0 1 2 0 2 0 1 2 0 1 0 0 1 }  --->  8765 timesteps
case #52  ::  [4073443337463]:  { 0 2 2 0 1 2 0 1 2 1 2 0 1 2 0 1 2 0 2 0 1 2 0 1 2 1 1 }  --->  73 timesteps
case #53  ::  [5768020556349]:  { 0 2 2 0 1 2 0 1 2 1 2 0 1 2 0 1 2 0 2 0 1 2 0 1 2 0 2 }  --->  28433 timesteps
case #54  ::  [3226154728000]:  { 1 1 0 0 1 2 0 1 2 1 2 0 1 2 0 1 2 0 2 0 1 2 0 1 2 0 1 }  --->  11186 timesteps
case #55  ::  [3226154728002]:  { 0 2 0 0 1 2 0 1 2 1 2 0 1 2 0 1 2 0 2 0 1 2 0 1 2 0 1 }  --->  1115 timesteps
case #56  ::  [3226154727999]:  { 0 1 0 0 1 2 0 1 2 1 2 0 1 2 0 1 2 0 2 0 1 2 0 1 2 0 1 }  --->  581 timesteps
case #57  ::  [3226154728026]:  { 0 1 0 1 1 2 0 1 2 1 2 0 1 2 0 1 2 0 2 0 1 2 0 1 2 0 1 }  --->  284 timesteps
case #58  ::  [3226154728080]:  { 0 1 0 0 2 2 0 1 2 1 2 0 1 2 0 1 2 0 2 0 1 2 0 1 2 0 1 }  --->  1417 timesteps
case #59  ::  [3226154727513]:  { 0 1 0 0 1 0 0 1 2 1 2 0 1 2 0 1 2 0 2 0 1 2 0 1 2 0 1 }  --->  2230 timesteps
case #60  ::  [3226154728728]:  { 0 1 0 0 1 2 1 1 2 1 2 0 1 2 0 1 2 0 2 0 1 2 0 1 2 0 1 }  --->  4595 timesteps
case #61  ::  [3226154730186]:  { 0 1 0 0 1 2 0 2 2 1 2 0 1 2 0 1 2 0 2 0 1 2 0 1 2 0 1 }  --->  173 timesteps
case #62  ::  [3226154714877]:  { 0 1 0 0 1 2 0 1 0 1 2 0 1 2 0 1 2 0 2 0 1 2 0 1 2 0 1 }  --->  16152 timesteps
case #63  ::  [3226154747682]:  { 0 1 0 0 1 2 0 1 2 2 2 0 1 2 0 1 2 0 2 0 1 2 0 1 2 0 1 }  --->  271 timesteps
case #64  ::  [3226154609901]:  { 0 1 0 0 1 2 0 1 2 1 0 0 1 2 0 1 2 0 2 0 1 2 0 1 2 0 1 }  --->  124 timesteps
case #65  ::  [3226154905146]:  { 0 1 0 0 1 2 0 1 2 1 2 1 1 2 0 1 2 0 2 0 1 2 0 1 2 0 1 }  --->  16014 timesteps
case #66  ::  [3226155259440]:  { 0 1 0 0 1 2 0 1 2 1 2 0 2 2 0 1 2 0 2 0 1 2 0 1 2 0 1 }  --->  81 timesteps
case #67  ::  [3226151539353]:  { 0 1 0 0 1 2 0 1 2 1 2 0 1 0 0 1 2 0 2 0 1 2 0 1 2 0 1 }  --->  162 timesteps
case #68  ::  [3226159510968]:  { 0 1 0 0 1 2 0 1 2 1 2 0 1 2 1 1 2 0 2 0 1 2 0 1 2 0 1 }  --->  9133 timesteps
case #69  ::  [3226169076906]:  { 0 1 0 0 1 2 0 1 2 1 2 0 1 2 0 2 2 0 2 0 1 2 0 1 2 0 1 }  --->  121 timesteps
case #70  ::  [3226068634557]:  { 0 1 0 0 1 2 0 1 2 1 2 0 1 2 0 1 0 0 2 0 1 2 0 1 2 0 1 }  --->  500 timesteps
case #71  ::  [3226283868162]:  { 0 1 0 0 1 2 0 1 2 1 2 0 1 2 0 1 2 1 2 0 1 2 0 1 2 0 1 }  --->  157 timesteps
case #72  ::  [3225379887021]:  { 0 1 0 0 1 2 0 1 2 1 2 0 1 2 0 1 2 0 0 0 1 2 0 1 2 0 1 }  --->  253 timesteps
case #73  ::  [3227316989466]:  { 0 1 0 0 1 2 0 1 2 1 2 0 1 2 0 1 2 0 2 1 1 2 0 1 2 0 1 }  --->  227 timesteps
case #74  ::  [3229641512400]:  { 0 1 0 0 1 2 0 1 2 1 2 0 1 2 0 1 2 0 2 0 2 2 0 1 2 0 1 }  --->  1880 timesteps
case #75  ::  [3205234021593]:  { 0 1 0 0 1 2 0 1 2 1 2 0 1 2 0 1 2 0 2 0 1 0 0 1 2 0 1 }  --->  1019 timesteps
case #76  ::  [3257535787608]:  { 0 1 0 0 1 2 0 1 2 1 2 0 1 2 0 1 2 0 2 0 1 2 1 1 2 0 1 }  --->  4331 timesteps
case #77  ::  [3320297906826]:  { 0 1 0 0 1 2 0 1 2 1 2 0 1 2 0 1 2 0 2 0 1 2 0 2 2 0 1 }  --->  164 timesteps
case #78  ::  [2661295655037]:  { 0 1 0 0 1 2 0 1 2 1 2 0 1 2 0 1 2 0 2 0 1 2 0 1 0 0 1 }  --->  181 timesteps
case #79  ::  [4073443337442]:  { 0 1 0 0 1 2 0 1 2 1 2 0 1 2 0 1 2 0 2 0 1 2 0 1 2 1 1 }  --->  7776 timesteps
case #80  ::  [5768020556328]:  { 0 1 0 0 1 2 0 1 2 1 2 0 1 2 0 1 2 0 2 0 1 2 0 1 2 0 2 }  --->  4817 timesteps
case #81  ::  [3226154728045]:  { 1 1 2 1 1 2 0 1 2 1 2 0 1 2 0 1 2 0 2 0 1 2 0 1 2 0 1 }  --->  3 timesteps
case #82  ::  [3226154728047]:  { 0 2 2 1 1 2 0 1 2 1 2 0 1 2 0 1 2 0 2 0 1 2 0 1 2 0 1 }  --->  21847 timesteps
case #83  ::  [3226154728026]:  { 0 1 0 1 1 2 0 1 2 1 2 0 1 2 0 1 2 0 2 0 1 2 0 1 2 0 1 }  --->  284 timesteps
case #84  ::  [3226154728044]:  { 0 1 2 1 1 2 0 1 2 1 2 0 1 2 0 1 2 0 2 0 1 2 0 1 2 0 1 }  --->  28824 timesteps
case #85  ::  [3226154728125]:  { 0 1 2 1 2 2 0 1 2 1 2 0 1 2 0 1 2 0 2 0 1 2 0 1 2 0 1 }  --->  498 timesteps
case #86  ::  [3226154727558]:  { 0 1 2 1 1 0 0 1 2 1 2 0 1 2 0 1 2 0 2 0 1 2 0 1 2 0 1 }  --->  2543 timesteps
case #87  ::  [3226154728773]:  { 0 1 2 1 1 2 1 1 2 1 2 0 1 2 0 1 2 0 2 0 1 2 0 1 2 0 1 }  --->  46433 timesteps
case #88  ::  [3226154730231]:  { 0 1 2 1 1 2 0 2 2 1 2 0 1 2 0 1 2 0 2 0 1 2 0 1 2 0 1 }  --->  1875 timesteps
case #89  ::  [3226154714922]:  { 0 1 2 1 1 2 0 1 0 1 2 0 1 2 0 1 2 0 2 0 1 2 0 1 2 0 1 }  --->  2780 timesteps
case #90  ::  [3226154747727]:  { 0 1 2 1 1 2 0 1 2 2 2 0 1 2 0 1 2 0 2 0 1 2 0 1 2 0 1 }  --->  71281 timesteps
case #91  ::  [3226154609946]:  { 0 1 2 1 1 2 0 1 2 1 0 0 1 2 0 1 2 0 2 0 1 2 0 1 2 0 1 }  --->  16026 timesteps
case #92  ::  [3226154905191]:  { 0 1 2 1 1 2 0 1 2 1 2 1 1 2 0 1 2 0 2 0 1 2 0 1 2 0 1 }  --->  10185 timesteps
case #93  ::  [3226155259485]:  { 0 1 2 1 1 2 0 1 2 1 2 0 2 2 0 1 2 0 2 0 1 2 0 1 2 0 1 }  --->  17925 timesteps
case #94  ::  [3226151539398]:  { 0 1 2 1 1 2 0 1 2 1 2 0 1 0 0 1 2 0 2 0 1 2 0 1 2 0 1 }  --->  15534 timesteps
case #95  ::  [3226159511013]:  { 0 1 2 1 1 2 0 1 2 1 2 0 1 2 1 1 2 0 2 0 1 2 0 1 2 0 1 }  --->  26868 timesteps
case #96  ::  [3226169076951]:  { 0 1 2 1 1 2 0 1 2 1 2 0 1 2 0 2 2 0 2 0 1 2 0 1 2 0 1 }  --->  2910 timesteps
case #97  ::  [3226068634602]:  { 0 1 2 1 1 2 0 1 2 1 2 0 1 2 0 1 0 0 2 0 1 2 0 1 2 0 1 }  --->  899 timesteps
case #98  ::  [3226283868207]:  { 0 1 2 1 1 2 0 1 2 1 2 0 1 2 0 1 2 1 2 0 1 2 0 1 2 0 1 }  --->  16717 timesteps
case #99  ::  [3225379887066]:  { 0 1 2 1 1 2 0 1 2 1 2 0 1 2 0 1 2 0 0 0 1 2 0 1 2 0 1 }  --->  868 timesteps
case #100  ::  [3227316989511]:  { 0 1 2 1 1 2 0 1 2 1 2 0 1 2 0 1 2 0 2 1 1 2 0 1 2 0 1 }  --->  53387 timesteps
case #101  ::  [3229641512445]:  { 0 1 2 1 1 2 0 1 2 1 2 0 1 2 0 1 2 0 2 0 2 2 0 1 2 0 1 }  --->  8592 timesteps
case #102  ::  [3205234021638]:  { 0 1 2 1 1 2 0 1 2 1 2 0 1 2 0 1 2 0 2 0 1 0 0 1 2 0 1 }  --->  71750 timesteps
case #103  ::  [3257535787653]:  { 0 1 2 1 1 2 0 1 2 1 2 0 1 2 0 1 2 0 2 0 1 2 1 1 2 0 1 }  --->  12922 timesteps
case #104  ::  [3320297906871]:  { 0 1 2 1 1 2 0 1 2 1 2 0 1 2 0 1 2 0 2 0 1 2 0 2 2 0 1 }  --->  23627 timesteps
case #105  ::  [2661295655082]:  { 0 1 2 1 1 2 0 1 2 1 2 0 1 2 0 1 2 0 2 0 1 2 0 1 0 0 1 }  --->  1119 timesteps
case #106  ::  [4073443337487]:  { 0 1 2 1 1 2 0 1 2 1 2 0 1 2 0 1 2 0 2 0 1 2 0 1 2 1 1 }  --->  31401 timesteps
case #107  ::  [5768020556373]:  { 0 1 2 1 1 2 0 1 2 1 2 0 1 2 0 1 2 0 2 0 1 2 0 1 2 0 2 }  --->  9206 timesteps
case #108  ::  [3226154728099]:  { 1 1 2 0 2 2 0 1 2 1 2 0 1 2 0 1 2 0 2 0 1 2 0 1 2 0 1 }  --->  5305 timesteps
case #109  ::  [3226154728101]:  { 0 2 2 0 2 2 0 1 2 1 2 0 1 2 0 1 2 0 2 0 1 2 0 1 2 0 1 }  --->  17379 timesteps
case #110  ::  [3226154728080]:  { 0 1 0 0 2 2 0 1 2 1 2 0 1 2 0 1 2 0 2 0 1 2 0 1 2 0 1 }  --->  1417 timesteps
case #111  ::  [3226154728125]:  { 0 1 2 1 2 2 0 1 2 1 2 0 1 2 0 1 2 0 2 0 1 2 0 1 2 0 1 }  --->  498 timesteps
case #112  ::  [3226154728098]:  { 0 1 2 0 2 2 0 1 2 1 2 0 1 2 0 1 2 0 2 0 1 2 0 1 2 0 1 }  --->  1300 timesteps
case #113  ::  [3226154727612]:  { 0 1 2 0 2 0 0 1 2 1 2 0 1 2 0 1 2 0 2 0 1 2 0 1 2 0 1 }  --->  104 timesteps
case #114  ::  [3226154728827]:  { 0 1 2 0 2 2 1 1 2 1 2 0 1 2 0 1 2 0 2 0 1 2 0 1 2 0 1 }  --->  20743 timesteps
case #115  ::  [3226154730285]:  { 0 1 2 0 2 2 0 2 2 1 2 0 1 2 0 1 2 0 2 0 1 2 0 1 2 0 1 }  --->  5007 timesteps
case #116  ::  [3226154714976]:  { 0 1 2 0 2 2 0 1 0 1 2 0 1 2 0 1 2 0 2 0 1 2 0 1 2 0 1 }  --->  357 timesteps
case #117  ::  [3226154747781]:  { 0 1 2 0 2 2 0 1 2 2 2 0 1 2 0 1 2 0 2 0 1 2 0 1 2 0 1 }  --->  3888 timesteps
case #118  ::  [3226154610000]:  { 0 1 2 0 2 2 0 1 2 1 0 0 1 2 0 1 2 0 2 0 1 2 0 1 2 0 1 }  --->  13872 timesteps
case #119  ::  [3226154905245]:  { 0 1 2 0 2 2 0 1 2 1 2 1 1 2 0 1 2 0 2 0 1 2 0 1 2 0 1 }  --->  43638 timesteps
case #120  ::  [3226155259539]:  { 0 1 2 0 2 2 0 1 2 1 2 0 2 2 0 1 2 0 2 0 1 2 0 1 2 0 1 }  --->  24272 timesteps
case #121  ::  [3226151539452]:  { 0 1 2 0 2 2 0 1 2 1 2 0 1 0 0 1 2 0 2 0 1 2 0 1 2 0 1 }  --->  45622 timesteps
case #122  ::  [3226159511067]:  { 0 1 2 0 2 2 0 1 2 1 2 0 1 2 1 1 2 0 2 0 1 2 0 1 2 0 1 }  --->  2673 timesteps
case #123  ::  [3226169077005]:  { 0 1 2 0 2 2 0 1 2 1 2 0 1 2 0 2 2 0 2 0 1 2 0 1 2 0 1 }  --->  48 timesteps
case #124  ::  [3226068634656]:  { 0 1 2 0 2 2 0 1 2 1 2 0 1 2 0 1 0 0 2 0 1 2 0 1 2 0 1 }  --->  3136 timesteps
case #125  ::  [3226283868261]:  { 0 1 2 0 2 2 0 1 2 1 2 0 1 2 0 1 2 1 2 0 1 2 0 1 2 0 1 }  --->  220 timesteps
case #126  ::  [3225379887120]:  { 0 1 2 0 2 2 0 1 2 1 2 0 1 2 0 1 2 0 0 0 1 2 0 1 2 0 1 }  --->  10118 timesteps
case #127  ::  [3227316989565]:  { 0 1 2 0 2 2 0 1 2 1 2 0 1 2 0 1 2 0 2 1 1 2 0 1 2 0 1 }  --->  199 timesteps
case #128  ::  [3229641512499]:  { 0 1 2 0 2 2 0 1 2 1 2 0 1 2 0 1 2 0 2 0 2 2 0 1 2 0 1 }  --->  1585 timesteps
case #129  ::  [3205234021692]:  { 0 1 2 0 2 2 0 1 2 1 2 0 1 2 0 1 2 0 2 0 1 0 0 1 2 0 1 }  --->  2755 timesteps
case #130  ::  [3257535787707]:  { 0 1 2 0 2 2 0 1 2 1 2 0 1 2 0 1 2 0 2 0 1 2 1 1 2 0 1 }  --->  579 timesteps
case #131  ::  [3320297906925]:  { 0 1 2 0 2 2 0 1 2 1 2 0 1 2 0 1 2 0 2 0 1 2 0 2 2 0 1 }  --->  114 timesteps
case #132  ::  [2661295655136]:  { 0 1 2 0 2 2 0 1 2 1 2 0 1 2 0 1 2 0 2 0 1 2 0 1 0 0 1 }  --->  2665 timesteps
case #133  ::  [4073443337541]:  { 0 1 2 0 2 2 0 1 2 1 2 0 1 2 0 1 2 0 2 0 1 2 0 1 2 1 1 }  --->  958 timesteps
case #134  ::  [5768020556427]:  { 0 1 2 0 2 2 0 1 2 1 2 0 1 2 0 1 2 0 2 0 1 2 0 1 2 0 2 }  --->  13568 timesteps
case #135  ::  [3226154727532]:  { 1 1 2 0 1 0 0 1 2 1 2 0 1 2 0 1 2 0 2 0 1 2 0 1 2 0 1 }  --->  48693 timesteps
case #136  ::  [3226154727534]:  { 0 2 2 0 1 0 0 1 2 1 2 0 1 2 0 1 2 0 2 0 1 2 0 1 2 0 1 }  --->  34 timesteps
case #137  ::  [3226154727513]:  { 0 1 0 0 1 0 0 1 2 1 2 0 1 2 0 1 2 0 2 0 1 2 0 1 2 0 1 }  --->  2230 timesteps
case #138  ::  [3226154727558]:  { 0 1 2 1 1 0 0 1 2 1 2 0 1 2 0 1 2 0 2 0 1 2 0 1 2 0 1 }  --->  2543 timesteps
case #139  ::  [3226154727612]:  { 0 1 2 0 2 0 0 1 2 1 2 0 1 2 0 1 2 0 2 0 1 2 0 1 2 0 1 }  --->  104 timesteps
case #140  ::  [3226154727531]:  { 0 1 2 0 1 0 0 1 2 1 2 0 1 2 0 1 2 0 2 0 1 2 0 1 2 0 1 }  --->  28919 timesteps
case #141  ::  [3226154728260]:  { 0 1 2 0 1 0 1 1 2 1 2 0 1 2 0 1 2 0 2 0 1 2 0 1 2 0 1 }  --->  951 timesteps
case #142  ::  [3226154729718]:  { 0 1 2 0 1 0 0 2 2 1 2 0 1 2 0 1 2 0 2 0 1 2 0 1 2 0 1 }  --->  102 timesteps
case #143  ::  [3226154714409]:  { 0 1 2 0 1 0 0 1 0 1 2 0 1 2 0 1 2 0 2 0 1 2 0 1 2 0 1 }  --->  12942 timesteps
case #144  ::  [3226154747214]:  { 0 1 2 0 1 0 0 1 2 2 2 0 1 2 0 1 2 0 2 0 1 2 0 1 2 0 1 }  --->  7316 timesteps
case #145  ::  [3226154609433]:  { 0 1 2 0 1 0 0 1 2 1 0 0 1 2 0 1 2 0 2 0 1 2 0 1 2 0 1 }  --->  1418 timesteps
case #146  ::  [3226154904678]:  { 0 1 2 0 1 0 0 1 2 1 2 1 1 2 0 1 2 0 2 0 1 2 0 1 2 0 1 }  --->  1245 timesteps
case #147  ::  [3226155258972]:  { 0 1 2 0 1 0 0 1 2 1 2 0 2 2 0 1 2 0 2 0 1 2 0 1 2 0 1 }  --->  2163 timesteps
case #148  ::  [3226151538885]:  { 0 1 2 0 1 0 0 1 2 1 2 0 1 0 0 1 2 0 2 0 1 2 0 1 2 0 1 }  --->  1822 timesteps
case #149  ::  [3226159510500]:  { 0 1 2 0 1 0 0 1 2 1 2 0 1 2 1 1 2 0 2 0 1 2 0 1 2 0 1 }  --->  4919 timesteps
case #150  ::  [3226169076438]:  { 0 1 2 0 1 0 0 1 2 1 2 0 1 2 0 2 2 0 2 0 1 2 0 1 2 0 1 }  --->  7248 timesteps
case #151  ::  [3226068634089]:  { 0 1 2 0 1 0 0 1 2 1 2 0 1 2 0 1 0 0 2 0 1 2 0 1 2 0 1 }  --->  1436 timesteps
case #152  ::  [3226283867694]:  { 0 1 2 0 1 0 0 1 2 1 2 0 1 2 0 1 2 1 2 0 1 2 0 1 2 0 1 }  --->  3104 timesteps
case #153  ::  [3225379886553]:  { 0 1 2 0 1 0 0 1 2 1 2 0 1 2 0 1 2 0 0 0 1 2 0 1 2 0 1 }  --->  2659 timesteps
case #154  ::  [3227316988998]:  { 0 1 2 0 1 0 0 1 2 1 2 0 1 2 0 1 2 0 2 1 1 2 0 1 2 0 1 }  --->  399 timesteps
case #155  ::  [3229641511932]:  { 0 1 2 0 1 0 0 1 2 1 2 0 1 2 0 1 2 0 2 0 2 2 0 1 2 0 1 }  --->  393 timesteps
case #156  ::  [3205234021125]:  { 0 1 2 0 1 0 0 1 2 1 2 0 1 2 0 1 2 0 2 0 1 0 0 1 2 0 1 }  --->  41682 timesteps
case #157  ::  [3257535787140]:  { 0 1 2 0 1 0 0 1 2 1 2 0 1 2 0 1 2 0 2 0 1 2 1 1 2 0 1 }  --->  5226 timesteps
case #158  ::  [3320297906358]:  { 0 1 2 0 1 0 0 1 2 1 2 0 1 2 0 1 2 0 2 0 1 2 0 2 2 0 1 }  --->  138 timesteps
case #159  ::  [2661295654569]:  { 0 1 2 0 1 0 0 1 2 1 2 0 1 2 0 1 2 0 2 0 1 2 0 1 0 0 1 }  --->  7802 timesteps
case #160  ::  [4073443336974]:  { 0 1 2 0 1 0 0 1 2 1 2 0 1 2 0 1 2 0 2 0 1 2 0 1 2 1 1 }  --->  8920 timesteps
case #161  ::  [5768020555860]:  { 0 1 2 0 1 0 0 1 2 1 2 0 1 2 0 1 2 0 2 0 1 2 0 1 2 0 2 }  --->  476 timesteps
case #162  ::  [3226154728747]:  { 1 1 2 0 1 2 1 1 2 1 2 0 1 2 0 1 2 0 2 0 1 2 0 1 2 0 1 }  --->  5483 timesteps
case #163  ::  [3226154728749]:  { 0 2 2 0 1 2 1 1 2 1 2 0 1 2 0 1 2 0 2 0 1 2 0 1 2 0 1 }  --->  40356 timesteps
case #164  ::  [3226154728728]:  { 0 1 0 0 1 2 1 1 2 1 2 0 1 2 0 1 2 0 2 0 1 2 0 1 2 0 1 }  --->  4595 timesteps
case #165  ::  [3226154728773]:  { 0 1 2 1 1 2 1 1 2 1 2 0 1 2 0 1 2 0 2 0 1 2 0 1 2 0 1 }  --->  46433 timesteps
case #166  ::  [3226154728827]:  { 0 1 2 0 2 2 1 1 2 1 2 0 1 2 0 1 2 0 2 0 1 2 0 1 2 0 1 }  --->  20743 timesteps
case #167  ::  [3226154728260]:  { 0 1 2 0 1 0 1 1 2 1 2 0 1 2 0 1 2 0 2 0 1 2 0 1 2 0 1 }  --->  951 timesteps
case #168  ::  [3226154728746]:  { 0 1 2 0 1 2 1 1 2 1 2 0 1 2 0 1 2 0 2 0 1 2 0 1 2 0 1 }  --->  7572 timesteps
case #169  ::  [3226154730933]:  { 0 1 2 0 1 2 1 2 2 1 2 0 1 2 0 1 2 0 2 0 1 2 0 1 2 0 1 }  --->  4201 timesteps
case #170  ::  [3226154715624]:  { 0 1 2 0 1 2 1 1 0 1 2 0 1 2 0 1 2 0 2 0 1 2 0 1 2 0 1 }  --->  11193 timesteps
case #171  ::  [3226154748429]:  { 0 1 2 0 1 2 1 1 2 2 2 0 1 2 0 1 2 0 2 0 1 2 0 1 2 0 1 }  --->  2707 timesteps
case #172  ::  [3226154610648]:  { 0 1 2 0 1 2 1 1 2 1 0 0 1 2 0 1 2 0 2 0 1 2 0 1 2 0 1 }  --->  14991 timesteps
case #173  ::  [3226154905893]:  { 0 1 2 0 1 2 1 1 2 1 2 1 1 2 0 1 2 0 2 0 1 2 0 1 2 0 1 }  --->  16590 timesteps
case #174  ::  [3226155260187]:  { 0 1 2 0 1 2 1 1 2 1 2 0 2 2 0 1 2 0 2 0 1 2 0 1 2 0 1 }  --->  4830 timesteps
case #175  ::  [3226151540100]:  { 0 1 2 0 1 2 1 1 2 1 2 0 1 0 0 1 2 0 2 0 1 2 0 1 2 0 1 }  --->  20265 timesteps
case #176  ::  [3226159511715]:  { 0 1 2 0 1 2 1 1 2 1 2 0 1 2 1 1 2 0 2 0 1 2 0 1 2 0 1 }  --->  12767 timesteps
case #177  ::  [3226169077653]:  { 0 1 2 0 1 2 1 1 2 1 2 0 1 2 0 2 2 0 2 0 1 2 0 1 2 0 1 }  --->  15786 timesteps
case #178  ::  [3226068635304]:  { 0 1 2 0 1 2 1 1 2 1 2 0 1 2 0 1 0 0 2 0 1 2 0 1 2 0 1 }  --->  24885 timesteps
case #179  ::  [3226283868909]:  { 0 1 2 0 1 2 1 1 2 1 2 0 1 2 0 1 2 1 2 0 1 2 0 1 2 0 1 }  --->  45211 timesteps
case #180  ::  [3225379887768]:  { 0 1 2 0 1 2 1 1 2 1 2 0 1 2 0 1 2 0 0 0 1 2 0 1 2 0 1 }  --->  8560 timesteps
case #181  ::  [3227316990213]:  { 0 1 2 0 1 2 1 1 2 1 2 0 1 2 0 1 2 0 2 1 1 2 0 1 2 0 1 }  --->  10449 timesteps
case #182  ::  [3229641513147]:  { 0 1 2 0 1 2 1 1 2 1 2 0 1 2 0 1 2 0 2 0 2 2 0 1 2 0 1 }  --->  3929 timesteps
case #183  ::  [3205234022340]:  { 0 1 2 0 1 2 1 1 2 1 2 0 1 2 0 1 2 0 2 0 1 0 0 1 2 0 1 }  --->  1639 timesteps
case #184  ::  [3257535788355]:  { 0 1 2 0 1 2 1 1 2 1 2 0 1 2 0 1 2 0 2 0 1 2 1 1 2 0 1 }  --->  3333 timesteps
case #185  ::  [3320297907573]:  { 0 1 2 0 1 2 1 1 2 1 2 0 1 2 0 1 2 0 2 0 1 2 0 2 2 0 1 }  --->  169 timesteps
case #186  ::  [2661295655784]:  { 0 1 2 0 1 2 1 1 2 1 2 0 1 2 0 1 2 0 2 0 1 2 0 1 0 0 1 }  --->  42387 timesteps
case #187  ::  [4073443338189]:  { 0 1 2 0 1 2 1 1 2 1 2 0 1 2 0 1 2 0 2 0 1 2 0 1 2 1 1 }  --->  793 timesteps
case #188  ::  [5768020557075]:  { 0 1 2 0 1 2 1 1 2 1 2 0 1 2 0 1 2 0 2 0 1 2 0 1 2 0 2 }  --->  10231 timesteps
case #189  ::  [3226154730205]:  { 1 1 2 0 1 2 0 2 2 1 2 0 1 2 0 1 2 0 2 0 1 2 0 1 2 0 1 }  --->  11872 timesteps
case #190  ::  [3226154730207]:  { 0 2 2 0 1 2 0 2 2 1 2 0 1 2 0 1 2 0 2 0 1 2 0 1 2 0 1 }  --->  19882 timesteps
case #191  ::  [3226154730186]:  { 0 1 0 0 1 2 0 2 2 1 2 0 1 2 0 1 2 0 2 0 1 2 0 1 2 0 1 }  --->  173 timesteps
case #192  ::  [3226154730231]:  { 0 1 2 1 1 2 0 2 2 1 2 0 1 2 0 1 2 0 2 0 1 2 0 1 2 0 1 }  --->  1875 timesteps
case #193  ::  [3226154730285]:  { 0 1 2 0 2 2 0 2 2 1 2 0 1 2 0 1 2 0 2 0 1 2 0 1 2 0 1 }  --->  5007 timesteps
case #194  ::  [3226154729718]:  { 0 1 2 0 1 0 0 2 2 1 2 0 1 2 0 1 2 0 2 0 1 2 0 1 2 0 1 }  --->  102 timesteps
case #195  ::  [3226154730933]:  { 0 1 2 0 1 2 1 2 2 1 2 0 1 2 0 1 2 0 2 0 1 2 0 1 2 0 1 }  --->  4201 timesteps
case #196  ::  [3226154730204]:  { 0 1 2 0 1 2 0 2 2 1 2 0 1 2 0 1 2 0 2 0 1 2 0 1 2 0 1 }  --->  32506 timesteps
case #197  ::  [3226154717082]:  { 0 1 2 0 1 2 0 2 0 1 2 0 1 2 0 1 2 0 2 0 1 2 0 1 2 0 1 }  --->  5342 timesteps
case #198  ::  [3226154749887]:  { 0 1 2 0 1 2 0 2 2 2 2 0 1 2 0 1 2 0 2 0 1 2 0 1 2 0 1 }  --->  8600 timesteps
case #199  ::  [3226154612106]:  { 0 1 2 0 1 2 0 2 2 1 0 0 1 2 0 1 2 0 2 0 1 2 0 1 2 0 1 }  --->  8417 timesteps
case #200  ::  [3226154907351]:  { 0 1 2 0 1 2 0 2 2 1 2 1 1 2 0 1 2 0 2 0 1 2 0 1 2 0 1 }  --->  3093 timesteps
case #201  ::  [3226155261645]:  { 0 1 2 0 1 2 0 2 2 1 2 0 2 2 0 1 2 0 2 0 1 2 0 1 2 0 1 }  --->  14209 timesteps
case #202  ::  [3226151541558]:  { 0 1 2 0 1 2 0 2 2 1 2 0 1 0 0 1 2 0 2 0 1 2 0 1 2 0 1 }  --->  29499 timesteps
case #203  ::  [3226159513173]:  { 0 1 2 0 1 2 0 2 2 1 2 0 1 2 1 1 2 0 2 0 1 2 0 1 2 0 1 }  --->  4387 timesteps
case #204  ::  [3226169079111]:  { 0 1 2 0 1 2 0 2 2 1 2 0 1 2 0 2 2 0 2 0 1 2 0 1 2 0 1 }  --->  4714 timesteps
case #205  ::  [3226068636762]:  { 0 1 2 0 1 2 0 2 2 1 2 0 1 2 0 1 0 0 2 0 1 2 0 1 2 0 1 }  --->  15166 timesteps
case #206  ::  [3226283870367]:  { 0 1 2 0 1 2 0 2 2 1 2 0 1 2 0 1 2 1 2 0 1 2 0 1 2 0 1 }  --->  2221 timesteps
case #207  ::  [3225379889226]:  { 0 1 2 0 1 2 0 2 2 1 2 0 1 2 0 1 2 0 0 0 1 2 0 1 2 0 1 }  --->  19 timesteps
case #208  ::  [3227316991671]:  { 0 1 2 0 1 2 0 2 2 1 2 0 1 2 0 1 2 0 2 1 1 2 0 1 2 0 1 }  --->  23730 timesteps
case #209  ::  [3229641514605]:  { 0 1 2 0 1 2 0 2 2 1 2 0 1 2 0 1 2 0 2 0 2 2 0 1 2 0 1 }  --->  12282 timesteps
case #210  ::  [3205234023798]:  { 0 1 2 0 1 2 0 2 2 1 2 0 1 2 0 1 2 0 2 0 1 0 0 1 2 0 1 }  --->  11712 timesteps
case #211  ::  [3257535789813]:  { 0 1 2 0 1 2 0 2 2 1 2 0 1 2 0 1 2 0 2 0 1 2 1 1 2 0 1 }  --->  13749 timesteps
case #212  ::  [3320297909031]:  { 0 1 2 0 1 2 0 2 2 1 2 0 1 2 0 1 2 0 2 0 1 2 0 2 2 0 1 }  --->  3074 timesteps
case #213  ::  [2661295657242]:  { 0 1 2 0 1 2 0 2 2 1 2 0 1 2 0 1 2 0 2 0 1 2 0 1 0 0 1 }  --->  2572 timesteps
case #214  ::  [4073443339647]:  { 0 1 2 0 1 2 0 2 2 1 2 0 1 2 0 1 2 0 2 0 1 2 0 1 2 1 1 }  --->  4655 timesteps
case #215  ::  [5768020558533]:  { 0 1 2 0 1 2 0 2 2 1 2 0 1 2 0 1 2 0 2 0 1 2 0 1 2 0 2 }  --->  283 timesteps
case #216  ::  [3226154714896]:  { 1 1 2 0 1 2 0 1 0 1 2 0 1 2 0 1 2 0 2 0 1 2 0 1 2 0 1 }  --->  7415 timesteps
case #217  ::  [3226154714898]:  { 0 2 2 0 1 2 0 1 0 1 2 0 1 2 0 1 2 0 2 0 1 2 0 1 2 0 1 }  --->  38895 timesteps
case #218  ::  [3226154714877]:  { 0 1 0 0 1 2 0 1 0 1 2 0 1 2 0 1 2 0 2 0 1 2 0 1 2 0 1 }  --->  16152 timesteps
case #219  ::  [3226154714922]:  { 0 1 2 1 1 2 0 1 0 1 2 0 1 2 0 1 2 0 2 0 1 2 0 1 2 0 1 }  --->  2780 timesteps
case #220  ::  [3226154714976]:  { 0 1 2 0 2 2 0 1 0 1 2 0 1 2 0 1 2 0 2 0 1 2 0 1 2 0 1 }  --->  357 timesteps
case #221  ::  [3226154714409]:  { 0 1 2 0 1 0 0 1 0 1 2 0 1 2 0 1 2 0 2 0 1 2 0 1 2 0 1 }  --->  12942 timesteps
case #222  ::  [3226154715624]:  { 0 1 2 0 1 2 1 1 0 1 2 0 1 2 0 1 2 0 2 0 1 2 0 1 2 0 1 }  --->  11193 timesteps
case #223  ::  [3226154717082]:  { 0 1 2 0 1 2 0 2 0 1 2 0 1 2 0 1 2 0 2 0 1 2 0 1 2 0 1 }  --->  5342 timesteps
case #224  ::  [3226154714895]:  { 0 1 2 0 1 2 0 1 0 1 2 0 1 2 0 1 2 0 2 0 1 2 0 1 2 0 1 }  --->  61769 timesteps
case #225  ::  [3226154734578]:  { 0 1 2 0 1 2 0 1 0 2 2 0 1 2 0 1 2 0 2 0 1 2 0 1 2 0 1 }  --->  5558 timesteps
case #226  ::  [3226154596797]:  { 0 1 2 0 1 2 0 1 0 1 0 0 1 2 0 1 2 0 2 0 1 2 0 1 2 0 1 }  --->  9330 timesteps
case #227  ::  [3226154892042]:  { 0 1 2 0 1 2 0 1 0 1 2 1 1 2 0 1 2 0 2 0 1 2 0 1 2 0 1 }  --->  24801 timesteps
case #228  ::  [3226155246336]:  { 0 1 2 0 1 2 0 1 0 1 2 0 2 2 0 1 2 0 2 0 1 2 0 1 2 0 1 }  --->  17210 timesteps
case #229  ::  [3226151526249]:  { 0 1 2 0 1 2 0 1 0 1 2 0 1 0 0 1 2 0 2 0 1 2 0 1 2 0 1 }  --->  9947 timesteps
case #230  ::  [3226159497864]:  { 0 1 2 0 1 2 0 1 0 1 2 0 1 2 1 1 2 0 2 0 1 2 0 1 2 0 1 }  --->  8109 timesteps
case #231  ::  [3226169063802]:  { 0 1 2 0 1 2 0 1 0 1 2 0 1 2 0 2 2 0 2 0 1 2 0 1 2 0 1 }  --->  2619 timesteps
case #232  ::  [3226068621453]:  { 0 1 2 0 1 2 0 1 0 1 2 0 1 2 0 1 0 0 2 0 1 2 0 1 2 0 1 }  --->  22764 timesteps
case #233  ::  [3226283855058]:  { 0 1 2 0 1 2 0 1 0 1 2 0 1 2 0 1 2 1 2 0 1 2 0 1 2 0 1 }  --->  41832 timesteps
case #234  ::  [3225379873917]:  { 0 1 2 0 1 2 0 1 0 1 2 0 1 2 0 1 2 0 0 0 1 2 0 1 2 0 1 }  --->  6576 timesteps
case #235  ::  [3227316976362]:  { 0 1 2 0 1 2 0 1 0 1 2 0 1 2 0 1 2 0 2 1 1 2 0 1 2 0 1 }  --->  4919 timesteps
case #236  ::  [3229641499296]:  { 0 1 2 0 1 2 0 1 0 1 2 0 1 2 0 1 2 0 2 0 2 2 0 1 2 0 1 }  --->  950 timesteps
case #237  ::  [3205234008489]:  { 0 1 2 0 1 2 0 1 0 1 2 0 1 2 0 1 2 0 2 0 1 0 0 1 2 0 1 }  --->  1608 timesteps
case #238  ::  [3257535774504]:  { 0 1 2 0 1 2 0 1 0 1 2 0 1 2 0 1 2 0 2 0 1 2 1 1 2 0 1 }  --->  2847 timesteps
case #239  ::  [3320297893722]:  { 0 1 2 0 1 2 0 1 0 1 2 0 1 2 0 1 2 0 2 0 1 2 0 2 2 0 1 }  --->  9979 timesteps
case #240  ::  [2661295641933]:  { 0 1 2 0 1 2 0 1 0 1 2 0 1 2 0 1 2 0 2 0 1 2 0 1 0 0 1 }  --->  18949 timesteps
case #241  ::  [4073443324338]:  { 0 1 2 0 1 2 0 1 0 1 2 0 1 2 0 1 2 0 2 0 1 2 0 1 2 1 1 }  --->  2451 timesteps
case #242  ::  [5768020543224]:  { 0 1 2 0 1 2 0 1 0 1 2 0 1 2 0 1 2 0 2 0 1 2 0 1 2 0 2 }  --->  17041 timesteps
case #243  ::  [3226154747701]:  { 1 1 2 0 1 2 0 1 2 2 2 0 1 2 0 1 2 0 2 0 1 2 0 1 2 0 1 }  --->  12941 timesteps
case #244  ::  [3226154747703]:  { 0 2 2 0 1 2 0 1 2 2 2 0 1 2 0 1 2 0 2 0 1 2 0 1 2 0 1 }  --->  28944 timesteps
case #245  ::  [3226154747682]:  { 0 1 0 0 1 2 0 1 2 2 2 0 1 2 0 1 2 0 2 0 1 2 0 1 2 0 1 }  --->  271 timesteps
case #246  ::  [3226154747727]:  { 0 1 2 1 1 2 0 1 2 2 2 0 1 2 0 1 2 0 2 0 1 2 0 1 2 0 1 }  --->  71281 timesteps
case #247  ::  [3226154747781]:  { 0 1 2 0 2 2 0 1 2 2 2 0 1 2 0 1 2 0 2 0 1 2 0 1 2 0 1 }  --->  3888 timesteps
case #248  ::  [3226154747214]:  { 0 1 2 0 1 0 0 1 2 2 2 0 1 2 0 1 2 0 2 0 1 2 0 1 2 0 1 }  --->  7316 timesteps
case #249  ::  [3226154748429]:  { 0 1 2 0 1 2 1 1 2 2 2 0 1 2 0 1 2 0 2 0 1 2 0 1 2 0 1 }  --->  2707 timesteps
case #250  ::  [3226154749887]:  { 0 1 2 0 1 2 0 2 2 2 2 0 1 2 0 1 2 0 2 0 1 2 0 1 2 0 1 }  --->  8600 timesteps
case #251  ::  [3226154734578]:  { 0 1 2 0 1 2 0 1 0 2 2 0 1 2 0 1 2 0 2 0 1 2 0 1 2 0 1 }  --->  5558 timesteps
case #252  ::  [3226154747700]:  { 0 1 2 0 1 2 0 1 2 2 2 0 1 2 0 1 2 0 2 0 1 2 0 1 2 0 1 }  --->  4618 timesteps
case #253  ::  [3226154629602]:  { 0 1 2 0 1 2 0 1 2 2 0 0 1 2 0 1 2 0 2 0 1 2 0 1 2 0 1 }  --->  2676 timesteps
case #254  ::  [3226154924847]:  { 0 1 2 0 1 2 0 1 2 2 2 1 1 2 0 1 2 0 2 0 1 2 0 1 2 0 1 }  --->  16879 timesteps
case #255  ::  [3226155279141]:  { 0 1 2 0 1 2 0 1 2 2 2 0 2 2 0 1 2 0 2 0 1 2 0 1 2 0 1 }  --->  53539 timesteps
case #256  ::  [3226151559054]:  { 0 1 2 0 1 2 0 1 2 2 2 0 1 0 0 1 2 0 2 0 1 2 0 1 2 0 1 }  --->  7842 timesteps
case #257  ::  [3226159530669]:  { 0 1 2 0 1 2 0 1 2 2 2 0 1 2 1 1 2 0 2 0 1 2 0 1 2 0 1 }  --->  35465 timesteps
case #258  ::  [3226169096607]:  { 0 1 2 0 1 2 0 1 2 2 2 0 1 2 0 2 2 0 2 0 1 2 0 1 2 0 1 }  --->  10701 timesteps
case #259  ::  [3226068654258]:  { 0 1 2 0 1 2 0 1 2 2 2 0 1 2 0 1 0 0 2 0 1 2 0 1 2 0 1 }  --->  64472 timesteps
case #260  ::  [3226283887863]:  { 0 1 2 0 1 2 0 1 2 2 2 0 1 2 0 1 2 1 2 0 1 2 0 1 2 0 1 }  --->  63351 timesteps
case #261  ::  [3225379906722]:  { 0 1 2 0 1 2 0 1 2 2 2 0 1 2 0 1 2 0 0 0 1 2 0 1 2 0 1 }  --->  2 timesteps
case #262  ::  [3227317009167]:  { 0 1 2 0 1 2 0 1 2 2 2 0 1 2 0 1 2 0 2 1 1 2 0 1 2 0 1 }  --->  8974 timesteps
case #263  ::  [3229641532101]:  { 0 1 2 0 1 2 0 1 2 2 2 0 1 2 0 1 2 0 2 0 2 2 0 1 2 0 1 }  --->  14531 timesteps
case #264  ::  [3205234041294]:  { 0 1 2 0 1 2 0 1 2 2 2 0 1 2 0 1 2 0 2 0 1 0 0 1 2 0 1 }  --->  75 timesteps
case #265  ::  [3257535807309]:  { 0 1 2 0 1 2 0 1 2 2 2 0 1 2 0 1 2 0 2 0 1 2 1 1 2 0 1 }  --->  1325 timesteps
case #266  ::  [3320297926527]:  { 0 1 2 0 1 2 0 1 2 2 2 0 1 2 0 1 2 0 2 0 1 2 0 2 2 0 1 }  --->  26909 timesteps
case #267  ::  [2661295674738]:  { 0 1 2 0 1 2 0 1 2 2 2 0 1 2 0 1 2 0 2 0 1 2 0 1 0 0 1 }  --->  30 timesteps
case #268  ::  [4073443357143]:  { 0 1 2 0 1 2 0 1 2 2 2 0 1 2 0 1 2 0 2 0 1 2 0 1 2 1 1 }  --->  25049 timesteps
case #269  ::  [5768020576029]:  { 0 1 2 0 1 2 0 1 2 2 2 0 1 2 0 1 2 0 2 0 1 2 0 1 2 0 2 }  --->  2109 timesteps
case #270  ::  [3226154609920]:  { 1 1 2 0 1 2 0 1 2 1 0 0 1 2 0 1 2 0 2 0 1 2 0 1 2 0 1 }  --->  29742 timesteps
case #271  ::  [3226154609922]:  { 0 2 2 0 1 2 0 1 2 1 0 0 1 2 0 1 2 0 2 0 1 2 0 1 2 0 1 }  --->  3353 timesteps
case #272  ::  [3226154609901]:  { 0 1 0 0 1 2 0 1 2 1 0 0 1 2 0 1 2 0 2 0 1 2 0 1 2 0 1 }  --->  124 timesteps
case #273  ::  [3226154609946]:  { 0 1 2 1 1 2 0 1 2 1 0 0 1 2 0 1 2 0 2 0 1 2 0 1 2 0 1 }  --->  16026 timesteps
case #274  ::  [3226154610000]:  { 0 1 2 0 2 2 0 1 2 1 0 0 1 2 0 1 2 0 2 0 1 2 0 1 2 0 1 }  --->  13872 timesteps
case #275  ::  [3226154609433]:  { 0 1 2 0 1 0 0 1 2 1 0 0 1 2 0 1 2 0 2 0 1 2 0 1 2 0 1 }  --->  1418 timesteps
case #276  ::  [3226154610648]:  { 0 1 2 0 1 2 1 1 2 1 0 0 1 2 0 1 2 0 2 0 1 2 0 1 2 0 1 }  --->  14991 timesteps
case #277  ::  [3226154612106]:  { 0 1 2 0 1 2 0 2 2 1 0 0 1 2 0 1 2 0 2 0 1 2 0 1 2 0 1 }  --->  8417 timesteps
case #278  ::  [3226154596797]:  { 0 1 2 0 1 2 0 1 0 1 0 0 1 2 0 1 2 0 2 0 1 2 0 1 2 0 1 }  --->  9330 timesteps
case #279  ::  [3226154629602]:  { 0 1 2 0 1 2 0 1 2 2 0 0 1 2 0 1 2 0 2 0 1 2 0 1 2 0 1 }  --->  2676 timesteps
case #280  ::  [3226154609919]:  { 0 1 2 0 1 2 0 1 2 1 0 0 1 2 0 1 2 0 2 0 1 2 0 1 2 0 1 }  --->  19157 timesteps
case #281  ::  [3226154787066]:  { 0 1 2 0 1 2 0 1 2 1 0 1 1 2 0 1 2 0 2 0 1 2 0 1 2 0 1 }  --->  5501 timesteps
case #282  ::  [3226155141360]:  { 0 1 2 0 1 2 0 1 2 1 0 0 2 2 0 1 2 0 2 0 1 2 0 1 2 0 1 }  --->  73787 timesteps
case #283  ::  [3226151421273]:  { 0 1 2 0 1 2 0 1 2 1 0 0 1 0 0 1 2 0 2 0 1 2 0 1 2 0 1 }  --->  256 timesteps
case #284  ::  [3226159392888]:  { 0 1 2 0 1 2 0 1 2 1 0 0 1 2 1 1 2 0 2 0 1 2 0 1 2 0 1 }  --->  7990 timesteps
case #285  ::  [3226168958826]:  { 0 1 2 0 1 2 0 1 2 1 0 0 1 2 0 2 2 0 2 0 1 2 0 1 2 0 1 }  --->  2234 timesteps
case #286  ::  [3226068516477]:  { 0 1 2 0 1 2 0 1 2 1 0 0 1 2 0 1 0 0 2 0 1 2 0 1 2 0 1 }  --->  18466 timesteps
case #287  ::  [3226283750082]:  { 0 1 2 0 1 2 0 1 2 1 0 0 1 2 0 1 2 1 2 0 1 2 0 1 2 0 1 }  --->  18521 timesteps
case #288  ::  [3225379768941]:  { 0 1 2 0 1 2 0 1 2 1 0 0 1 2 0 1 2 0 0 0 1 2 0 1 2 0 1 }  --->  48470 timesteps
case #289  ::  [3227316871386]:  { 0 1 2 0 1 2 0 1 2 1 0 0 1 2 0 1 2 0 2 1 1 2 0 1 2 0 1 }  --->  14784 timesteps
case #290  ::  [3229641394320]:  { 0 1 2 0 1 2 0 1 2 1 0 0 1 2 0 1 2 0 2 0 2 2 0 1 2 0 1 }  --->  211 timesteps
case #291  ::  [3205233903513]:  { 0 1 2 0 1 2 0 1 2 1 0 0 1 2 0 1 2 0 2 0 1 0 0 1 2 0 1 }  --->  4649 timesteps
case #292  ::  [3257535669528]:  { 0 1 2 0 1 2 0 1 2 1 0 0 1 2 0 1 2 0 2 0 1 2 1 1 2 0 1 }  --->  4291 timesteps
case #293  ::  [3320297788746]:  { 0 1 2 0 1 2 0 1 2 1 0 0 1 2 0 1 2 0 2 0 1 2 0 2 2 0 1 }  --->  529 timesteps
case #294  ::  [2661295536957]:  { 0 1 2 0 1 2 0 1 2 1 0 0 1 2 0 1 2 0 2 0 1 2 0 1 0 0 1 }  --->  13347 timesteps
case #295  ::  [4073443219362]:  { 0 1 2 0 1 2 0 1 2 1 0 0 1 2 0 1 2 0 2 0 1 2 0 1 2 1 1 }  --->  9498 timesteps
case #296  ::  [5768020438248]:  { 0 1 2 0 1 2 0 1 2 1 0 0 1 2 0 1 2 0 2 0 1 2 0 1 2 0 2 }  --->  21590 timesteps
case #297  ::  [3226154905165]:  { 1 1 2 0 1 2 0 1 2 1 2 1 1 2 0 1 2 0 2 0 1 2 0 1 2 0 1 }  --->  13408 timesteps
case #298  ::  [3226154905167]:  { 0 2 2 0 1 2 0 1 2 1 2 1 1 2 0 1 2 0 2 0 1 2 0 1 2 0 1 }  --->  24305 timesteps
case #299  ::  [3226154905146]:  { 0 1 0 0 1 2 0 1 2 1 2 1 1 2 0 1 2 0 2 0 1 2 0 1 2 0 1 }  --->  16014 timesteps
case #300  ::  [3226154905191]:  { 0 1 2 1 1 2 0 1 2 1 2 1 1 2 0 1 2 0 2 0 1 2 0 1 2 0 1 }  --->  10185 timesteps
case #301  ::  [3226154905245]:  { 0 1 2 0 2 2 0 1 2 1 2 1 1 2 0 1 2 0 2 0 1 2 0 1 2 0 1 }  --->  43638 timesteps
case #302  ::  [3226154904678]:  { 0 1 2 0 1 0 0 1 2 1 2 1 1 2 0 1 2 0 2 0 1 2 0 1 2 0 1 }  --->  1245 timesteps
case #303  ::  [3226154905893]:  { 0 1 2 0 1 2 1 1 2 1 2 1 1 2 0 1 2 0 2 0 1 2 0 1 2 0 1 }  --->  16590 timesteps
case #304  ::  [3226154907351]:  { 0 1 2 0 1 2 0 2 2 1 2 1 1 2 0 1 2 0 2 0 1 2 0 1 2 0 1 }  --->  3093 timesteps
case #305  ::  [3226154892042]:  { 0 1 2 0 1 2 0 1 0 1 2 1 1 2 0 1 2 0 2 0 1 2 0 1 2 0 1 }  --->  24801 timesteps
case #306  ::  [3226154924847]:  { 0 1 2 0 1 2 0 1 2 2 2 1 1 2 0 1 2 0 2 0 1 2 0 1 2 0 1 }  --->  16879 timesteps
case #307  ::  [3226154787066]:  { 0 1 2 0 1 2 0 1 2 1 0 1 1 2 0 1 2 0 2 0 1 2 0 1 2 0 1 }  --->  5501 timesteps
case #308  ::  [3226154905164]:  { 0 1 2 0 1 2 0 1 2 1 2 1 1 2 0 1 2 0 2 0 1 2 0 1 2 0 1 }  --->  31274 timesteps
case #309  ::  [3226155436605]:  { 0 1 2 0 1 2 0 1 2 1 2 1 2 2 0 1 2 0 2 0 1 2 0 1 2 0 1 }  --->  27010 timesteps
case #310  ::  [3226151716518]:  { 0 1 2 0 1 2 0 1 2 1 2 1 1 0 0 1 2 0 2 0 1 2 0 1 2 0 1 }  --->  13933 timesteps
case #311  ::  [3226159688133]:  { 0 1 2 0 1 2 0 1 2 1 2 1 1 2 1 1 2 0 2 0 1 2 0 1 2 0 1 }  --->  5319 timesteps
case #312  ::  [3226169254071]:  { 0 1 2 0 1 2 0 1 2 1 2 1 1 2 0 2 2 0 2 0 1 2 0 1 2 0 1 }  --->  4580 timesteps
case #313  ::  [3226068811722]:  { 0 1 2 0 1 2 0 1 2 1 2 1 1 2 0 1 0 0 2 0 1 2 0 1 2 0 1 }  --->  2317 timesteps
case #314  ::  [3226284045327]:  { 0 1 2 0 1 2 0 1 2 1 2 1 1 2 0 1 2 1 2 0 1 2 0 1 2 0 1 }  --->  9691 timesteps
case #315  ::  [3225380064186]:  { 0 1 2 0 1 2 0 1 2 1 2 1 1 2 0 1 2 0 0 0 1 2 0 1 2 0 1 }  --->  3919 timesteps
case #316  ::  [3227317166631]:  { 0 1 2 0 1 2 0 1 2 1 2 1 1 2 0 1 2 0 2 1 1 2 0 1 2 0 1 }  --->  2981 timesteps
case #317  ::  [3229641689565]:  { 0 1 2 0 1 2 0 1 2 1 2 1 1 2 0 1 2 0 2 0 2 2 0 1 2 0 1 }  --->  23398 timesteps
case #318  ::  [3205234198758]:  { 0 1 2 0 1 2 0 1 2 1 2 1 1 2 0 1 2 0 2 0 1 0 0 1 2 0 1 }  --->  29223 timesteps
case #319  ::  [3257535964773]:  { 0 1 2 0 1 2 0 1 2 1 2 1 1 2 0 1 2 0 2 0 1 2 1 1 2 0 1 }  --->  527 timesteps
case #320  ::  [3320298083991]:  { 0 1 2 0 1 2 0 1 2 1 2 1 1 2 0 1 2 0 2 0 1 2 0 2 2 0 1 }  --->  5707 timesteps
case #321  ::  [2661295832202]:  { 0 1 2 0 1 2 0 1 2 1 2 1 1 2 0 1 2 0 2 0 1 2 0 1 0 0 1 }  --->  14386 timesteps
case #322  ::  [4073443514607]:  { 0 1 2 0 1 2 0 1 2 1 2 1 1 2 0 1 2 0 2 0 1 2 0 1 2 1 1 }  --->  4991 timesteps
case #323  ::  [5768020733493]:  { 0 1 2 0 1 2 0 1 2 1 2 1 1 2 0 1 2 0 2 0 1 2 0 1 2 0 2 }  --->  6684 timesteps
case #324  ::  [3226155259459]:  { 1 1 2 0 1 2 0 1 2 1 2 0 2 2 0 1 2 0 2 0 1 2 0 1 2 0 1 }  --->  63089 timesteps
case #325  ::  [3226155259461]:  { 0 2 2 0 1 2 0 1 2 1 2 0 2 2 0 1 2 0 2 0 1 2 0 1 2 0 1 }  --->  6590 timesteps
case #326  ::  [3226155259440]:  { 0 1 0 0 1 2 0 1 2 1 2 0 2 2 0 1 2 0 2 0 1 2 0 1 2 0 1 }  --->  81 timesteps
case #327  ::  [3226155259485]:  { 0 1 2 1 1 2 0 1 2 1 2 0 2 2 0 1 2 0 2 0 1 2 0 1 2 0 1 }  --->  17925 timesteps
case #328  ::  [3226155259539]:  { 0 1 2 0 2 2 0 1 2 1 2 0 2 2 0 1 2 0 2 0 1 2 0 1 2 0 1 }  --->  24272 timesteps
case #329  ::  [3226155258972]:  { 0 1 2 0 1 0 0 1 2 1 2 0 2 2 0 1 2 0 2 0 1 2 0 1 2 0 1 }  --->  2163 timesteps
case #330  ::  [3226155260187]:  { 0 1 2 0 1 2 1 1 2 1 2 0 2 2 0 1 2 0 2 0 1 2 0 1 2 0 1 }  --->  4830 timesteps
case #331  ::  [3226155261645]:  { 0 1 2 0 1 2 0 2 2 1 2 0 2 2 0 1 2 0 2 0 1 2 0 1 2 0 1 }  --->  14209 timesteps
case #332  ::  [3226155246336]:  { 0 1 2 0 1 2 0 1 0 1 2 0 2 2 0 1 2 0 2 0 1 2 0 1 2 0 1 }  --->  17210 timesteps
case #333  ::  [3226155279141]:  { 0 1 2 0 1 2 0 1 2 2 2 0 2 2 0 1 2 0 2 0 1 2 0 1 2 0 1 }  --->  53539 timesteps
case #334  ::  [3226155141360]:  { 0 1 2 0 1 2 0 1 2 1 0 0 2 2 0 1 2 0 2 0 1 2 0 1 2 0 1 }  --->  73787 timesteps
case #335  ::  [3226155436605]:  { 0 1 2 0 1 2 0 1 2 1 2 1 2 2 0 1 2 0 2 0 1 2 0 1 2 0 1 }  --->  27010 timesteps
case #336  ::  [3226155259458]:  { 0 1 2 0 1 2 0 1 2 1 2 0 2 2 0 1 2 0 2 0 1 2 0 1 2 0 1 }  --->  24621 timesteps
case #337  ::  [3226152070812]:  { 0 1 2 0 1 2 0 1 2 1 2 0 2 0 0 1 2 0 2 0 1 2 0 1 2 0 1 }  --->  49691 timesteps
case #338  ::  [3226160042427]:  { 0 1 2 0 1 2 0 1 2 1 2 0 2 2 1 1 2 0 2 0 1 2 0 1 2 0 1 }  --->  421 timesteps
case #339  ::  [3226169608365]:  { 0 1 2 0 1 2 0 1 2 1 2 0 2 2 0 2 2 0 2 0 1 2 0 1 2 0 1 }  --->  229 timesteps
case #340  ::  [3226069166016]:  { 0 1 2 0 1 2 0 1 2 1 2 0 2 2 0 1 0 0 2 0 1 2 0 1 2 0 1 }  --->  33351 timesteps
case #341  ::  [3226284399621]:  { 0 1 2 0 1 2 0 1 2 1 2 0 2 2 0 1 2 1 2 0 1 2 0 1 2 0 1 }  --->  21524 timesteps
case #342  ::  [3225380418480]:  { 0 1 2 0 1 2 0 1 2 1 2 0 2 2 0 1 2 0 0 0 1 2 0 1 2 0 1 }  --->  9127 timesteps
case #343  ::  [3227317520925]:  { 0 1 2 0 1 2 0 1 2 1 2 0 2 2 0 1 2 0 2 1 1 2 0 1 2 0 1 }  --->  21045 timesteps
case #344  ::  [3229642043859]:  { 0 1 2 0 1 2 0 1 2 1 2 0 2 2 0 1 2 0 2 0 2 2 0 1 2 0 1 }  --->  28328 timesteps
case #345  ::  [3205234553052]:  { 0 1 2 0 1 2 0 1 2 1 2 0 2 2 0 1 2 0 2 0 1 0 0 1 2 0 1 }  --->  3024 timesteps
case #346  ::  [3257536319067]:  { 0 1 2 0 1 2 0 1 2 1 2 0 2 2 0 1 2 0 2 0 1 2 1 1 2 0 1 }  --->  1518 timesteps
case #347  ::  [3320298438285]:  { 0 1 2 0 1 2 0 1 2 1 2 0 2 2 0 1 2 0 2 0 1 2 0 2 2 0 1 }  --->  5602 timesteps
case #348  ::  [2661296186496]:  { 0 1 2 0 1 2 0 1 2 1 2 0 2 2 0 1 2 0 2 0 1 2 0 1 0 0 1 }  --->  320 timesteps
case #349  ::  [4073443868901]:  { 0 1 2 0 1 2 0 1 2 1 2 0 2 2 0 1 2 0 2 0 1 2 0 1 2 1 1 }  --->  81 timesteps
case #350  ::  [5768021087787]:  { 0 1 2 0 1 2 0 1 2 1 2 0 2 2 0 1 2 0 2 0 1 2 0 1 2 0 2 }  --->  1167 timesteps
case #351  ::  [3226151539372]:  { 1 1 2 0 1 2 0 1 2 1 2 0 1 0 0 1 2 0 2 0 1 2 0 1 2 0 1 }  --->  3806 timesteps
case #352  ::  [3226151539374]:  { 0 2 2 0 1 2 0 1 2 1 2 0 1 0 0 1 2 0 2 0 1 2 0 1 2 0 1 }  --->  86578 timesteps
case #353  ::  [3226151539353]:  { 0 1 0 0 1 2 0 1 2 1 2 0 1 0 0 1 2 0 2 0 1 2 0 1 2 0 1 }  --->  162 timesteps
case #354  ::  [3226151539398]:  { 0 1 2 1 1 2 0 1 2 1 2 0 1 0 0 1 2 0 2 0 1 2 0 1 2 0 1 }  --->  15534 timesteps
case #355  ::  [3226151539452]:  { 0 1 2 0 2 2 0 1 2 1 2 0 1 0 0 1 2 0 2 0 1 2 0 1 2 0 1 }  --->  45622 timesteps
case #356  ::  [3226151538885]:  { 0 1 2 0 1 0 0 1 2 1 2 0 1 0 0 1 2 0 2 0 1 2 0 1 2 0 1 }  --->  1822 timesteps
case #357  ::  [3226151540100]:  { 0 1 2 0 1 2 1 1 2 1 2 0 1 0 0 1 2 0 2 0 1 2 0 1 2 0 1 }  --->  20265 timesteps
case #358  ::  [3226151541558]:  { 0 1 2 0 1 2 0 2 2 1 2 0 1 0 0 1 2 0 2 0 1 2 0 1 2 0 1 }  --->  29499 timesteps
case #359  ::  [3226151526249]:  { 0 1 2 0 1 2 0 1 0 1 2 0 1 0 0 1 2 0 2 0 1 2 0 1 2 0 1 }  --->  9947 timesteps
case #360  ::  [3226151559054]:  { 0 1 2 0 1 2 0 1 2 2 2 0 1 0 0 1 2 0 2 0 1 2 0 1 2 0 1 }  --->  7842 timesteps
case #361  ::  [3226151421273]:  { 0 1 2 0 1 2 0 1 2 1 0 0 1 0 0 1 2 0 2 0 1 2 0 1 2 0 1 }  --->  256 timesteps
case #362  ::  [3226151716518]:  { 0 1 2 0 1 2 0 1 2 1 2 1 1 0 0 1 2 0 2 0 1 2 0 1 2 0 1 }  --->  13933 timesteps
case #363  ::  [3226152070812]:  { 0 1 2 0 1 2 0 1 2 1 2 0 2 0 0 1 2 0 2 0 1 2 0 1 2 0 1 }  --->  49691 timesteps
case #364  ::  [3226151539371]:  { 0 1 2 0 1 2 0 1 2 1 2 0 1 0 0 1 2 0 2 0 1 2 0 1 2 0 1 }  --->  34919 timesteps
case #365  ::  [3226156322340]:  { 0 1 2 0 1 2 0 1 2 1 2 0 1 0 1 1 2 0 2 0 1 2 0 1 2 0 1 }  --->  6690 timesteps
case #366  ::  [3226165888278]:  { 0 1 2 0 1 2 0 1 2 1 2 0 1 0 0 2 2 0 2 0 1 2 0 1 2 0 1 }  --->  40297 timesteps
case #367  ::  [3226065445929]:  { 0 1 2 0 1 2 0 1 2 1 2 0 1 0 0 1 0 0 2 0 1 2 0 1 2 0 1 }  --->  8781 timesteps
case #368  ::  [3226280679534]:  { 0 1 2 0 1 2 0 1 2 1 2 0 1 0 0 1 2 1 2 0 1 2 0 1 2 0 1 }  --->  18856 timesteps
case #369  ::  [3225376698393]:  { 0 1 2 0 1 2 0 1 2 1 2 0 1 0 0 1 2 0 0 0 1 2 0 1 2 0 1 }  --->  4012 timesteps
case #370  ::  [3227313800838]:  { 0 1 2 0 1 2 0 1 2 1 2 0 1 0 0 1 2 0 2 1 1 2 0 1 2 0 1 }  --->  29157 timesteps
case #371  ::  [3229638323772]:  { 0 1 2 0 1 2 0 1 2 1 2 0 1 0 0 1 2 0 2 0 2 2 0 1 2 0 1 }  --->  32632 timesteps
case #372  ::  [3205230832965]:  { 0 1 2 0 1 2 0 1 2 1 2 0 1 0 0 1 2 0 2 0 1 0 0 1 2 0 1 }  --->  11341 timesteps
case #373  ::  [3257532598980]:  { 0 1 2 0 1 2 0 1 2 1 2 0 1 0 0 1 2 0 2 0 1 2 1 1 2 0 1 }  --->  32801 timesteps
case #374  ::  [3320294718198]:  { 0 1 2 0 1 2 0 1 2 1 2 0 1 0 0 1 2 0 2 0 1 2 0 2 2 0 1 }  --->  180 timesteps
case #375  ::  [2661292466409]:  { 0 1 2 0 1 2 0 1 2 1 2 0 1 0 0 1 2 0 2 0 1 2 0 1 0 0 1 }  --->  3698 timesteps
case #376  ::  [4073440148814]:  { 0 1 2 0 1 2 0 1 2 1 2 0 1 0 0 1 2 0 2 0 1 2 0 1 2 1 1 }  --->  31859 timesteps
case #377  ::  [5768017367700]:  { 0 1 2 0 1 2 0 1 2 1 2 0 1 0 0 1 2 0 2 0 1 2 0 1 2 0 2 }  --->  31714 timesteps
case #378  ::  [3226159510987]:  { 1 1 2 0 1 2 0 1 2 1 2 0 1 2 1 1 2 0 2 0 1 2 0 1 2 0 1 }  --->  31229 timesteps
case #379  ::  [3226159510989]:  { 0 2 2 0 1 2 0 1 2 1 2 0 1 2 1 1 2 0 2 0 1 2 0 1 2 0 1 }  --->  5157 timesteps
case #380  ::  [3226159510968]:  { 0 1 0 0 1 2 0 1 2 1 2 0 1 2 1 1 2 0 2 0 1 2 0 1 2 0 1 }  --->  9133 timesteps
case #381  ::  [3226159511013]:  { 0 1 2 1 1 2 0 1 2 1 2 0 1 2 1 1 2 0 2 0 1 2 0 1 2 0 1 }  --->  26868 timesteps
case #382  ::  [3226159511067]:  { 0 1 2 0 2 2 0 1 2 1 2 0 1 2 1 1 2 0 2 0 1 2 0 1 2 0 1 }  --->  2673 timesteps
case #383  ::  [3226159510500]:  { 0 1 2 0 1 0 0 1 2 1 2 0 1 2 1 1 2 0 2 0 1 2 0 1 2 0 1 }  --->  4919 timesteps
case #384  ::  [3226159511715]:  { 0 1 2 0 1 2 1 1 2 1 2 0 1 2 1 1 2 0 2 0 1 2 0 1 2 0 1 }  --->  12767 timesteps
case #385  ::  [3226159513173]:  { 0 1 2 0 1 2 0 2 2 1 2 0 1 2 1 1 2 0 2 0 1 2 0 1 2 0 1 }  --->  4387 timesteps
case #386  ::  [3226159497864]:  { 0 1 2 0 1 2 0 1 0 1 2 0 1 2 1 1 2 0 2 0 1 2 0 1 2 0 1 }  --->  8109 timesteps
case #387  ::  [3226159530669]:  { 0 1 2 0 1 2 0 1 2 2 2 0 1 2 1 1 2 0 2 0 1 2 0 1 2 0 1 }  --->  35465 timesteps
case #388  ::  [3226159392888]:  { 0 1 2 0 1 2 0 1 2 1 0 0 1 2 1 1 2 0 2 0 1 2 0 1 2 0 1 }  --->  7990 timesteps
case #389  ::  [3226159688133]:  { 0 1 2 0 1 2 0 1 2 1 2 1 1 2 1 1 2 0 2 0 1 2 0 1 2 0 1 }  --->  5319 timesteps
case #390  ::  [3226160042427]:  { 0 1 2 0 1 2 0 1 2 1 2 0 2 2 1 1 2 0 2 0 1 2 0 1 2 0 1 }  --->  421 timesteps
case #391  ::  [3226156322340]:  { 0 1 2 0 1 2 0 1 2 1 2 0 1 0 1 1 2 0 2 0 1 2 0 1 2 0 1 }  --->  6690 timesteps
case #392  ::  [3226159510986]:  { 0 1 2 0 1 2 0 1 2 1 2 0 1 2 1 1 2 0 2 0 1 2 0 1 2 0 1 }  --->  32111 timesteps
case #393  ::  [3226173859893]:  { 0 1 2 0 1 2 0 1 2 1 2 0 1 2 1 2 2 0 2 0 1 2 0 1 2 0 1 }  --->  19396 timesteps
case #394  ::  [3226073417544]:  { 0 1 2 0 1 2 0 1 2 1 2 0 1 2 1 1 0 0 2 0 1 2 0 1 2 0 1 }  --->  19061 timesteps
case #395  ::  [3226288651149]:  { 0 1 2 0 1 2 0 1 2 1 2 0 1 2 1 1 2 1 2 0 1 2 0 1 2 0 1 }  --->  24602 timesteps
case #396  ::  [3225384670008]:  { 0 1 2 0 1 2 0 1 2 1 2 0 1 2 1 1 2 0 0 0 1 2 0 1 2 0 1 }  --->  29373 timesteps
case #397  ::  [3227321772453]:  { 0 1 2 0 1 2 0 1 2 1 2 0 1 2 1 1 2 0 2 1 1 2 0 1 2 0 1 }  --->  99 timesteps
case #398  ::  [3229646295387]:  { 0 1 2 0 1 2 0 1 2 1 2 0 1 2 1 1 2 0 2 0 2 2 0 1 2 0 1 }  --->  8753 timesteps
case #399  ::  [3205238804580]:  { 0 1 2 0 1 2 0 1 2 1 2 0 1 2 1 1 2 0 2 0 1 0 0 1 2 0 1 }  --->  10275 timesteps
case #400  ::  [3257540570595]:  { 0 1 2 0 1 2 0 1 2 1 2 0 1 2 1 1 2 0 2 0 1 2 1 1 2 0 1 }  --->  2900 timesteps
case #401  ::  [3320302689813]:  { 0 1 2 0 1 2 0 1 2 1 2 0 1 2 1 1 2 0 2 0 1 2 0 2 2 0 1 }  --->  12202 timesteps
case #402  ::  [2661300438024]:  { 0 1 2 0 1 2 0 1 2 1 2 0 1 2 1 1 2 0 2 0 1 2 0 1 0 0 1 }  --->  14867 timesteps
case #403  ::  [4073448120429]:  { 0 1 2 0 1 2 0 1 2 1 2 0 1 2 1 1 2 0 2 0 1 2 0 1 2 1 1 }  --->  742 timesteps
case #404  ::  [5768025339315]:  { 0 1 2 0 1 2 0 1 2 1 2 0 1 2 1 1 2 0 2 0 1 2 0 1 2 0 2 }  --->  4191 timesteps
case #405  ::  [3226169076925]:  { 1 1 2 0 1 2 0 1 2 1 2 0 1 2 0 2 2 0 2 0 1 2 0 1 2 0 1 }  --->  7388 timesteps
case #406  ::  [3226169076927]:  { 0 2 2 0 1 2 0 1 2 1 2 0 1 2 0 2 2 0 2 0 1 2 0 1 2 0 1 }  --->  251 timesteps
case #407  ::  [3226169076906]:  { 0 1 0 0 1 2 0 1 2 1 2 0 1 2 0 2 2 0 2 0 1 2 0 1 2 0 1 }  --->  121 timesteps
case #408  ::  [3226169076951]:  { 0 1 2 1 1 2 0 1 2 1 2 0 1 2 0 2 2 0 2 0 1 2 0 1 2 0 1 }  --->  2910 timesteps
case #409  ::  [3226169077005]:  { 0 1 2 0 2 2 0 1 2 1 2 0 1 2 0 2 2 0 2 0 1 2 0 1 2 0 1 }  --->  48 timesteps
case #410  ::  [3226169076438]:  { 0 1 2 0 1 0 0 1 2 1 2 0 1 2 0 2 2 0 2 0 1 2 0 1 2 0 1 }  --->  7248 timesteps
case #411  ::  [3226169077653]:  { 0 1 2 0 1 2 1 1 2 1 2 0 1 2 0 2 2 0 2 0 1 2 0 1 2 0 1 }  --->  15786 timesteps
case #412  ::  [3226169079111]:  { 0 1 2 0 1 2 0 2 2 1 2 0 1 2 0 2 2 0 2 0 1 2 0 1 2 0 1 }  --->  4714 timesteps
case #413  ::  [3226169063802]:  { 0 1 2 0 1 2 0 1 0 1 2 0 1 2 0 2 2 0 2 0 1 2 0 1 2 0 1 }  --->  2619 timesteps
case #414  ::  [3226169096607]:  { 0 1 2 0 1 2 0 1 2 2 2 0 1 2 0 2 2 0 2 0 1 2 0 1 2 0 1 }  --->  10701 timesteps
case #415  ::  [3226168958826]:  { 0 1 2 0 1 2 0 1 2 1 0 0 1 2 0 2 2 0 2 0 1 2 0 1 2 0 1 }  --->  2234 timesteps
case #416  ::  [3226169254071]:  { 0 1 2 0 1 2 0 1 2 1 2 1 1 2 0 2 2 0 2 0 1 2 0 1 2 0 1 }  --->  4580 timesteps
case #417  ::  [3226169608365]:  { 0 1 2 0 1 2 0 1 2 1 2 0 2 2 0 2 2 0 2 0 1 2 0 1 2 0 1 }  --->  229 timesteps
case #418  ::  [3226165888278]:  { 0 1 2 0 1 2 0 1 2 1 2 0 1 0 0 2 2 0 2 0 1 2 0 1 2 0 1 }  --->  40297 timesteps
case #419  ::  [3226173859893]:  { 0 1 2 0 1 2 0 1 2 1 2 0 1 2 1 2 2 0 2 0 1 2 0 1 2 0 1 }  --->  19396 timesteps
case #420  ::  [3226169076924]:  { 0 1 2 0 1 2 0 1 2 1 2 0 1 2 0 2 2 0 2 0 1 2 0 1 2 0 1 }  --->  2147 timesteps
case #421  ::  [3226082983482]:  { 0 1 2 0 1 2 0 1 2 1 2 0 1 2 0 2 0 0 2 0 1 2 0 1 2 0 1 }  --->  391 timesteps
case #422  ::  [3226298217087]:  { 0 1 2 0 1 2 0 1 2 1 2 0 1 2 0 2 2 1 2 0 1 2 0 1 2 0 1 }  --->  60 timesteps
case #423  ::  [3225394235946]:  { 0 1 2 0 1 2 0 1 2 1 2 0 1 2 0 2 2 0 0 0 1 2 0 1 2 0 1 }  --->  123 timesteps
case #424  ::  [3227331338391]:  { 0 1 2 0 1 2 0 1 2 1 2 0 1 2 0 2 2 0 2 1 1 2 0 1 2 0 1 }  --->  9873 timesteps
case #425  ::  [3229655861325]:  { 0 1 2 0 1 2 0 1 2 1 2 0 1 2 0 2 2 0 2 0 2 2 0 1 2 0 1 }  --->  476 timesteps
case #426  ::  [3205248370518]:  { 0 1 2 0 1 2 0 1 2 1 2 0 1 2 0 2 2 0 2 0 1 0 0 1 2 0 1 }  --->  1128 timesteps
case #427  ::  [3257550136533]:  { 0 1 2 0 1 2 0 1 2 1 2 0 1 2 0 2 2 0 2 0 1 2 1 1 2 0 1 }  --->  15272 timesteps
case #428  ::  [3320312255751]:  { 0 1 2 0 1 2 0 1 2 1 2 0 1 2 0 2 2 0 2 0 1 2 0 2 2 0 1 }  --->  969 timesteps
case #429  ::  [2661310003962]:  { 0 1 2 0 1 2 0 1 2 1 2 0 1 2 0 2 2 0 2 0 1 2 0 1 0 0 1 }  --->  350 timesteps
case #430  ::  [4073457686367]:  { 0 1 2 0 1 2 0 1 2 1 2 0 1 2 0 2 2 0 2 0 1 2 0 1 2 1 1 }  --->  108 timesteps
case #431  ::  [5768034905253]:  { 0 1 2 0 1 2 0 1 2 1 2 0 1 2 0 2 2 0 2 0 1 2 0 1 2 0 2 }  --->  44 timesteps
case #432  ::  [3226068634576]:  { 1 1 2 0 1 2 0 1 2 1 2 0 1 2 0 1 0 0 2 0 1 2 0 1 2 0 1 }  --->  2464 timesteps
case #433  ::  [3226068634578]:  { 0 2 2 0 1 2 0 1 2 1 2 0 1 2 0 1 0 0 2 0 1 2 0 1 2 0 1 }  --->  64778 timesteps
case #434  ::  [3226068634557]:  { 0 1 0 0 1 2 0 1 2 1 2 0 1 2 0 1 0 0 2 0 1 2 0 1 2 0 1 }  --->  500 timesteps
case #435  ::  [3226068634602]:  { 0 1 2 1 1 2 0 1 2 1 2 0 1 2 0 1 0 0 2 0 1 2 0 1 2 0 1 }  --->  899 timesteps
case #436  ::  [3226068634656]:  { 0 1 2 0 2 2 0 1 2 1 2 0 1 2 0 1 0 0 2 0 1 2 0 1 2 0 1 }  --->  3136 timesteps
case #437  ::  [3226068634089]:  { 0 1 2 0 1 0 0 1 2 1 2 0 1 2 0 1 0 0 2 0 1 2 0 1 2 0 1 }  --->  1436 timesteps
case #438  ::  [3226068635304]:  { 0 1 2 0 1 2 1 1 2 1 2 0 1 2 0 1 0 0 2 0 1 2 0 1 2 0 1 }  --->  24885 timesteps
case #439  ::  [3226068636762]:  { 0 1 2 0 1 2 0 2 2 1 2 0 1 2 0 1 0 0 2 0 1 2 0 1 2 0 1 }  --->  15166 timesteps
case #440  ::  [3226068621453]:  { 0 1 2 0 1 2 0 1 0 1 2 0 1 2 0 1 0 0 2 0 1 2 0 1 2 0 1 }  --->  22764 timesteps
case #441  ::  [3226068654258]:  { 0 1 2 0 1 2 0 1 2 2 2 0 1 2 0 1 0 0 2 0 1 2 0 1 2 0 1 }  --->  64472 timesteps
case #442  ::  [3226068516477]:  { 0 1 2 0 1 2 0 1 2 1 0 0 1 2 0 1 0 0 2 0 1 2 0 1 2 0 1 }  --->  18466 timesteps
case #443  ::  [3226068811722]:  { 0 1 2 0 1 2 0 1 2 1 2 1 1 2 0 1 0 0 2 0 1 2 0 1 2 0 1 }  --->  2317 timesteps
case #444  ::  [3226069166016]:  { 0 1 2 0 1 2 0 1 2 1 2 0 2 2 0 1 0 0 2 0 1 2 0 1 2 0 1 }  --->  33351 timesteps
case #445  ::  [3226065445929]:  { 0 1 2 0 1 2 0 1 2 1 2 0 1 0 0 1 0 0 2 0 1 2 0 1 2 0 1 }  --->  8781 timesteps
case #446  ::  [3226073417544]:  { 0 1 2 0 1 2 0 1 2 1 2 0 1 2 1 1 0 0 2 0 1 2 0 1 2 0 1 }  --->  19061 timesteps
case #447  ::  [3226082983482]:  { 0 1 2 0 1 2 0 1 2 1 2 0 1 2 0 2 0 0 2 0 1 2 0 1 2 0 1 }  --->  391 timesteps
case #448  ::  [3226068634575]:  { 0 1 2 0 1 2 0 1 2 1 2 0 1 2 0 1 0 0 2 0 1 2 0 1 2 0 1 }  --->  27020 timesteps
case #449  ::  [3226197774738]:  { 0 1 2 0 1 2 0 1 2 1 2 0 1 2 0 1 0 1 2 0 1 2 0 1 2 0 1 }  --->  14329 timesteps
case #450  ::  [3225293793597]:  { 0 1 2 0 1 2 0 1 2 1 2 0 1 2 0 1 0 0 0 0 1 2 0 1 2 0 1 }  --->  1995 timesteps
case #451  ::  [3227230896042]:  { 0 1 2 0 1 2 0 1 2 1 2 0 1 2 0 1 0 0 2 1 1 2 0 1 2 0 1 }  --->  32853 timesteps
case #452  ::  [3229555418976]:  { 0 1 2 0 1 2 0 1 2 1 2 0 1 2 0 1 0 0 2 0 2 2 0 1 2 0 1 }  --->  2738 timesteps
case #453  ::  [3205147928169]:  { 0 1 2 0 1 2 0 1 2 1 2 0 1 2 0 1 0 0 2 0 1 0 0 1 2 0 1 }  --->  5597 timesteps
case #454  ::  [3257449694184]:  { 0 1 2 0 1 2 0 1 2 1 2 0 1 2 0 1 0 0 2 0 1 2 1 1 2 0 1 }  --->  23304 timesteps
case #455  ::  [3320211813402]:  { 0 1 2 0 1 2 0 1 2 1 2 0 1 2 0 1 0 0 2 0 1 2 0 2 2 0 1 }  --->  206 timesteps
case #456  ::  [2661209561613]:  { 0 1 2 0 1 2 0 1 2 1 2 0 1 2 0 1 0 0 2 0 1 2 0 1 0 0 1 }  --->  25311 timesteps
case #457  ::  [4073357244018]:  { 0 1 2 0 1 2 0 1 2 1 2 0 1 2 0 1 0 0 2 0 1 2 0 1 2 1 1 }  --->  27845 timesteps
case #458  ::  [5767934462904]:  { 0 1 2 0 1 2 0 1 2 1 2 0 1 2 0 1 0 0 2 0 1 2 0 1 2 0 2 }  --->  61127 timesteps
case #459  ::  [3226283868181]:  { 1 1 2 0 1 2 0 1 2 1 2 0 1 2 0 1 2 1 2 0 1 2 0 1 2 0 1 }  --->  38403 timesteps
case #460  ::  [3226283868183]:  { 0 2 2 0 1 2 0 1 2 1 2 0 1 2 0 1 2 1 2 0 1 2 0 1 2 0 1 }  --->  38739 timesteps
case #461  ::  [3226283868162]:  { 0 1 0 0 1 2 0 1 2 1 2 0 1 2 0 1 2 1 2 0 1 2 0 1 2 0 1 }  --->  157 timesteps
case #462  ::  [3226283868207]:  { 0 1 2 1 1 2 0 1 2 1 2 0 1 2 0 1 2 1 2 0 1 2 0 1 2 0 1 }  --->  16717 timesteps
case #463  ::  [3226283868261]:  { 0 1 2 0 2 2 0 1 2 1 2 0 1 2 0 1 2 1 2 0 1 2 0 1 2 0 1 }  --->  220 timesteps
case #464  ::  [3226283867694]:  { 0 1 2 0 1 0 0 1 2 1 2 0 1 2 0 1 2 1 2 0 1 2 0 1 2 0 1 }  --->  3104 timesteps
case #465  ::  [3226283868909]:  { 0 1 2 0 1 2 1 1 2 1 2 0 1 2 0 1 2 1 2 0 1 2 0 1 2 0 1 }  --->  45211 timesteps
case #466  ::  [3226283870367]:  { 0 1 2 0 1 2 0 2 2 1 2 0 1 2 0 1 2 1 2 0 1 2 0 1 2 0 1 }  --->  2221 timesteps
case #467  ::  [3226283855058]:  { 0 1 2 0 1 2 0 1 0 1 2 0 1 2 0 1 2 1 2 0 1 2 0 1 2 0 1 }  --->  41832 timesteps
case #468  ::  [3226283887863]:  { 0 1 2 0 1 2 0 1 2 2 2 0 1 2 0 1 2 1 2 0 1 2 0 1 2 0 1 }  --->  63351 timesteps
case #469  ::  [3226283750082]:  { 0 1 2 0 1 2 0 1 2 1 0 0 1 2 0 1 2 1 2 0 1 2 0 1 2 0 1 }  --->  18521 timesteps
case #470  ::  [3226284045327]:  { 0 1 2 0 1 2 0 1 2 1 2 1 1 2 0 1 2 1 2 0 1 2 0 1 2 0 1 }  --->  9691 timesteps
case #471  ::  [3226284399621]:  { 0 1 2 0 1 2 0 1 2 1 2 0 2 2 0 1 2 1 2 0 1 2 0 1 2 0 1 }  --->  21524 timesteps
case #472  ::  [3226280679534]:  { 0 1 2 0 1 2 0 1 2 1 2 0 1 0 0 1 2 1 2 0 1 2 0 1 2 0 1 }  --->  18856 timesteps
case #473  ::  [3226288651149]:  { 0 1 2 0 1 2 0 1 2 1 2 0 1 2 1 1 2 1 2 0 1 2 0 1 2 0 1 }  --->  24602 timesteps
case #474  ::  [3226298217087]:  { 0 1 2 0 1 2 0 1 2 1 2 0 1 2 0 2 2 1 2 0 1 2 0 1 2 0 1 }  --->  60 timesteps
case #475  ::  [3226197774738]:  { 0 1 2 0 1 2 0 1 2 1 2 0 1 2 0 1 0 1 2 0 1 2 0 1 2 0 1 }  --->  14329 timesteps
case #476  ::  [3226283868180]:  { 0 1 2 0 1 2 0 1 2 1 2 0 1 2 0 1 2 1 2 0 1 2 0 1 2 0 1 }  --->  48611 timesteps
case #477  ::  [3225509027202]:  { 0 1 2 0 1 2 0 1 2 1 2 0 1 2 0 1 2 1 0 0 1 2 0 1 2 0 1 }  --->  3638 timesteps
case #478  ::  [3227446129647]:  { 0 1 2 0 1 2 0 1 2 1 2 0 1 2 0 1 2 1 2 1 1 2 0 1 2 0 1 }  --->  30086 timesteps
case #479  ::  [3229770652581]:  { 0 1 2 0 1 2 0 1 2 1 2 0 1 2 0 1 2 1 2 0 2 2 0 1 2 0 1 }  --->  8905 timesteps
case #480  ::  [3205363161774]:  { 0 1 2 0 1 2 0 1 2 1 2 0 1 2 0 1 2 1 2 0 1 0 0 1 2 0 1 }  --->  3174 timesteps
case #481  ::  [3257664927789]:  { 0 1 2 0 1 2 0 1 2 1 2 0 1 2 0 1 2 1 2 0 1 2 1 1 2 0 1 }  --->  100 timesteps
case #482  ::  [3320427047007]:  { 0 1 2 0 1 2 0 1 2 1 2 0 1 2 0 1 2 1 2 0 1 2 0 2 2 0 1 }  --->  20583 timesteps
case #483  ::  [2661424795218]:  { 0 1 2 0 1 2 0 1 2 1 2 0 1 2 0 1 2 1 2 0 1 2 0 1 0 0 1 }  --->  851 timesteps
case #484  ::  [4073572477623]:  { 0 1 2 0 1 2 0 1 2 1 2 0 1 2 0 1 2 1 2 0 1 2 0 1 2 1 1 }  --->  734 timesteps
case #485  ::  [5768149696509]:  { 0 1 2 0 1 2 0 1 2 1 2 0 1 2 0 1 2 1 2 0 1 2 0 1 2 0 2 }  --->  11187 timesteps
case #486  ::  [3225379887040]:  { 1 1 2 0 1 2 0 1 2 1 2 0 1 2 0 1 2 0 0 0 1 2 0 1 2 0 1 }  --->  6075 timesteps
case #487  ::  [3225379887042]:  { 0 2 2 0 1 2 0 1 2 1 2 0 1 2 0 1 2 0 0 0 1 2 0 1 2 0 1 }  --->  13649 timesteps
case #488  ::  [3225379887021]:  { 0 1 0 0 1 2 0 1 2 1 2 0 1 2 0 1 2 0 0 0 1 2 0 1 2 0 1 }  --->  253 timesteps
case #489  ::  [3225379887066]:  { 0 1 2 1 1 2 0 1 2 1 2 0 1 2 0 1 2 0 0 0 1 2 0 1 2 0 1 }  --->  868 timesteps
case #490  ::  [3225379887120]:  { 0 1 2 0 2 2 0 1 2 1 2 0 1 2 0 1 2 0 0 0 1 2 0 1 2 0 1 }  --->  10118 timesteps
case #491  ::  [3225379886553]:  { 0 1 2 0 1 0 0 1 2 1 2 0 1 2 0 1 2 0 0 0 1 2 0 1 2 0 1 }  --->  2659 timesteps
case #492  ::  [3225379887768]:  { 0 1 2 0 1 2 1 1 2 1 2 0 1 2 0 1 2 0 0 0 1 2 0 1 2 0 1 }  --->  8560 timesteps
case #493  ::  [3225379889226]:  { 0 1 2 0 1 2 0 2 2 1 2 0 1 2 0 1 2 0 0 0 1 2 0 1 2 0 1 }  --->  19 timesteps
case #494  ::  [3225379873917]:  { 0 1 2 0 1 2 0 1 0 1 2 0 1 2 0 1 2 0 0 0 1 2 0 1 2 0 1 }  --->  6576 timesteps
case #495  ::  [3225379906722]:  { 0 1 2 0 1 2 0 1 2 2 2 0 1 2 0 1 2 0 0 0 1 2 0 1 2 0 1 }  --->  2 timesteps
case #496  ::  [3225379768941]:  { 0 1 2 0 1 2 0 1 2 1 0 0 1 2 0 1 2 0 0 0 1 2 0 1 2 0 1 }  --->  48470 timesteps
case #497  ::  [3225380064186]:  { 0 1 2 0 1 2 0 1 2 1 2 1 1 2 0 1 2 0 0 0 1 2 0 1 2 0 1 }  --->  3919 timesteps
case #498  ::  [3225380418480]:  { 0 1 2 0 1 2 0 1 2 1 2 0 2 2 0 1 2 0 0 0 1 2 0 1 2 0 1 }  --->  9127 timesteps
case #499  ::  [3225376698393]:  { 0 1 2 0 1 2 0 1 2 1 2 0 1 0 0 1 2 0 0 0 1 2 0 1 2 0 1 }  --->  4012 timesteps
case #500  ::  [3225384670008]:  { 0 1 2 0 1 2 0 1 2 1 2 0 1 2 1 1 2 0 0 0 1 2 0 1 2 0 1 }  --->  29373 timesteps
case #501  ::  [3225394235946]:  { 0 1 2 0 1 2 0 1 2 1 2 0 1 2 0 2 2 0 0 0 1 2 0 1 2 0 1 }  --->  123 timesteps
case #502  ::  [3225293793597]:  { 0 1 2 0 1 2 0 1 2 1 2 0 1 2 0 1 0 0 0 0 1 2 0 1 2 0 1 }  --->  1995 timesteps
case #503  ::  [3225509027202]:  { 0 1 2 0 1 2 0 1 2 1 2 0 1 2 0 1 2 1 0 0 1 2 0 1 2 0 1 }  --->  3638 timesteps
case #504  ::  [3225379887039]:  { 0 1 2 0 1 2 0 1 2 1 2 0 1 2 0 1 2 0 0 0 1 2 0 1 2 0 1 }  --->  66560 timesteps
case #505  ::  [3226542148506]:  { 0 1 2 0 1 2 0 1 2 1 2 0 1 2 0 1 2 0 0 1 1 2 0 1 2 0 1 }  --->  4940 timesteps
case #506  ::  [3228866671440]:  { 0 1 2 0 1 2 0 1 2 1 2 0 1 2 0 1 2 0 0 0 2 2 0 1 2 0 1 }  --->  135 timesteps
case #507  ::  [3204459180633]:  { 0 1 2 0 1 2 0 1 2 1 2 0 1 2 0 1 2 0 0 0 1 0 0 1 2 0 1 }  --->  2746 timesteps
case #508  ::  [3256760946648]:  { 0 1 2 0 1 2 0 1 2 1 2 0 1 2 0 1 2 0 0 0 1 2 1 1 2 0 1 }  --->  27526 timesteps
case #509  ::  [3319523065866]:  { 0 1 2 0 1 2 0 1 2 1 2 0 1 2 0 1 2 0 0 0 1 2 0 2 2 0 1 }  --->  2642 timesteps
case #510  ::  [2660520814077]:  { 0 1 2 0 1 2 0 1 2 1 2 0 1 2 0 1 2 0 0 0 1 2 0 1 0 0 1 }  --->  23291 timesteps
case #511  ::  [4072668496482]:  { 0 1 2 0 1 2 0 1 2 1 2 0 1 2 0 1 2 0 0 0 1 2 0 1 2 1 1 }  --->  8716 timesteps
case #512  ::  [5767245715368]:  { 0 1 2 0 1 2 0 1 2 1 2 0 1 2 0 1 2 0 0 0 1 2 0 1 2 0 2 }  --->  33765 timesteps
case #513  ::  [3227316989485]:  { 1 1 2 0 1 2 0 1 2 1 2 0 1 2 0 1 2 0 2 1 1 2 0 1 2 0 1 }  --->  9673 timesteps
case #514  ::  [3227316989487]:  { 0 2 2 0 1 2 0 1 2 1 2 0 1 2 0 1 2 0 2 1 1 2 0 1 2 0 1 }  --->  48282 timesteps
case #515  ::  [3227316989466]:  { 0 1 0 0 1 2 0 1 2 1 2 0 1 2 0 1 2 0 2 1 1 2 0 1 2 0 1 }  --->  227 timesteps
case #516  ::  [3227316989511]:  { 0 1 2 1 1 2 0 1 2 1 2 0 1 2 0 1 2 0 2 1 1 2 0 1 2 0 1 }  --->  53387 timesteps
case #517  ::  [3227316989565]:  { 0 1 2 0 2 2 0 1 2 1 2 0 1 2 0 1 2 0 2 1 1 2 0 1 2 0 1 }  --->  199 timesteps
case #518  ::  [3227316988998]:  { 0 1 2 0 1 0 0 1 2 1 2 0 1 2 0 1 2 0 2 1 1 2 0 1 2 0 1 }  --->  399 timesteps
case #519  ::  [3227316990213]:  { 0 1 2 0 1 2 1 1 2 1 2 0 1 2 0 1 2 0 2 1 1 2 0 1 2 0 1 }  --->  10449 timesteps
case #520  ::  [3227316991671]:  { 0 1 2 0 1 2 0 2 2 1 2 0 1 2 0 1 2 0 2 1 1 2 0 1 2 0 1 }  --->  23730 timesteps
case #521  ::  [3227316976362]:  { 0 1 2 0 1 2 0 1 0 1 2 0 1 2 0 1 2 0 2 1 1 2 0 1 2 0 1 }  --->  4919 timesteps
case #522  ::  [3227317009167]:  { 0 1 2 0 1 2 0 1 2 2 2 0 1 2 0 1 2 0 2 1 1 2 0 1 2 0 1 }  --->  8974 timesteps
case #523  ::  [3227316871386]:  { 0 1 2 0 1 2 0 1 2 1 0 0 1 2 0 1 2 0 2 1 1 2 0 1 2 0 1 }  --->  14784 timesteps
case #524  ::  [3227317166631]:  { 0 1 2 0 1 2 0 1 2 1 2 1 1 2 0 1 2 0 2 1 1 2 0 1 2 0 1 }  --->  2981 timesteps
case #525  ::  [3227317520925]:  { 0 1 2 0 1 2 0 1 2 1 2 0 2 2 0 1 2 0 2 1 1 2 0 1 2 0 1 }  --->  21045 timesteps
case #526  ::  [3227313800838]:  { 0 1 2 0 1 2 0 1 2 1 2 0 1 0 0 1 2 0 2 1 1 2 0 1 2 0 1 }  --->  29157 timesteps
case #527  ::  [3227321772453]:  { 0 1 2 0 1 2 0 1 2 1 2 0 1 2 1 1 2 0 2 1 1 2 0 1 2 0 1 }  --->  99 timesteps
case #528  ::  [3227331338391]:  { 0 1 2 0 1 2 0 1 2 1 2 0 1 2 0 2 2 0 2 1 1 2 0 1 2 0 1 }  --->  9873 timesteps
case #529  ::  [3227230896042]:  { 0 1 2 0 1 2 0 1 2 1 2 0 1 2 0 1 0 0 2 1 1 2 0 1 2 0 1 }  --->  32853 timesteps
case #530  ::  [3227446129647]:  { 0 1 2 0 1 2 0 1 2 1 2 0 1 2 0 1 2 1 2 1 1 2 0 1 2 0 1 }  --->  30086 timesteps
case #531  ::  [3226542148506]:  { 0 1 2 0 1 2 0 1 2 1 2 0 1 2 0 1 2 0 0 1 1 2 0 1 2 0 1 }  --->  4940 timesteps
case #532  ::  [3227316989484]:  { 0 1 2 0 1 2 0 1 2 1 2 0 1 2 0 1 2 0 2 1 1 2 0 1 2 0 1 }  --->  12067 timesteps
case #533  ::  [3230803773885]:  { 0 1 2 0 1 2 0 1 2 1 2 0 1 2 0 1 2 0 2 1 2 2 0 1 2 0 1 }  --->  2546 timesteps
case #534  ::  [3206396283078]:  { 0 1 2 0 1 2 0 1 2 1 2 0 1 2 0 1 2 0 2 1 1 0 0 1 2 0 1 }  --->  58285 timesteps
case #535  ::  [3258698049093]:  { 0 1 2 0 1 2 0 1 2 1 2 0 1 2 0 1 2 0 2 1 1 2 1 1 2 0 1 }  --->  91 timesteps
case #536  ::  [3321460168311]:  { 0 1 2 0 1 2 0 1 2 1 2 0 1 2 0 1 2 0 2 1 1 2 0 2 2 0 1 }  --->  2184 timesteps
case #537  ::  [2662457916522]:  { 0 1 2 0 1 2 0 1 2 1 2 0 1 2 0 1 2 0 2 1 1 2 0 1 0 0 1 }  --->  100 timesteps
case #538  ::  [4074605598927]:  { 0 1 2 0 1 2 0 1 2 1 2 0 1 2 0 1 2 0 2 1 1 2 0 1 2 1 1 }  --->  2540 timesteps
case #539  ::  [5769182817813]:  { 0 1 2 0 1 2 0 1 2 1 2 0 1 2 0 1 2 0 2 1 1 2 0 1 2 0 2 }  --->  8324 timesteps
case #540  ::  [3229641512419]:  { 1 1 2 0 1 2 0 1 2 1 2 0 1 2 0 1 2 0 2 0 2 2 0 1 2 0 1 }  --->  12468 timesteps
case #541  ::  [3229641512421]:  { 0 2 2 0 1 2 0 1 2 1 2 0 1 2 0 1 2 0 2 0 2 2 0 1 2 0 1 }  --->  6111 timesteps
case #542  ::  [3229641512400]:  { 0 1 0 0 1 2 0 1 2 1 2 0 1 2 0 1 2 0 2 0 2 2 0 1 2 0 1 }  --->  1880 timesteps
case #543  ::  [3229641512445]:  { 0 1 2 1 1 2 0 1 2 1 2 0 1 2 0 1 2 0 2 0 2 2 0 1 2 0 1 }  --->  8592 timesteps
case #544  ::  [3229641512499]:  { 0 1 2 0 2 2 0 1 2 1 2 0 1 2 0 1 2 0 2 0 2 2 0 1 2 0 1 }  --->  1585 timesteps
case #545  ::  [3229641511932]:  { 0 1 2 0 1 0 0 1 2 1 2 0 1 2 0 1 2 0 2 0 2 2 0 1 2 0 1 }  --->  393 timesteps
case #546  ::  [3229641513147]:  { 0 1 2 0 1 2 1 1 2 1 2 0 1 2 0 1 2 0 2 0 2 2 0 1 2 0 1 }  --->  3929 timesteps
case #547  ::  [3229641514605]:  { 0 1 2 0 1 2 0 2 2 1 2 0 1 2 0 1 2 0 2 0 2 2 0 1 2 0 1 }  --->  12282 timesteps
case #548  ::  [3229641499296]:  { 0 1 2 0 1 2 0 1 0 1 2 0 1 2 0 1 2 0 2 0 2 2 0 1 2 0 1 }  --->  950 timesteps
case #549  ::  [3229641532101]:  { 0 1 2 0 1 2 0 1 2 2 2 0 1 2 0 1 2 0 2 0 2 2 0 1 2 0 1 }  --->  14531 timesteps
case #550  ::  [3229641394320]:  { 0 1 2 0 1 2 0 1 2 1 0 0 1 2 0 1 2 0 2 0 2 2 0 1 2 0 1 }  --->  211 timesteps
case #551  ::  [3229641689565]:  { 0 1 2 0 1 2 0 1 2 1 2 1 1 2 0 1 2 0 2 0 2 2 0 1 2 0 1 }  --->  23398 timesteps
case #552  ::  [3229642043859]:  { 0 1 2 0 1 2 0 1 2 1 2 0 2 2 0 1 2 0 2 0 2 2 0 1 2 0 1 }  --->  28328 timesteps
case #553  ::  [3229638323772]:  { 0 1 2 0 1 2 0 1 2 1 2 0 1 0 0 1 2 0 2 0 2 2 0 1 2 0 1 }  --->  32632 timesteps
case #554  ::  [3229646295387]:  { 0 1 2 0 1 2 0 1 2 1 2 0 1 2 1 1 2 0 2 0 2 2 0 1 2 0 1 }  --->  8753 timesteps
case #555  ::  [3229655861325]:  { 0 1 2 0 1 2 0 1 2 1 2 0 1 2 0 2 2 0 2 0 2 2 0 1 2 0 1 }  --->  476 timesteps
case #556  ::  [3229555418976]:  { 0 1 2 0 1 2 0 1 2 1 2 0 1 2 0 1 0 0 2 0 2 2 0 1 2 0 1 }  --->  2738 timesteps
case #557  ::  [3229770652581]:  { 0 1 2 0 1 2 0 1 2 1 2 0 1 2 0 1 2 1 2 0 2 2 0 1 2 0 1 }  --->  8905 timesteps
case #558  ::  [3228866671440]:  { 0 1 2 0 1 2 0 1 2 1 2 0 1 2 0 1 2 0 0 0 2 2 0 1 2 0 1 }  --->  135 timesteps
case #559  ::  [3230803773885]:  { 0 1 2 0 1 2 0 1 2 1 2 0 1 2 0 1 2 0 2 1 2 2 0 1 2 0 1 }  --->  2546 timesteps
case #560  ::  [3229641512418]:  { 0 1 2 0 1 2 0 1 2 1 2 0 1 2 0 1 2 0 2 0 2 2 0 1 2 0 1 }  --->  48887 timesteps
case #561  ::  [3208720806012]:  { 0 1 2 0 1 2 0 1 2 1 2 0 1 2 0 1 2 0 2 0 2 0 0 1 2 0 1 }  --->  84 timesteps
case #562  ::  [3261022572027]:  { 0 1 2 0 1 2 0 1 2 1 2 0 1 2 0 1 2 0 2 0 2 2 1 1 2 0 1 }  --->  26675 timesteps
case #563  ::  [3323784691245]:  { 0 1 2 0 1 2 0 1 2 1 2 0 1 2 0 1 2 0 2 0 2 2 0 2 2 0 1 }  --->  3061 timesteps
case #564  ::  [2664782439456]:  { 0 1 2 0 1 2 0 1 2 1 2 0 1 2 0 1 2 0 2 0 2 2 0 1 0 0 1 }  --->  55 timesteps
case #565  ::  [4076930121861]:  { 0 1 2 0 1 2 0 1 2 1 2 0 1 2 0 1 2 0 2 0 2 2 0 1 2 1 1 }  --->  3372 timesteps
case #566  ::  [5771507340747]:  { 0 1 2 0 1 2 0 1 2 1 2 0 1 2 0 1 2 0 2 0 2 2 0 1 2 0 2 }  --->  92 timesteps
case #567  ::  [3205234021612]:  { 1 1 2 0 1 2 0 1 2 1 2 0 1 2 0 1 2 0 2 0 1 0 0 1 2 0 1 }  --->  7098 timesteps
case #568  ::  [3205234021614]:  { 0 2 2 0 1 2 0 1 2 1 2 0 1 2 0 1 2 0 2 0 1 0 0 1 2 0 1 }  --->  2307 timesteps
case #569  ::  [3205234021593]:  { 0 1 0 0 1 2 0 1 2 1 2 0 1 2 0 1 2 0 2 0 1 0 0 1 2 0 1 }  --->  1019 timesteps
case #570  ::  [3205234021638]:  { 0 1 2 1 1 2 0 1 2 1 2 0 1 2 0 1 2 0 2 0 1 0 0 1 2 0 1 }  --->  71750 timesteps
case #571  ::  [3205234021692]:  { 0 1 2 0 2 2 0 1 2 1 2 0 1 2 0 1 2 0 2 0 1 0 0 1 2 0 1 }  --->  2755 timesteps
case #572  ::  [3205234021125]:  { 0 1 2 0 1 0 0 1 2 1 2 0 1 2 0 1 2 0 2 0 1 0 0 1 2 0 1 }  --->  41682 timesteps
case #573  ::  [3205234022340]:  { 0 1 2 0 1 2 1 1 2 1 2 0 1 2 0 1 2 0 2 0 1 0 0 1 2 0 1 }  --->  1639 timesteps
case #574  ::  [3205234023798]:  { 0 1 2 0 1 2 0 2 2 1 2 0 1 2 0 1 2 0 2 0 1 0 0 1 2 0 1 }  --->  11712 timesteps
case #575  ::  [3205234008489]:  { 0 1 2 0 1 2 0 1 0 1 2 0 1 2 0 1 2 0 2 0 1 0 0 1 2 0 1 }  --->  1608 timesteps
case #576  ::  [3205234041294]:  { 0 1 2 0 1 2 0 1 2 2 2 0 1 2 0 1 2 0 2 0 1 0 0 1 2 0 1 }  --->  75 timesteps
case #577  ::  [3205233903513]:  { 0 1 2 0 1 2 0 1 2 1 0 0 1 2 0 1 2 0 2 0 1 0 0 1 2 0 1 }  --->  4649 timesteps
case #578  ::  [3205234198758]:  { 0 1 2 0 1 2 0 1 2 1 2 1 1 2 0 1 2 0 2 0 1 0 0 1 2 0 1 }  --->  29223 timesteps
case #579  ::  [3205234553052]:  { 0 1 2 0 1 2 0 1 2 1 2 0 2 2 0 1 2 0 2 0 1 0 0 1 2 0 1 }  --->  3024 timesteps
case #580  ::  [3205230832965]:  { 0 1 2 0 1 2 0 1 2 1 2 0 1 0 0 1 2 0 2 0 1 0 0 1 2 0 1 }  --->  11341 timesteps
case #581  ::  [3205238804580]:  { 0 1 2 0 1 2 0 1 2 1 2 0 1 2 1 1 2 0 2 0 1 0 0 1 2 0 1 }  --->  10275 timesteps
case #582  ::  [3205248370518]:  { 0 1 2 0 1 2 0 1 2 1 2 0 1 2 0 2 2 0 2 0 1 0 0 1 2 0 1 }  --->  1128 timesteps
case #583  ::  [3205147928169]:  { 0 1 2 0 1 2 0 1 2 1 2 0 1 2 0 1 0 0 2 0 1 0 0 1 2 0 1 }  --->  5597 timesteps
case #584  ::  [3205363161774]:  { 0 1 2 0 1 2 0 1 2 1 2 0 1 2 0 1 2 1 2 0 1 0 0 1 2 0 1 }  --->  3174 timesteps
case #585  ::  [3204459180633]:  { 0 1 2 0 1 2 0 1 2 1 2 0 1 2 0 1 2 0 0 0 1 0 0 1 2 0 1 }  --->  2746 timesteps
case #586  ::  [3206396283078]:  { 0 1 2 0 1 2 0 1 2 1 2 0 1 2 0 1 2 0 2 1 1 0 0 1 2 0 1 }  --->  58285 timesteps
case #587  ::  [3208720806012]:  { 0 1 2 0 1 2 0 1 2 1 2 0 1 2 0 1 2 0 2 0 2 0 0 1 2 0 1 }  --->  84 timesteps
case #588  ::  [3205234021611]:  { 0 1 2 0 1 2 0 1 2 1 2 0 1 2 0 1 2 0 2 0 1 0 0 1 2 0 1 }  --->  8282 timesteps
case #589  ::  [3236615081220]:  { 0 1 2 0 1 2 0 1 2 1 2 0 1 2 0 1 2 0 2 0 1 0 1 1 2 0 1 }  --->  2749 timesteps
case #590  ::  [3299377200438]:  { 0 1 2 0 1 2 0 1 2 1 2 0 1 2 0 1 2 0 2 0 1 0 0 2 2 0 1 }  --->  985 timesteps
case #591  ::  [2640374948649]:  { 0 1 2 0 1 2 0 1 2 1 2 0 1 2 0 1 2 0 2 0 1 0 0 1 0 0 1 }  --->  253 timesteps
case #592  ::  [4052522631054]:  { 0 1 2 0 1 2 0 1 2 1 2 0 1 2 0 1 2 0 2 0 1 0 0 1 2 1 1 }  --->  2819 timesteps
case #593  ::  [5747099849940]:  { 0 1 2 0 1 2 0 1 2 1 2 0 1 2 0 1 2 0 2 0 1 0 0 1 2 0 2 }  --->  9768 timesteps
case #594  ::  [3257535787627]:  { 1 1 2 0 1 2 0 1 2 1 2 0 1 2 0 1 2 0 2 0 1 2 1 1 2 0 1 }  --->  1301 timesteps
case #595  ::  [3257535787629]:  { 0 2 2 0 1 2 0 1 2 1 2 0 1 2 0 1 2 0 2 0 1 2 1 1 2 0 1 }  --->  2606 timesteps
case #596  ::  [3257535787608]:  { 0 1 0 0 1 2 0 1 2 1 2 0 1 2 0 1 2 0 2 0 1 2 1 1 2 0 1 }  --->  4331 timesteps
case #597  ::  [3257535787653]:  { 0 1 2 1 1 2 0 1 2 1 2 0 1 2 0 1 2 0 2 0 1 2 1 1 2 0 1 }  --->  12922 timesteps
case #598  ::  [3257535787707]:  { 0 1 2 0 2 2 0 1 2 1 2 0 1 2 0 1 2 0 2 0 1 2 1 1 2 0 1 }  --->  579 timesteps
case #599  ::  [3257535787140]:  { 0 1 2 0 1 0 0 1 2 1 2 0 1 2 0 1 2 0 2 0 1 2 1 1 2 0 1 }  --->  5226 timesteps
case #600  ::  [3257535788355]:  { 0 1 2 0 1 2 1 1 2 1 2 0 1 2 0 1 2 0 2 0 1 2 1 1 2 0 1 }  --->  3333 timesteps
case #601  ::  [3257535789813]:  { 0 1 2 0 1 2 0 2 2 1 2 0 1 2 0 1 2 0 2 0 1 2 1 1 2 0 1 }  --->  13749 timesteps
case #602  ::  [3257535774504]:  { 0 1 2 0 1 2 0 1 0 1 2 0 1 2 0 1 2 0 2 0 1 2 1 1 2 0 1 }  --->  2847 timesteps
case #603  ::  [3257535807309]:  { 0 1 2 0 1 2 0 1 2 2 2 0 1 2 0 1 2 0 2 0 1 2 1 1 2 0 1 }  --->  1325 timesteps
case #604  ::  [3257535669528]:  { 0 1 2 0 1 2 0 1 2 1 0 0 1 2 0 1 2 0 2 0 1 2 1 1 2 0 1 }  --->  4291 timesteps
case #605  ::  [3257535964773]:  { 0 1 2 0 1 2 0 1 2 1 2 1 1 2 0 1 2 0 2 0 1 2 1 1 2 0 1 }  --->  527 timesteps
case #606  ::  [3257536319067]:  { 0 1 2 0 1 2 0 1 2 1 2 0 2 2 0 1 2 0 2 0 1 2 1 1 2 0 1 }  --->  1518 timesteps
case #607  ::  [3257532598980]:  { 0 1 2 0 1 2 0 1 2 1 2 0 1 0 0 1 2 0 2 0 1 2 1 1 2 0 1 }  --->  32801 timesteps
case #608  ::  [3257540570595]:  { 0 1 2 0 1 2 0 1 2 1 2 0 1 2 1 1 2 0 2 0 1 2 1 1 2 0 1 }  --->  2900 timesteps
case #609  ::  [3257550136533]:  { 0 1 2 0 1 2 0 1 2 1 2 0 1 2 0 2 2 0 2 0 1 2 1 1 2 0 1 }  --->  15272 timesteps
case #610  ::  [3257449694184]:  { 0 1 2 0 1 2 0 1 2 1 2 0 1 2 0 1 0 0 2 0 1 2 1 1 2 0 1 }  --->  23304 timesteps
case #611  ::  [3257664927789]:  { 0 1 2 0 1 2 0 1 2 1 2 0 1 2 0 1 2 1 2 0 1 2 1 1 2 0 1 }  --->  100 timesteps
case #612  ::  [3256760946648]:  { 0 1 2 0 1 2 0 1 2 1 2 0 1 2 0 1 2 0 0 0 1 2 1 1 2 0 1 }  --->  27526 timesteps
case #613  ::  [3258698049093]:  { 0 1 2 0 1 2 0 1 2 1 2 0 1 2 0 1 2 0 2 1 1 2 1 1 2 0 1 }  --->  91 timesteps
case #614  ::  [3261022572027]:  { 0 1 2 0 1 2 0 1 2 1 2 0 1 2 0 1 2 0 2 0 2 2 1 1 2 0 1 }  --->  26675 timesteps
case #615  ::  [3236615081220]:  { 0 1 2 0 1 2 0 1 2 1 2 0 1 2 0 1 2 0 2 0 1 0 1 1 2 0 1 }  --->  2749 timesteps
case #616  ::  [3257535787626]:  { 0 1 2 0 1 2 0 1 2 1 2 0 1 2 0 1 2 0 2 0 1 2 1 1 2 0 1 }  --->  7715 timesteps
case #617  ::  [3351678966453]:  { 0 1 2 0 1 2 0 1 2 1 2 0 1 2 0 1 2 0 2 0 1 2 1 2 2 0 1 }  --->  434 timesteps
case #618  ::  [2692676714664]:  { 0 1 2 0 1 2 0 1 2 1 2 0 1 2 0 1 2 0 2 0 1 2 1 1 0 0 1 }  --->  121 timesteps
case #619  ::  [4104824397069]:  { 0 1 2 0 1 2 0 1 2 1 2 0 1 2 0 1 2 0 2 0 1 2 1 1 2 1 1 }  --->  4692 timesteps
case #620  ::  [5799401615955]:  { 0 1 2 0 1 2 0 1 2 1 2 0 1 2 0 1 2 0 2 0 1 2 1 1 2 0 2 }  --->  27261 timesteps
case #621  ::  [3320297906845]:  { 1 1 2 0 1 2 0 1 2 1 2 0 1 2 0 1 2 0 2 0 1 2 0 2 2 0 1 }  --->  45929 timesteps
case #622  ::  [3320297906847]:  { 0 2 2 0 1 2 0 1 2 1 2 0 1 2 0 1 2 0 2 0 1 2 0 2 2 0 1 }  --->  379 timesteps
case #623  ::  [3320297906826]:  { 0 1 0 0 1 2 0 1 2 1 2 0 1 2 0 1 2 0 2 0 1 2 0 2 2 0 1 }  --->  164 timesteps
case #624  ::  [3320297906871]:  { 0 1 2 1 1 2 0 1 2 1 2 0 1 2 0 1 2 0 2 0 1 2 0 2 2 0 1 }  --->  23627 timesteps
case #625  ::  [3320297906925]:  { 0 1 2 0 2 2 0 1 2 1 2 0 1 2 0 1 2 0 2 0 1 2 0 2 2 0 1 }  --->  114 timesteps
case #626  ::  [3320297906358]:  { 0 1 2 0 1 0 0 1 2 1 2 0 1 2 0 1 2 0 2 0 1 2 0 2 2 0 1 }  --->  138 timesteps
case #627  ::  [3320297907573]:  { 0 1 2 0 1 2 1 1 2 1 2 0 1 2 0 1 2 0 2 0 1 2 0 2 2 0 1 }  --->  169 timesteps
case #628  ::  [3320297909031]:  { 0 1 2 0 1 2 0 2 2 1 2 0 1 2 0 1 2 0 2 0 1 2 0 2 2 0 1 }  --->  3074 timesteps
case #629  ::  [3320297893722]:  { 0 1 2 0 1 2 0 1 0 1 2 0 1 2 0 1 2 0 2 0 1 2 0 2 2 0 1 }  --->  9979 timesteps
case #630  ::  [3320297926527]:  { 0 1 2 0 1 2 0 1 2 2 2 0 1 2 0 1 2 0 2 0 1 2 0 2 2 0 1 }  --->  26909 timesteps
case #631  ::  [3320297788746]:  { 0 1 2 0 1 2 0 1 2 1 0 0 1 2 0 1 2 0 2 0 1 2 0 2 2 0 1 }  --->  529 timesteps
case #632  ::  [3320298083991]:  { 0 1 2 0 1 2 0 1 2 1 2 1 1 2 0 1 2 0 2 0 1 2 0 2 2 0 1 }  --->  5707 timesteps
case #633  ::  [3320298438285]:  { 0 1 2 0 1 2 0 1 2 1 2 0 2 2 0 1 2 0 2 0 1 2 0 2 2 0 1 }  --->  5602 timesteps
case #634  ::  [3320294718198]:  { 0 1 2 0 1 2 0 1 2 1 2 0 1 0 0 1 2 0 2 0 1 2 0 2 2 0 1 }  --->  180 timesteps
case #635  ::  [3320302689813]:  { 0 1 2 0 1 2 0 1 2 1 2 0 1 2 1 1 2 0 2 0 1 2 0 2 2 0 1 }  --->  12202 timesteps
case #636  ::  [3320312255751]:  { 0 1 2 0 1 2 0 1 2 1 2 0 1 2 0 2 2 0 2 0 1 2 0 2 2 0 1 }  --->  969 timesteps
case #637  ::  [3320211813402]:  { 0 1 2 0 1 2 0 1 2 1 2 0 1 2 0 1 0 0 2 0 1 2 0 2 2 0 1 }  --->  206 timesteps
case #638  ::  [3320427047007]:  { 0 1 2 0 1 2 0 1 2 1 2 0 1 2 0 1 2 1 2 0 1 2 0 2 2 0 1 }  --->  20583 timesteps
case #639  ::  [3319523065866]:  { 0 1 2 0 1 2 0 1 2 1 2 0 1 2 0 1 2 0 0 0 1 2 0 2 2 0 1 }  --->  2642 timesteps
case #640  ::  [3321460168311]:  { 0 1 2 0 1 2 0 1 2 1 2 0 1 2 0 1 2 0 2 1 1 2 0 2 2 0 1 }  --->  2184 timesteps
case #641  ::  [3323784691245]:  { 0 1 2 0 1 2 0 1 2 1 2 0 1 2 0 1 2 0 2 0 2 2 0 2 2 0 1 }  --->  3061 timesteps
case #642  ::  [3299377200438]:  { 0 1 2 0 1 2 0 1 2 1 2 0 1 2 0 1 2 0 2 0 1 0 0 2 2 0 1 }  --->  985 timesteps
case #643  ::  [3351678966453]:  { 0 1 2 0 1 2 0 1 2 1 2 0 1 2 0 1 2 0 2 0 1 2 1 2 2 0 1 }  --->  434 timesteps
case #644  ::  [3320297906844]:  { 0 1 2 0 1 2 0 1 2 1 2 0 1 2 0 1 2 0 2 0 1 2 0 2 2 0 1 }  --->  2092 timesteps
case #645  ::  [2755438833882]:  { 0 1 2 0 1 2 0 1 2 1 2 0 1 2 0 1 2 0 2 0 1 2 0 2 0 0 1 }  --->  280 timesteps
case #646  ::  [4167586516287]:  { 0 1 2 0 1 2 0 1 2 1 2 0 1 2 0 1 2 0 2 0 1 2 0 2 2 1 1 }  --->  13352 timesteps
case #647  ::  [5862163735173]:  { 0 1 2 0 1 2 0 1 2 1 2 0 1 2 0 1 2 0 2 0 1 2 0 2 2 0 2 }  --->  299 timesteps
case #648  ::  [2661295655056]:  { 1 1 2 0 1 2 0 1 2 1 2 0 1 2 0 1 2 0 2 0 1 2 0 1 0 0 1 }  --->  18659 timesteps
case #649  ::  [2661295655058]:  { 0 2 2 0 1 2 0 1 2 1 2 0 1 2 0 1 2 0 2 0 1 2 0 1 0 0 1 }  --->  8765 timesteps
case #650  ::  [2661295655037]:  { 0 1 0 0 1 2 0 1 2 1 2 0 1 2 0 1 2 0 2 0 1 2 0 1 0 0 1 }  --->  181 timesteps
case #651  ::  [2661295655082]:  { 0 1 2 1 1 2 0 1 2 1 2 0 1 2 0 1 2 0 2 0 1 2 0 1 0 0 1 }  --->  1119 timesteps
case #652  ::  [2661295655136]:  { 0 1 2 0 2 2 0 1 2 1 2 0 1 2 0 1 2 0 2 0 1 2 0 1 0 0 1 }  --->  2665 timesteps
case #653  ::  [2661295654569]:  { 0 1 2 0 1 0 0 1 2 1 2 0 1 2 0 1 2 0 2 0 1 2 0 1 0 0 1 }  --->  7802 timesteps
case #654  ::  [2661295655784]:  { 0 1 2 0 1 2 1 1 2 1 2 0 1 2 0 1 2 0 2 0 1 2 0 1 0 0 1 }  --->  42387 timesteps
case #655  ::  [2661295657242]:  { 0 1 2 0 1 2 0 2 2 1 2 0 1 2 0 1 2 0 2 0 1 2 0 1 0 0 1 }  --->  2572 timesteps
case #656  ::  [2661295641933]:  { 0 1 2 0 1 2 0 1 0 1 2 0 1 2 0 1 2 0 2 0 1 2 0 1 0 0 1 }  --->  18949 timesteps
case #657  ::  [2661295674738]:  { 0 1 2 0 1 2 0 1 2 2 2 0 1 2 0 1 2 0 2 0 1 2 0 1 0 0 1 }  --->  30 timesteps
case #658  ::  [2661295536957]:  { 0 1 2 0 1 2 0 1 2 1 0 0 1 2 0 1 2 0 2 0 1 2 0 1 0 0 1 }  --->  13347 timesteps
case #659  ::  [2661295832202]:  { 0 1 2 0 1 2 0 1 2 1 2 1 1 2 0 1 2 0 2 0 1 2 0 1 0 0 1 }  --->  14386 timesteps
case #660  ::  [2661296186496]:  { 0 1 2 0 1 2 0 1 2 1 2 0 2 2 0 1 2 0 2 0 1 2 0 1 0 0 1 }  --->  320 timesteps
case #661  ::  [2661292466409]:  { 0 1 2 0 1 2 0 1 2 1 2 0 1 0 0 1 2 0 2 0 1 2 0 1 0 0 1 }  --->  3698 timesteps
case #662  ::  [2661300438024]:  { 0 1 2 0 1 2 0 1 2 1 2 0 1 2 1 1 2 0 2 0 1 2 0 1 0 0 1 }  --->  14867 timesteps
case #663  ::  [2661310003962]:  { 0 1 2 0 1 2 0 1 2 1 2 0 1 2 0 2 2 0 2 0 1 2 0 1 0 0 1 }  --->  350 timesteps
case #664  ::  [2661209561613]:  { 0 1 2 0 1 2 0 1 2 1 2 0 1 2 0 1 0 0 2 0 1 2 0 1 0 0 1 }  --->  25311 timesteps
case #665  ::  [2661424795218]:  { 0 1 2 0 1 2 0 1 2 1 2 0 1 2 0 1 2 1 2 0 1 2 0 1 0 0 1 }  --->  851 timesteps
case #666  ::  [2660520814077]:  { 0 1 2 0 1 2 0 1 2 1 2 0 1 2 0 1 2 0 0 0 1 2 0 1 0 0 1 }  --->  23291 timesteps
case #667  ::  [2662457916522]:  { 0 1 2 0 1 2 0 1 2 1 2 0 1 2 0 1 2 0 2 1 1 2 0 1 0 0 1 }  --->  100 timesteps
case #668  ::  [2664782439456]:  { 0 1 2 0 1 2 0 1 2 1 2 0 1 2 0 1 2 0 2 0 2 2 0 1 0 0 1 }  --->  55 timesteps
case #669  ::  [2640374948649]:  { 0 1 2 0 1 2 0 1 2 1 2 0 1 2 0 1 2 0 2 0 1 0 0 1 0 0 1 }  --->  253 timesteps
case #670  ::  [2692676714664]:  { 0 1 2 0 1 2 0 1 2 1 2 0 1 2 0 1 2 0 2 0 1 2 1 1 0 0 1 }  --->  121 timesteps
case #671  ::  [2755438833882]:  { 0 1 2 0 1 2 0 1 2 1 2 0 1 2 0 1 2 0 2 0 1 2 0 2 0 0 1 }  --->  280 timesteps
case #672  ::  [2661295655055]:  { 0 1 2 0 1 2 0 1 2 1 2 0 1 2 0 1 2 0 2 0 1 2 0 1 0 0 1 }  --->  955 timesteps
case #673  ::  [3508584264498]:  { 0 1 2 0 1 2 0 1 2 1 2 0 1 2 0 1 2 0 2 0 1 2 0 1 0 1 1 }  --->  2615 timesteps
case #674  ::  [5203161483384]:  { 0 1 2 0 1 2 0 1 2 1 2 0 1 2 0 1 2 0 2 0 1 2 0 1 0 0 2 }  --->  33001 timesteps
case #675  ::  [4073443337461]:  { 1 1 2 0 1 2 0 1 2 1 2 0 1 2 0 1 2 0 2 0 1 2 0 1 2 1 1 }  --->  48721 timesteps
case #676  ::  [4073443337463]:  { 0 2 2 0 1 2 0 1 2 1 2 0 1 2 0 1 2 0 2 0 1 2 0 1 2 1 1 }  --->  73 timesteps
case #677  ::  [4073443337442]:  { 0 1 0 0 1 2 0 1 2 1 2 0 1 2 0 1 2 0 2 0 1 2 0 1 2 1 1 }  --->  7776 timesteps
case #678  ::  [4073443337487]:  { 0 1 2 1 1 2 0 1 2 1 2 0 1 2 0 1 2 0 2 0 1 2 0 1 2 1 1 }  --->  31401 timesteps
case #679  ::  [4073443337541]:  { 0 1 2 0 2 2 0 1 2 1 2 0 1 2 0 1 2 0 2 0 1 2 0 1 2 1 1 }  --->  958 timesteps
case #680  ::  [4073443336974]:  { 0 1 2 0 1 0 0 1 2 1 2 0 1 2 0 1 2 0 2 0 1 2 0 1 2 1 1 }  --->  8920 timesteps
case #681  ::  [4073443338189]:  { 0 1 2 0 1 2 1 1 2 1 2 0 1 2 0 1 2 0 2 0 1 2 0 1 2 1 1 }  --->  793 timesteps
case #682  ::  [4073443339647]:  { 0 1 2 0 1 2 0 2 2 1 2 0 1 2 0 1 2 0 2 0 1 2 0 1 2 1 1 }  --->  4655 timesteps
case #683  ::  [4073443324338]:  { 0 1 2 0 1 2 0 1 0 1 2 0 1 2 0 1 2 0 2 0 1 2 0 1 2 1 1 }  --->  2451 timesteps
case #684  ::  [4073443357143]:  { 0 1 2 0 1 2 0 1 2 2 2 0 1 2 0 1 2 0 2 0 1 2 0 1 2 1 1 }  --->  25049 timesteps
case #685  ::  [4073443219362]:  { 0 1 2 0 1 2 0 1 2 1 0 0 1 2 0 1 2 0 2 0 1 2 0 1 2 1 1 }  --->  9498 timesteps
case #686  ::  [4073443514607]:  { 0 1 2 0 1 2 0 1 2 1 2 1 1 2 0 1 2 0 2 0 1 2 0 1 2 1 1 }  --->  4991 timesteps
case #687  ::  [4073443868901]:  { 0 1 2 0 1 2 0 1 2 1 2 0 2 2 0 1 2 0 2 0 1 2 0 1 2 1 1 }  --->  81 timesteps
case #688  ::  [4073440148814]:  { 0 1 2 0 1 2 0 1 2 1 2 0 1 0 0 1 2 0 2 0 1 2 0 1 2 1 1 }  --->  31859 timesteps
case #689  ::  [4073448120429]:  { 0 1 2 0 1 2 0 1 2 1 2 0 1 2 1 1 2 0 2 0 1 2 0 1 2 1 1 }  --->  742 timesteps
case #690  ::  [4073457686367]:  { 0 1 2 0 1 2 0 1 2 1 2 0 1 2 0 2 2 0 2 0 1 2 0 1 2 1 1 }  --->  108 timesteps
case #691  ::  [4073357244018]:  { 0 1 2 0 1 2 0 1 2 1 2 0 1 2 0 1 0 0 2 0 1 2 0 1 2 1 1 }  --->  27845 timesteps
case #692  ::  [4073572477623]:  { 0 1 2 0 1 2 0 1 2 1 2 0 1 2 0 1 2 1 2 0 1 2 0 1 2 1 1 }  --->  734 timesteps
case #693  ::  [4072668496482]:  { 0 1 2 0 1 2 0 1 2 1 2 0 1 2 0 1 2 0 0 0 1 2 0 1 2 1 1 }  --->  8716 timesteps
case #694  ::  [4074605598927]:  { 0 1 2 0 1 2 0 1 2 1 2 0 1 2 0 1 2 0 2 1 1 2 0 1 2 1 1 }  --->  2540 timesteps
case #695  ::  [4076930121861]:  { 0 1 2 0 1 2 0 1 2 1 2 0 1 2 0 1 2 0 2 0 2 2 0 1 2 1 1 }  --->  3372 timesteps
case #696  ::  [4052522631054]:  { 0 1 2 0 1 2 0 1 2 1 2 0 1 2 0 1 2 0 2 0 1 0 0 1 2 1 1 }  --->  2819 timesteps
case #697  ::  [4104824397069]:  { 0 1 2 0 1 2 0 1 2 1 2 0 1 2 0 1 2 0 2 0 1 2 1 1 2 1 1 }  --->  4692 timesteps
case #698  ::  [4167586516287]:  { 0 1 2 0 1 2 0 1 2 1 2 0 1 2 0 1 2 0 2 0 1 2 0 2 2 1 1 }  --->  13352 timesteps
case #699  ::  [3508584264498]:  { 0 1 2 0 1 2 0 1 2 1 2 0 1 2 0 1 2 0 2 0 1 2 0 1 0 1 1 }  --->  2615 timesteps
case #700  ::  [4073443337460]:  { 0 1 2 0 1 2 0 1 2 1 2 0 1 2 0 1 2 0 2 0 1 2 0 1 2 1 1 }  --->  48878 timesteps
case #701  ::  [6615309165789]:  { 0 1 2 0 1 2 0 1 2 1 2 0 1 2 0 1 2 0 2 0 1 2 0 1 2 1 2 }  --->  3560 timesteps
case #702  ::  [5768020556347]:  { 1 1 2 0 1 2 0 1 2 1 2 0 1 2 0 1 2 0 2 0 1 2 0 1 2 0 2 }  --->  39833 timesteps
case #703  ::  [5768020556349]:  { 0 2 2 0 1 2 0 1 2 1 2 0 1 2 0 1 2 0 2 0 1 2 0 1 2 0 2 }  --->  28433 timesteps
case #704  ::  [5768020556328]:  { 0 1 0 0 1 2 0 1 2 1 2 0 1 2 0 1 2 0 2 0 1 2 0 1 2 0 2 }  --->  4817 timesteps
case #705  ::  [5768020556373]:  { 0 1 2 1 1 2 0 1 2 1 2 0 1 2 0 1 2 0 2 0 1 2 0 1 2 0 2 }  --->  9206 timesteps
case #706  ::  [5768020556427]:  { 0 1 2 0 2 2 0 1 2 1 2 0 1 2 0 1 2 0 2 0 1 2 0 1 2 0 2 }  --->  13568 timesteps
case #707  ::  [5768020555860]:  { 0 1 2 0 1 0 0 1 2 1 2 0 1 2 0 1 2 0 2 0 1 2 0 1 2 0 2 }  --->  476 timesteps
case #708  ::  [5768020557075]:  { 0 1 2 0 1 2 1 1 2 1 2 0 1 2 0 1 2 0 2 0 1 2 0 1 2 0 2 }  --->  10231 timesteps
case #709  ::  [5768020558533]:  { 0 1 2 0 1 2 0 2 2 1 2 0 1 2 0 1 2 0 2 0 1 2 0 1 2 0 2 }  --->  283 timesteps
case #710  ::  [5768020543224]:  { 0 1 2 0 1 2 0 1 0 1 2 0 1 2 0 1 2 0 2 0 1 2 0 1 2 0 2 }  --->  17041 timesteps
case #711  ::  [5768020576029]:  { 0 1 2 0 1 2 0 1 2 2 2 0 1 2 0 1 2 0 2 0 1 2 0 1 2 0 2 }  --->  2109 timesteps
case #712  ::  [5768020438248]:  { 0 1 2 0 1 2 0 1 2 1 0 0 1 2 0 1 2 0 2 0 1 2 0 1 2 0 2 }  --->  21590 timesteps
case #713  ::  [5768020733493]:  { 0 1 2 0 1 2 0 1 2 1 2 1 1 2 0 1 2 0 2 0 1 2 0 1 2 0 2 }  --->  6684 timesteps
case #714  ::  [5768021087787]:  { 0 1 2 0 1 2 0 1 2 1 2 0 2 2 0 1 2 0 2 0 1 2 0 1 2 0 2 }  --->  1167 timesteps
case #715  ::  [5768017367700]:  { 0 1 2 0 1 2 0 1 2 1 2 0 1 0 0 1 2 0 2 0 1 2 0 1 2 0 2 }  --->  31714 timesteps
case #716  ::  [5768025339315]:  { 0 1 2 0 1 2 0 1 2 1 2 0 1 2 1 1 2 0 2 0 1 2 0 1 2 0 2 }  --->  4191 timesteps
case #717  ::  [5768034905253]:  { 0 1 2 0 1 2 0 1 2 1 2 0 1 2 0 2 2 0 2 0 1 2 0 1 2 0 2 }  --->  44 timesteps
case #718  ::  [5767934462904]:  { 0 1 2 0 1 2 0 1 2 1 2 0 1 2 0 1 0 0 2 0 1 2 0 1 2 0 2 }  --->  61127 timesteps
case #719  ::  [5768149696509]:  { 0 1 2 0 1 2 0 1 2 1 2 0 1 2 0 1 2 1 2 0 1 2 0 1 2 0 2 }  --->  11187 timesteps
case #720  ::  [5767245715368]:  { 0 1 2 0 1 2 0 1 2 1 2 0 1 2 0 1 2 0 0 0 1 2 0 1 2 0 2 }  --->  33765 timesteps
case #721  ::  [5769182817813]:  { 0 1 2 0 1 2 0 1 2 1 2 0 1 2 0 1 2 0 2 1 1 2 0 1 2 0 2 }  --->  8324 timesteps
case #722  ::  [5771507340747]:  { 0 1 2 0 1 2 0 1 2 1 2 0 1 2 0 1 2 0 2 0 2 2 0 1 2 0 2 }  --->  92 timesteps
case #723  ::  [5747099849940]:  { 0 1 2 0 1 2 0 1 2 1 2 0 1 2 0 1 2 0 2 0 1 0 0 1 2 0 2 }  --->  9768 timesteps
case #724  ::  [5799401615955]:  { 0 1 2 0 1 2 0 1 2 1 2 0 1 2 0 1 2 0 2 0 1 2 1 1 2 0 2 }  --->  27261 timesteps
case #725  ::  [5862163735173]:  { 0 1 2 0 1 2 0 1 2 1 2 0 1 2 0 1 2 0 2 0 1 2 0 2 2 0 2 }  --->  299 timesteps
case #726  ::  [5203161483384]:  { 0 1 2 0 1 2 0 1 2 1 2 0 1 2 0 1 2 0 2 0 1 2 0 1 0 0 2 }  --->  33001 timesteps
case #727  ::  [6615309165789]:  { 0 1 2 0 1 2 0 1 2 1 2 0 1 2 0 1 2 0 2 0 1 2 0 1 2 1 2 }  --->  3560 timesteps
case #728  ::  [5768020556346]:  { 0 1 2 0 1 2 0 1 2 1 2 0 1 2 0 1 2 0 2 0 1 2 0 1 2 0 2 }  --->  32867 timesteps