0141105521333644424201241156 2 1202604164.211314
0121106021333146454202242455 2 1202604164.211511
0126100121303526434102212545 2 1202604164.211555
0126100121303566434102212545 2 1202604164.211555
0126100121303526434202212545 2 1202604164.211557
0126100121303566434202212545 2 1202604164.211557
0126100121303526434602212545 2 1202604164.211559
0126100121303566434602212545 2 1202604164.211559
0122100125303522434106212145 6 1202604164.211646
0122100125303562434106212145 6 1202604164.211647
0122100125303522434206212145 6 1202604164.211649
0122100125303562434206212145 6 1202604164.211649
0122100125303522434606212145 6 1202604164.211651
0122100125303562434606212145 6 1202604164.211652
0121100521333154424606411525 2 1202604164.211834
0122100125303522434106212154 6 1202604164.212058
0122100125303522434206212154 6 1202604164.212100
0122100125303522434606212154 6 1202604164.212102
0122102025333064424100210444 2 1202604164.212130
0122102225333064424100210444 2 1202604164.212130
0122102025333064424200210444 2 1202604164.212135
0122102225333064424200210444 2 1202604164.212135
0146100521333644424206211151 2 1202604164.212737
