044115202133314242410110 2 1202505132.135136
014410252130314042420410 2 1202505132.135212
014410252131314042420410 2 1202505132.135212
014410252133314042420410 2 1202505132.135213
014410252134314042420410 2 1202505132.135213
014410252135314042420410 1 1202505132.135214
014410252135304142420410 1 1202505132.135217
014410252130314142420410 1 1202505132.135217
014410252135314142420410 1 1202505132.135217
014410252130304242420410 1 1202505132.135219
014410252131304242420410 2 1202505132.135220
014410252133304242420410 2 1202505132.135220
014410252134304242420410 2 1202505132.135220
014410252135304242420410 1 1202505132.135220
014410252130314242420410 1 1202505132.135221
014410252131314242420410 2 1202505132.135221
014410252133314242420410 2 1202505132.135221
014410252134314242420410 2 1202505132.135221
014410252135314242420410 1 1202505132.135222
014410252130314442420410 2 1202505132.135226
014410252131314442420410 2 1202505132.135226
014410252133314442420410 2 1202505132.135227
014410252134314442420410 2 1202505132.135227
014410252135314442420410 1 1202505132.135227
014410252130304542420410 2 1202505132.135230
014410252131304542420410 2 1202505132.135230
014410252133304542420410 2 1202505132.135230
014410252134304542420410 2 1202505132.135230
014410252135304542420410 1 1202505132.135231
014410252130314542420410 1 1202505132.135231
014410252131314542420410 2 1202505132.135231
014410252133314542420410 2 1202505132.135232
014410252134314542420410 2 1202505132.135232
014410252135314542420410 1 1202505132.135232
052415012135314442421030 2 1202505132.135358
012415012131304242420540 2 1202505132.135454
051515212034312145411011 2 1202505132.135657
012415202133311442420021 2 1202505132.135730
012415202133312442420021 2 1202505132.135732
012415202133314442420021 2 1202505132.135734
012415202133315442420021 2 1202505132.135737
041115202530314142410141 2 1202505132.135919
014110512130314442420024 2 1202505132.140509
014510512130314442420024 2 1202505132.140509
014510512131314442420024 2 1202505132.140510
004115512131314442420024 2 1202505132.140510
004110552131314442420024 2 1202505132.140511
014410512133314442420024 2 1202505132.140511
014110512135314442420024 2 1202505132.140512
041115202130314042410144 1 1202505132.140550
041215202130314042410144 1 1202505132.140551
041515202130314042410144 1 1202505132.140551
041515202130354042410144 1 1202505132.140554
041415202130314142410144 1 1202505132.140555
041515202130314142410144 1 1202505132.140556
041115202130354142410144 1 1202505132.140556
041215202130354142410144 1 1202505132.140557
041515202130354142410144 1 1202505132.140558
041415202130314242410144 1 1202505132.140600
041515202130314242410144 1 1202505132.140600
041115202130354242410144 1 1202505132.140602
041215202130354242410144 1 1202505132.140602
041515202130354242410144 1 1202505132.140603
042115202153311442410144 2 1202505132.140606
041415202130314442410144 1 1202505132.140608
041515202130314442410144 1 1202505132.140609
041115202130314542410144 1 1202505132.140618
041215202130314542410144 1 1202505132.140618
041415202130314542410144 1 1202505132.140618
041515202130314542410144 1 1202505132.140619
052415552131314542421005 2 1202505132.140712
