052415352131314442411000 2 1202505132.135113
052212212035304141420010 1 1202505132.135205
052212222035304141420010 1 1202505132.135206
052212222035304141410510 1 1202505132.135304
004110512133314042420220 2 1202505132.135340
004110512133314142420220 2 1202505132.135341
004110512133314242420220 2 1202505132.135343
004110552133310442420220 2 1202505132.135344
004110552133311442420220 2 1202505132.135345
004110552133312442420220 2 1202505132.135345
004110512133314442420220 2 1202505132.135347
014410512133314442420220 2 1202505132.135347
004110552133314442420220 2 1202505132.135348
004110552133315442420220 2 1202505132.135349
052415012135314442451030 2 1202505132.135422
011415202130314042420140 1 1202505132.135505
012415302111314042420140 2 1202505132.135505
011415202131314042420140 2 1202505132.135506
012415302131314042420140 2 1202505132.135506
011415202133314042420140 2 1202505132.135507
011415202134314042420140 2 1202505132.135507
011415202135314042420140 1 1202505132.135508
011415202130354042420140 1 1202505132.135508
012415302111354042420140 2 1202505132.135509
011415202131354042420140 2 1202505132.135509
012415302131354042420140 2 1202505132.135509
011415202133354042420140 2 1202505132.135510
011415202134354042420140 2 1202505132.135510
011415202135354042420140 1 1202505132.135511
011415202130304142420140 1 1202505132.135516
012415012135304142420140 2 1202505132.135516
011415202130314142420140 1 1202505132.135517
042215012133314142420140 2 1202505132.135518
002415012133314142420140 2 1202505132.135518
012415012133314142420140 2 1202505132.135519
052415012133314142420140 2 1202505132.135519
011415202135314142420140 1 1202505132.135519
012415012135314142420140 2 1202505132.135520
011415202130354142420140 1 1202505132.135520
011415202135302242420140 1 1202505132.135525
011415202135352242420140 1 1202505132.135525
052415012135352242420140 2 1202505132.135526
011415202130304242420140 1 1202505132.135526
012415302111304242420140 2 1202505132.135526
011415202131304242420140 2 1202505132.135527
011415202133304242420140 2 1202505132.135527
011415202134304242420140 2 1202505132.135527
011415202135304242420140 1 1202505132.135527
011415202130314242420140 1 1202505132.135528
012415302111314242420140 2 1202505132.135528
011415202131314242420140 2 1202505132.135529
011415202133314242420140 2 1202505132.135529
002415012133314242420140 2 1202505132.135530
012415012133314242420140 2 1202505132.135530
052415012133314242420140 2 1202505132.135531
011415202134314242420140 2 1202505132.135531
011415202135314242420140 2 1202505132.135532
012415012135314242420140 2 1202505132.135532
052415012135314242420140 2 1202505132.135532
011415202130354242420140 1 1202505132.135533
012415302111354242420140 2 1202505132.135533
011415202131354242420140 2 1202505132.135533
011415202133354242420140 2 1202505132.135534
011415202134354242420140 2 1202505132.135534
011415202135354242420140 1 1202505132.135535
012415002133310442420140 2 1202505132.135539
012415202133310442420140 2 1202505132.135539
012415302133310442420140 2 1202505132.135540
012115502133310442420140 2 1202505132.135540
012415502133310442420140 2 1202505132.135541
012415002133311442420140 2 1202505132.135543
012415202133311442420140 2 1202505132.135543
012415302133311442420140 2 1202505132.135543
012115502133311442420140 2 1202505132.135544
012415502133311442420140 2 1202505132.135544
012415002133312442420140 2 1202505132.135546
012415202133312442420140 2 1202505132.135547
012415302133312442420140 2 1202505132.135547
012115502133312442420140 2 1202505132.135547
012415502133312442420140 2 1202505132.135548
011415202130314442420140 1 1202505132.135549
012415302111314442420140 2 1202505132.135550
011415202131314442420140 2 1202505132.135550
012415302131314442420140 2 1202505132.135551
052415012131314442420140 2 1202505132.135551
012415302113314442420140 2 1202505132.135552
012415002133314442420140 2 1202505132.135553
011415202133314442420140 2 1202505132.135553
012415202133314442420140 2 1202505132.135553
012415302133314442420140 2 1202505132.135554
012115502133314442420140 2 1202505132.135554
012415502133314442420140 2 1202505132.135555
042215012133314442420140 2 1202505132.135555
012415012133314442420140 2 1202505132.135556
011415202134314442420140 2 1202505132.135557
011415202135314442420140 1 1202505132.135557
012415012135314442420140 2 1202505132.135558
052415012135314442420140 2 1202505132.135558
012415002133315442420140 2 1202505132.135601
012415202133315442420140 2 1202505132.135601
012415302133315442420140 2 1202505132.135602
012115502133315442420140 2 1202505132.135602
012415502133315442420140 2 1202505132.135603
052510252034302240411111 1 1202505132.135728
011510212034352141411111 2 1202505132.135731
014410252135314042410411 1 1202505132.135756
014510202135304142410411 1 1202505132.135758
014410252135304142410411 1 1202505132.135758
014110252035314142410411 2 1202505132.135758
014510202135314142410411 1 1202505132.135759
014410252135304242410411 1 1202505132.135802
011410252133314542410411 2 1202505132.135813
014510202135314542410411 1 1202505132.135814
014410252135314542410411 1 1202505132.135814
014110052113311442420421 2 1202505132.135904
014110052113314442420421 2 1202505132.135908
014110052133314442420421 2 1202505132.135909
014410052133314442420421 2 1202505132.135909
014410252135314042410414 1 1202505132.140521
014410252135314142410414 1 1202505132.140524
014410252135314242410414 1 1202505132.140526
011410252130314442410414 1 1202505132.140528
011410252131314442410414 2 1202505132.140528
011410252133314442410414 2 1202505132.140528
011410252134314442410414 2 1202505132.140529
011410252135314442410414 1 1202505132.140530
014410252135314442410414 1 1202505132.140530
014410512130314042420424 2 1202505132.140550
014410352111314042420424 2 1202505132.140551
014410512131314042420424 2 1202505132.140551
014410352131314042420424 2 1202505132.140551
014410512133314042420424 2 1202505132.140551
014410512131314142420424 2 1202505132.140553
014410512130304242420424 2 1202505132.140554
014410512131304242420424 2 1202505132.140555
014410352111314242420424 2 1202505132.140556
014410512133314242420424 2 1202505132.140557
014110052103311442420424 2 1202505132.140559
014110052113311442420424 2 1202505132.140559
014110052133311442420424 2 1202505132.140559
014410512130314442420424 2 1202505132.140602
012410352111314442420424 2 1202505132.140602
014410352111314442420424 2 1202505132.140603
014210352131314442420424 2 1202505132.140603
014410352131314442420424 2 1202505132.140603
014110052113314442420424 2 1202505132.140604
014110052133314442420424 2 1202505132.140604
052415552131314542451005 2 1202505132.140716
012410302531354442411105 2 1202505132.140743
012410552531354542411105 2 1202505132.140746
