004110512133314042420520 2 1202505132.135326
004110512133314142420520 2 1202505132.135332
004110512133314242420520 2 1202505132.135334
004110552133310442420520 2 1202505132.135336
004110552133311442420520 2 1202505132.135338
004110552133312442420520 2 1202505132.135339
004110512133314442420520 2 1202505132.135343
014410512133314442420520 2 1202505132.135344
004110552133314442420520 2 1202505132.135344
004110552133315442420520 2 1202505132.135346
012510252334312541420211 1 1202505132.135644
014410252130304242420412 1 1202505132.140022
014410252131304242420412 2 1202505132.140022
014410252133304242420412 2 1202505132.140023
014410252134304242420412 2 1202505132.140023
014410252135304242420412 1 1202505132.140024
014110252130314242420412 1 1202505132.140024
014410252130314242420412 1 1202505132.140024
014410252130314442420412 1 1202505132.140029
014110252130304542420412 1 1202505132.140033
014410252130304542420412 1 1202505132.140033
014110252130314542420412 1 1202505132.140035
014410252130314542420412 2 1202505132.140035
014410252131314542420412 2 1202505132.140036
014410252133314542420412 2 1202505132.140036
014410252134314542420412 2 1202505132.140036
014410252135314542420412 1 1202505132.140037
011115202134312041410022 1 1202505132.140048
011115202134352041410022 1 1202505132.140049
011115202134312141410022 1 1202505132.140050
051512212530354141410022 1 1202505132.140051
001512222530354141410022 1 1202505132.140051
051512222530354141410022 1 1202505132.140051
042515002131314142410124 2 1202505132.140455
052110252133310442410124 2 1202505132.140457
014510252133310442410124 2 1202505132.140457
052110252133311442410124 2 1202505132.140458
014510252133311442410124 2 1202505132.140458
052110252133312442410124 2 1202505132.140458
014510252133312442410124 2 1202505132.140459
042415302111314442410124 2 1202505132.140459
052110252133314442410124 2 1202505132.140500
014510252133314442410124 2 1202505132.140501
052110252133315442410124 2 1202505132.140501
014510252133315442410124 2 1202505132.140502
