052415352131314442451000 2 1202505132.135101
052415012135314142421011 2 1202505132.135604
052510252034302240451111 1 1202505132.135613
055210512130354242420521 2 1202505132.135722
012410002535354442411131 2 1202505132.135753
041215202135314042420141 1 1202505132.135822
041215202135354042420141 1 1202505132.135823
042215012130314142420141 2 1202505132.135827
052410012131314142420141 2 1202505132.135828
042215012131314142420141 2 1202505132.135828
012415012131314142420141 2 1202505132.135828
042215012133314142420141 2 1202505132.135829
012415012133314142420141 2 1202505132.135829
052415012133314142420141 2 1202505132.135830
012415012135314142420141 2 1202505132.135831
052415012135314142420141 2 1202505132.135831
052410012131354142420141 2 1202505132.135833
042215012131354142420141 2 1202505132.135833
042215012133354142420141 2 1202505132.135833
012415012133354142420141 2 1202505132.135834
052415012133354142420141 2 1202505132.135834
042215012135354142420141 2 1202505132.135835
012415012135354142420141 2 1202505132.135835
052415012135354142420141 2 1202505132.135836
052415012135352242420141 2 1202505132.135838
042215012130314242420141 2 1202505132.135840
052410012131314242420141 2 1202505132.135841
042215012131314242420141 2 1202505132.135841
052415012131314242420141 2 1202505132.135841
042215012133314242420141 2 1202505132.135842
002415012133314242420141 2 1202505132.135842
012415012133314242420141 2 1202505132.135842
052415012133314242420141 2 1202505132.135842
041215202135314242420141 1 1202505132.135843
042215012135314242420141 2 1202505132.135843
012415012135314242420141 2 1202505132.135843
052415012135314242420141 2 1202505132.135844
042215012130354242420141 2 1202505132.135844
012415012130354242420141 2 1202505132.135845
012415012131354242420141 2 1202505132.135846
042215012133354242420141 2 1202505132.135847
012415012133354242420141 2 1202505132.135847
052415012133354242420141 2 1202505132.135847
012415012135354242420141 2 1202505132.135848
052415012135354242420141 2 1202505132.135849
042115502113311442420141 2 1202505132.135857
042415502113311442420141 2 1202505132.135857
042415502133311442420141 2 1202505132.135858
042515502133311442420141 2 1202505132.135859
042415502153311442420141 2 1202505132.135859
042215012130312442420141 2 1202505132.135903
042215012130314442420141 2 1202505132.135908
052415012130314442420141 2 1202505132.135908
011415202530314442420141 2 1202505132.135908
042215012131314442420141 2 1202505132.135909
042115502113314442420141 2 1202505132.135910
042415502113314442420141 2 1202505132.135910
012415002133314442420141 2 1202505132.135911
042115502133314442420141 2 1202505132.135912
012415502133314442420141 2 1202505132.135912
042415502133314442420141 2 1202505132.135913
042515502133314442420141 2 1202505132.135913
042215012133314442420141 2 1202505132.135913
012415012133314442420141 2 1202505132.135914
012415012135314442420141 2 1202505132.135917
052415012135314442420141 2 1202505132.135917
042215012130314542420141 2 1202505132.135932
011415202530314542420141 2 1202505132.135932
042215012131314542420141 2 1202505132.135933
012415012131314542420141 2 1202505132.135933
042215012133314542420141 2 1202505132.135934
012415012133314542420141 2 1202505132.135934
052415012133314542420141 2 1202505132.135934
012415012135314542420141 2 1202505132.135935
052415012135314542420141 2 1202505132.135935
002115012135304242420002 2 1202505132.135957
011110252334312141420212 1 1202505132.140044
012510252334312141420212 1 1202505132.140045
012510252034312241420212 1 1202505132.140046
012510252034302541420212 1 1202505132.140047
012510252034312541420212 1 1202505132.140047
014410512130314042420422 2 1202505132.140146
014410352111314042420422 2 1202505132.140147
014110512131314042420422 2 1202505132.140147
014110512133314042420422 2 1202505132.140148
014410512133314042420422 2 1202505132.140148
014110512135314042420422 2 1202505132.140148
014110512130304142420422 2 1202505132.140149
014110512131304142420422 2 1202505132.140149
014410512131304142420422 2 1202505132.140149
014110512133304142420422 2 1202505132.140150
014410512133304142420422 2 1202505132.140150
014110512131314142420422 2 1202505132.140151
014410512131314142420422 2 1202505132.140151
014110512133314142420422 2 1202505132.140152
014510512133314142420422 2 1202505132.140152
014110512135314142420422 2 1202505132.140152
014410352111304242420422 2 1202505132.140154
014410512131304242420422 2 1202505132.140154
014110512133304242420422 2 1202505132.140155
014110512135304242420422 2 1202505132.140155
014110512130314242420422 2 1202505132.140155
014110512131314242420422 2 1202505132.140156
014110512133314242420422 2 1202505132.140156
014410512133314242420422 2 1202505132.140156
014110512135314242420422 2 1202505132.140157
014110512135312442420422 2 1202505132.140201
014110512131314442420422 2 1202505132.140206
014410352131314442420422 2 1202505132.140207
014410352113314442420422 2 1202505132.140207
014110512133314442420422 2 1202505132.140208
014510512133314442420422 2 1202505132.140208
014110512135314442420422 2 1202505132.140209
014410352111314542420422 2 1202505132.140212
014510512133314142420524 2 1202505132.140547
014110512133314242420524 2 1202505132.140549
014510512133314242420524 2 1202505132.140549
041115202130314042420144 1 1202505132.140621
041215202130314042420144 1 1202505132.140621
041515202130314042420144 1 1202505132.140622
042215302111314042420144 2 1202505132.140622
042515302111314042420144 2 1202505132.140623
041215202131314042420144 2 1202505132.140623
041515202131314042420144 2 1202505132.140624
041215202133314042420144 2 1202505132.140625
041515202133314042420144 2 1202505132.140625
041215202134314042420144 2 1202505132.140626
041515202134314042420144 2 1202505132.140626
041215202135314042420144 2 1202505132.140627
041515202135314042420144 1 1202505132.140627
041515202130354042420144 1 1202505132.140629
042515302111354042420144 2 1202505132.140630
041515202131354042420144 2 1202505132.140630
051115202133354042420144 2 1202505132.140631
041515202133354042420144 2 1202505132.140632
041515202134354042420144 2 1202505132.140632
041215202135354042420144 1 1202505132.140633
041515202135354042420144 2 1202505132.140633
041415202130314142420144 1 1202505132.140642
041515202130314142420144 1 1202505132.140642
042215012131314142420144 2 1202505132.140643
042415012131314142420144 2 1202505132.140643
041215202135314142420144 1 1202505132.140645
041515202135314142420144 1 1202505132.140646
041115202130354142420144 1 1202505132.140647
041215202130354142420144 1 1202505132.140647
041515202130354142420144 1 1202505132.140648
042215012131354142420144 2 1202505132.140648
042215012133354142420144 2 1202505132.140649
052215012133354142420144 2 1202505132.140649
041415202130314242420144 1 1202505132.140700
041515202130314242420144 1 1202505132.140700
042415302111314242420144 2 1202505132.140701
042515302111314242420144 2 1202505132.140701
041415202131314242420144 2 1202505132.140702
041515202131314242420144 2 1202505132.140702
041115202133314242420144 2 1202505132.140703
041415202133314242420144 2 1202505132.140704
041515202133314242420144 2 1202505132.140704
042215012133314242420144 2 1202505132.140705
042415012133314242420144 2 1202505132.140705
052415012133314242420144 2 1202505132.140706
041415202134314242420144 2 1202505132.140706
041515202134314242420144 2 1202505132.140706
041215202135314242420144 1 1202505132.140707
041415202135314242420144 2 1202505132.140708
041515202135314242420144 1 1202505132.140709
041115202130354242420144 1 1202505132.140710
041215202130354242420144 1 1202505132.140710
041515202130354242420144 1 1202505132.140711
042215302111354242420144 2 1202505132.140712
042515302111354242420144 2 1202505132.140712
041215202131354242420144 2 1202505132.140712
041515202131354242420144 2 1202505132.140713
042215012131354242420144 2 1202505132.140713
042415012131354242420144 2 1202505132.140714
041215202133354242420144 2 1202505132.140715
041515202133354242420144 2 1202505132.140715
041215202134354242420144 2 1202505132.140716
041515202134354242420144 2 1202505132.140717
041115202135354242420144 1 1202505132.140717
041215202135354242420144 1 1202505132.140718
041515202135354242420144 1 1202505132.140718
042415012135354242420144 2 1202505132.140719
041415202130314442420144 1 1202505132.140734
041515202130314442420144 1 1202505132.140735
042415302111314442420144 2 1202505132.140735
042515302111314442420144 2 1202505132.140736
041415202131314442420144 2 1202505132.140736
041515202131314442420144 2 1202505132.140737
042215302131314442420144 2 1202505132.140737
042415302131314442420144 2 1202505132.140737
042515302131314442420144 2 1202505132.140738
042215302113314442420144 2 1202505132.140739
042515302113314442420144 2 1202505132.140739
042515002133314442420144 2 1202505132.140740
051115202133314442420144 2 1202505132.140741
041415202133314442420144 2 1202505132.140742
041515202133314442420144 2 1202505132.140742
042515202133314442420144 2 1202505132.140743
042515302133314442420144 2 1202505132.140743
042115502133314442420144 2 1202505132.140744
042515502133314442420144 2 1202505132.140744
052415012133314442420144 2 1202505132.140745
002515012133314442420144 2 1202505132.140746
012515012133314442420144 2 1202505132.140746
022515012133314442420144 2 1202505132.140746
042515012133314442420144 2 1202505132.140747
052515012133314442420144 2 1202505132.140747
041415202134314442420144 2 1202505132.140748
041515202134314442420144 2 1202505132.140748
041115202135314442420144 1 1202505132.140749
041215202135314442420144 1 1202505132.140749
041415202135314442420144 2 1202505132.140749
041515202135314442420144 2 1202505132.140750
042415012135314442420144 2 1202505132.140751
041115202130314542420144 1 1202505132.140825
041215202130314542420144 1 1202505132.140825
041415202130314542420144 1 1202505132.140826
041515202130314542420144 1 1202505132.140826
042215302111314542420144 2 1202505132.140827
042415302111314542420144 2 1202505132.140827
042515302111314542420144 2 1202505132.140827
041215202131314542420144 2 1202505132.140827
041415202131314542420144 2 1202505132.140828
041515202131314542420144 2 1202505132.140828
042415302131314542420144 2 1202505132.140828
042415012131314542420144 2 1202505132.140829
052415012131314542420144 2 1202505132.140829
041115202133314542420144 2 1202505132.140829
041215202133314542420144 2 1202505132.140829
041415202133314542420144 2 1202505132.140830
041515202133314542420144 2 1202505132.140830
042215012133314542420144 2 1202505132.140830
042415012133314542420144 2 1202505132.140831
041215202134314542420144 2 1202505132.140831
041415202134314542420144 2 1202505132.140831
041515202134314542420144 2 1202505132.140832
041115202135314542420144 1 1202505132.140832
041215202135314542420144 2 1202505132.140832
041415202135314542420144 2 1202505132.140832
041515202135314542420144 2 1202505132.140833
042215012135314542420144 2 1202505132.140833
042415012135314542420144 2 1202505132.140833
