0145100521333164424201210246 8 1202510293.035855
0141105121363144424201240045 8 1202510293.083946
0146106521333164424204210644 8 1202510293.120407
0124105121353141424402652133 8 1202510293.163628
0164103521013144424404662331 8 1202510293.230453
0124100026353644424206461501 8 1202510304.002858
0116102521303640424104220140 8 1202510304.032154
0145100521333164424201210646 8 1202510293.040145
0114102521303142424604412540 241202510304.023744
0114106521003142424604412530 241202510304.033453
0145100521333164424201210046 8 1202510293.040742
0115102621333104424205410425 8 1202510293.090629
0125103621313146424206440425 8 1202510293.091628
0114102521333124424404262351 8 1202510293.212654
0114102526333144424404210151 8 1202510293.213709
0112102526333144424104210041 8 1202510293.223730
0114102521303142424604412555 241202510293.063619
0141106521333144424204200145 8 1202510293.080124
0114102521303640424104240144 8 1202510293.130002
0114102521303142424604412543 241202510293.152252
0145100521333164424201210441 8 1202510293.220845
0114102521303142424604412501 241202510293.235632
0114102525303146464204412100 8 1202510304.060418
0114102521303142424604412545 241202510293.073529
0121105121443022414400612334 8 1202510293.131205
0114102521303142424604412505 241202510293.095042
0114102521303142424604412554 241202510293.112708
0121106524343002414402662033 241202510293.165822
0114102126303540424105461505 8 1202510293.101611
0115102026363540424105461505 8 1202510293.101616
0115102126363540424105461505 8 1202510293.101617
0115102226363540424105461505 8 1202510293.101618
0115102326363540424105461505 8 1202510293.101619
0115102526363540424105461505 8 1202510293.101620
0112102626363540424105461505 8 1202510293.101621
0141105121363140424200240244 8 1202510293.125622
0121105121343022464405261023 8 1202510293.163208
0114102525303146464204412103 8 1202510293.165026
0114102521303142424604412551 241202510293.210234
0126103626313644424206401550 8 1202510304.012820
0114102521303142424604412544 241202510293.120350
0114102521303142424604412534 241202510293.125853
0115102621303540424101400422 8 1202510293.190835
0114102521303142424604412500 241202510304.051433
0161105121343162414401212344 8 1202510293.121951
0114102521303142424604412504 241202510293.140848
0124105121353141424402652433 8 1202510293.155700
0126100026313645424205401551 8 1202510293.210023
0126100026313646424205401551 8 1202510293.210024
0125103520343025414402622131 241202510293.231505
0114102521303142424604412503 241202510293.162106
0111102520363640424101441030 8 1202510304.041628
