01221020214331754001151645054502 2 1202406145.131414
01221020214331754002151645054502 2 1202406145.131834
01221020214331754005151645054502 2 1202406145.132256
01221050214331714001152645054502 2 1202406145.134225
01221050214331714002152645054502 2 1202406145.134700
01221050214331714005152645054502 2 1202406145.135126
01221020214331654001151745054502 2 1202406145.155233
01221020214331654002151745054502 2 1202406145.155658
01221020214331654005151745054502 2 1202406145.160122
01221050214331614001152745054502 2 1202406145.162001
01221050214331614002152745054502 2 1202406145.162423
01221050214331614005152745054502 2 1202406145.162848
01221020214331754001151645024501 2 1202406156.000143
01221020214331754002151645024501 2 1202406156.000609
01221020214331754005151645024501 2 1202406156.001028
01221050214331714001152645024501 2 1202406156.003231
01221050214331714002152645024501 2 1202406156.003648
01221050214331714005152645024501 2 1202406156.004106
01221020214331654001151745024501 2 1202406156.030922
01221020214331654002151745024501 2 1202406156.031347
01221020214331654005151745024501 2 1202406156.031805
01221050214331614001152745024501 2 1202406156.033853
01221050214331614002152745024501 2 1202406156.034313
01221050214331614005152745024501 2 1202406156.034744
