01221020214331764001100016174605 2 1202406145.025600
01221020254331764001100016174605 2 1202406145.025950
01221020214335764001100016174605 2 1202406145.030340
01221020254335764001100016174605 2 1202406145.030729
01221020214331764002100016174605 2 1202406145.031208
01221020254331764002100016174605 2 1202406145.031557
01221020214335764002100016174605 2 1202406145.031947
01221020254335764002100016174605 2 1202406145.032337
01221020214331764005100016174605 2 1202406145.032815
01221020254331764005100016174605 2 1202406145.033205
01221020214335764005100016174605 2 1202406145.033555
01221020254335764005100016174605 2 1202406145.033945
01221020214331764006100016174605 2 1202406145.034426
01221020254331764006100016174605 2 1202406145.034815
01221020214335764006100016174605 2 1202406145.035205
01221020254335764006100016174605 2 1202406145.035600
01221060214331714001100016274605 2 1202406145.043053
01221060254331714001100016274605 2 1202406145.043443
01221060214335714001100016274605 2 1202406145.043833
01221060254335714001100016274605 2 1202406145.044223
01221060214331714002100016274605 2 1202406145.044657
01221060254331714002100016274605 2 1202406145.045046
01221060214335714002100016274605 2 1202406145.045436
01221060254335714002100016274605 2 1202406145.045828
01221060214331714005100016274605 2 1202406145.050318
01221060254331714005100016274605 2 1202406145.050722
01221060214335714005100016274605 2 1202406145.051112
01221060254335714005100016274605 2 1202406145.051508
01221060214331714006100016274605 2 1202406145.051942
01221060254331714006100016274605 2 1202406145.052332
01221060214335714006100016274605 2 1202406145.052727
01221060254335714006100016274605 2 1202406145.053129
