0141105521333144424601241526 2 1202604164.211410
0121102020333564424116000444 2 1202604164.212057
0121100021333564424116000444 2 1202604164.212057
0125100021333564424116000444 2 1202604164.212057
0121102021333564424116000444 2 1202604164.212058
0125102021333564424116000444 2 1202604164.212058
0125103021333564424116000444 2 1202604164.212058
0125106021333564424116000444 2 1202604164.212058
0121102020333564424216000444 2 1202604164.212102
0121100021333564424216000444 2 1202604164.212102
0125100021333564424216000444 2 1202604164.212102
0121102021333564424216000444 2 1202604164.212103
0125102021333564424216000444 2 1202604164.212103
0125103021333564424216000444 2 1202604164.212103
0125106021333564424216000444 2 1202604164.212103
0121102020333564424516000444 2 1202604164.212107
0121100021333564424516000444 2 1202604164.212107
0125100021333564424516000444 2 1202604164.212107
0121102021333564424516000444 2 1202604164.212108
0125102021333564424516000444 2 1202604164.212108
0125103021333564424516000444 2 1202604164.212108
0125106021333564424516000444 2 1202604164.212109
0162102525433026404100212434 2 1202604164.212137
0162102525433046404100212434 2 1202604164.212138
0162102525433026454100212434 2 1202604164.212139
0162102525433046454100212434 2 1202604164.212139
0162102525433026404200212434 2 1202604164.212140
0162102525433046404200212434 2 1202604164.212140
0162102525433026454200212434 2 1202604164.212141
0162102525433046454200212434 2 1202604164.212142
0121100021333564424116200442 2 1202604164.212453
0125100021333564424116200442 2 1202604164.212453
0121102021333564424116200442 2 1202604164.212454
0125102021333564424116200442 2 1202604164.212454
0125103021333564424116200442 2 1202604164.212454
0125106021333564424116200442 2 1202604164.212455
0121100021333564424216200442 2 1202604164.212457
0125100021333564424216200442 2 1202604164.212458
0121102021333564424216200442 2 1202604164.212458
0125102021333564424216200442 2 1202604164.212458
0125103021333564424216200442 2 1202604164.212459
0125106021333564424216200442 2 1202604164.212459
0121100021333564424516200442 2 1202604164.212502
0125100021333564424516200442 2 1202604164.212503
0121102021333564424516200442 2 1202604164.212503
0125102021333564424516200442 2 1202604164.212503
0125103021333564424516200442 2 1202604164.212504
0125106021333564424516200442 2 1202604164.212504
