01221020254331764001100016174601 2 1202406145.024940
01221020214335764001100016174601 2 1202406145.025330
01221020254335764001100016174601 2 1202406145.025720
01221020254331764002100016174601 2 1202406145.030155
01221020214335764002100016174601 2 1202406145.030553
01221020254335764002100016174601 2 1202406145.030942
01221020214331764005100016174601 2 1202406145.031415
01221020254331764005100016174601 2 1202406145.031804
01221020214335764005100016174601 2 1202406145.032154
01221020254335764005100016174601 2 1202406145.032544
01221020254331764006100016174601 2 1202406145.033017
01221020214335764006100016174601 2 1202406145.033407
01221020254335764006100016174601 2 1202406145.033757
01221060254331714001100016274601 2 1202406145.040920
01221060214335714001100016274601 2 1202406145.041310
01221060254335714001100016274601 2 1202406145.041700
01221060254331714002100016274601 2 1202406145.042122
01221060214335714002100016274601 2 1202406145.042513
01221060254335714002100016274601 2 1202406145.042902
01221060214331714005100016274601 2 1202406145.043329
01221060254331714005100016274601 2 1202406145.043718
01221060214335714005100016274601 2 1202406145.044108
01221060254335714005100016274601 2 1202406145.044457
01221060254331714006100016274601 2 1202406145.044925
01221060214335714006100016274601 2 1202406145.045315
01221060254335714006100016274601 2 1202406145.045705
01221020214331754001151645024502 2 1202406156.000341
01221020214331754002151645024502 2 1202406156.000809
01221020214331754005151645024502 2 1202406156.001238
01221050214331714001152645024502 2 1202406156.003748
01221050214331714002152645024502 2 1202406156.004211
01221050214331714005152645024502 2 1202406156.004640
01221020214331654001151745024502 2 1202406156.032649
01221020214331654002151745024502 2 1202406156.033120
01221020214331654005151745024502 2 1202406156.033550
01221050214331614001152745024502 2 1202406156.040212
01221050214331614002152745024502 2 1202406156.040636
01221050214331614005152745024502 2 1202406156.041103
