01221020254331764001100016174602 2 1202406145.023748
01221020214335764001100016174602 2 1202406145.024138
01221020254335764001100016174602 2 1202406145.024527
01221020254331764002100016174602 2 1202406145.024958
01221020214335764002100016174602 2 1202406145.025348
01221020254335764002100016174602 2 1202406145.025738
01221020214331764005100016174602 2 1202406145.030208
01221020254331764005100016174602 2 1202406145.030558
01221020214335764005100016174602 2 1202406145.030948
01221020254335764005100016174602 2 1202406145.031337
01221020254331764006100016174602 2 1202406145.031800
01221020214335764006100016174602 2 1202406145.032150
01221020254335764006100016174602 2 1202406145.032540
01221060254331714001100016274602 2 1202406145.035034
01221060214335714001100016274602 2 1202406145.035425
01221060254335714001100016274602 2 1202406145.035828
01221060254331714002100016274602 2 1202406145.040249
01221060214335714002100016274602 2 1202406145.040640
01221060254335714002100016274602 2 1202406145.041030
01221060214331714005100016274602 2 1202406145.041453
01221060254331714005100016274602 2 1202406145.041853
01221060214335714005100016274602 2 1202406145.042250
01221060254335714005100016274602 2 1202406145.042640
01221060254331714006100016274602 2 1202406145.043106
01221060214335714006100016274602 2 1202406145.043456
01221060254335714006100016274602 2 1202406145.043846
01221020214331754001151645054501 2 1202406145.131448
01221020214331754002151645054501 2 1202406145.131917
01221020214331754005151645054501 2 1202406145.132342
01221050214331714001152645054501 2 1202406145.134334
01221050214331714002152645054501 2 1202406145.134808
01221050214331714005152645054501 2 1202406145.135231
01221020214331654001151745054501 2 1202406145.160003
01221020214331654002151745054501 2 1202406145.160440
01221020214331654005151745054501 2 1202406145.160902
01221050214331614001152745054501 2 1202406145.162832
01221050214331614002152745054501 2 1202406145.163300
01221050214331614005152745054501 2 1202406145.163721
