2211211.202136
2211211.202136
2211211.202136
2211211.202136
2211211.202136
2211211.202136
2211211.202136
2211211.202136
2211211.202136
2211211.202136
2211211.202136
2211211.202136
2211211.202136
2211211.202136
2211211.202136
2211211.202136
2211211.202136
2211211.202136
2211211.202137
2211211.202137
2211211.202137
2211211.202137
2211211.202137
2211211.202137
2211211.202137
2211211.202137
2211211.202137
2211211.202137
2211211.202137
2211211.202137
2211211.202137
2211211.202138
2211211.202138
2211211.202138
2211211.202138
2211211.202138
2211211.202138
2211211.202138
2211211.202138
2211211.202138
2211211.202138
2211211.202138
2211211.202138
2211211.202138
2211211.202138
2211211.202138
2211211.202138
2211211.202138
2211211.202138
2211211.202138
2211211.202138
2211211.202138
2211211.202138
2211211.202138
2211211.202138
2211211.202138
2211211.202138
2211211.202138
2211211.202138
2211211.202138
2211211.202138
2211211.202138
2211211.202138
2211211.202139
2211211.202139
2211211.202139
2211211.202139
2211211.202139
2211211.202139
2211211.202139
2211211.202139
2211211.202139
2211211.202139
2211211.202139
2211211.202139
2211211.202139
2211211.202139
2211211.202139
2211211.202139
2211211.202139
2211211.202139
2211211.202139
2211211.202139
2211211.202139
2211211.202139
2211211.202139
2211211.202139
2211211.202139
2211211.202139
2211211.202139
2211211.202139
2211211.202140
2211211.202140
2211211.202140
2211211.202140
2211211.202140
2211211.202140
2211211.202140
2211211.202140
2211211.202140
2211211.202140
2211211.202140
2211211.202140
2211211.202140
2211211.202140
2211211.202140
2211211.202140
2211211.202140
2211211.202140
2211211.202140
2211211.202140
2211211.202140
2211211.202140
2211211.202140
2211211.202140
2211211.202140
2211211.202140
2211211.202140
2211211.202140
2211211.202140
2211211.202140
2211211.202140
2211211.202140
2211211.202140
2211211.202140
2211211.202140
2211211.202140
2211211.202140
2211211.202140
2211211.202140
2211211.202140
2211211.202140
2211211.202140
2211211.202140
2211211.202141
2211211.202141
2211211.202141
2211211.202141
2211211.202141
2211211.202141
2211211.202141
2211211.202141
2211211.202141
2211211.202141
2211211.202141
2211211.202141
2211211.202141
2211211.202141
2211211.202141
2211211.202141
2211211.202141
2211211.202141
2211211.202141
2211211.202141
2211211.202141
2211211.202141
2211211.202141
2211211.202141
2211211.202141
2211211.202141
2211211.202141
2211211.202141
2211211.202141
2211211.202141
2211211.202141
2211211.202141
2211211.202141
2211211.202141
2211211.202141
2211211.202141
2211211.202142
2211211.202142
2211211.202142
2211211.202142
2211211.202142
2211211.202142
2211211.202210
2211211.202210
2211211.202210
2211211.202210
2211211.202211
2211211.202211
2211211.202211
2211211.202211
2211211.202211
2211211.202211
2211211.202211
2211211.202211
2211211.202211
2211211.202211
2211211.202211
2211211.202211
2211211.202211
2211211.202211
2211211.202211
2211211.202211
2211211.202211
2211211.202211
2211211.202211
2211211.202212
2211211.202212
2211211.202212
2211211.202212
2211211.202212
2211211.202212
2211211.202212
2211211.202212
2211211.202212
2211211.202212
2211211.202212
2211211.202212
2211211.202212
2211211.202212
2211211.202212
2211211.202212
2211211.202212
2211211.202212
2211211.202212
2211211.202213
2211211.202213
2211211.202213
2211211.202213
2211211.202213
2211211.202213
2211211.202213
2211211.202213
2211211.202213
2211211.202213
2211211.202213
2211211.202213
2211211.202214
2211211.202214
2211211.202214
2211211.202214
2211211.202214
2211211.202214
2211211.202215
2211211.202215
2211211.202215
2211211.202215
2211211.202215
2211211.202215
2211211.202215
2211211.202215
2211211.202215
2211211.202215
2211211.202215
2211211.202215
2211211.202216
2211211.202216
2211211.202216
2211211.202216
2211211.202216
2211211.202216
2211211.202216
2211211.202216
2211211.202216
2211211.202216
2211211.202216
2211211.202216
2211211.202217
2211211.202217
2211211.202217
2211211.202217
2211211.202217
2211211.202217
2211211.202217
2211211.202218
2211211.202218
2211211.202219
2211211.202219
2211211.202219
2211211.202219
2211211.202219
2211211.202221
2211211.202221
2211211.202221
2211211.202221
2211211.202222
2211211.202222
2211211.202222
2211211.202222
2211211.202222
2211211.202222
2211211.202222
2211211.202222
2211211.202223
2211211.202223
2211211.202223
2211211.202223
2211211.202223
2211211.202223
2211211.202223
2211211.202223
2211211.202223
2211211.202223
2211211.202223
2211211.202223
2211211.202224
2211211.202224
2211211.202224
2211211.202224
2211211.202224
2211211.202224
2211211.202224
2211211.202224
2211211.202224
2211211.202224
2211211.202224
2211211.202224
2211211.202225
2211211.202225
2211211.202225
2211211.202225
2211211.202225
2211211.202225
2211211.202225
2211211.202225
2211211.202225
2211211.202225
2211211.202225
2211211.202225
2211211.202225
2211211.202225
2211211.202225
2211211.202225
2211211.202225
2211211.202225
2211211.202225
2211211.202225
2211211.202225
2211211.202225
2211211.202225
2211211.202225
2211211.202228
2211211.202228
2211211.202228
2211211.202228
2211211.202228
2211211.202228
2211211.202229
2211211.202229
2211211.202229
2211211.202229
2211211.202229
2211211.202229
2211211.202230
2211211.202230
2211211.202230
2211211.202230
2211211.202230
2211211.202230
2211211.202231
2211211.202232
2211211.202232
2211211.202232
2211211.202232
2211211.202232
2211211.202232
2211211.202232
2211211.202232
2211211.202232
2211211.202232
2211211.202233
2211211.202233
2211211.202233
2211211.202233
2211211.202233
2211211.202233
2211211.202233
2211211.202233
2211211.202233
2211211.202233
2211211.202234
2211211.202234
2211211.202234
2211211.202234
2211211.202234
2211211.202234
2211211.202234
2211211.202234
2211211.202234
2211211.202234
2211211.202239
2211211.202239
2211211.202240
2211211.202241
2211211.202241
2211211.202241
2211211.202243
2211211.202243
2211211.202243
2211211.202251
2211211.202251
2211211.202251
2211211.202251
2211211.202252
2211211.202252
2211211.202252
2211211.202252
2211211.202253
2211211.202253
2211211.202253
2211211.202253
2211211.202253
2211211.202253
2211211.202253
2211211.202253
2211211.202253
2211211.202253
2211211.202255
2211211.202255
2211211.202255
2211211.202255
2211211.202255
2211211.202255
2211211.202255
2211211.202255
2211211.202256
2211211.202256
2211211.202256
2211211.202256
2211211.202256
2211211.202256
2211211.202256
2211211.202256
2211211.202256
2211211.202256
2211211.202256
2211211.202256
2211211.202256
2211211.202256
2211211.202257
2211211.202257
2211211.202257
2211211.202257
2211211.202302
2211211.202302
2211211.202302
2211211.202302
2211211.202302
2211211.202302
2211211.202303
2211211.202303
2211211.202303
2211211.202303
2211211.202303
2211211.202303
2211211.202303
2211211.202303
2211211.202303
2211211.202303
2211211.202304
2211211.202304
2211211.202304
2211211.202304
2211211.202304
2211211.202304
2211211.202304
2211211.202304
2211211.202304
2211211.202304
2211211.202304
2211211.202304
2211211.202305
2211211.202305
2211211.202305
2211211.202305
2211211.202305
2211211.202305
2211211.202305
2211211.202305
2211211.202305
2211211.202305
2211211.202306
2211211.202306
2211211.202306
2211211.202306
2211211.202306
2211211.202306
2211211.202307
2211211.202307
2211211.202309
2211211.202310
2211211.202310
2211211.202310
2211211.202310
2211211.202310
2211211.202310
2211211.202310
2211211.202310
2211211.202310
2211211.202310
2211211.202310
2211211.202314
2211211.202314
2211211.202314
2211211.202314
2211211.202314
2211211.202314
2211211.202315
2211211.202315
2211211.202315
2211211.202315
2211211.202315
2211211.202315
2211211.202315
2211211.202315
2211211.202315
2211211.202315
2211211.202315
2211211.202315
2211211.202315
2211211.202315
2211211.202315
2211211.202315
2211211.202315
2211211.202315
2211211.202316
2211211.202316
2211211.202316
2211211.202316
2211211.202316
2211211.202316
2211211.202317
2211211.202317
2211211.202317
2211211.202317
2211211.202317
2211211.202317
2211211.202317
2211211.202317
2211211.202317
2211211.202317
2211211.202317
2211211.202317
2211211.202317
2211211.202317
2211211.202317
2211211.202317
2211211.202317
2211211.202317
2211211.202317
2211211.202317
2211211.202317
2211211.202317
2211211.202317
2211211.202317
2211211.202317
2211211.202317
2211211.202317
2211211.202317
2211211.202317
2211211.202317
2211211.202317
2211211.202317
2211211.202318
2211211.202318
2211211.202318
2211211.202318
2211211.202318
2211211.202318
2211211.202318
2211211.202318
2211211.202318
2211211.202318
2211211.202318
2211211.202318
2211211.202318
2211211.202318
2211211.202318
2211211.202319
2211211.202319
2211211.202319
2211211.202319
2211211.202319
2211211.202319
2211211.202320
2211211.202320
2211211.202321
2211211.202321
2211211.202321
2211211.202322
2211211.202322
2211211.202322
2211211.202322
2211211.202330
2211211.202330
2211211.202330
2211211.202330
2211211.202330
2211211.202330
2211211.202330
2211211.202330
2211211.202330
2211211.202331
2211211.202331
2211211.202331
2211211.202331
2211211.202331
2211211.202331
2211211.202331
2211211.202331
2211211.202331
2211211.202331
2211211.202331
2211211.202331
2211211.202332
2211211.202332
2211211.202332
2211211.202332
2211211.202332
2211211.202332
2211211.202332
2211211.202332
2211211.202332
2211211.202332
2211211.202332
2211211.202332
2211211.202332
2211211.202332
2211211.202332
2211211.202332
2211211.202332
2211211.202332
2211211.202332
2211211.202332
2211211.202332
2211211.202332
2211211.202332
2211211.202332
2211211.202332
2211211.202333
2211211.202333
2211211.202333
2211211.202333
2211211.202333
2211211.202333
2211211.202333
2211211.202333
2211211.202333
2211211.202333
2211211.202333
2211211.202333
2211211.202333
2211211.202333
2211211.202337
2211211.202337
2211211.202339
2211211.202339
2211211.202339
2211211.202339
2211211.202339
2211211.202339
2211211.202340
2211211.202340
2211211.202344
2211211.202344
2211211.202344
2211211.202344
2211211.202344
2211211.202344
2211211.202345
2211211.202345
2211211.202345
2211211.202345
2211211.202345
2211211.202345
2211211.202346
2211211.202346
2211211.202346
2211211.202346
2211211.202347
2211211.202347
2211211.202347
2211211.202347
2211211.202347
2211211.202347
2211211.202348
2211211.202348
2211211.202348
2211211.202348
2211211.202348
2211211.202348
2211211.202348
2211211.202349
