0126105224443115400120002340 5 1202408084.191031
0126100224443155400120002340 5 1202408084.191031
0126102224443155400120002340 5 1202408084.191031
0126103224443155400120002340 5 1202408084.191031
0126105224443155400120002340 5 1202408084.191031
0126106224443155400120002340 5 1202408084.191031
0126100224443165400120002340 5 1202408084.191031
0126102224443165400120002340 5 1202408084.191031
0126103224443165400120002340 5 1202408084.191031
0126105224443165400120002340 5 1202408084.191031
0126106224443165400120002340 5 1202408084.191031
0126105224443115400220002340 5 1202408084.191031
0126100224443155400220002340 5 1202408084.191031
0126102224443155400220002340 5 1202408084.191031
0126103224443155400220002340 5 1202408084.191031
0126105224443155400220002340 5 1202408084.191031
0126106224443155400220002340 5 1202408084.191031
0126100224443165400220002340 5 1202408084.191031
0126102224443165400220002340 5 1202408084.191031
0126103224443165400220002340 5 1202408084.191031
0126105224443165400220002340 5 1202408084.191031
0126106224443165400220002340 5 1202408084.191031
0126105224443115400520002340 5 1202408084.191031
0126100224443155400520002340 5 1202408084.191031
0126102224443155400520002340 5 1202408084.191031
0126103224443155400520002340 5 1202408084.191031
0126105224443155400520002340 5 1202408084.191031
0126106224443155400520002340 5 1202408084.191031
0126100224443165400520002340 5 1202408084.191031
0126102224443165400520002340 5 1202408084.191031
0126103224443165400520002340 5 1202408084.191031
0126105224443165400520002340 5 1202408084.191031
0126106224443165400520002340 5 1202408084.191031
0126105224443115400620002340 5 1202408084.191031
0126100224443155400620002340 5 1202408084.191031
0126102224443155400620002340 5 1202408084.191031
0126103224443155400620002340 5 1202408084.191031
0126105224443155400620002340 5 1202408084.191031
0126106224443155400620002340 5 1202408084.191031
0126100224443165400620002340 5 1202408084.191031
0126102224443165400620002340 5 1202408084.191031
0126103224443165400620002340 5 1202408084.191031
0126105224443165400620002340 5 1202408084.191031
0126106224443165400620002340 5 1202408084.191031
0122105623443115400120002401 5 1202408084.191031
0122106623443115400120002401 5 1202408084.191031
0122100623443155400120002401 5 1202408084.191031
0122102623443155400120002401 5 1202408084.191031
0122103623443155400120002401 5 1202408084.191031
0122105623443155400120002401 5 1202408084.191031
0122106623443155400120002401 5 1202408084.191031
0122100623443165400120002401 5 1202408084.191031
0122105623443115400220002401 5 1202408084.191031
0122106623443115400220002401 5 1202408084.191031
0122100623443155400220002401 5 1202408084.191031
0122102623443155400220002401 5 1202408084.191031
0122103623443155400220002401 5 1202408084.191031
0122105623443155400220002401 5 1202408084.191031
0122106623443155400220002401 5 1202408084.191031
0122100623443165400220002401 5 1202408084.191031
0122105623443115400520002401 5 1202408084.191031
0122106623443115400520002401 5 1202408084.191031
0122100623443155400520002401 5 1202408084.191031
0122102623443155400520002401 5 1202408084.191031
0122103623443155400520002401 5 1202408084.191031
0122105623443155400520002401 5 1202408084.191031
0122106623443155400520002401 5 1202408084.191031
0122100623443165400520002401 5 1202408084.191031
0122105623443115400620002401 5 1202408084.191031
0122106623443115400620002401 5 1202408084.191031
0122100623443155400620002401 5 1202408084.191031
0122102623443155400620002401 5 1202408084.191031
0122103623443155400620002401 5 1202408084.191031
0122105623443155400620002401 5 1202408084.191031
0122106623443155400620002401 5 1202408084.191031
0122100623443165400620002401 5 1202408084.191031
0121105224443162400120034501 5 1202408084.191100
0121105224443116400120034501 5 1202408084.191100
0121105224443126400120034501 5 1202408084.191100
0121105224443166400120034501 5 1202408084.191100
0121105224443162400220034501 5 1202408084.191100
0121105224443116400220034501 5 1202408084.191100
0121105224443126400220034501 5 1202408084.191100
0121105224443166400220034501 5 1202408084.191100
0121105224443162400520034501 5 1202408084.191100
0121105224443116400520034501 5 1202408084.191100
0121105224443126400520034501 5 1202408084.191100
0121105224443166400520034501 5 1202408084.191100
0121105224443162400120134501 5 1202408084.191102
0121105224443126400120134501 5 1202408084.191102
0121105224443166400120134501 5 1202408084.191102
0121105224443162400220134501 5 1202408084.191102
0121105224443126400220134501 5 1202408084.191102
0121105224443166400220134501 5 1202408084.191102
0121105224443162400520134501 5 1202408084.191102
0121105224443126400520134501 5 1202408084.191102
0121105224443166400520134501 5 1202408084.191102
0121105224443162400120334501 5 1202408084.191108
0121105224443126400120334501 5 1202408084.191108
0121105224443166400120334501 5 1202408084.191108
0121105224443162400220334501 5 1202408084.191108
0121105224443126400220334501 5 1202408084.191108
0121105224443166400220334501 5 1202408084.191108
0121105224443162400520334501 5 1202408084.191108
0121105224443126400520334501 5 1202408084.191108
0121105224443166400520334501 5 1202408084.191108
0121105224443162400120434501 5 1202408084.191109
0121105224443116400120434501 5 1202408084.191109
0121105224443126400120434501 5 1202408084.191109
0121105224443166400120434501 5 1202408084.191109
0121105224443162400220434501 5 1202408084.191109
0121105224443116400220434501 5 1202408084.191109
0121105224443126400220434501 5 1202408084.191109
0121105224443166400220434501 5 1202408084.191109
0121105224443162400520434501 5 1202408084.191109
0121105224443116400520434501 5 1202408084.191109
0121105224443126400520434501 5 1202408084.191109
0121105224443166400520434501 5 1202408084.191109
0121105224443122400120634501 5 1202408084.191109
0121105224443162400120634501 5 1202408084.191109
0121105224443126400120634501 5 1202408084.191109
0121105224443166400120634501 5 1202408084.191109
0121105224443122400220634501 5 1202408084.191109
0121105224443162400220634501 5 1202408084.191109
0121105224443126400220634501 5 1202408084.191109
0121105224443166400220634501 5 1202408084.191109
0121105224443122400520634501 5 1202408084.191109
0121105224443162400520634501 5 1202408084.191109
0121105224443126400520634501 5 1202408084.191109
0121105224443166400520634501 5 1202408084.191109
0121105520443125400124634501 2 1202408084.191110
0121105520443125400224634501 2 1202408084.191110
0121105520443125400524634501 2 1202408084.191110
0121105224443122400120634102 5 1202408084.191158
0121105224443122400220634102 5 1202408084.191158
0121105224443122400520634102 5 1202408084.191158
0121105520443125400124634102 2 1202408084.191158
0121105520443125400224634102 2 1202408084.191158
0121105520443125400524634102 2 1202408084.191158
0121105021433155400120064102 2 1202408084.191203
0121105021433155400220064102 2 1202408084.191203
0121105021433155400520064102 2 1202408084.191203
0121105020433152400121064102 5 1202408084.191203
0121105020433152400221064102 5 1202408084.191203
0121105020433152400521064102 5 1202408084.191203
0121105021433155400120164102 2 1202408084.191204
0121105021433155400220164102 2 1202408084.191204
0121105021433155400520164102 2 1202408084.191204
0121105020433152400121164102 5 1202408084.191204
0121105020433152400221164102 5 1202408084.191204
0121105020433152400521164102 5 1202408084.191204
0121105021433155400120364102 2 1202408084.191205
0121105021433155400220364102 2 1202408084.191206
0121105021433155400520364102 2 1202408084.191206
0121105020433152400121364102 5 1202408084.191206
0121105020433152400221364102 5 1202408084.191206
0121105020433152400521364102 5 1202408084.191206
0121105021433115400120464102 2 1202408084.191206
0121105021433155400120464102 2 1202408084.191206
0121105021433115400220464102 2 1202408084.191206
0121105021433155400220464102 2 1202408084.191206
0121105021433115400520464102 2 1202408084.191206
0121105021433155400520464102 2 1202408084.191206
0121105020433112400121464102 5 1202408084.191206
0121105020433152400121464102 5 1202408084.191206
0121105020433112400221464102 5 1202408084.191206
0121105020433152400221464102 5 1202408084.191206
0121105020433112400521464102 5 1202408084.191206
0121105020433152400521464102 5 1202408084.191206
0121105021433111400120664102 2 1202408084.191207
0121105021433151400120664102 2 1202408084.191207
0121105021433115400120664102 2 1202408084.191207
0121105021433155400120664102 2 1202408084.191207
0121105021433111400220664102 2 1202408084.191207
0121105021433151400220664102 2 1202408084.191207
0121105021433115400220664102 2 1202408084.191207
0121105021433155400220664102 2 1202408084.191207
0121105021433111400520664102 2 1202408084.191207
0121105021433151400520664102 2 1202408084.191207
0121105021433115400520664102 2 1202408084.191207
0121105021433155400520664102 2 1202408084.191207
0121105020433111400121664102 5 1202408084.191207
0121105021433111400121664102 2 1202408084.191207
0121105023433111400121664102 5 1202408084.191207
0121105024433111400121664102 5 1202408084.191207
0121105026433111400121664102 5 1202408084.191207
0121105020433151400121664102 5 1202408084.191207
0121105021433151400121664102 2 1202408084.191207
0121105023433151400121664102 5 1202408084.191207
0121105024433151400121664102 5 1202408084.191207
0121105026433151400121664102 5 1202408084.191207
0121105020433112400121664102 5 1202408084.191207
0121105026433112400121664102 5 1202408084.191207
0121105020433152400121664102 5 1202408084.191207
0121105026433152400121664102 5 1202408084.191207
0121105020433111400221664102 5 1202408084.191207
0121105021433111400221664102 2 1202408084.191207
0121105023433111400221664102 5 1202408084.191207
0121105024433111400221664102 5 1202408084.191207
0121105026433111400221664102 5 1202408084.191207
0121105020433151400221664102 5 1202408084.191207
0121105021433151400221664102 2 1202408084.191207
0121105023433151400221664102 5 1202408084.191207
0121105024433151400221664102 5 1202408084.191207
0121105026433151400221664102 5 1202408084.191207
0121105020433112400221664102 5 1202408084.191207
0121105026433112400221664102 5 1202408084.191207
0121105020433152400221664102 5 1202408084.191207
0121105026433152400221664102 5 1202408084.191207
0121105020433111400521664102 5 1202408084.191207
0121105021433111400521664102 2 1202408084.191207
0121105023433111400521664102 5 1202408084.191207
0121105024433111400521664102 5 1202408084.191207
0121105026433111400521664102 5 1202408084.191207
0121105020433151400521664102 5 1202408084.191207
0121105021433151400521664102 2 1202408084.191207
0121105023433151400521664102 5 1202408084.191207
0121105024433151400521664102 5 1202408084.191207
0121105026433151400521664102 5 1202408084.191207
0121105020433112400521664102 5 1202408084.191207
0121105026433112400521664102 5 1202408084.191207
0121105020433152400521664102 5 1202408084.191207
0121105026433152400521664102 5 1202408084.191207
0121105021433111400123664102 2 1202408084.191208
0121105021433151400123664102 2 1202408084.191208
0121105021433111400223664102 2 1202408084.191208
0121105021433151400223664102 2 1202408084.191208
0121105021433111400523664102 2 1202408084.191208
0121105021433151400523664102 2 1202408084.191208
0121105021433111400124664102 2 1202408084.191208
0121105021433151400124664102 2 1202408084.191208
0121105021433111400224664102 2 1202408084.191208
0121105021433151400224664102 2 1202408084.191208
0121105021433111400524664102 2 1202408084.191208
0121105021433151400524664102 2 1202408084.191208
0121105021433111400126664102 2 1202408084.191208
0121105021433151400126664102 2 1202408084.191208
0121105021433115400126664102 2 1202408084.191208
0121105021433155400126664102 2 1202408084.191208
0121105021433111400226664102 2 1202408084.191208
0121105021433151400226664102 2 1202408084.191208
0121105021433115400226664102 2 1202408084.191208
0121105021433155400226664102 2 1202408084.191208
0121105021433111400526664102 2 1202408084.191208
0121105021433151400526664102 2 1202408084.191208
0121105021433115400526664102 2 1202408084.191208
0121105021433155400526664102 2 1202408084.191208
0121102225433116400100114202 2 1202408084.191218
0121102225433166400100114202 2 1202408084.191218
0121102225433116400200114202 2 1202408084.191218
0121102225433166400200114202 2 1202408084.191218
0122102225433016400105114202 2 1202408084.191224
0121102225433166400105114202 2 1202408084.191224
0122102225433166400105114202 2 1202408084.191224
0122102225433016400205114202 2 1202408084.191224
0121102225433166400205114202 2 1202408084.191224
0122102225433166400205114202 2 1202408084.191224
0122102525433116400105214202 2 1202408084.191226
0121102225433066400105214202 2 1202408084.191226
0122102225433066400105214202 2 1202408084.191226
0122102025433166400105214202 2 1202408084.191226
0122102525433116400205214202 2 1202408084.191226
0121102225433066400205214202 2 1202408084.191226
0122102225433066400205214202 2 1202408084.191226
0122102025433166400205214202 2 1202408084.191226
0121102225433106400100414202 2 1202408084.191228
0121102225433116400100414202 2 1202408084.191228
0121102225433126400100414202 2 1202408084.191228
0121102225433146400100414202 2 1202408084.191228
0121102225433156400100414202 2 1202408084.191228
0121102225433066400100414202 2 1202408084.191228
0121102225433166400100414202 2 1202408084.191228
0121102225433066400200414202 2 1202408084.191228
0121102225433166400200414202 2 1202408084.191228
0121102225433016400205414202 2 1202408084.191228
0121102225433106400100614202 2 1202408084.191228
0121102225433116400100614202 2 1202408084.191228
0121102225433126400100614202 2 1202408084.191228
0121102225433146400100614202 2 1202408084.191228
0121102225433156400100614202 2 1202408084.191228
0121102225433166400100614202 2 1202408084.191228
0121102225433106400200614202 2 1202408084.191229
0121102225433116400200614202 2 1202408084.191229
0121102225433126400200614202 2 1202408084.191229
0121102225433146400200614202 2 1202408084.191229
0121102225433156400200614202 2 1202408084.191229
0121102225433166400200614202 2 1202408084.191229
0121102520433106400101224202 2 1202408084.191234
0121102520433116400101224202 2 1202408084.191234
0121102520433126400101224202 2 1202408084.191234
0121102520433146400101224202 2 1202408084.191234
0121102520433156400101224202 2 1202408084.191234
0121102520433166400101224202 2 1202408084.191234
0121102520433106400201224202 2 1202408084.191234
0121102520433116400201224202 2 1202408084.191234
0121102520433126400201224202 2 1202408084.191234
0121102520433146400201224202 2 1202408084.191234
0121102520433156400201224202 2 1202408084.191234
0121102520433166400201224202 2 1202408084.191234
0121105520443165400124034202 2 1202408084.191237
0121105520443116400124034202 2 1202408084.191237
0121105520443126400124034202 2 1202408084.191237
0121105520443166400124034202 2 1202408084.191237
0121105520443165400224034202 2 1202408084.191237
0121105520443116400224034202 2 1202408084.191237
0121105520443126400224034202 2 1202408084.191237
0121105520443166400224034202 2 1202408084.191237
0121105520443165400524034202 2 1202408084.191237
0121105520443116400524034202 2 1202408084.191237
0121105520443126400524034202 2 1202408084.191237
0121105520443166400524034202 2 1202408084.191237
0121105520443165400124134202 2 1202408084.191241
0121105520443126400124134202 2 1202408084.191241
0121105520443166400124134202 2 1202408084.191241
0121105520443165400224134202 2 1202408084.191241
0121105520443126400224134202 2 1202408084.191241
0121105520443166400224134202 2 1202408084.191241
0121105520443165400524134202 2 1202408084.191241
0121105520443126400524134202 2 1202408084.191241
0121105520443166400524134202 2 1202408084.191241
0121105520443165400124334202 2 1202408084.191244
0121105520443126400124334202 2 1202408084.191244
0121105520443166400124334202 2 1202408084.191244
0121105520443165400224334202 2 1202408084.191244
0121105520443126400224334202 2 1202408084.191244
0121105520443166400224334202 2 1202408084.191244
0121105520443165400524334202 2 1202408084.191244
0121105520443126400524334202 2 1202408084.191244
0121105520443166400524334202 2 1202408084.191244
0121105520443165400124434202 2 1202408084.191244
0121105520443116400124434202 2 1202408084.191244
0121105520443126400124434202 2 1202408084.191244
0121105520443166400124434202 2 1202408084.191244
0121105520443165400224434202 2 1202408084.191244
0121105520443116400224434202 2 1202408084.191244
0121105520443126400224434202 2 1202408084.191244
0121105520443166400224434202 2 1202408084.191244
0121105520443165400524434202 2 1202408084.191244
0121105520443116400524434202 2 1202408084.191244
0121105520443126400524434202 2 1202408084.191244
0121105520443166400524434202 2 1202408084.191244
0121105224443122400120634202 5 1202408084.191245
0121105224443122400220634202 5 1202408084.191245
0121105224443122400520634202 5 1202408084.191245
0121105520443125400124634202 2 1202408084.191245
0121105520443165400124634202 2 1202408084.191245
0121105520443126400124634202 2 1202408084.191245
0121105520443166400124634202 2 1202408084.191245
0121105520443125400224634202 2 1202408084.191245
0121105520443165400224634202 2 1202408084.191245
0121105520443126400224634202 2 1202408084.191245
0121105520443166400224634202 2 1202408084.191245
0121105520443125400524634202 2 1202408084.191245
0121105520443165400524634202 2 1202408084.191245
0121105520443126400524634202 2 1202408084.191245
0121105520443166400524634202 2 1202408084.191245
0121102520433106400105264202 2 1202408084.191252
0121102520433116400105264202 2 1202408084.191252
0121102520433126400105264202 2 1202408084.191252
0121102520433146400105264202 2 1202408084.191252
0121102520433156400105264202 2 1202408084.191252
0121102520433166400105264202 2 1202408084.191252
0121102520433106400205264202 2 1202408084.191252
0121102520433116400205264202 2 1202408084.191252
0121102520433126400205264202 2 1202408084.191252
0121102520433146400205264202 2 1202408084.191252
0121102520433156400205264202 2 1202408084.191252
0121102520433166400205264202 2 1202408084.191252
0121102520433106400106264202 2 1202408084.191252
0121102520433116400106264202 2 1202408084.191252
0121102520433126400106264202 2 1202408084.191252
0121102520433146400106264202 2 1202408084.191252
0121102520433156400106264202 2 1202408084.191252
0121102520433166400106264202 2 1202408084.191252
0121102520433106400206264202 2 1202408084.191252
0121102520433116400206264202 2 1202408084.191252
0121102520433126400206264202 2 1202408084.191252
0121102520433146400206264202 2 1202408084.191252
0121102520433156400206264202 2 1202408084.191252
0121102520433166400206264202 2 1202408084.191252
0126105224443115400120002313 5 1202408084.191300
0126100224443155400120002313 5 1202408084.191300
0126102224443155400120002313 5 1202408084.191300
0126103224443155400120002313 5 1202408084.191300
0126105224443155400120002313 5 1202408084.191300
0126106224443155400120002313 5 1202408084.191300
0126105224443115400220002313 5 1202408084.191300
0126100224443155400220002313 5 1202408084.191300
0126102224443155400220002313 5 1202408084.191300
0126103224443155400220002313 5 1202408084.191300
0126105224443155400220002313 5 1202408084.191300
0126106224443155400220002313 5 1202408084.191300
0121106224443122400520002313 5 1202408084.191300
0126105224443115400520002313 5 1202408084.191300
0126100224443155400520002313 5 1202408084.191300
0126102224443155400520002313 5 1202408084.191300
0126103224443155400520002313 5 1202408084.191300
0126105224443155400520002313 5 1202408084.191300
0126106224443155400520002313 5 1202408084.191300
0126105224443115400620002313 5 1202408084.191300
0126100224443155400620002313 5 1202408084.191300
0126102224443155400620002313 5 1202408084.191300
0126103224443155400620002313 5 1202408084.191300
0126105224443155400620002313 5 1202408084.191300
0126106224443155400620002313 5 1202408084.191300
0121106224453522400110002033 6 1202408084.191300
0121106224453152400110002033 6 1202408084.191300
0121106224453522400210002033 6 1202408084.191300
0121106224453152400210002033 6 1202408084.191300
0121106224443122400510002033 6 1202408084.191300
0121106224453522400510002033 6 1202408084.191300
0121106224453152400510002033 6 1202408084.191300
0121106224453522400610002033 6 1202408084.191300
0121106224453152400610002033 6 1202408084.191300
0121106224443122400520002033 5 1202408084.191300
0121106224443122400520002133 5 1202408084.191301
0121106620453526400110002443 2 1202408084.191301
0121106620453156400110002443 2 1202408084.191301
0121106620453526400210002443 2 1202408084.191301
0121106620453156400210002443 2 1202408084.191301
0121106620443116400510002443 2 1202408084.191301
0121106620443126400510002443 2 1202408084.191301
0121106620453526400510002443 2 1202408084.191301
0121106620453156400510002443 2 1202408084.191301
0121106620453526400610002443 2 1202408084.191301
0121106620453156400610002443 2 1202408084.191301
0122105623443115400120002443 5 1202408084.191301
0122100623443155400120002443 5 1202408084.191301
0122102623443155400120002443 5 1202408084.191301
0122103623443155400120002443 5 1202408084.191301
0122105623443155400120002443 5 1202408084.191301
0122106623443155400120002443 5 1202408084.191301
0122105623443115400220002443 5 1202408084.191301
0122100623443155400220002443 5 1202408084.191301
0122102623443155400220002443 5 1202408084.191301
0122103623443155400220002443 5 1202408084.191301
0122105623443155400220002443 5 1202408084.191301
0122106623443155400220002443 5 1202408084.191301
0121106224443112400520002443 5 1202408084.191301
0121106624443112400520002443 5 1202408084.191301
0121106224443122400520002443 5 1202408084.191301
0121106624443122400520002443 5 1202408084.191301
0122105623443115400520002443 5 1202408084.191301
0122100623443155400520002443 5 1202408084.191301
0122102623443155400520002443 5 1202408084.191301
0122103623443155400520002443 5 1202408084.191301
0122105623443155400520002443 5 1202408084.191301
0122106623443155400520002443 5 1202408084.191301
0121106620443116400520002443 2 1202408084.191302
0121106621443116400520002443 5 1202408084.191302
0121106623443116400520002443 5 1202408084.191302
0121106224443116400520002443 5 1202408084.191302
0121106624443116400520002443 5 1202408084.191302
0121106620443126400520002443 2 1202408084.191302
0121106621443126400520002443 5 1202408084.191302
0121106623443126400520002443 5 1202408084.191302
0121106224443126400520002443 5 1202408084.191302
0121106624443126400520002443 5 1202408084.191302
0122105623443115400620002443 5 1202408084.191302
0122100623443155400620002443 5 1202408084.191302
0122102623443155400620002443 5 1202408084.191302
0122103623443155400620002443 5 1202408084.191302
0122105623443155400620002443 5 1202408084.191302
0122106623443155400620002443 5 1202408084.191302
0121105520443165400124034205 2 1202408084.191325
0121105520443116400124034205 2 1202408084.191325
0121105520443126400124034205 2 1202408084.191325
0121105520443166400124034205 2 1202408084.191325
0121105520443165400224034205 2 1202408084.191325
0121105520443116400224034205 2 1202408084.191325
0121105520443126400224034205 2 1202408084.191325
0121105520443166400224034205 2 1202408084.191325
0121105520443165400524034205 2 1202408084.191325
0121105520443116400524034205 2 1202408084.191325
0121105520443126400524034205 2 1202408084.191325
0121105520443166400524034205 2 1202408084.191325
0121105520443165400124134205 2 1202408084.191330
0121105520443126400124134205 2 1202408084.191330
0121105520443166400124134205 2 1202408084.191330
0121105520443165400224134205 2 1202408084.191330
0121105520443126400224134205 2 1202408084.191330
0121105520443166400224134205 2 1202408084.191330
0121105520443165400524134205 2 1202408084.191330
0121105520443126400524134205 2 1202408084.191330
0121105520443166400524134205 2 1202408084.191330
0121105520443165400124334205 2 1202408084.191332
0121105520443126400124334205 2 1202408084.191332
0121105520443166400124334205 2 1202408084.191332
0121105520443165400224334205 2 1202408084.191332
0121105520443126400224334205 2 1202408084.191333
0121105520443166400224334205 2 1202408084.191333
0121105520443165400524334205 2 1202408084.191333
0121105520443126400524334205 2 1202408084.191333
0121105520443166400524334205 2 1202408084.191333
0121105520443165400124434205 2 1202408084.191333
0121105520443116400124434205 2 1202408084.191333
0121105520443126400124434205 2 1202408084.191333
0121105520443166400124434205 2 1202408084.191333
0121105520443165400224434205 2 1202408084.191333
0121105520443116400224434205 2 1202408084.191333
0121105520443126400224434205 2 1202408084.191333
0121105520443166400224434205 2 1202408084.191333
0121105520443165400524434205 2 1202408084.191333
0121105520443116400524434205 2 1202408084.191333
0121105520443126400524434205 2 1202408084.191333
0121105520443166400524434205 2 1202408084.191333
0121105224443122400120634205 5 1202408084.191333
0121105224443122400220634205 5 1202408084.191333
0121105224443122400520634205 5 1202408084.191333
0121105520443125400124634205 2 1202408084.191334
0121105520443165400124634205 2 1202408084.191334
0121105520443126400124634205 2 1202408084.191334
0121105520443166400124634205 2 1202408084.191334
0121105520443125400224634205 2 1202408084.191334
0121105520443165400224634205 2 1202408084.191334
0121105520443126400224634205 2 1202408084.191334
0121105520443166400224634205 2 1202408084.191334
0121105520443125400524634205 2 1202408084.191334
0121105520443165400524634205 2 1202408084.191334
0121105520443126400524634205 2 1202408084.191334
0121105520443166400524634205 2 1202408084.191334
0121105224443122400120634305 5 1202408084.191424
0121105224443122400220634305 5 1202408084.191424
0121105224443122400520634305 5 1202408084.191424
0121105520443125400124634305 2 1202408084.191424
0121105520443125400224634305 2 1202408084.191424
0121105520443125400524634305 2 1202408084.191424
