0126105224443115400120002310 5 1202408084.191031
0126100224443155400120002310 5 1202408084.191031
0126102224443155400120002310 5 1202408084.191031
0126103224443155400120002310 5 1202408084.191031
0126105224443155400120002310 5 1202408084.191031
0126106224443155400120002310 5 1202408084.191031
0126100224443165400120002310 5 1202408084.191031
0126102224443165400120002310 5 1202408084.191031
0126103224443165400120002310 5 1202408084.191031
0126105224443165400120002310 5 1202408084.191031
0126106224443165400120002310 5 1202408084.191031
0126105224443115400220002310 5 1202408084.191031
0126100224443155400220002310 5 1202408084.191031
0126102224443155400220002310 5 1202408084.191031
0126103224443155400220002310 5 1202408084.191031
0126105224443155400220002310 5 1202408084.191031
0126106224443155400220002310 5 1202408084.191031
0126100224443165400220002310 5 1202408084.191031
0126102224443165400220002310 5 1202408084.191031
0126103224443165400220002310 5 1202408084.191031
0126105224443165400220002310 5 1202408084.191031
0126106224443165400220002310 5 1202408084.191031
0126105224443115400520002310 5 1202408084.191031
0126100224443155400520002310 5 1202408084.191031
0126102224443155400520002310 5 1202408084.191031
0126103224443155400520002310 5 1202408084.191031
0126105224443155400520002310 5 1202408084.191031
0126106224443155400520002310 5 1202408084.191031
0126100224443165400520002310 5 1202408084.191031
0126102224443165400520002310 5 1202408084.191031
0126103224443165400520002310 5 1202408084.191031
0126105224443165400520002310 5 1202408084.191031
0126106224443165400520002310 5 1202408084.191031
0126105224443115400620002310 5 1202408084.191031
0126100224443155400620002310 5 1202408084.191031
0126102224443155400620002310 5 1202408084.191031
0126103224443155400620002310 5 1202408084.191031
0126105224443155400620002310 5 1202408084.191031
0126106224443155400620002310 5 1202408084.191031
0126100224443165400620002310 5 1202408084.191031
0126102224443165400620002310 5 1202408084.191031
0126103224443165400620002310 5 1202408084.191031
0126105224443165400620002310 5 1202408084.191031
0126106224443165400620002310 5 1202408084.191031
0122105623443115400120002410 5 1202408084.191032
0122100623443155400120002410 5 1202408084.191032
0122102623443155400120002410 5 1202408084.191032
0122103623443155400120002410 5 1202408084.191032
0122105623443155400120002410 5 1202408084.191032
0122106623443155400120002410 5 1202408084.191032
0122100623443165400120002410 5 1202408084.191032
0122102623443165400120002410 5 1202408084.191032
0122103623443165400120002410 5 1202408084.191032
0122105623443165400120002410 5 1202408084.191032
0122106623443165400120002410 5 1202408084.191032
0122105623443115400220002410 5 1202408084.191032
0122100623443155400220002410 5 1202408084.191032
0122102623443155400220002410 5 1202408084.191032
0122103623443155400220002410 5 1202408084.191032
0122105623443155400220002410 5 1202408084.191032
0122106623443155400220002410 5 1202408084.191032
0122100623443165400220002410 5 1202408084.191032
0122102623443165400220002410 5 1202408084.191032
0122103623443165400220002410 5 1202408084.191032
0122105623443165400220002410 5 1202408084.191032
0122106623443165400220002410 5 1202408084.191032
0122105623443115400520002410 5 1202408084.191032
0122100623443155400520002410 5 1202408084.191032
0122102623443155400520002410 5 1202408084.191032
0122103623443155400520002410 5 1202408084.191032
0122105623443155400520002410 5 1202408084.191032
0122106623443155400520002410 5 1202408084.191032
0122100623443165400520002410 5 1202408084.191032
0122102623443165400520002410 5 1202408084.191032
0122103623443165400520002410 5 1202408084.191032
0122105623443165400520002410 5 1202408084.191032
0122106623443165400520002410 5 1202408084.191032
0122105623443115400620002410 5 1202408084.191032
0122100623443155400620002410 5 1202408084.191032
0122102623443155400620002410 5 1202408084.191032
0122103623443155400620002410 5 1202408084.191032
0122105623443155400620002410 5 1202408084.191032
0122106623443155400620002410 5 1202408084.191032
0122100623443165400620002410 5 1202408084.191032
0122102623443165400620002410 5 1202408084.191032
0122103623443165400620002410 5 1202408084.191032
0122105623443165400620002410 5 1202408084.191032
0122106623443165400620002410 5 1202408084.191032
0122105623443115400120002440 5 1202408084.191033
0122100623443155400120002440 5 1202408084.191033
0122102623443155400120002440 5 1202408084.191033
0122103623443155400120002440 5 1202408084.191033
0122105623443155400120002440 5 1202408084.191033
0122106623443155400120002440 5 1202408084.191033
0122100623443165400120002440 5 1202408084.191033
0122102623443165400120002440 5 1202408084.191033
0122103623443165400120002440 5 1202408084.191033
0122105623443165400120002440 5 1202408084.191033
0122106623443165400120002440 5 1202408084.191033
0122105623443115400220002440 5 1202408084.191033
0122100623443155400220002440 5 1202408084.191033
0122102623443155400220002440 5 1202408084.191033
0122103623443155400220002440 5 1202408084.191033
0122105623443155400220002440 5 1202408084.191033
0122106623443155400220002440 5 1202408084.191033
0122100623443165400220002440 5 1202408084.191033
0122102623443165400220002440 5 1202408084.191033
0122103623443165400220002440 5 1202408084.191033
0122105623443165400220002440 5 1202408084.191033
0122106623443165400220002440 5 1202408084.191033
0122105623443115400520002440 5 1202408084.191033
0122100623443155400520002440 5 1202408084.191033
0122102623443155400520002440 5 1202408084.191033
0122103623443155400520002440 5 1202408084.191033
0122105623443155400520002440 5 1202408084.191033
0122106623443155400520002440 5 1202408084.191033
0122100623443165400520002440 5 1202408084.191033
0122102623443165400520002440 5 1202408084.191033
0122103623443165400520002440 5 1202408084.191033
0122105623443165400520002440 5 1202408084.191033
0122106623443165400520002440 5 1202408084.191033
0122105623443115400620002440 5 1202408084.191033
0122100623443155400620002440 5 1202408084.191033
0122102623443155400620002440 5 1202408084.191033
0122103623443155400620002440 5 1202408084.191033
0122105623443155400620002440 5 1202408084.191033
0122106623443155400620002440 5 1202408084.191033
0122100623443165400620002440 5 1202408084.191033
0122102623443165400620002440 5 1202408084.191033
0122103623443165400620002440 5 1202408084.191033
0122105623443165400620002440 5 1202408084.191033
0122106623443165400620002440 5 1202408084.191033
0121105224443122400120634302 5 1202408084.191129
0121105224443122400220634302 5 1202408084.191129
0121105224443122400520634302 5 1202408084.191129
0121105520443125400124634302 2 1202408084.191130
0121105520443125400224634302 2 1202408084.191130
0121105520443125400524634302 2 1202408084.191130
0121106224453512400110002003 6 1202408084.191142
0121106224453522400110002003 6 1202408084.191142
0121106224453152400110002003 6 1202408084.191142
0121106224453512400210002003 6 1202408084.191142
0121106224453522400210002003 6 1202408084.191142
0121106224453152400210002003 6 1202408084.191142
0121106224443112400510002003 6 1202408084.191142
0121106224453512400510002003 6 1202408084.191142
0121106224443122400510002003 6 1202408084.191142
0121106224453522400510002003 6 1202408084.191142
0121106224453152400510002003 6 1202408084.191142
0121106224453512400610002003 6 1202408084.191142
0121106224453522400610002003 6 1202408084.191142
0121106224453152400610002003 6 1202408084.191142
0121106224443112400520002003 5 1202408084.191142
0121106224443122400520002003 5 1202408084.191142
0121106224443112400520002103 5 1202408084.191143
0121106224443122400520002103 5 1202408084.191143
0121106620453526400110002413 2 1202408084.191143
0121106620453156400110002413 2 1202408084.191143
0121106620453526400210002413 2 1202408084.191143
0121106620453156400210002413 2 1202408084.191143
0121106620443126400510002413 2 1202408084.191143
0121106620453526400510002413 2 1202408084.191143
0121106620453156400510002413 2 1202408084.191143
0121106620453526400610002413 2 1202408084.191143
0121106620453156400610002413 2 1202408084.191143
0122105623443115400120002413 5 1202408084.191143
0122100623443155400120002413 5 1202408084.191143
0122102623443155400120002413 5 1202408084.191143
0122103623443155400120002413 5 1202408084.191143
0122105623443155400120002413 5 1202408084.191143
0122106623443155400120002413 5 1202408084.191143
0122105623443115400220002413 5 1202408084.191143
0122100623443155400220002413 5 1202408084.191143
0122102623443155400220002413 5 1202408084.191143
0122103623443155400220002413 5 1202408084.191143
0122105623443155400220002413 5 1202408084.191143
0122106623443155400220002413 5 1202408084.191143
0121106224443122400520002413 5 1202408084.191143
0121106624443122400520002413 5 1202408084.191143
0122105623443115400520002413 5 1202408084.191143
0122100623443155400520002413 5 1202408084.191143
0122102623443155400520002413 5 1202408084.191143
0122103623443155400520002413 5 1202408084.191143
0122105623443155400520002413 5 1202408084.191143
0122106623443155400520002413 5 1202408084.191143
0121106620443126400520002413 2 1202408084.191143
0121106621443126400520002413 5 1202408084.191143
0121106623443126400520002413 5 1202408084.191143
0121106224443126400520002413 5 1202408084.191143
0121106624443126400520002413 5 1202408084.191143
0122105623443115400620002413 5 1202408084.191143
0122100623443155400620002413 5 1202408084.191143
0122102623443155400620002413 5 1202408084.191143
0122103623443155400620002413 5 1202408084.191143
0122105623443155400620002413 5 1202408084.191143
0122106623443155400620002413 5 1202408084.191143
0126105224443115400120002333 5 1202408084.191149
0126100224443155400120002333 5 1202408084.191149
0126102224443155400120002333 5 1202408084.191149
0126103224443155400120002333 5 1202408084.191149
0126105224443155400120002333 5 1202408084.191149
0126106224443155400120002333 5 1202408084.191149
0126105224443115400220002333 5 1202408084.191149
0126100224443155400220002333 5 1202408084.191149
0126102224443155400220002333 5 1202408084.191149
0126103224443155400220002333 5 1202408084.191149
0126105224443155400220002333 5 1202408084.191149
0126106224443155400220002333 5 1202408084.191149
0121106224443122400520002333 5 1202408084.191149
0126105224443115400520002333 5 1202408084.191149
0126100224443155400520002333 5 1202408084.191149
0126102224443155400520002333 5 1202408084.191149
0126103224443155400520002333 5 1202408084.191149
0126105224443155400520002333 5 1202408084.191149
0126106224443155400520002333 5 1202408084.191149
0126105224443115400620002333 5 1202408084.191149
0126100224443155400620002333 5 1202408084.191149
0126102224443155400620002333 5 1202408084.191149
0126103224443155400620002333 5 1202408084.191149
0126105224443155400620002333 5 1202408084.191149
0126106224443155400620002333 5 1202408084.191149
0121106224443112400110002053 6 1202408084.191149
0121106224453512400110002053 6 1202408084.191149
0121106224443122400110002053 6 1202408084.191149
0121106224453522400110002053 6 1202408084.191149
0121106224453152400110002053 6 1202408084.191149
0121106224443112400210002053 6 1202408084.191149
0121106224453512400210002053 6 1202408084.191149
0121106224443122400210002053 6 1202408084.191149
0121106224453522400210002053 6 1202408084.191149
0121106224453152400210002053 6 1202408084.191149
0121106224443112400510002053 6 1202408084.191149
0121106224453512400510002053 6 1202408084.191149
0121106224443122400510002053 6 1202408084.191149
0121106224453522400510002053 6 1202408084.191149
0121106224453152400510002053 6 1202408084.191149
0121106224443112400610002053 6 1202408084.191149
0121106224453512400610002053 6 1202408084.191149
0121106224443122400610002053 6 1202408084.191149
0121106224453522400610002053 6 1202408084.191149
0121106224453152400610002053 6 1202408084.191149
0126105224443115400120002344 5 1202408084.191150
0126100224443155400120002344 5 1202408084.191150
0126102224443155400120002344 5 1202408084.191150
0126103224443155400120002344 5 1202408084.191150
0126105224443155400120002344 5 1202408084.191150
0126106224443155400120002344 5 1202408084.191150
0126105224443115400220002344 5 1202408084.191150
0126100224443155400220002344 5 1202408084.191150
0126102224443155400220002344 5 1202408084.191150
0126103224443155400220002344 5 1202408084.191150
0126105224443155400220002344 5 1202408084.191150
0126106224443155400220002344 5 1202408084.191150
0126105224443115400520002344 5 1202408084.191150
0126100224443155400520002344 5 1202408084.191150
0126102224443155400520002344 5 1202408084.191150
0126103224443155400520002344 5 1202408084.191150
0126105224443155400520002344 5 1202408084.191150
0126106224443155400520002344 5 1202408084.191150
0126105224443115400620002344 5 1202408084.191151
0126100224443155400620002344 5 1202408084.191151
0126102224443155400620002344 5 1202408084.191151
0126103224443155400620002344 5 1202408084.191151
0126105224443155400620002344 5 1202408084.191151
0126106224443155400620002344 5 1202408084.191151
0122105623443115400120002444 5 1202408084.191151
0122100623443155400120002444 5 1202408084.191151
0122102623443155400120002444 5 1202408084.191151
0122103623443155400120002444 5 1202408084.191151
0122105623443155400120002444 5 1202408084.191151
0122106623443155400120002444 5 1202408084.191151
0122105623443115400220002444 5 1202408084.191151
0122100623443155400220002444 5 1202408084.191151
0122102623443155400220002444 5 1202408084.191151
0122103623443155400220002444 5 1202408084.191151
0122105623443155400220002444 5 1202408084.191151
0122106623443155400220002444 5 1202408084.191151
0122105623443115400520002444 5 1202408084.191151
0122100623443155400520002444 5 1202408084.191151
0122102623443155400520002444 5 1202408084.191151
0122103623443155400520002444 5 1202408084.191151
0122105623443155400520002444 5 1202408084.191151
0122106623443155400520002444 5 1202408084.191151
0122105623443115400620002444 5 1202408084.191151
0122100623443155400620002444 5 1202408084.191151
0122102623443155400620002444 5 1202408084.191151
0122103623443155400620002444 5 1202408084.191151
0122105623443155400620002444 5 1202408084.191151
0122106623443155400620002444 5 1202408084.191151
0121105224443162400120034505 5 1202408084.191212
0121105224443116400120034505 5 1202408084.191212
0121105224443126400120034505 5 1202408084.191212
0121105224443166400120034505 5 1202408084.191212
0121105224443162400220034505 5 1202408084.191212
0121105224443116400220034505 5 1202408084.191212
0121105224443126400220034505 5 1202408084.191212
0121105224443166400220034505 5 1202408084.191212
0121105224443162400520034505 5 1202408084.191212
0121105224443116400520034505 5 1202408084.191212
0121105224443126400520034505 5 1202408084.191212
0121105224443166400520034505 5 1202408084.191212
0121105224443162400120134505 5 1202408084.191214
0121105224443126400120134505 5 1202408084.191214
0121105224443166400120134505 5 1202408084.191214
0121105224443162400220134505 5 1202408084.191214
0121105224443126400220134505 5 1202408084.191214
0121105224443166400220134505 5 1202408084.191214
0121105224443162400520134505 5 1202408084.191214
0121105224443126400520134505 5 1202408084.191214
0121105224443166400520134505 5 1202408084.191214
0121105224443162400120334505 5 1202408084.191220
0121105224443126400120334505 5 1202408084.191220
0121105224443166400120334505 5 1202408084.191220
0121105224443162400220334505 5 1202408084.191220
0121105224443126400220334505 5 1202408084.191220
0121105224443166400220334505 5 1202408084.191220
0121105224443162400520334505 5 1202408084.191220
0121105224443126400520334505 5 1202408084.191220
0121105224443166400520334505 5 1202408084.191220
0121105224443162400120434505 5 1202408084.191221
0121105224443116400120434505 5 1202408084.191221
0121105224443126400120434505 5 1202408084.191221
0121105224443166400120434505 5 1202408084.191221
0121105224443162400220434505 5 1202408084.191221
0121105224443116400220434505 5 1202408084.191221
0121105224443126400220434505 5 1202408084.191221
0121105224443166400220434505 5 1202408084.191221
0121105224443162400520434505 5 1202408084.191221
0121105224443116400520434505 5 1202408084.191221
0121105224443126400520434505 5 1202408084.191221
0121105224443166400520434505 5 1202408084.191221
0121105224443122400120634505 5 1202408084.191221
0121105224443162400120634505 5 1202408084.191221
0121105224443126400120634505 5 1202408084.191221
0121105224443166400120634505 5 1202408084.191221
0121105224443122400220634505 5 1202408084.191221
0121105224443162400220634505 5 1202408084.191221
0121105224443126400220634505 5 1202408084.191221
0121105224443166400220634505 5 1202408084.191221
0121105224443122400520634505 5 1202408084.191221
0121105224443162400520634505 5 1202408084.191221
0121105224443126400520634505 5 1202408084.191221
0121105224443166400520634505 5 1202408084.191221
0121105520443125400124634505 2 1202408084.191222
0121105520443125400224634505 2 1202408084.191222
0121105520443125400524634505 2 1202408084.191222
