0122105021433116400110102455 2 1202408084.163244
0122105025433116400110102455 2 1202408084.163244
0122105021433516400110102455 2 1202408084.163245
0122105025433516400110102455 2 1202408084.163245
0122105021433156400110102455 2 1202408084.163245
0122105025433156400110102455 2 1202408084.163245
0122105021433556400110102455 2 1202408084.163245
0122105025433556400110102455 2 1202408084.163245
0122105021433166400110102455 2 1202408084.163245
0122105025433166400110102455 2 1202408084.163245
0122105021433566400110102455 2 1202408084.163245
0122105025433566400110102455 2 1202408084.163245
0122105021433116400210102455 2 1202408084.163245
0122105025433116400210102455 2 1202408084.163245
0122105021433516400210102455 2 1202408084.163245
0122105025433516400210102455 2 1202408084.163245
0122105021433156400210102455 2 1202408084.163246
0122105025433156400210102455 2 1202408084.163246
0122105021433556400210102455 2 1202408084.163246
0122105025433556400210102455 2 1202408084.163246
0122105021433166400210102455 2 1202408084.163246
0122105025433166400210102455 2 1202408084.163246
0122105021433566400210102455 2 1202408084.163246
0122105025433566400210102455 2 1202408084.163246
0122105021433116400510102455 2 1202408084.163246
0122105025433116400510102455 2 1202408084.163246
0122105021433516400510102455 2 1202408084.163246
0122105025433516400510102455 2 1202408084.163246
0122105021433156400510102455 2 1202408084.163246
0122105025433156400510102455 2 1202408084.163247
0122105021433556400510102455 2 1202408084.163247
0122105025433556400510102455 2 1202408084.163247
0122105021433166400510102455 2 1202408084.163247
0122105025433166400510102455 2 1202408084.163247
0122105021433566400510102455 2 1202408084.163247
0122105025433566400510102455 2 1202408084.163247
0122105021433116400610102455 2 1202408084.163247
0122105025433116400610102455 2 1202408084.163247
0122105021433516400610102455 2 1202408084.163247
0122105025433516400610102455 2 1202408084.163247
0122105021433156400610102455 2 1202408084.163248
0122105025433156400610102455 2 1202408084.163248
0122105021433556400610102455 2 1202408084.163248
0122105025433556400610102455 2 1202408084.163248
0122105021433166400610102455 2 1202408084.163248
0122105025433166400610102455 2 1202408084.163248
0122105021433566400610102455 2 1202408084.163248
0122105025433566400610102455 2 1202408084.163248
