0121102621433102400102614501 1202404195.171925
0121102621433112400102614501 1202404195.171926
0121102621433122400102614501 1202404195.171926
0121102621433142400102614501 1202404195.171927
0121102621433052400102614501 1202404195.171927
0121102621433152400102614501 1202404195.171927
0121102621433162400102614501 1202404195.171928
0121102621433102400202614501 1202404195.171928
0121102621433112400202614501 1202404195.171929
0121102621433122400202614501 1202404195.171929
0121102621433142400202614501 1202404195.171930
0121102621433052400202614501 1202404195.171930
0121102621433152400202614501 1202404195.171931
0121102621433162400202614501 1202404195.171931
0121102621433102400102014501 1202404195.171931
0121102621433112400102014501 1202404195.171932
0121102621433122400102014501 1202404195.171932
0121102621433142400102014501 1202404195.171933
0121102621433152400102014501 1202404195.171933
0121102621433162400102014501 1202404195.171934
0121102621433102400202014501 1202404195.171934
0121102621433112400202014501 1202404195.171934
0121102621433122400202014501 1202404195.171935
0121102621433142400202014501 1202404195.171935
0121102621433152400202014501 1202404195.171936
0121102621433162400202014501 1202404195.171936
0121102621433102400102114501 1202404195.171937
0121102621433112400102114501 1202404195.171937
0121102621433122400102114501 1202404195.171938
0121102621433142400102114501 1202404195.171938
0121102621433152400102114501 1202404195.171938
0121102621433162400102114501 1202404195.171939
0121102621433102400202114501 1202404195.171939
0121102621433112400202114501 1202404195.171940
0121102621433122400202114501 1202404195.171940
0121102621433142400202114501 1202404195.171941
0121102621433152400202114501 1202404195.171941
0121102621433162400202114501 1202404195.171941
0121102621433102400102214501 1202404195.171942
0121102621433112400102214501 1202404195.171942
0121102621433122400102214501 1202404195.171943
0121102621433142400102214501 1202404195.171943
0121102621433152400102214501 1202404195.171944
0121102621433162400102214501 1202404195.171944
0121102621433102400202214501 1202404195.171945
0121102621433112400202214501 1202404195.171945
0121102621433122400202214501 1202404195.171945
0121102621433142400202214501 1202404195.171946
0121102621433152400202214501 1202404195.171946
0121102621433162400202214501 1202404195.171947
0121102621433102400102414501 1202404195.171947
0121102621433112400102414501 1202404195.171948
0121102621433122400102414501 1202404195.171948
0121102621433142400102414501 1202404195.171949
0121102621433152400102414501 1202404195.171949
0121102621433162400102414501 1202404195.171949
0121102621433102400202414501 1202404195.171950
0121102621433112400202414501 1202404195.171950
0121102621433122400202414501 1202404195.171951
0121102621433142400202414501 1202404195.171951
0121102621433152400202414501 1202404195.171952
0121102621433162400202414501 1202404195.171952
