0126106521433101400106221622 1202405293.162116
0126106521433111400106221622 1202405293.162116
0126106521433121400106221622 1202405293.162116
0126106521433141400106221622 1202405293.162116
0126106521433151400106221622 1202405293.162116
0126106521433161400106221622 1202405293.162116
0126106521433101400206221622 1202405293.162116
0126106521433111400206221622 1202405293.162116
0126106521433121400206221622 1202405293.162116
0126106521433141400206221622 1202405293.162116
0126106521433151400206221622 1202405293.162116
0126106521433161400206221622 1202405293.162116
0126106521433101400606221622 1202405293.162116
0126106521433111400606221622 1202405293.162117
0126106521433121400606221622 1202405293.162117
0126106521433141400606221622 1202405293.162117
0126106521433151400606221622 1202405293.162117
0126106521433161400606221622 1202405293.162117
