0122102625433510400105414201 1202403225.205554
0126102625433510400105414201 1202403225.205704
0126102625433515400105414201 1202403225.205814
0122102625433510400205414201 1202403225.205924
0126102625433510400205414201 1202403225.210034
0126102625433515400205414201 1202403225.210143
0122102625433510400105614201 1202403225.210253
0126102625433510400105614201 1202403225.210403
0126102625433515400105614201 1202403225.210513
0122102625433510400205614201 1202403225.210622
0126102625433510400205614201 1202403225.210732
0126102625433515400205614201 1202403225.210842
0121102621433102400102614501 1202403225.214300
0121102621433112400102614501 1202403225.214457
0121102621433122400102614501 1202403225.214559
0121102621433142400102614501 1202403225.214757
0121102621433052400102614501 1202403225.214858
0121102621433152400102614501 1202403225.215000
0121102621433162400102614501 1202403225.215144
0121102621433014400102614501 1202403225.215245
0121102621433102400202614501 1202403225.215914
0121102621433112400202614501 1202403225.220112
0121102621433122400202614501 1202403225.220214
0121102621433142400202614501 1202403225.220412
0121102621433052400202614501 1202403225.220513
0121102621433152400202614501 1202403225.220615
0121102621433162400202614501 1202403225.220759
0121102621433014400202614501 1202403225.220901
0122102621433515400105614501 1202403225.221350
0126102621433515400105614501 1202403225.221500
0126102225433515400105614501 1202403225.221611
0126102625433515400105614501 1202403225.221721
0122102621433515400205614501 1202403225.221831
0126102621433515400205614501 1202403225.221942
0126102225433515400205614501 1202403225.222052
0126102625433515400205614501 1202403225.222202
0121102621433102400102014501 1202403225.222452
0121102621433112400102014501 1202403225.222651
0121102621433122400102014501 1202403225.222752
0121102621433142400102014501 1202403225.222950
0121102621433152400102014501 1202403225.223052
0121102621433162400102014501 1202403225.223237
0121102621433014400102014501 1202403225.223338
0121102621433102400202014501 1202403225.224008
0121102621433112400202014501 1202403225.224207
0121102621433122400202014501 1202403225.224308
0121102621433142400202014501 1202403225.224506
0121102621433152400202014501 1202403225.224608
0121102621433162400202014501 1202403225.224753
0121102621433014400202014501 1202403225.224854
0122102621433515400105014501 1202403225.225343
0126102621433515400105014501 1202403225.225453
0126102625433515400105014501 1202403225.225602
0122102621433515400205014501 1202403225.225708
0126102621433515400205014501 1202403225.225813
0126102625433515400205014501 1202403225.225918
0121102621433102400102114501 1202403225.230157
0121102621433112400102114501 1202403225.230348
0121102621433122400102114501 1202403225.230445
0121102621433142400102114501 1202403225.230635
0121102621433152400102114501 1202403225.230823
0121102621433162400102114501 1202403225.231001
0121102621433014400102114501 1202403225.231103
0121102621433102400202114501 1202403225.231818
0121102621433112400202114501 1202403225.232031
0121102621433122400202114501 1202403225.232139
0121102621433142400202114501 1202403225.232351
0121102621433152400202114501 1202403225.232559
0121102621433162400202114501 1202403225.232757
0121102621433014400202114501 1202403225.232905
0122102621433515400105114501 1202403225.233429
0126102621433515400105114501 1202403225.233546
0126102625433515400105114501 1202403225.233703
0122102621433515400205114501 1202403225.233820
0126102621433515400205114501 1202403225.233937
0126102625433515400205114501 1202403225.234053
0121102621433102400102214501 1202403225.234404
0121102621433112400102214501 1202403225.234616
0121102621433122400102214501 1202403225.234725
0121102621433142400102214501 1202403225.234937
0121102621433152400102214501 1202403225.235045
0121102621433162400102214501 1202403225.235243
0121102621433014400102214501 1202403225.235351
0121102621433102400202214501 1202403236.000106
0121102621433112400202214501 1202403236.000318
0121102621433122400202214501 1202403236.000427
0121102621433142400202214501 1202403236.000639
0121102621433152400202214501 1202403236.000747
0121102621433162400202214501 1202403236.000945
0121102621433014400202214501 1202403236.001053
0122102621433515400105214501 1202403236.001617
0126102621433515400105214501 1202403236.001734
0126102625433515400105214501 1202403236.001851
0122102621433515400205214501 1202403236.002008
0126102621433515400205214501 1202403236.002125
0126102625433515400205214501 1202403236.002242
0121102621433102400102414501 1202403236.002552
0121102621433112400102414501 1202403236.002804
0121102621433122400102414501 1202403236.002913
0121102621433142400102414501 1202403236.003125
0121102621433152400102414501 1202403236.003339
0121102621433162400102414501 1202403236.003537
0121102621433014400102414501 1202403236.003645
0121102621433102400202414501 1202403236.004402
0121102621433112400202414501 1202403236.004615
0121102621433122400202414501 1202403236.004723
0121102621433142400202414501 1202403236.004935
0121102621433152400202414501 1202403236.005149
0121102621433162400202414501 1202403236.005347
0121102621433014400202414501 1202403236.005455
0122102621433515400105414501 1202403236.010018
0126102621433515400105414501 1202403236.010135
0126102625433515400105414501 1202403236.010252
0122102621433515400205414501 1202403236.010409
0126102621433515400205414501 1202403236.010526
0126102625433515400205414501 1202403236.010643
0126102625433510400105014201 1202403236.010800
0126102625433515400105014201 1202403236.010918
0126102625433510400205014201 1202403236.011034
0126102625433515400205014201 1202403236.011151
0122102625433510400105114201 1202403236.011308
0126102625433510400105114201 1202403236.011425
0126102625433515400105114201 1202403236.011535
0122102625433510400205114201 1202403236.011639
0126102625433510400205114201 1202403236.011742
0126102625433515400205114201 1202403236.011846
0122102625433510400105214201 1202403236.011950
0126102625433510400105214201 1202403236.012054
0126102625433515400105214201 1202403236.012157
0122102625433510400205214201 1202403236.012301
0126102625433510400205214201 1202403236.012405
0126102625433515400205214201 1202403236.012509
0126102625433510400105014202 1202403236.013922
0126102625433515400105014202 1202403236.014026
0126102625433510400205014202 1202403236.014129
0126102625433515400205014202 1202403236.014233
0122102625433510400105114202 1202403236.014337
0126102625433510400105114202 1202403236.014440
0126102625433515400105114202 1202403236.014544
0122102625433510400205114202 1202403236.014648
0126102625433510400205114202 1202403236.014752
0126102625433515400205114202 1202403236.014855
0122102625433510400105214202 1202403236.014959
0126102625433510400105214202 1202403236.015103
0126102625433515400105214202 1202403236.015208
0122102625433510400205214202 1202403236.015311
0126102625433510400205214202 1202403236.015415
0126102625433515400205214202 1202403236.015519
0122102625433510400105414202 1202403236.020929
0126102625433510400105414202 1202403236.021033
0126102625433515400105414202 1202403236.021137
0122102625433510400205414202 1202403236.021241
0126102625433510400205414202 1202403236.021344
0126102625433515400205414202 1202403236.021448
0122102625433510400105614202 1202403236.021552
0126102625433510400105614202 1202403236.021656
0126102625433515400105614202 1202403236.021800
0122102625433510400205614202 1202403236.021903
0126102625433510400205614202 1202403236.022007
0126102625433515400205614202 1202403236.022111
0126102625433515400105114101 1202403236.022215
0126102625433515400205114101 1202403236.022319
0126102625433515400105214101 1202403236.022423
0126102625433515400205214101 1202403236.022527
0126102625433515400105414101 1202403236.022631
0126102625433515400205414101 1202403236.022735
0126102625433515400105614101 1202403236.022839
0126102625433515400205614101 1202403236.022943
0126102625433515400105414102 1202403236.023047
0126102625433515400205414102 1202403236.023151
0126102625433515400105614102 1202403236.023255
0126102625433515400205614102 1202403236.023359
0122102621433515400105114502 1202403236.023511
0126102621433515400105114502 1202403236.023628
0126102625433515400105114502 1202403236.023745
0122102621433515400205114502 1202403236.023901
0126102621433515400205114502 1202403236.024018
0126102625433515400205114502 1202403236.024135
0122102621433515400105214502 1202403236.030013
0126102621433515400105214502 1202403236.030130
0126102625433515400105214502 1202403236.030247
0122102621433515400205214502 1202403236.030404
0126102621433515400205214502 1202403236.030521
0126102625433515400205214502 1202403236.030638
0122102621433515400105414502 1202403236.032617
0126102621433515400105414502 1202403236.032734
0126102625433515400105414502 1202403236.032851
0122102621433515400205414502 1202403236.033008
0126102621433515400205414502 1202403236.033125
0126102625433515400205414502 1202403236.033241
0122102621433515400105614502 1202403236.035230
0126102621433515400105614502 1202403236.041325
0124102225433515400105614502 1202403236.071801
0126102225433515400105614502 1202403236.111537
0126102625433515400105614502 1202403236.111654
0122102621433515400205614502 1202403236.111812
0126102621433515400205614502 1202403236.111930
0124102225433515400205614502 1202403236.112047
0126102225433515400205614502 1202403236.112204
0126102625433515400205614502 1202403236.112322
0122102621433515400105014502 1202403236.124827
0126102621433515400105014502 1202403236.124943
0126102625433515400105014502 1202403236.125100
0122102621433515400205014502 1202403236.125217
0126102621433515400205014502 1202403236.125334
0126102625433515400205014502 1202403236.125451
0126102625433515400105014102 1202403236.132509
0126102625433515400205014102 1202403236.132614
0126102625433515400105114102 1202403236.132718
0126102625433515400205114102 1202403236.132822
0126102625433515400105214102 1202403236.132928
0126102625433515400205214102 1202403236.133034
0126102625433515400105014101 1202403236.133141
0126102625433515400205014101 1202403236.133248
0141102620033504420105624501 1202403236.140001
0141102620133504420105624501 1202403236.140106
0141102620333504420105624501 1202403236.140212
0141102620433504420105624501 1202403236.140317
0141102620533504420105624501 1202403236.140422
0141102620633504420105624501 1202403236.140527
0141102620033514420105624501 1202403236.140633
0141102620133514420105624501 1202403236.140738
0141102620333514420105624501 1202403236.140844
0141102620433514420105624501 1202403236.140949
0141102620533514420105624501 1202403236.141054
0141102620633514420105624501 1202403236.141159
0141102620033524420105624501 1202403236.141304
0141102620133524420105624501 1202403236.141410
0141102620333524420105624501 1202403236.141515
0141102620433524420105624501 1202403236.141620
0141102620533524420105624501 1202403236.141725
0141102620633524420105624501 1202403236.141831
0141102620033544420105624501 1202403236.141936
0141102620133544420105624501 1202403236.142042
0141102620333544420105624501 1202403236.142147
0141102620433544420105624501 1202403236.142253
0141102620533544420105624501 1202403236.142358
0141102620633544420105624501 1202403236.142504
0141102620033554420105624501 1202403236.142609
0141102620133554420105624501 1202403236.142715
0141102620333554420105624501 1202403236.142820
0141102620433554420105624501 1202403236.142925
0141102620533554420105624501 1202403236.143031
0141102620633554420105624501 1202403236.143136
0141102620033564420105624501 1202403236.143242
0141102620133564420105624501 1202403236.143347
0141102620333564420105624501 1202403236.143453
0141102620433564420105624501 1202403236.143558
0141102620533564420105624501 1202403236.143704
0141102620633564420105624501 1202403236.143809
0141102620033540420205624501 1202403236.143914
0141102620133540420205624501 1202403236.144020
0141102620333540420205624501 1202403236.144125
0141102620433540420205624501 1202403236.144231
0141102620533540420205624501 1202403236.144336
0141102620633540420205624501 1202403236.144442
0141102620033504420205624501 1202403236.144547
0141102620133504420205624501 1202403236.144653
0141102620333504420205624501 1202403236.144758
0141102620433504420205624501 1202403236.144904
0141102620533504420205624501 1202403236.145009
0141102620633504420205624501 1202403236.145114
0141102620033514420205624501 1202403236.145220
0141102620133514420205624501 1202403236.145325
0141102620333514420205624501 1202403236.145431
0141102620433514420205624501 1202403236.145536
0141102620533514420205624501 1202403236.145641
0141102620633514420205624501 1202403236.145747
0141102620033524420205624501 1202403236.145852
0141102620133524420205624501 1202403236.145957
0141102620333524420205624501 1202403236.150103
0141102620433524420205624501 1202403236.150208
0141102620533524420205624501 1202403236.150313
0141102620633524420205624501 1202403236.150419
0141102620033544420205624501 1202403236.150524
0141102620133544420205624501 1202403236.150630
0141102620333544420205624501 1202403236.150735
0141102620433544420205624501 1202403236.150841
0141102620533544420205624501 1202403236.150946
0141102620633544420205624501 1202403236.151052
0141102620033554420205624501 1202403236.151157
0141102620133554420205624501 1202403236.151303
0141102620333554420205624501 1202403236.151406
0141102620433554420205624501 1202403236.151509
0141102620533554420205624501 1202403236.151612
0141102620633554420205624501 1202403236.151715
0141102620033564420205624501 1202403236.151818
0141102620133564420205624501 1202403236.151921
0141102620333564420205624501 1202403236.152023
0141102620433564420205624501 1202403236.152126
0141102620533564420205624501 1202403236.152240
0141102620633564420205624501 1202403236.152355
0141102620033515420205624501 1202403236.152511
0141102620033545420205624501 1202403236.152627
0141102620133545420205624501 1202403236.152742
0141102620333545420205624501 1202403236.152858
0141102620433545420205624501 1202403236.153014
0141102620533545420205624501 1202403236.153129
0141102620633545420205624501 1202403236.153245
