0162102020403021404132022135 6 1202604164.211803
0162102020003041404132022135 6 1202604164.211804
0162102020303041404132022135 6 1202604164.211804
0162102020403041404132022135 6 1202604164.211804
0162102020503041404132022135 6 1202604164.211805
0162102020403061404132022135 6 1202604164.211805
0162102020403021454132022135 6 1202604164.211806
0162102020003041454132022135 6 1202604164.211806
0162102020303041454132022135 6 1202604164.211807
0162102020403041454132022135 6 1202604164.211807
0162102020503041454132022135 6 1202604164.211807
0162102020403061454132022135 6 1202604164.211808
0162102020403021454232022135 6 1202604164.211808
0162102020003041454232022135 6 1202604164.211809
0162102020303041454232022135 6 1202604164.211809
0162102020403041454232022135 6 1202604164.211809
0162102020503041454232022135 6 1202604164.211810
0162102020403061454232022135 6 1202604164.211810
0162102020403021404632022135 6 1202604164.211811
0162102020003041404632022135 6 1202604164.211811
0162102020303041404632022135 6 1202604164.211811
0162102020403041404632022135 6 1202604164.211812
0162102020503041404632022135 6 1202604164.211812
0162102020403061404632022135 6 1202604164.211813
0162102020403021454632022135 6 1202604164.211813
0162102020003041454632022135 6 1202604164.211814
0162102020303041454632022135 6 1202604164.211814
0162102020403041454632022135 6 1202604164.211814
0162102020503041454632022135 6 1202604164.211815
0162102020403061454632022135 6 1202604164.211815
0126100121303526434104212504 2 1202604164.212336
0126100121303526434204212504 2 1202604164.212337
0126100121303526434604212504 2 1202604164.212339
