0166100121003526434104212535 2 1202604164.211724
0126100121303526434104212535 2 1202604164.211725
0166100121303526434104212535 2 1202604164.211725
0126100121303566434104212535 2 1202604164.211725
0166100121303566434104212535 2 1202604164.211726
0166100121003526434204212535 2 1202604164.211728
0126100121303526434204212535 2 1202604164.211729
0166100121303526434204212535 2 1202604164.211729
0126100121303566434204212535 2 1202604164.211730
0166100121303566434204212535 2 1202604164.211730
0166100121003526434604212535 2 1202604164.211733
0126100121303526434604212535 2 1202604164.211733
0166100121303526434604212535 2 1202604164.211734
0126100121303566434604212535 2 1202604164.211734
0166100121303566434604212535 2 1202604164.211734
0124100521333644424104241135 2 1202604164.211802
0124102521333644424104241135 2 1202604164.211802
0124103521333644424104241135 2 1202604164.211803
0124105521333644424104241135 2 1202604164.211803
0124100521333644424204241135 2 1202604164.211812
0124102521333644424204241135 2 1202604164.211812
0124103521333644424204241135 2 1202604164.211812
0124105521333644424204241135 2 1202604164.211813
0124100521333644424604241135 2 1202604164.211816
0124102521333644424604241135 2 1202604164.211816
0124103521333644424604241135 2 1202604164.211817
0124105521333644424604241135 2 1202604164.211817
0151102624333022404120340225 5 1202604164.211904
0151102624333042404120340225 5 1202604164.211905
0151102624333022414120340225 5 1202604164.211905
0151102624333042414120340225 5 1202604164.211906
0151102624333022404520340225 5 1202604164.211908
0151102624333042404520340225 5 1202604164.211908
0151102624333022414520340225 5 1202604164.211908
0151102624333042414520340225 5 1202604164.211909
0124100025333544424216300541 2 1202604164.212738
0124100625333544424216300541 2 1202604164.212739
