0121102526333642424102441125 2 1202604164.211938
0126102526333642424102441125 2 1202604164.211938
0124103026313642424602441125 2 1202604164.211945
0126100526333642424602441125 2 1202604164.211946
0121102526333642424602441125 2 1202604164.211946
0126102526333642424602441125 2 1202604164.211946
0126103526333642424602441125 2 1202604164.211947
0126105526333642424602441125 2 1202604164.211947
0122102225333064424100210424 2 1202604164.212251
0122102225333064424200210424 2 1202604164.212257
0126100121303526434102212541 2 1202604164.212712
0126100121303526434202212541 2 1202604164.212713
0126100121303526434602212541 2 1202604164.212713
0121102020333564424116600441 2 1202604164.212716
0121100021333564424116600441 2 1202604164.212717
0121102021333564424116600441 2 1202604164.212717
0121102020333564424216600441 2 1202604164.212720
0121100021333564424216600441 2 1202604164.212720
0121102021333564424216600441 2 1202604164.212721
0121102020333564424516600441 2 1202604164.212724
0121100021333564424516600441 2 1202604164.212724
0121102021333564424516600441 2 1202604164.212724
