0121102526333602424100441105 2 1202604164.212024
0121102526333622424100441105 2 1202604164.212024
0121102526333642424100441105 2 1202604164.212025
0121102526333652424100441105 2 1202604164.212026
0121102621333502424111020444 2 1202604164.212131
0121102621333522424111020444 2 1202604164.212132
0121102621333542424111020444 2 1202604164.212132
0121102621333562424111020444 2 1202604164.212132
0141106125333142424516200124 2 1202604164.212325
0141106625333142424516200124 2 1202604164.212325
0141106621333144424516200124 2 1202604164.212327
0141106625333144424516200124 2 1202604164.212327
