0126102020333142454102412555 6 1202604164.211528
0121102621333102424106220544 2 1202604164.212110
0121102621333122424106220544 2 1202604164.212111
0121102621333142424106220544 2 1202604164.212111
0121102621333152424106220544 2 1202604164.212111
0121102621333162424106220544 2 1202604164.212112
0121102621333162424116220544 2 1202604164.212120
0125102621333162424116220544 2 1202604164.212121
0124100021333164424116220544 2 1202604164.212122
0124102021333164424116220544 2 1202604164.212122
0124103021333164424116220544 2 1202604164.212122
0124106021333164424116220544 2 1202604164.212123
0124100021333164424216220544 2 1202604164.212126
0124102021333164424216220544 2 1202604164.212127
0124103021333164424216220544 2 1202604164.212127
0124106021333164424216220544 2 1202604164.212127
0121100621333162424516220544 2 1202604164.212132
0125100621333162424516220544 2 1202604164.212133
0121102621333162424516220544 2 1202604164.212133
0125102621333162424516220544 2 1202604164.212133
0125103621333162424516220544 2 1202604164.212134
0125106621333162424516220544 2 1202604164.212134
0124100021333164424516220544 2 1202604164.212137
0124102021333164424516220544 2 1202604164.212137
0124103021333164424516220544 2 1202604164.212137
0124106021333164424516220544 2 1202604164.212137
0121102621333542424111620144 2 1202604164.212200
