0125100020333564424116200425 2 1202604164.211840
0121102020333564424116200425 2 1202604164.211840
0125102020333564424116200425 2 1202604164.211841
0125103020333564424116200425 2 1202604164.211841
0125106020333564424116200425 2 1202604164.211841
0125100021333564424116200425 2 1202604164.211842
0121102021333564424116200425 2 1202604164.211842
0125102021333564424116200425 2 1202604164.211842
0125103021333564424116200425 2 1202604164.211843
0125106021333564424116200425 2 1202604164.211843
0125100020333564424216200425 2 1202604164.211848
0121102020333564424216200425 2 1202604164.211848
0125102020333564424216200425 2 1202604164.211849
0125103020333564424216200425 2 1202604164.211849
0125106020333564424216200425 2 1202604164.211849
0125100021333564424216200425 2 1202604164.211849
0121102021333564424216200425 2 1202604164.211850
0125102021333564424216200425 2 1202604164.211850
0125103021333564424216200425 2 1202604164.211850
0125106021333564424216200425 2 1202604164.211851
0125100020333564424516200425 2 1202604164.211857
0121102020333564424516200425 2 1202604164.211857
0125102020333564424516200425 2 1202604164.211857
0125103020333564424516200425 2 1202604164.211858
0125106020333564424516200425 2 1202604164.211858
0125100021333564424516200425 2 1202604164.211858
0121102021333564424516200425 2 1202604164.211859
0125102021333564424516200425 2 1202604164.211859
0125103021333564424516200425 2 1202604164.211859
0125106021333564424516200425 2 1202604164.211900
0124102026333152424104441105 2 1202604164.212024
0126102626333152424104441105 2 1202604164.212024
