0144102225333502424116200525 2 1202604164.211836
0144102625333502424116200525 2 1202604164.211836
0144102626333504424116200525 2 1202604164.211837
0144106125333502424516200525 2 1202604164.211848
0144100225333502424516200525 2 1202604164.211849
0144102225333502424516200525 2 1202604164.211849
0144103225333502424516200525 2 1202604164.211849
0144106225333502424516200525 2 1202604164.211850
0144100625333502424516200525 2 1202604164.211850
0144102625333502424516200525 2 1202604164.211851
0144103625333502424516200525 2 1202604164.211851
0144106625333502424516200525 2 1202604164.211851
0144106126333504424516200525 2 1202604164.211855
0144100626333504424516200525 2 1202604164.211856
0144102626333504424516200525 2 1202604164.211856
0144103626333504424516200525 2 1202604164.211857
0144106626333504424516200525 2 1202604164.211857
