0125100020333564424116200421 2 1202604164.212819
0121102020333564424116200421 2 1202604164.212819
0125102020333564424116200421 2 1202604164.212819
0125106020333564424116200421 2 1202604164.212820
0121102021333564424116200421 2 1202604164.212820
0125102021333564424116200421 2 1202604164.212820
0125100020333564424216200421 2 1202604164.212823
0121102020333564424216200421 2 1202604164.212823
0125102020333564424216200421 2 1202604164.212824
0125106020333564424216200421 2 1202604164.212824
0121102021333564424216200421 2 1202604164.212824
0125102021333564424216200421 2 1202604164.212824
0125100020333564424516200421 2 1202604164.212829
0121102020333564424516200421 2 1202604164.212829
0125102020333564424516200421 2 1202604164.212829
0125106020333564424516200421 2 1202604164.212830
0121102021333564424516200421 2 1202604164.212830
0125102021333564424516200421 2 1202604164.212830
