0121106021333064424216050545 2 1202604164.211606
0121102621333502424111220444 2 1202604164.212131
0125102621333502424111220444 2 1202604164.212131
0121102621333522424111220444 2 1202604164.212132
0125102621333522424111220444 2 1202604164.212132
0121102621333542424111220444 2 1202604164.212132
0125102621333542424111220444 2 1202604164.212133
0121102621333562424111220444 2 1202604164.212133
0125102621333562424111220444 2 1202604164.212134
0125100621333502424511220444 2 1202604164.212138
0121102621333502424511220444 2 1202604164.212138
0125102621333502424511220444 2 1202604164.212139
0125103621333502424511220444 2 1202604164.212139
0125106621333502424511220444 2 1202604164.212139
0125100621333522424511220444 2 1202604164.212140
0121102621333522424511220444 2 1202604164.212140
0125102621333522424511220444 2 1202604164.212141
0125103621333522424511220444 2 1202604164.212141
0125106621333522424511220444 2 1202604164.212141
0125100621333542424511220444 2 1202604164.212142
0121102621333542424511220444 2 1202604164.212142
0125102621333542424511220444 2 1202604164.212142
0125103621333542424511220444 2 1202604164.212143
0125106621333542424511220444 2 1202604164.212143
0125100621333562424511220444 2 1202604164.212144
0121102621333562424511220444 2 1202604164.212144
0125102621333562424511220444 2 1202604164.212144
0125103621333562424511220444 2 1202604164.212145
0125106621333562424511220444 2 1202604164.212145
0121102020333564424116600424 2 1202604164.212254
0121102021333564424116600424 2 1202604164.212254
0121102020333564424216600424 2 1202604164.212257
0121102021333564424216600424 2 1202604164.212257
0121102020333564424516600424 2 1202604164.212300
0121102021333564424516600424 2 1202604164.212301
