0124106621313004424123330055 2 1202604164.211614
0124106621313024424123330055 2 1202604164.211615
0124106621313044424123330055 2 1202604164.211615
0124106621313004424223330055 2 1202604164.211618
0124106621313024424223330055 2 1202604164.211620
0124106621313044424223330055 2 1202604164.211622
0124106621313004424523330055 2 1202604164.211624
0124106621313024424523330055 2 1202604164.211625
0124106621313044424523330055 2 1202604164.211625
0121105021333164424202420544 2 1202604164.212117
0121102621333502424111320444 2 1202604164.212130
0121102621333522424111320444 2 1202604164.212131
0121102621333542424111320444 2 1202604164.212131
0121102621333562424111320444 2 1202604164.212132
0121102020333564424116600444 2 1202604164.212138
0121100021333564424116600444 2 1202604164.212139
0121102021333564424116600444 2 1202604164.212139
0121102020333564424216600444 2 1202604164.212142
0121100021333564424216600444 2 1202604164.212142
0121102021333564424216600444 2 1202604164.212143
0121102020333564424516600444 2 1202604164.212146
0121100021333564424516600444 2 1202604164.212146
0121102021333564424516600444 2 1202604164.212146
