0162102020403021404132622135 6 1202604164.211808
0162102020003041404132622135 6 1202604164.211808
0162102020303041404132622135 6 1202604164.211809
0162102020403041404132622135 6 1202604164.211809
0162102020503041404132622135 6 1202604164.211810
0162102020403061404132622135 6 1202604164.211810
0162102020403021454132622135 6 1202604164.211811
0162102020003041454132622135 6 1202604164.211811
0162102020303041454132622135 6 1202604164.211811
0162102020403041454132622135 6 1202604164.211812
0162102020503041454132622135 6 1202604164.211812
0162102020403061454132622135 6 1202604164.211813
0162102020403021454232622135 6 1202604164.211813
0162102020003041454232622135 6 1202604164.211814
0162102020303041454232622135 6 1202604164.211814
0162102020403041454232622135 6 1202604164.211815
0162102020503041454232622135 6 1202604164.211815
0162102020403061454232622135 6 1202604164.211815
0162102020403021404632622135 6 1202604164.211816
0162102020003041404632622135 6 1202604164.211816
0162102020303041404632622135 6 1202604164.211817
0162102020403041404632622135 6 1202604164.211817
0162102020503041404632622135 6 1202604164.211818
0162102020403061404632622135 6 1202604164.211818
0162102020403021454632622135 6 1202604164.211818
0162102020003041454632622135 6 1202604164.211819
0162102020303041454632622135 6 1202604164.211819
0162102020403041454632622135 6 1202604164.211820
0162102020503041454632622135 6 1202604164.211820
0162102020403061454632622135 6 1202604164.211820
0122100125303522434604212154 6 1202604164.212124
0145102525333142424116600024 2 1202604164.212333
