0121102621333542424111020144 2 1202604164.212157
0125100020333564424116200424 2 1202604164.212250
0121102020333564424116200424 2 1202604164.212250
0125102020333564424116200424 2 1202604164.212251
0125103020333564424116200424 2 1202604164.212251
0125106020333564424116200424 2 1202604164.212252
0125100021333564424116200424 2 1202604164.212252
0121102021333564424116200424 2 1202604164.212252
0125102021333564424116200424 2 1202604164.212253
0125103021333564424116200424 2 1202604164.212253
0125106021333564424116200424 2 1202604164.212254
0125100020333564424216200424 2 1202604164.212256
0121102020333564424216200424 2 1202604164.212257
0125102020333564424216200424 2 1202604164.212257
0125103020333564424216200424 2 1202604164.212258
0125106020333564424216200424 2 1202604164.212258
0125100021333564424216200424 2 1202604164.212258
0121102021333564424216200424 2 1202604164.212259
0125102021333564424216200424 2 1202604164.212259
0125103021333564424216200424 2 1202604164.212300
0125106021333564424216200424 2 1202604164.212300
0125100020333564424516200424 2 1202604164.212307
0121102020333564424516200424 2 1202604164.212307
0125102020333564424516200424 2 1202604164.212308
0125103020333564424516200424 2 1202604164.212308
0125106020333564424516200424 2 1202604164.212308
0125100021333564424516200424 2 1202604164.212309
0121102021333564424516200424 2 1202604164.212309
0125102021333564424516200424 2 1202604164.212310
0125103021333564424516200424 2 1202604164.212310
0125106021333564424516200424 2 1202604164.212310
