0121102621333162424116200544 2 1202604164.212112
0125102621333162424116200544 2 1202604164.212113
0121102620333164424116200544 2 1202604164.212114
0125102620333164424116200544 2 1202604164.212115
0121100621333162424516200544 2 1202604164.212132
0125100621333162424516200544 2 1202604164.212132
0121102621333162424516200544 2 1202604164.212133
0125102621333162424516200544 2 1202604164.212133
0125103621333162424516200544 2 1202604164.212134
0125106621333162424516200544 2 1202604164.212134
0121100621333544424516200544 2 1202604164.212136
0121106621333644424516200544 2 1202604164.212139
0125100620333164424516200544 2 1202604164.212140
0121102620333164424516200544 2 1202604164.212140
0125102620333164424516200544 2 1202604164.212140
0125103620333164424516200544 2 1202604164.212141
0125106620333164424516200544 2 1202604164.212141
0161102524333022404102222134 6 1202604164.212223
0161102524333042404102222134 6 1202604164.212224
0161102524333022404602222134 6 1202604164.212226
0161102524333042404602222134 6 1202604164.212226
