0141105521333604424201241125 2 1202604164.212014
0141105521333624424201241125 2 1202604164.212014
0141105521333644424201241125 2 1202604164.212016
0141105126333644424201241125 2 1202604164.212017
0141105526333644424201241125 2 1202604164.212017
0141105521333654424201241125 2 1202604164.212018
0141105521333604424601241125 2 1202604164.212021
0141105526333604424601241125 2 1202604164.212021
0141105521333624424601241125 2 1202604164.212021
0141105526333624424601241125 2 1202604164.212022
0141105126333044424601241125 2 1202604164.212022
0141105521333144424601241125 2 1202604164.212023
0141105126333144424601241125 2 1202604164.212023
0141105521333644424601241125 2 1202604164.212025
0141105126333644424601241125 2 1202604164.212025
0141105526333644424601241125 2 1202604164.212026
0141105521333654424601241125 2 1202604164.212027
0141105526333654424601241125 2 1202604164.212027
0122100125303522434604212153 6 1202604164.212531
0126100121303526434104212531 2 1202604164.212857
0126100121303526434204212531 2 1202604164.212857
0126100121303526434604212531 2 1202604164.212858
