1328777978
1328782074
1328786170
1328790266
1328794362
1328798458
1328802554
1328806650
1329040122
1329044218
1329048314
1329052410
1329056506
1329060602
1329064698
1329068794
1329302266
1329306362
1329310458
1329314554
1329318650
1329322746
1329326842
1329330938
1329564410
1329568506
1329572602
1329576698
1329580794
1329584890
1329588986
1329593082
1332972282
1332976378
1332980474
1332984570
1332988666
1332992762
1332996858
1333000954
1333234426
1333238522
1333242618
1333246714
1333250810
1333254906
1333259002
1333263098
1333496570
1333500666
1333504762
1333508858
1333512954
1333517050
1333521146
1333525242
1333758714
1333762810
1333766906
1333771002
1333775098
1333779194
1333783290
1333787386
1337166586
1337170682
1337174778
1337178874
1337182970
1337187066
1337191162
1337195258
1337428730
1337432826
1337436922
1337441018
1337445114
1337449210
1337453306
1337457402
1337690874
1337694970
1337699066
1337703162
1337707258
1337711354
1337715450
1337719546
1337953018
1337957114
1337961210
1337965306
1337969402
1337973498
1337977594
1337981690
1341360890
1341364986
1341369082
1341373178
1341377274
1341381370
1341385466
1341389562
1341623034
1341627130
1341631226
1341635322
1341639418
1341643514
1341647610
1341651706
1341885178
1341889274
1341893370
1341897466
1341901562
1341905658
1341909754
1341913850
1342147322
1342151418
1342155514
1342159610
1342163706
1342167802
1342171898
1342175994