01221020214331754001151645014505 2 1202406145.193924
01221020214331754002151645014505 2 1202406145.194344
01221020214331754005151645014505 2 1202406145.194814
01221050214331714001152645014505 2 1202406145.200648
01221050214331714002152645014505 2 1202406145.201111
01221050214331714005152645014505 2 1202406145.201546
01221020214331654001151745014505 2 1202406145.222802
01221020214331654002151745014505 2 1202406145.223223
01221020214331654005151745014505 2 1202406145.223648
01221050214331614001152745014505 2 1202406145.225502
01221050214331614002152745014505 2 1202406145.225924
01221050214331614005152745014505 2 1202406145.230345
