052210002131304042420000 2 1202411236.230637
002215002131304042420000 2 1202411236.230644
052215002131304042420000 2 1202411236.230650
052210002131314042420000 2 1202411236.230656
052215002131314042420000 2 1202411236.230702
002210002131354042420000 2 1202411236.230708
052210002131354042420000 2 1202411236.230714
002215002131354042420000 2 1202411236.230720
052215002131354042420000 2 1202411236.230726
052210002131304142420000 2 1202411236.230733
002215002131304142420000 2 1202411236.230739
052215002131304142420000 2 1202411236.230745
052210002131314142420000 2 1202411236.230751
052215002131314142420000 2 1202411236.230757
002210002131354142420000 2 1202411236.230803
052210002131354142420000 2 1202411236.230809
002215002131354142420000 2 1202411236.230816
052215002131354142420000 2 1202411236.230822
052210002131304242420000 2 1202411236.230828
052210002131314242420000 2 1202411236.230834
002210002131354242420000 2 1202411236.230840
052210002131354242420000 2 1202411236.230846
052210002131304442420000 2 1202411236.230852
002215002131304442420000 2 1202411236.230859
052215002131304442420000 2 1202411236.230905
052210002131314442420000 2 1202411236.230911
052215002131314442420000 2 1202411236.230917
002210002131354442420000 2 1202411236.230923
052210002131354442420000 2 1202411236.230929
002215002131354442420000 2 1202411236.230935
052215002131354442420000 2 1202411236.230941
002210002131304542420000 2 1202411236.230948
052210002131304542420000 2 1202411236.230954
002215002131304542420000 2 1202411236.231000
052215002131304542420000 2 1202411236.231006
052210002131314542420000 2 1202411236.231012
002210002131354542420000 2 1202411236.231018
052210002131354542420000 2 1202411236.231024
002215002131354542420000 2 1202411236.231030
052215002131354542420000 2 1202411236.231036
002212002531304042421000 2 1202411236.231046
002213002531304042421000 2 1202411236.231053
002210022531304042421000 2 1202411236.231059
002212022531304042421000 2 1202411236.231105
002213022531304042421000 2 1202411236.231111
002210032531304042421000 2 1202411236.231117
002212032531304042421000 2 1202411236.231123
002213032531304042421000 2 1202411236.231129
002210202135304042421000 1 1202411236.231136
002210302135304042421000 2 1202411236.231142
002212002531304142421000 2 1202411236.231149
002213002531304142421000 2 1202411236.231155
002210022531304142421000 2 1202411236.231201
002212022531304142421000 2 1202411236.231208
002213022531304142421000 2 1202411236.231214
002210032531304142421000 2 1202411236.231220
002212032531304142421000 2 1202411236.231226
002213032531304142421000 2 1202411236.231232
002210202135304142421000 1 1202411236.231238
002212002535304142421000 2 1202411236.231244
002213002535304142421000 2 1202411236.231250
002210202535304142421000 1 1202411236.231256
002212202535304142421000 1 1202411236.231303
002213202535304142421000 1 1202411236.231309
002210022535304142421000 2 1202411236.231315
002212022535304142421000 2 1202411236.231321
002213022535304142421000 2 1202411236.231327
002210222535304142421000 1 1202411236.231333
002212222535304142421000 1 1202411236.231339
002213222535304142421000 1 1202411236.231345
002210032535304142421000 2 1202411236.231351
002212032535304142421000 2 1202411236.231358
002213032535304142421000 2 1202411236.231404
002210232535304142421000 1 1202411236.231410
002212232535304142421000 1 1202411236.231416
002213232535304142421000 1 1202411236.231422
002212002531304442421000 2 1202411236.231432
002213002531304442421000 2 1202411236.231438
002210022531304442421000 2 1202411236.231444
002212022531304442421000 2 1202411236.231450
002213022531304442421000 2 1202411236.231457
002210032531304442421000 2 1202411236.231503
002212032531304442421000 2 1202411236.231509
002213032531304442421000 2 1202411236.231515
002210202135304442421000 1 1202411236.231521
002210302135304442421000 2 1202411236.231528
002212002531304542421000 2 1202411236.231537
002213002531304542421000 2 1202411236.231543
002210022531304542421000 2 1202411236.231550
002212022531304542421000 2 1202411236.231556
002213022531304542421000 2 1202411236.231602
002210032531304542421000 2 1202411236.231608
002212032531304542421000 2 1202411236.231614
002213032531304542421000 2 1202411236.231620
002210202135304542421000 1 1202411236.231627
002210302135304542421000 2 1202411236.231633
002510002131314142422000 2 1202411236.231646
002510002131314242422000 2 1202411236.231652
002510002131314442422000 2 1202411236.231701
002210002131304542422000 5 1202411236.231709
002210002131304042452000 2 1202411236.231739
002210002131304142452000 2 1202411236.231747
002510002131314142452000 2 1202411236.231753
002210002131304242452000 5 1202411236.231800
002510002131314242452000 2 1202411236.231806
002210002131304442452000 2 1202411236.231815
002510002131314442452000 2 1202411236.231821
002210002131304542452000 5 1202411236.231829
002210002131354042420100 2 1202411236.231854
002210002131354142420100 2 1202411236.231900
002210002131354242420100 2 1202411236.231907
002210002131354442420100 2 1202411236.231913
002215002131354442420100 2 1202411236.231920
002210002131304542420100 2 1202411236.231926
002210002131354542420100 2 1202411236.231933
002215002131354542420100 2 1202411236.231939
002510002131304042422100 2 1202411236.231952
002510002131304142422100 2 1202411236.231959
002510002131304442422100 2 1202411236.232008
002510002031304045422100 2 1202411236.232019
002210002131304045422100 2 1202411236.232025
002510002131304045422100 2 1202411236.232031
002510002331304045422100 5 1202411236.232037
002510002431304045422100 5 1202411236.232043
002510002031304145422100 2 1202411236.232050
002210002131304145422100 2 1202411236.232056
002510002131304145422100 2 1202411236.232102
002510002331304145422100 5 1202411236.232108
002510002431304145422100 5 1202411236.232115
002210002031314145422100 5 1202411236.232121
002510002031304245422100 2 1202411236.232127
002510002031304445422100 2 1202411236.232135
002210002131304445422100 2 1202411236.232141
002510002131304445422100 2 1202411236.232147
002510002331304445422100 5 1202411236.232153
002510002431304445422100 5 1202411236.232200
002210002031314445422100 5 1202411236.232206
002510002031304545422100 2 1202411236.232213
002210002031314545422100 5 1202411236.232219
002210002131304042452100 2 1202411236.232230
002510002131304042452100 2 1202411236.232236
002210002131304142452100 2 1202411236.232243
002510002131304142452100 2 1202411236.232249
002210002131304442452100 2 1202411236.232259
002510002131304442452100 2 1202411236.232305
002510002031304045452100 2 1202411236.232315
002210002131304045452100 2 1202411236.232321
002510002131304045452100 2 1202411236.232327
002510002331304045452100 5 1202411236.232333
002510002431304045452100 5 1202411236.232340
002510002031304145452100 2 1202411236.232346
002210002131304145452100 2 1202411236.232352
002510002131304145452100 2 1202411236.232359
002510002331304145452100 5 1202411236.232405
002510002431304145452100 5 1202411236.232411
002210002031314145452100 5 1202411236.232417
002510002031304245452100 2 1202411236.232424
002510002031304445452100 2 1202411236.232431
002210002131304445452100 2 1202411236.232437
002510002131304445452100 2 1202411236.232443
002510002331304445452100 5 1202411236.232449
002510002431304445452100 5 1202411236.232456
002210002031314445452100 5 1202411236.232502
002510002031304545452100 2 1202411236.232509
002210002031314545452100 5 1202411236.232515
002210002131354042420200 2 1202411236.232526
002210002131354142420200 2 1202411236.232532
002210002131354242420200 2 1202411236.232539
002210002131354442420200 2 1202411236.232545
002215002131354442420200 2 1202411236.232552
002210002131304542420200 2 1202411236.232558
002210002131354542420200 2 1202411236.232604
002215002131354542420200 2 1202411236.232610
002210002135304042421200 2 1202411236.232620
002210202135304042421200 1 1202411236.232626
002210302135304042421200 2 1202411236.232633
002210002135304142421200 2 1202411236.232639
002210202135304142421200 1 1202411236.232645
002210002135304442421200 2 1202411236.232653
002210202135304442421200 1 1202411236.232659
002210302135304442421200 2 1202411236.232705
002210002131304542421200 2 1202411236.232712
002210002135304542421200 2 1202411236.232718
002210202135304542421200 1 1202411236.232724
002210302135304542421200 2 1202411236.232730
002210002135304042421300 2 1202411236.232741
002210202135304042421300 1 1202411236.232748
002210302135304042421300 2 1202411236.232754
002210002135304142421300 2 1202411236.232800
002210202135304142421300 1 1202411236.232806
002210002135304442421300 2 1202411236.232814
002210202135304442421300 1 1202411236.232820
002210302135304442421300 2 1202411236.232826
002210002131304542421300 2 1202411236.232833
002210002135304542421300 2 1202411236.232839
002210202135304542421300 1 1202411236.232845
002210302135304542421300 2 1202411236.232851
002210002131304042452300 2 1202411236.232910
002210002131304142452300 2 1202411236.232918
002210002131304442452300 2 1202411236.232928
002210002131354042420400 2 1202411236.232941
002210002131354142420400 2 1202411236.232947
002210002131354242420400 2 1202411236.232954
002210002131354442420400 2 1202411236.233000
002215002131354442420400 2 1202411236.233007
002210002131304542420400 2 1202411236.233013
002210002131354542420400 2 1202411236.233019
002215002131354542420400 2 1202411236.233025
002210002131304042452400 2 1202411236.233053
002210002131304142452400 2 1202411236.233100
002210002131304442452400 2 1202411236.233108
002210002131354042420500 2 1202411236.233121
002215002131304142420500 2 1202411236.233128
002210002131354142420500 2 1202411236.233134
002210002131354242420500 2 1202411236.233141
002215002131304442420500 2 1202411236.233147
002210002131354442420500 2 1202411236.233153
002215002131354442420500 2 1202411236.233200
002210002131304542420500 2 1202411236.233206
002210002131354542420500 2 1202411236.233212
002215002131354542420500 2 1202411236.233219
002215002131304042420010 2 1202411236.233236
002210202135304042420010 1 1202411236.233249
052210202135304042420010 1 1202411236.233255
002215202135304042420010 1 1202411236.233301
002215002131354042420010 2 1202411236.233317
002215002131304142420010 2 1202411236.233331
002210202135304142420010 1 1202411236.233337
052210202135304142420010 1 1202411236.233343
002215202135304142420010 2 1202411236.233349
052215202135304142420010 1 1202411236.233355
002210202135354142420010 2 1202411236.233410
002215202135354142420010 1 1202411236.233416
052215202135354142420010 1 1202411236.233422
052210202135304242420010 1 1202411236.233436
002215002131304442420010 2 1202411236.233503
002210202135304442420010 1 1202411236.233513
052210202135304442420010 1 1202411236.233519
002215202135304442420010 1 1202411236.233525
002210202135354442420010 1 1202411236.233540
002210002131304542420010 2 1202411236.233553
002215002131304542420010 2 1202411236.233559
052210202135304542420010 2 1202411236.233608
002215202135354542420010 1 1202411236.233625
052215202135354542420010 1 1202411236.233631
002510002131314142422010 2 1202411236.233646
002510002131314242422010 2 1202411236.233652
002510002131314442422010 2 1202411236.233701
002210002131304542422010 5 1202411236.233708
002210002131304042452010 2 1202411236.233738
002210002131304142452010 2 1202411236.233745
002510002131314142452010 2 1202411236.233752
002210002131304242452010 5 1202411236.233758
002510002131314242452010 2 1202411236.233805
002210002131304442452010 2 1202411236.233813
002510002131314442452010 2 1202411236.233820
002210002131304542452010 5 1202411236.233827
011115202143351040420110 2 1202411236.233851
012215202345310140420110 1 1202411236.233858
012215202345311140420110 1 1202411236.233904
012215202345312140420110 1 1202411236.233912
012215202345314140420110 1 1202411236.233920
012215202345315140420110 1 1202411236.233927
002210202135304042420110 1 1202411236.233954
002210202135304142420110 1 1202411236.234014
014115202003311442420110 2 1202411236.234042
014115202003351442420110 2 1202411236.234046
002210202135304442420110 1 1202411236.234057
014115202003314442420110 2 1202411236.234105
014115202003354442420110 2 1202411236.234114
014115202003315442420110 2 1202411236.234119
014115202003355442420110 2 1202411236.234123
002210002131304542420110 2 1202411236.234135
002510002131304042422110 2 1202411236.234158
002510002131304142422110 2 1202411236.234205
002510002131304442422110 2 1202411236.234214
002510002031304045422110 2 1202411236.234224
002210002131304045422110 2 1202411236.234230
002510002131304045422110 2 1202411236.234237
002510002331304045422110 5 1202411236.234243
002510002431304045422110 5 1202411236.234249
002510002031304145422110 2 1202411236.234256
002210002131304145422110 2 1202411236.234302
002510002131304145422110 2 1202411236.234308
002510002331304145422110 5 1202411236.234314
002510002431304145422110 5 1202411236.234321
002210002031314145422110 5 1202411236.234327
002510002031304245422110 2 1202411236.234333
002510002031304445422110 2 1202411236.234341
002210002131304445422110 2 1202411236.234347
002510002131304445422110 2 1202411236.234353
002510002331304445422110 5 1202411236.234400
002510002431304445422110 5 1202411236.234406
002210002031314445422110 5 1202411236.234412
002510002031304545422110 2 1202411236.234419
002210002031314545422110 5 1202411236.234426
002210002131304042452110 2 1202411236.234437
002510002131304042452110 2 1202411236.234443
002210002131304142452110 2 1202411236.234450
002510002131304142452110 2 1202411236.234456
002210002131304442452110 2 1202411236.234505
002510002131304442452110 2 1202411236.234511
002510002031304045452110 2 1202411236.234521
002210002131304045452110 2 1202411236.234528
002510002131304045452110 2 1202411236.234534
002510002331304045452110 5 1202411236.234540
002510002431304045452110 5 1202411236.234546
002510002031304145452110 2 1202411236.234553
002210002131304145452110 2 1202411236.234559
002510002131304145452110 2 1202411236.234605
002510002331304145452110 5 1202411236.234612
002510002431304145452110 5 1202411236.234618
002210002031314145452110 5 1202411236.234624
002510002031304245452110 2 1202411236.234630
002510002031304445452110 2 1202411236.234638
002210002131304445452110 2 1202411236.234644
002510002131304445452110 2 1202411236.234650
002510002331304445452110 5 1202411236.234656
002510002431304445452110 5 1202411236.234703
002210002031314445452110 5 1202411236.234709
002510002031304545452110 2 1202411236.234716
002210002031314545452110 5 1202411236.234722
002210202135304042420210 1 1202411236.234747
002210202135304142420210 1 1202411236.234813
002210202135304442420210 1 1202411236.234905
002210002131304542420210 2 1202411236.234937
002210002131304042452310 2 1202411236.235024
