0145102525333102424111600524 2 1202604164.212243
0145102525333502424111600524 2 1202604164.212243
0145102525333602424111600524 2 1202604164.212244
0145102525333142424111600524 2 1202604164.212244
0145102525333542424111600524 2 1202604164.212245
0145102625333542424111600524 2 1202604164.212245
0145102621333144424111600524 2 1202604164.212246
0145102525333144424111600524 2 1202604164.212246
0145102625333544424111600524 2 1202604164.212248
0145100621333144424211600524 2 1202604164.212253
0145102621333144424211600524 2 1202604164.212253
0145103621333144424211600524 2 1202604164.212254
0141106621333144424211600524 2 1202604164.212254
0145106621333144424211600524 2 1202604164.212255
0145100621333544424211600524 2 1202604164.212255
0145102621333544424211600524 2 1202604164.212256
0145103621333544424211600524 2 1202604164.212256
0141106621333544424211600524 2 1202604164.212256
0145106621333544424211600524 2 1202604164.212257
0125100021333564424116200422 2 1202604164.212651
0121102021333564424116200422 2 1202604164.212651
0125102021333564424116200422 2 1202604164.212652
0125103021333564424116200422 2 1202604164.212652
0125106021333564424116200422 2 1202604164.212652
0125100021333564424216200422 2 1202604164.212655
0121102021333564424216200422 2 1202604164.212655
0125102021333564424216200422 2 1202604164.212656
0125103021333564424216200422 2 1202604164.212656
0125106021333564424216200422 2 1202604164.212656
0125100021333564424516200422 2 1202604164.212701
0121102021333564424516200422 2 1202604164.212701
0125102021333564424516200422 2 1202604164.212701
0125103021333564424516200422 2 1202604164.212702
0125106021333564424516200422 2 1202604164.212702
