0141102520633116420102624501 1202403166.033647
0141102620033504420105624501 1202403166.034435
0141102620133504420105624501 1202403166.034457
0141102620333504420105624501 1202403166.034519
0141102620433504420105624501 1202403166.034541
0141102620533504420105624501 1202403166.034603
0141102620633504420105624501 1202403166.034624
0141102620033514420105624501 1202403166.034646
0141102620133514420105624501 1202403166.034709
0141102620333514420105624501 1202403166.034730
0141102620433514420105624501 1202403166.034752
0141102620533514420105624501 1202403166.034814
0141102620633514420105624501 1202403166.034836
0141102620033524420105624501 1202403166.034858
0141102620133524420105624501 1202403166.034919
0141102620333524420105624501 1202403166.034941
0141102620433524420105624501 1202403166.035003
0141102620533524420105624501 1202403166.035025
0141102620633524420105624501 1202403166.035047
0141102620033544420105624501 1202403166.035109
0141102620133544420105624501 1202403166.035131
0141102620333544420105624501 1202403166.035153
0141102620433544420105624501 1202403166.035215
0141102620533544420105624501 1202403166.035236
0141102620633544420105624501 1202403166.035258
0141102620033554420105624501 1202403166.035321
0141102620133554420105624501 1202403166.035343
0141102620333554420105624501 1202403166.035405
0141102620433554420105624501 1202403166.035427
0141102620533554420105624501 1202403166.035448
0141102620633554420105624501 1202403166.035510
0141102620033564420105624501 1202403166.035532
0141102620133564420105624501 1202403166.035554
0141102620333564420105624501 1202403166.035616
0141102620433564420105624501 1202403166.035638
0141102620533564420105624501 1202403166.035659
0141102620633564420105624501 1202403166.035721
0141102620033540420205624501 1202403166.035902
0141102620133540420205624501 1202403166.035928
0141102620333540420205624501 1202403166.035955
0141102620433540420205624501 1202403166.040021
0141102620533540420205624501 1202403166.040048
0141102620633540420205624501 1202403166.040114
0141102620033504420205624501 1202403166.040143
0141102620133504420205624501 1202403166.040210
0141102620333504420205624501 1202403166.040237
0141102620433504420205624501 1202403166.040304
0141102620533504420205624501 1202403166.040331
0141102620633504420205624501 1202403166.040357
0141102620033514420205624501 1202403166.040425
0141102620133514420205624501 1202403166.040451
0141102620333514420205624501 1202403166.040518
0141102620433514420205624501 1202403166.040545
0141102620533514420205624501 1202403166.040612
0141102620633514420205624501 1202403166.040639
0141102620033524420205624501 1202403166.040706
0141102620133524420205624501 1202403166.040733
0141102620333524420205624501 1202403166.040759
0141102620433524420205624501 1202403166.040826
0141102620533524420205624501 1202403166.040853
0141102620633524420205624501 1202403166.040920
0141102620033544420205624501 1202403166.040947
0141102620133544420205624501 1202403166.041014
0141102620333544420205624501 1202403166.041041
0141102620433544420205624501 1202403166.041107
0141102620533544420205624501 1202403166.041134
0141102620633544420205624501 1202403166.041201
0141102620033554420205624501 1202403166.041228
0141102620133554420205624501 1202403166.041255
0141102620333554420205624501 1202403166.041322
0141102620433554420205624501 1202403166.041349
0141102620533554420205624501 1202403166.041415
0141102620633554420205624501 1202403166.041442
0141102620033564420205624501 1202403166.041510
0141102620133564420205624501 1202403166.041537
0141102620333564420205624501 1202403166.041604
0141102620433564420205624501 1202403166.041631
0141102620533564420205624501 1202403166.041657
0141102620633564420205624501 1202403166.041724
0141102620033515420205624501 1202403166.041748
0141102620033545420205624501 1202403166.041922
0141102620133545420205624501 1202403166.041949
0141102620333545420205624501 1202403166.042016
0141102620433545420205624501 1202403166.042042
0141102620533545420205624501 1202403166.042109
0141102620633545420205624501 1202403166.042136
