0121104521433561400605222511 1202403155.220936
0121104521433564400605222511 1202403155.221048
0122102521433010400106264202 1202403155.224415
0122106521433010400106264202 1202403155.224433
0122102521433110400106264202 1202403155.224451
0122106521433110400106264202 1202403155.224509
0122100521433060400106264202 1202403155.224527
0122102521433060400106264202 1202403155.224545
0122103521433060400106264202 1202403155.224602
0122104521433060400106264202 1202403155.224620
0122105521433060400106264202 1202403155.224638
0122106521433060400106264202 1202403155.224656
0122100521433160400106264202 1202403155.224714
0122102521433160400106264202 1202403155.224732
0122103521433160400106264202 1202403155.224749
0122104521433160400106264202 1202403155.224807
0122105521433160400106264202 1202403155.224825
0122106521433160400106264202 1202403155.224843
0122106521433001400106264202 1202403155.224902
0122106521433011400106264202 1202403155.224920
0122106521433041400106264202 1202403155.224939
0122106521433051400106264202 1202403155.224957
0122104521433061400106264202 1202403155.225015
0122106521433061400106264202 1202403155.225033
0122100521433161400106264202 1202403155.225051
0122102521433014400106264202 1202403155.225109
0122106521433014400106264202 1202403155.225127
0122100521433064400106264202 1202403155.225145
0122102521433064400106264202 1202403155.225203
0122103521433064400106264202 1202403155.225221
0122104521433064400106264202 1202403155.225239
0122105521433064400106264202 1202403155.225257
0122106521433064400106264202 1202403155.225315
0122100521433006400106264202 1202403155.225334
0122102521433006400106264202 1202403155.225351
0122103521433006400106264202 1202403155.225409
0122104521433006400106264202 1202403155.225427
0122105521433006400106264202 1202403155.225444
0122106521433006400106264202 1202403155.225502
0122102521433016400106264202 1202403155.225520
0122104521433016400106264202 1202403155.225538
0122106521433016400106264202 1202403155.225556
0122100521433046400106264202 1202403155.225614
0122102521433046400106264202 1202403155.225632
0122103521433046400106264202 1202403155.225650
0122104521433046400106264202 1202403155.225708
0122105521433046400106264202 1202403155.225726
0122106521433046400106264202 1202403155.225744
0122100521433056400106264202 1202403155.225802
0122102521433056400106264202 1202403155.225821
0122103521433056400106264202 1202403155.225839
0122104521433056400106264202 1202403155.225857
0122105521433056400106264202 1202403155.225915
0122106521433056400106264202 1202403155.225933
0122100521433066400106264202 1202403155.225951
0122102521433066400106264202 1202403155.230009
0122103521433066400106264202 1202403155.230027
0122104521433066400106264202 1202403155.230044
0122105521433066400106264202 1202403155.230102
0122106521433066400106264202 1202403155.230120
0122102521433010400206264202 1202403155.230138
0122106521433010400206264202 1202403155.230156
0122102521433110400206264202 1202403155.230214
0122106521433110400206264202 1202403155.230232
0122100521433060400206264202 1202403155.230249
0122102521433060400206264202 1202403155.230307
0122103521433060400206264202 1202403155.230325
0122104521433060400206264202 1202403155.230343
0122105521433060400206264202 1202403155.230401
0122106521433060400206264202 1202403155.230419
0122100521433160400206264202 1202403155.230436
0122102521433160400206264202 1202403155.230454
0122103521433160400206264202 1202403155.230512
0122104521433160400206264202 1202403155.230530
0122105521433160400206264202 1202403155.230548
0122106521433160400206264202 1202403155.230606
0122106521433001400206264202 1202403155.230624
0122106521433011400206264202 1202403155.230641
0122106521433041400206264202 1202403155.230659
0122106521433051400206264202 1202403155.230717
0122104521433061400206264202 1202403155.230735
0122106521433061400206264202 1202403155.230753
0122100521433161400206264202 1202403155.230811
0122102521433014400206264202 1202403155.230829
0122106521433014400206264202 1202403155.230847
0122100521433064400206264202 1202403155.230905
0122102521433064400206264202 1202403155.230923
0122103521433064400206264202 1202403155.230941
0122104521433064400206264202 1202403155.230959
0122105521433064400206264202 1202403155.231017
0122106521433064400206264202 1202403155.231035
0122100521433006400206264202 1202403155.231053
0122102521433006400206264202 1202403155.231111
0122103521433006400206264202 1202403155.231128
0122104521433006400206264202 1202403155.231146
0122105521433006400206264202 1202403155.231204
0122106521433006400206264202 1202403155.231221
0122102521433016400206264202 1202403155.231239
0122104521433016400206264202 1202403155.231257
0122106521433016400206264202 1202403155.231315
0122100521433046400206264202 1202403155.231333
0122102521433046400206264202 1202403155.231351
0122103521433046400206264202 1202403155.231409
0122104521433046400206264202 1202403155.231426
0122105521433046400206264202 1202403155.231444
0122106521433046400206264202 1202403155.231502
0122100521433056400206264202 1202403155.231520
0122102521433056400206264202 1202403155.231538
0122103521433056400206264202 1202403155.231556
0122104521433056400206264202 1202403155.231614
0122105521433056400206264202 1202403155.231632
0122106521433056400206264202 1202403155.231650
0122100521433066400206264202 1202403155.231708
0122102521433066400206264202 1202403155.231726
0122103521433066400206264202 1202403155.231743
0122104521433066400206264202 1202403155.231801
0122105521433066400206264202 1202403155.231819
0122106521433066400206264202 1202403155.231837
0121102521433160400102464202 1202403155.232300
0121102521433065400102464202 1202403155.232326
0121102521433106400102464202 1202403155.232350
0121102521433116400102464202 1202403155.232413
0121102521433126400102464202 1202403155.232437
0121102521433146400102464202 1202403155.232500
0121102521433156400102464202 1202403155.232523
0121102521433166400102464202 1202403155.232547
