00111020213030424242 1 1202502042.171538
00121020213030424242 1 1202502042.171540
00221030211130424242 2 1202502042.171542
00121020213130424242 2 1202502042.171544
00121020213330424242 2 1202502042.171546
00121020213430424242 2 1202502042.171548
00221000213131424242 2 1202502042.171550
00221030213131424242 2 1202502042.171552
01221030213131424242 2 1202502042.171553
00011020200330044242 2 1202502042.171555
00111020200330044242 2 1202502042.171557
00211020200330044242 2 1202502042.171559
00411020200330044242 2 1202502042.171601
00011220200330044242 2 1202502042.171603
00111220200330044242 2 1202502042.171605
00211220200330044242 2 1202502042.171607
00411220200330044242 2 1202502042.171609
00011320200330044242 2 1202502042.171611
00111320200330044242 2 1202502042.171613
00211320200330044242 2 1202502042.171615
