052110002131304142420440 2 1202501315.172215
004510222503300442420111 2 1202501315.172310
004510222503310442420111 2 1202501315.172315
004510222503301442420111 2 1202501315.172321
004510222503311442420111 2 1202501315.172326
004510222503302442420111 2 1202501315.172331
004510222503304442420111 2 1202501315.172335
004510222503314442420111 2 1202501315.172339
004510222503305442420111 2 1202501315.172344
004510222503315442420111 2 1202501315.172347
014510252130300042420412 1 1202501315.172438
014510252130310042420412 1 1202501315.172440
014510252130320042420412 1 1202501315.172443
014510252130340042420412 1 1202501315.172446
014510252130350042420412 1 1202501315.172450
014510252130302042420412 1 1202501315.172452
014510252130300142420412 1 1202501315.172507
014510252130310142420412 1 1202501315.172510
014510252130320142420412 1 1202501315.172513
014510252130340142420412 1 1202501315.172516
014510252130350142420412 1 1202501315.172519
014510252130304142420412 2 1202501315.172523
014510252130314142420412 1 1202501315.172530
014510252130300242420412 1 1202501315.172533
014510252130310242420412 1 1202501315.172536
014510252130320242420412 1 1202501315.172538
014510252130340242420412 1 1202501315.172541
014510252130350242420412 1 1202501315.172544
004110552103300442420022 2 1202501315.172557
004115552103300442420022 2 1202501315.172600
004110552103310442420022 2 1202501315.172605
004110552103350442420022 2 1202501315.172609
004110552103301442420022 2 1202501315.172615
004115552103301442420022 2 1202501315.172618
004110552103311442420022 2 1202501315.172622
004110552103351442420022 2 1202501315.172627
004110552103302442420022 2 1202501315.172632
004115552103302442420022 2 1202501315.172635
004110552103352442420022 2 1202501315.172641
004110552103304442420022 2 1202501315.172646
004115552103304442420022 2 1202501315.172649
004110552103314442420022 2 1202501315.172655
004110552103354442420022 2 1202501315.172700
004110552103305442420022 2 1202501315.172705
004115552103305442420022 2 1202501315.172708
004110552103355442420022 2 1202501315.172714
002415302151314042420142 2 1202501315.172737
012415302151314042420142 2 1202501315.172739
042415302151314042420142 2 1202501315.172742
042415302151354042420142 2 1202501315.172758
042515302151354042420142 2 1202501315.172801
051410202135314142420142 1 1202501315.172823
042215302151314242420142 2 1202501315.172846
042415302151314242420142 2 1202501315.172850
042215302151354242420142 2 1202501315.172903
002415302151354242420142 2 1202501315.172906
042415302151354242420142 2 1202501315.172908
042115502113310442420142 2 1202501315.172925
042415502113310442420142 2 1202501315.172927
042415002153310442420142 2 1202501315.172935
042415202153310442420142 2 1202501315.172938
042415302153310442420142 2 1202501315.172940
042415502153310442420142 2 1202501315.172942
012415502113301442420142 2 1202501315.172947
012415502153301442420142 2 1202501315.172951
042115502113311442420142 2 1202501315.172953
002415502113311442420142 2 1202501315.172956
042415502113311442420142 2 1202501315.172958
042115002153311442420142 2 1202501315.173007
042115202153311442420142 2 1202501315.173009
002415202153311442420142 2 1202501315.173011
042415202153311442420142 2 1202501315.173014
002415502153311442420142 2 1202501315.173017
042415502153311442420142 2 1202501315.173020
042115502113351442420142 2 1202501315.173023
002415502113351442420142 2 1202501315.173025
042415502113351442420142 2 1202501315.173027
042115202153351442420142 2 1202501315.173035
002415202153351442420142 2 1202501315.173038
042415202153351442420142 2 1202501315.173040
002415502153351442420142 2 1202501315.173044
042415502153351442420142 2 1202501315.173046
042415302151314442420142 2 1202501315.173110
042415502113314442420142 2 1202501315.173116
042515502113314442420142 2 1202501315.173119
042415002153314442420142 2 1202501315.173129
042515002153314442420142 2 1202501315.173131
042115202153314442420142 2 1202501315.173134
042415202153314442420142 2 1202501315.173137
042515202153314442420142 2 1202501315.173139
042415302153314442420142 2 1202501315.173142
042515302153314442420142 2 1202501315.173145
042115502153314442420142 2 1202501315.173147
042415502153314442420142 2 1202501315.173150
042515502153314442420142 2 1202501315.173152
002415302151354442420142 2 1202501315.173204
042415302151354442420142 2 1202501315.173206
042115002153354442420142 2 1202501315.173220
042115202153354442420142 2 1202501315.173225
021115202143345240420114 2 1202501315.173417
012215202035354042420415 1 1202501315.173537
