0122105021433116400111112410 2 1202407265.150310
0122105021433156400111112410 2 1202407265.150310
0122105021433166400111112410 2 1202407265.150310
0122105021433116400211112410 2 1202407265.150310
0122105021433156400211112410 2 1202407265.150310
0122105021433166400211112410 2 1202407265.150310
0122105021433116400511112410 2 1202407265.150311
0122105021433156400511112410 2 1202407265.150311
0122105021433166400511112410 2 1202407265.150311
0122105021433116400611112410 2 1202407265.150312
0122105021433156400611112410 2 1202407265.150312
0122105021433166400611112410 2 1202407265.150312
0122105021433116400112122441 2 1202407265.150320
0122105021433156400112122441 2 1202407265.150320
0122105021433116400212122441 2 1202407265.150320
0122105021433156400212122441 2 1202407265.150320
0122105021433116400512122441 2 1202407265.150320
0122105021433156400512122441 2 1202407265.150320
0122105021433116400612122441 2 1202407265.150321
0122105021433156400612122441 2 1202407265.150321
0122105021433116400110102455 2 1202407265.150445
0122105025433116400110102455 2 1202407265.150445
0122105021433516400110102455 2 1202407265.150446
0122105025433516400110102455 2 1202407265.150446
0122105021433156400110102455 2 1202407265.150446
0122105025433156400110102455 2 1202407265.150446
0122105021433556400110102455 2 1202407265.150446
0122105025433556400110102455 2 1202407265.150446
0122105021433166400110102455 2 1202407265.150446
0122105025433166400110102455 2 1202407265.150446
0122105021433566400110102455 2 1202407265.150446
0122105025433566400110102455 2 1202407265.150446
0122105021433116400210102455 2 1202407265.150446
0122105025433116400210102455 2 1202407265.150446
0122105021433516400210102455 2 1202407265.150447
0122105025433516400210102455 2 1202407265.150447
0122105021433156400210102455 2 1202407265.150447
0122105025433156400210102455 2 1202407265.150447
0122105021433556400210102455 2 1202407265.150447
0122105025433556400210102455 2 1202407265.150447
0122105021433166400210102455 2 1202407265.150447
0122105025433166400210102455 2 1202407265.150447
0122105021433566400210102455 2 1202407265.150447
0122105025433566400210102455 2 1202407265.150447
0122105021433116400510102455 2 1202407265.150447
0122105025433116400510102455 2 1202407265.150447
0122105021433516400510102455 2 1202407265.150447
0122105025433516400510102455 2 1202407265.150448
0122105021433156400510102455 2 1202407265.150448
0122105025433156400510102455 2 1202407265.150448
0122105021433556400510102455 2 1202407265.150448
0122105025433556400510102455 2 1202407265.150448
0122105021433166400510102455 2 1202407265.150448
0122105025433166400510102455 2 1202407265.150448
0122105021433566400510102455 2 1202407265.150448
0122105025433566400510102455 2 1202407265.150448
0122105021433116400610102455 2 1202407265.150448
0122105025433116400610102455 2 1202407265.150449
0122105021433516400610102455 2 1202407265.150449
0122105025433516400610102455 2 1202407265.150449
0122105021433156400610102455 2 1202407265.150449
0122105025433156400610102455 2 1202407265.150449
0122105021433556400610102455 2 1202407265.150449
0122105025433556400610102455 2 1202407265.150449
0122105021433166400610102455 2 1202407265.150449
0122105025433166400610102455 2 1202407265.150449
0122105021433566400610102455 2 1202407265.150449
0122105025433566400610102455 2 1202407265.150449
0122105021433116400113132403 2 1202407265.150501
0122105021433156400113132403 2 1202407265.150501
0122105021433116400213132403 2 1202407265.150502
0122105021433156400213132403 2 1202407265.150502
0122105021433116400513132403 2 1202407265.150502
0122105021433156400513132403 2 1202407265.150502
0122105021433116400613132403 2 1202407265.150503
0122105021433156400613132403 2 1202407265.150503
