0124103225313144424610002400 2 1202502252.235213
0011152021363040424205420500 2 1202502252.235549
0011162021363040424205420500 2 1202502252.235551
0125163021513640424205420500 2 1202502252.235553
0511162021363541424205420500 2 1202502252.235601
0125162021533114424205420500 2 1202502252.235618
0526153021513044424205420500 2 1202502252.235630
0011152021363044424205420500 2 1202502252.235634
0125160021533144424205420500 2 1202502252.235638
0125162021533144424205420500 2 1202502252.235639
0125163021533144424205420500 2 1202502252.235641
0125165021533144424205420500 2 1202502252.235643
0125166021533144424205420500 2 1202502252.235645
0116162020303045424205420500 1 1202502252.235709
0111152620303045424205420500 2 1202502252.235711
0125163021313045424205420500 2 1202502252.235713
0011152021363045424205420500 2 1202502252.235714
0011162021363045424205420500 2 1202502252.235716
0111162620303145424205420500 2 1202502252.235717
0125163021313145424205420500 2 1202502252.235719
0625163021313145424205420500 2 1202502252.235721
0111152520303645424205420500 1 1202502252.235723
0111162520303645424205420500 1 1202502252.235725
0124150021313645424205420500 2 1202502252.235727
0524100021313146424205420500 2 1202502252.235732
0124150021313546424205420500 2 1202502252.235736
0526153021513546424205420500 2 1202502252.235738
0144152621303021424200000110 1 1202502263.000312
0144152621353121424200000110 2 1202502263.000314
0144152621303621424200000110 1 1202502263.000317
0144152621353141424200000110 2 1202502263.000322
0144152621363141424200000110 1 1202502263.000329
0144152621363541424200000110 1 1202502263.000334
0144152621303022424200000110 1 1202502263.000345
0144152621353122424200000110 2 1202502263.000347
0144152621353522424200000110 2 1202502263.000349
0144152621303622424200000110 1 1202502263.000350
0144152621303142424200000110 2 1202502263.000355
0144152621313142424200000110 2 1202502263.000357
0144152621333142424200000110 2 1202502263.000400
0144152621343142424200000110 2 1202502263.000402
0144152621353142424200000110 2 1202502263.000404
0144152621363142424200000110 1 1202502263.000411
0144152621303542424200000110 2 1202502263.000414
0144152621313542424200000110 2 1202502263.000415
0144152621333542424200000110 2 1202502263.000417
0144152621343542424200000110 2 1202502263.000418
0144152621353542424200000110 2 1202502263.000420
0144152621363542424200000110 1 1202502263.000422
0144152621353124424200000110 2 1202502263.000436
0144152621303144424200000110 2 1202502263.000449
0144152621313144424200000110 2 1202502263.000454
0144152621333144424200000110 2 1202502263.000500
0144152621343144424200000110 2 1202502263.000503
0144152621353144424200000110 2 1202502263.000507
0144152621363144424200000110 1 1202502263.000521
0046152621303045424200000110 1 1202502263.000634
0046152621313045424200000110 2 1202502263.000636
0046152621333045424200000110 2 1202502263.000638
0046152621343045424200000110 2 1202502263.000640
0046152621353045424200000110 2 1202502263.000642
0046152621363045424200000110 1 1202502263.000644
0144152621303145424200000110 2 1202502263.000646
0144152621313145424200000110 2 1202502263.000647
0144152621333145424200000110 2 1202502263.000649
0144152621343145424200000110 2 1202502263.000651
0144152621353145424200000110 2 1202502263.000652
0144152621363145424200000110 1 1202502263.000657
0144152621353126424200000110 2 1202502263.000726
0144152621353526424200000110 2 1202502263.000728
0144152621303146424200000110 2 1202502263.000739
0144152621313146424200000110 2 1202502263.000743
0144152621333146424200000110 2 1202502263.000748
0144152621343146424200000110 2 1202502263.000752
0144152621353146424200000110 2 1202502263.000756
0144152621363146424200000110 1 1202502263.000810
0144152621303546424200000110 2 1202502263.000820
0144152621313546424200000110 2 1202502263.000825
0144152621333546424200000110 2 1202502263.000828
0144152621343546424200000110 2 1202502263.000832
0144152621353546424200000110 2 1202502263.000835
0144152621363546424200000110 1 1202502263.000849
0124103225313144424610002310 2 1202502263.003302
0041106621313540424200000020 2 1202502263.004327
0041166621313540424200000020 2 1202502263.004329
0041106621313541424200000020 2 1202502263.004341
0041166621313541424200000020 2 1202502263.004343
0641166621313541424200000020 2 1202502263.004345
0144153621113142424200000020 2 1202502263.004351
0144153621113542424200000020 2 1202502263.004353
0144150621333104424200000020 2 1202502263.004358
0144152621333104424200000020 2 1202502263.004400
0144153621333104424200000020 2 1202502263.004401
0144155621333104424200000020 2 1202502263.004403
0141156621333104424200000020 2 1202502263.004404
0541156621333104424200000020 2 1202502263.004406
0144156621333104424200000020 2 1202502263.004407
0144150621333114424200000020 2 1202502263.004420
0144152621333114424200000020 2 1202502263.004421
0144153621333114424200000020 2 1202502263.004423
0144155621333114424200000020 2 1202502263.004425
0141156621333114424200000020 2 1202502263.004426
0541156621333114424200000020 2 1202502263.004427
0144156621333114424200000020 2 1202502263.004429
0144150621333124424200000020 2 1202502263.004439
0144152621333124424200000020 2 1202502263.004441
0144153621333124424200000020 2 1202502263.004442
0144155621333124424200000020 2 1202502263.004444
0141156621333124424200000020 2 1202502263.004445
0541156621333124424200000020 2 1202502263.004447
0144156621333124424200000020 2 1202502263.004448
0144153621113144424200000020 2 1202502263.004458
0144153621313144424200000020 2 1202502263.004500
0144150621333144424200000020 2 1202502263.004504
0144152621333144424200000020 2 1202502263.004506
0144153621333144424200000020 2 1202502263.004507
0144155621333144424200000020 2 1202502263.004509
0141156621333144424200000020 2 1202502263.004511
0541156621333144424200000020 2 1202502263.004512
0144156621333144424200000020 2 1202502263.004514
0144153621313644424200000020 2 1202502263.004537
0144150621333154424200000020 2 1202502263.004542
0144152621333154424200000020 2 1202502263.004544
0144153621333154424200000020 2 1202502263.004545
0144155621333154424200000020 2 1202502263.004547
0041106621333154424200000020 2 1202502263.004548
0141156621333154424200000020 2 1202502263.004550
0541156621333154424200000020 2 1202502263.004551
0144156621333154424200000020 2 1202502263.004553
0144150621333164424200000020 2 1202502263.004605
0144152621333164424200000020 2 1202502263.004607
0144153621333164424200000020 2 1202502263.004609
0144155621333164424200000020 2 1202502263.004610
0141156621333164424200000020 2 1202502263.004611
0541156621333164424200000020 2 1202502263.004613
0144156621333164424200000020 2 1202502263.004614
0144153621113145424200000020 2 1202502263.004634
0041106621313645424200000020 2 1202502263.004645
0144153621113146424200000020 2 1202502263.004650
0144153621313146424200000020 2 1202502263.004652
0144153621113546424200000020 2 1202502263.004655
0144153621313546424200000020 2 1202502263.004659
0144163621313546424200000020 2 1202502263.004700
0144153621313646424200000020 2 1202502263.004705
0012162521303040424200000620 1 1202502263.004859
0642153621013040424200000620 2 1202502263.004900
0011162021353040424200000620 2 1202502263.004903
0012162521303540424200000620 1 1202502263.004906
0041106621313540424200000620 2 1202502263.004912
0041166621313540424200000620 2 1202502263.004914
0541166621313540424200000620 2 1202502263.004915
0011162021353540424200000620 2 1202502263.004918
0642153621013640424200000620 2 1202502263.004920
0244163621513640424200000620 2 1202502263.004922
0041106621313541424200000620 2 1202502263.004929
0041166621313541424200000620 2 1202502263.004930
0641166621313541424200000620 2 1202502263.004932
0614102021353042424200000620 2 1202502263.004938
0144153621113142424200000620 2 1202502263.004939
0144153621113542424200000620 2 1202502263.004941
0144150621333104424200000620 2 1202502263.004946
0144152621333104424200000620 2 1202502263.004948
0144153621333104424200000620 2 1202502263.004949
0144155621333104424200000620 2 1202502263.004951
0541156621333104424200000620 2 1202502263.004953
0144156621333104424200000620 2 1202502263.004954
0144150621333114424200000620 2 1202502263.005009
0144152621333114424200000620 2 1202502263.005011
0144153621333114424200000620 2 1202502263.005012
0144155621333114424200000620 2 1202502263.005014
0541156621333114424200000620 2 1202502263.005016
0144156621333114424200000620 2 1202502263.005017
0144150621333124424200000620 2 1202502263.005029
0144152621333124424200000620 2 1202502263.005031
0144153621333124424200000620 2 1202502263.005033
0144155621333124424200000620 2 1202502263.005034
0541156621333124424200000620 2 1202502263.005036
0144156621333124424200000620 2 1202502263.005037
0144153621113144424200000620 2 1202502263.005049
0144153621313144424200000620 2 1202502263.005051
0144150621333144424200000620 2 1202502263.005055
0144152621333144424200000620 2 1202502263.005057
0144153621333144424200000620 2 1202502263.005059
0144155621333144424200000620 2 1202502263.005101
0541156621333144424200000620 2 1202502263.005102
0144156621333144424200000620 2 1202502263.005104
0041166621333054424200000620 2 1202502263.005130
0144150621333154424200000620 2 1202502263.005133
0144152621333154424200000620 2 1202502263.005135
0144153621333154424200000620 2 1202502263.005137
0144155621333154424200000620 2 1202502263.005139
0041106621333154424200000620 2 1202502263.005140
0541156621333154424200000620 2 1202502263.005142
0144156621333154424200000620 2 1202502263.005143
0144150621333164424200000620 2 1202502263.005200
0144152621333164424200000620 2 1202502263.005202
0144153621333164424200000620 2 1202502263.005203
0144155621333164424200000620 2 1202502263.005205
0541156621333164424200000620 2 1202502263.005206
0144156621333164424200000620 2 1202502263.005208
0541166621313045424200000620 2 1202502263.005229
0546166621313045424200000620 2 1202502263.005230
0144153621113145424200000620 2 1202502263.005232
0041106621313645424200000620 2 1202502263.005243
0144153621113146424200000620 2 1202502263.005249
0144153621313146424200000620 2 1202502263.005251
0144153621113546424200000620 2 1202502263.005255
0144153621313546424200000620 2 1202502263.005258
0041166621313546424200000620 2 1202502263.005301
0124105226363144424200001030 2 1202502263.005409
0124100225363144424210001030 2 1202502263.005550
0124102225363144424210001030 2 1202502263.005552
0124103225363144424210001030 2 1202502263.005553
0124103225313144464210002130 2 1202502263.010628
0124103225313144424610002130 2 1202502263.011026
0124103225313144464610002130 2 1202502263.011355
0146152521303040424200141250 1 1202502263.012854
0121152521363040424200141250 1 1202502263.012905
0121152520363141424200141250 1 1202502263.012943
0140152521363141424200141250 1 1202502263.012947
0121152521363141424200141250 1 1202502263.012948
0141152220363142424200141250 1 1202502263.013036
0121152521363142424200141250 1 1202502263.013040
0046152521303044424200141250 1 1202502263.013058
0121152521363044424200141250 1 1202502263.013109
0121152521363045424200141250 1 1202502263.013142
0111152220353046424200141250 1 1202502263.013229
0121152220353046424200141250 2 1202502263.013230
0121152220353146424200141250 1 1202502263.013254
0142106521033014424205240501 2 1202502263.013419
0142106521033114424205240501 2 1202502263.013421
0144106521033114424205240501 2 1202502263.013422
0142106521033044424205240501 2 1202502263.013426
0144100521033064424205240501 2 1202502263.013436
0144102521033064424205240501 2 1202502263.013437
0144103521033064424205240501 2 1202502263.013438
0144105521033064424205240501 2 1202502263.013439
0144106521033064424205240501 2 1202502263.013440
0144100521133064424205240501 2 1202502263.013441
0144100521033164424205240501 2 1202502263.013442
0141105521033164424205240501 2 1202502263.013444
0144100521133164424205240501 2 1202502263.013446
0012162521303040424200000601 1 1202502263.013529
0012162521303540424200000601 1 1202502263.013531
0012162521303044424200000601 1 1202502263.013540
0124103225313144464210002111 2 1202502263.014252
0124103225313144424610002111 2 1202502263.014553
0124103225313144464610002111 2 1202502263.014752
0612162521303040424200000511 1 1202502263.015510
0612162521363040424200000511 1 1202502263.015517
0144162621363140424200000511 1 1202502263.015528
0144162621363640424200000511 1 1202502263.015557
0612162521303041424200000511 1 1202502263.015605
0612162521363041424200000511 1 1202502263.015608
0144162621363141424200000511 1 1202502263.015616
0144162621363641424200000511 1 1202502263.015636
0612162521303042424200000511 1 1202502263.015642
0612162521363042424200000511 1 1202502263.015645
0144162621363142424200000511 1 1202502263.015653
0144162621363642424200000511 1 1202502263.015711
0612162521303044424200000511 1 1202502263.015720
0612162521363044424200000511 1 1202502263.015729
0144162621363144424200000511 1 1202502263.015741
0144162621363644424200000511 1 1202502263.015821
0612162521303045424200000511 1 1202502263.015830
0612162521363045424200000511 1 1202502263.015839
0144162621363145424200000511 1 1202502263.015850
0144162621363645424200000511 1 1202502263.015913
0612162521303046424200000511 1 1202502263.015921
0612162521363046424200000511 1 1202502263.015932
0144162621363146424200000511 1 1202502263.015946
0144162621363646424200000511 1 1202502263.020014
0142150621333104424200000421 2 1202502263.020748
0144150621333104424200000421 2 1202502263.020749
0146150621333104424200000421 2 1202502263.020751
0144100621033504424200000421 2 1202502263.020753
0144102621033504424200000421 2 1202502263.020754
0144100621133504424200000421 2 1202502263.020756
0142150621333504424200000421 2 1202502263.020758
0144150621333504424200000421 2 1202502263.020759
0142150621333114424200000421 2 1202502263.020802
0144150621333114424200000421 2 1202502263.020804
0146150621333114424200000421 2 1202502263.020805
0144100621033514424200000421 2 1202502263.020808
0142102621033514424200000421 2 1202502263.020809
0144102621033514424200000421 2 1202502263.020810
0142100621133514424200000421 2 1202502263.020811
0144100621133514424200000421 2 1202502263.020812
0142150621333514424200000421 2 1202502263.020814
0144150621333514424200000421 2 1202502263.020816
0142150621333124424200000421 2 1202502263.020819
0144150621333124424200000421 2 1202502263.020821
0146150621333124424200000421 2 1202502263.020822
0142150621333144424200000421 2 1202502263.020828
0144150621333144424200000421 2 1202502263.020829
0146150621333144424200000421 2 1202502263.020831
0144100621033054424200000421 2 1202502263.020846
0142102621033054424200000421 2 1202502263.020847
0144102621033054424200000421 2 1202502263.020849
0142106621033054424200000421 2 1202502263.020850
0144106621033054424200000421 2 1202502263.020851
0142100621133054424200000421 2 1202502263.020852
0144100621133054424200000421 2 1202502263.020854
0146100621033154424200000421 2 1202502263.020857
0144100621133154424200000421 2 1202502263.020858
0146100621133154424200000421 2 1202502263.020859
0142150621333154424200000421 2 1202502263.020903
0144150621333154424200000421 2 1202502263.020905
0146150621333154424200000421 2 1202502263.020906
0142150621333164424200000421 2 1202502263.020919
0144150621333164424200000421 2 1202502263.020921
0146150621333164424200000421 2 1202502263.020923
0164103621003144424210002531 6 1202502263.022338
0164103225003144424210002531 2 1202502263.022339
0164103625003144424210002531 2 1202502263.022340
0164103621103144424210002531 6 1202502263.022341
0164103225103144424210002531 2 1202502263.022343
0164103625103144424210002531 2 1202502263.022344
0164103621303144424210002531 6 1202502263.022345
0164103225303144424210002531 2 1202502263.022346
0164103625303144424210002531 2 1202502263.022347
0164103621403144424210002531 6 1202502263.022348
0164103225403144424210002531 2 1202502263.022350
0164103625403144424210002531 2 1202502263.022351
0164103621503144424210002531 6 1202502263.022352
0164103225503144424210002531 2 1202502263.022353
0164103625503144424210002531 2 1202502263.022354
0164103621013144424210002531 6 1202502263.022356
0164103225013144424210002531 2 1202502263.022357
0164103625013144424210002531 2 1202502263.022358
0164103621113144424210002531 6 1202502263.022359
0164103225113144424210002531 2 1202502263.022400
0164103625113144424210002531 2 1202502263.022402
0124103621313144424210002531 6 1202502263.022403
0164103621313144424210002531 6 1202502263.022404
0164103621413144424210002531 6 1202502263.022405
0164103225413144424210002531 2 1202502263.022407
0164103625413144424210002531 2 1202502263.022408
0164103621513144424210002531 6 1202502263.022409
0164103225513144424210002531 2 1202502263.022410
0164103625513144424210002531 2 1202502263.022411
0164103621033144424210002531 6 1202502263.022412
0164103225033144424210002531 2 1202502263.022414
0164103625033144424210002531 2 1202502263.022415
0164103621133144424210002531 6 1202502263.022416
0164103225133144424210002531 2 1202502263.022417
0164103625133144424210002531 2 1202502263.022418
0164103621333144424210002531 6 1202502263.022420
0164103225333144424210002531 2 1202502263.022421
0164103625333144424210002531 2 1202502263.022422
0164103621433144424210002531 6 1202502263.022423
0164103225433144424210002531 2 1202502263.022424
0164103625433144424210002531 2 1202502263.022425
0164103621533144424210002531 6 1202502263.022427
0164103225533144424210002531 2 1202502263.022428
0164103625533144424210002531 2 1202502263.022429
0164103621043144424210002531 6 1202502263.022430
0164103225043144424210002531 2 1202502263.022431
0164103625043144424210002531 2 1202502263.022433
0164103621143144424210002531 6 1202502263.022434
0164103225143144424210002531 2 1202502263.022435
0164103625143144424210002531 2 1202502263.022436
0164103621343144424210002531 6 1202502263.022438
0164103225343144424210002531 2 1202502263.022440
0164103625343144424210002531 2 1202502263.022441
0164103621443144424210002531 6 1202502263.022442
0164103225443144424210002531 2 1202502263.022444
0164103625443144424210002531 2 1202502263.022445
0164103621543144424210002531 6 1202502263.022446
0164103225543144424210002531 2 1202502263.022447
0164103625543144424210002531 2 1202502263.022449
0164103621053144424210002531 6 1202502263.022450
0164103225053144424210002531 2 1202502263.022451
0164103625053144424210002531 2 1202502263.022452
0164103621153144424210002531 6 1202502263.022453
0164103225153144424210002531 2 1202502263.022454
0164103625153144424210002531 2 1202502263.022456
0164103621353144424210002531 6 1202502263.022457
0164103225353144424210002531 2 1202502263.022458
0164103625353144424210002531 2 1202502263.022500
0164103621453144424210002531 6 1202502263.022501
0164103225453144424210002531 2 1202502263.022502
0164103625453144424210002531 2 1202502263.022503
0164103621553144424210002531 6 1202502263.022505
0164103225553144424210002531 2 1202502263.022506
0164103625553144424210002531 2 1202502263.022507
0164103620003144464210002531 6 1202502263.023923
0164103621003144464210002531 6 1202502263.023924
0164103623003144464210002531 6 1202502263.023926
0164103624003144464210002531 6 1202502263.023928
0164103225003144464210002531 2 1202502263.023929
0164103625003144464210002531 2 1202502263.023930
0164103620103144464210002531 6 1202502263.023931
0164103621103144464210002531 6 1202502263.023933
0164103623103144464210002531 6 1202502263.023934
0164103624103144464210002531 6 1202502263.023936
0164103225103144464210002531 2 1202502263.023937
0164103625103144464210002531 2 1202502263.023938
0164103620303144464210002531 6 1202502263.023940
0164103621303144464210002531 6 1202502263.023941
0164103623303144464210002531 6 1202502263.023942
0164103624303144464210002531 6 1202502263.023944
0164103225303144464210002531 2 1202502263.023945
0164103625303144464210002531 2 1202502263.023947
0164103620403144464210002531 6 1202502263.023948
0164103621403144464210002531 6 1202502263.023950
0164103623403144464210002531 6 1202502263.023951
0164103624403144464210002531 6 1202502263.023952
0164103225403144464210002531 2 1202502263.023954
0164103625403144464210002531 2 1202502263.023955
0164103620503144464210002531 6 1202502263.023957
0164103621503144464210002531 6 1202502263.023958
0164103623503144464210002531 6 1202502263.023959
0164103624503144464210002531 6 1202502263.024001
0164103225503144464210002531 2 1202502263.024002
0164103625503144464210002531 2 1202502263.024003
0164103620013144464210002531 6 1202502263.024005
0164103621013144464210002531 6 1202502263.024006
0164103623013144464210002531 6 1202502263.024007
0164103624013144464210002531 6 1202502263.024009
0164103225013144464210002531 2 1202502263.024010
0164103625013144464210002531 2 1202502263.024011
0164103620113144464210002531 6 1202502263.024012
0164103621113144464210002531 6 1202502263.024014
0164103623113144464210002531 6 1202502263.024015
0164103624113144464210002531 6 1202502263.024016
0164103225113144464210002531 2 1202502263.024017
0164103625113144464210002531 2 1202502263.024019
0124103620313144464210002531 6 1202502263.024020
0164103620313144464210002531 6 1202502263.024021
0124103621313144464210002531 6 1202502263.024022
0164103621313144464210002531 6 1202502263.024023
0124103623313144464210002531 6 1202502263.024025
0164103623313144464210002531 6 1202502263.024026
0124103624313144464210002531 6 1202502263.024028
0164103624313144464210002531 6 1202502263.024029
0164103620413144464210002531 6 1202502263.024030
0164103621413144464210002531 6 1202502263.024032
0164103623413144464210002531 6 1202502263.024033
0164103624413144464210002531 6 1202502263.024034
0164103225413144464210002531 2 1202502263.024036
0164103625413144464210002531 2 1202502263.024037
0164103620513144464210002531 6 1202502263.024038
0164103621513144464210002531 6 1202502263.024039
0164103623513144464210002531 6 1202502263.024041
0164103624513144464210002531 6 1202502263.024042
0164103225513144464210002531 2 1202502263.024043
0164103625513144464210002531 2 1202502263.024044
0164103620033144464210002531 6 1202502263.024046
0164103621033144464210002531 6 1202502263.024047
0164103623033144464210002531 6 1202502263.024048
0164103624033144464210002531 6 1202502263.024050
0164103225033144464210002531 2 1202502263.024051
0164103625033144464210002531 2 1202502263.024053
0164103620133144464210002531 6 1202502263.024054
0164103621133144464210002531 6 1202502263.024055
0164103623133144464210002531 6 1202502263.024057
0164103624133144464210002531 6 1202502263.024058
0164103225133144464210002531 2 1202502263.024059
0164103625133144464210002531 2 1202502263.024101
0164103620333144464210002531 6 1202502263.024102
0164103621333144464210002531 6 1202502263.024103
0164103623333144464210002531 6 1202502263.024105
0164103624333144464210002531 6 1202502263.024106
0164103225333144464210002531 2 1202502263.024108
0164103625333144464210002531 2 1202502263.024109
0164103620433144464210002531 6 1202502263.024111
0164103621433144464210002531 6 1202502263.024112
0164103623433144464210002531 6 1202502263.024113
0164103624433144464210002531 6 1202502263.024115
0164103225433144464210002531 2 1202502263.024117
0164103625433144464210002531 2 1202502263.024118
0164103620533144464210002531 6 1202502263.024120
0164103621533144464210002531 6 1202502263.024121
0164103623533144464210002531 6 1202502263.024123
0164103624533144464210002531 6 1202502263.024124
0164103225533144464210002531 2 1202502263.024126
0164103625533144464210002531 2 1202502263.024128
0164103620043144464210002531 6 1202502263.024130
0164103621043144464210002531 6 1202502263.024131
0164103623043144464210002531 6 1202502263.024133
0164103624043144464210002531 6 1202502263.024134
0164103225043144464210002531 2 1202502263.024136
0164103625043144464210002531 2 1202502263.024137
0164103620143144464210002531 6 1202502263.024139
0164103621143144464210002531 6 1202502263.024141
0164103623143144464210002531 6 1202502263.024142
0164103624143144464210002531 6 1202502263.024144
0164103225143144464210002531 2 1202502263.024146
0164103625143144464210002531 2 1202502263.024147
0164103620343144464210002531 6 1202502263.024149
0164103621343144464210002531 6 1202502263.024150
0164103623343144464210002531 6 1202502263.024151
0164103624343144464210002531 6 1202502263.024153
0164103225343144464210002531 2 1202502263.024154
0164103625343144464210002531 2 1202502263.024155
0164103620443144464210002531 6 1202502263.024156
0164103621443144464210002531 6 1202502263.024157
0164103623443144464210002531 6 1202502263.024158
0164103624443144464210002531 6 1202502263.024200
0164103225443144464210002531 2 1202502263.024201
0164103625443144464210002531 2 1202502263.024202
0164103620543144464210002531 6 1202502263.024203
0164103621543144464210002531 6 1202502263.024204
0164103623543144464210002531 6 1202502263.024205
0164103624543144464210002531 6 1202502263.024206
0164103225543144464210002531 2 1202502263.024208
0164103625543144464210002531 2 1202502263.024209
0164103620053144464210002531 6 1202502263.024210
0164103621053144464210002531 6 1202502263.024211
0164103623053144464210002531 6 1202502263.024212
0164103624053144464210002531 6 1202502263.024213
0164103225053144464210002531 2 1202502263.024215
0164103625053144464210002531 2 1202502263.024216
0164103620153144464210002531 6 1202502263.024217
0164103621153144464210002531 6 1202502263.024218
0164103623153144464210002531 6 1202502263.024220
0164103624153144464210002531 6 1202502263.024221
0164103225153144464210002531 2 1202502263.024222
0164103625153144464210002531 2 1202502263.024223
0164103620353144464210002531 6 1202502263.024225
0164103621353144464210002531 6 1202502263.024226
0164103623353144464210002531 6 1202502263.024227
0164103624353144464210002531 6 1202502263.024229
0164103225353144464210002531 2 1202502263.024230
0164103625353144464210002531 2 1202502263.024232
0164103620453144464210002531 6 1202502263.024233
0164103621453144464210002531 6 1202502263.024234
0164103623453144464210002531 6 1202502263.024236
0164103624453144464210002531 6 1202502263.024237
0164103225453144464210002531 2 1202502263.024238
0164103625453144464210002531 2 1202502263.024239
0164103620553144464210002531 6 1202502263.024241
0164103621553144464210002531 6 1202502263.024242
0164103623553144464210002531 6 1202502263.024243
0164103624553144464210002531 6 1202502263.024244
0164103225553144464210002531 2 1202502263.024245
0164103625553144464210002531 2 1202502263.024246
0164103621003144424610002531 6 1202502263.025855
0164103225003144424610002531 2 1202502263.025856
0164103625003144424610002531 2 1202502263.025858
0164103621103144424610002531 6 1202502263.025859
0164103225103144424610002531 2 1202502263.025900
0164103625103144424610002531 2 1202502263.025901
0164103621303144424610002531 6 1202502263.025902
0164103225303144424610002531 2 1202502263.025903
0164103625303144424610002531 2 1202502263.025905
0164103621403144424610002531 6 1202502263.025906
0164103225403144424610002531 2 1202502263.025907
0164103625403144424610002531 2 1202502263.025908
0164103621503144424610002531 6 1202502263.025909
0164103225503144424610002531 2 1202502263.025911
0164103625503144424610002531 2 1202502263.025912
0164103621013144424610002531 6 1202502263.025913
0164103225013144424610002531 2 1202502263.025914
0164103625013144424610002531 2 1202502263.025915
0164103621113144424610002531 6 1202502263.025917
0164103225113144424610002531 2 1202502263.025918
0164103625113144424610002531 2 1202502263.025919
0124103621313144424610002531 6 1202502263.025920
0164103621313144424610002531 6 1202502263.025921
0164103621413144424610002531 6 1202502263.025922
0164103225413144424610002531 2 1202502263.025924
0164103625413144424610002531 2 1202502263.025925
0164103621513144424610002531 6 1202502263.025926
0164103225513144424610002531 2 1202502263.025927
0164103625513144424610002531 2 1202502263.025928
0164103621033144424610002531 6 1202502263.025929
0164103225033144424610002531 2 1202502263.025930
0164103625033144424610002531 2 1202502263.025932
0164103621133144424610002531 6 1202502263.025933
0164103225133144424610002531 2 1202502263.025934
0164103625133144424610002531 2 1202502263.025935
0164103621333144424610002531 6 1202502263.025936
0164103225333144424610002531 2 1202502263.025938
0164103625333144424610002531 2 1202502263.025939
0164103621433144424610002531 6 1202502263.025940
0164103225433144424610002531 2 1202502263.025941
0164103625433144424610002531 2 1202502263.025942
0164103621533144424610002531 6 1202502263.025943
0164103225533144424610002531 2 1202502263.025945
0164103625533144424610002531 2 1202502263.025946
0164103621043144424610002531 6 1202502263.025947
0164103225043144424610002531 2 1202502263.025948
0164103625043144424610002531 2 1202502263.025949
0164103621143144424610002531 6 1202502263.025950
0164103225143144424610002531 2 1202502263.025952
0164103625143144424610002531 2 1202502263.025953
0164103621343144424610002531 6 1202502263.025954
0164103225343144424610002531 2 1202502263.025955
0164103625343144424610002531 2 1202502263.025956
0164103621443144424610002531 6 1202502263.025957
0164103225443144424610002531 2 1202502263.025959
0164103625443144424610002531 2 1202502263.030000
0164103621543144424610002531 6 1202502263.030001
0164103225543144424610002531 2 1202502263.030002
0164103625543144424610002531 2 1202502263.030003
0164103621053144424610002531 6 1202502263.030004
0164103225053144424610002531 2 1202502263.030006
0164103625053144424610002531 2 1202502263.030007
0164103621153144424610002531 6 1202502263.030008
0164103225153144424610002531 2 1202502263.030010
0164103625153144424610002531 2 1202502263.030011
0164103621353144424610002531 6 1202502263.030012
0164103225353144424610002531 2 1202502263.030014
0164103625353144424610002531 2 1202502263.030015
0164103621453144424610002531 6 1202502263.030016
0164103225453144424610002531 2 1202502263.030017
0164103625453144424610002531 2 1202502263.030018
0164103621553144424610002531 6 1202502263.030020
0164103225553144424610002531 2 1202502263.030021
0164103625553144424610002531 2 1202502263.030022
0164103225003144464610002531 2 1202502263.031102
0164103225103144464610002531 2 1202502263.031104
0164103225303144464610002531 2 1202502263.031105
0164103225403144464610002531 2 1202502263.031107
0164103225503144464610002531 2 1202502263.031108
0164103225013144464610002531 2 1202502263.031109
0164103225113144464610002531 2 1202502263.031111
0124103620313144464610002531 6 1202502263.031112
0124103621313144464610002531 6 1202502263.031113
0124103623313144464610002531 6 1202502263.031114
0124103624313144464610002531 6 1202502263.031115
0164103225413144464610002531 2 1202502263.031117
0164103225513144464610002531 2 1202502263.031118
0164103225033144464610002531 2 1202502263.031119
0164103225133144464610002531 2 1202502263.031120
0164103225333144464610002531 2 1202502263.031122
0164103225433144464610002531 2 1202502263.031123
0164103225533144464610002531 2 1202502263.031124
0164103225043144464610002531 2 1202502263.031125
0164103225143144464610002531 2 1202502263.031127
0164103225343144464610002531 2 1202502263.031128
0164103225443144464610002531 2 1202502263.031129
0164103225543144464610002531 2 1202502263.031130
0164103225053144464610002531 2 1202502263.031131
0164103225153144464610002531 2 1202502263.031133
0164103225353144464610002531 2 1202502263.031136
0164103225453144464610002531 2 1202502263.031137
0164103225553144464610002531 2 1202502263.031138
0526100021313040424200000241 2 1202502263.031647
0022150021313146424200000241 2 1202502263.031700
0026100021313546424200000241 2 1202502263.031702
0124103225313144424610002441 2 1202502263.031956
0124103225313144424610002351 2 1202502263.033742
0160100220303045424206141222 6 1202502263.035236
0110102220303045424206141222 1 1202502263.035237
0160102220303045424206141222 1 1202502263.035238
0160103220303045424206141222 6 1202502263.035239
0160105220303045424206141222 6 1202502263.035241
0160100220313045424206141222 6 1202502263.035242
0110102220353045424206141222 1 1202502263.035244
0160102220353045424206141222 1 1202502263.035245
0160100220303145424206141222 6 1202502263.035247
0110102220303145424206141222 1 1202502263.035248
0160102220303145424206141222 1 1202502263.035250
0160103220303145424206141222 6 1202502263.035251
0160105220303145424206141222 6 1202502263.035252
0160100220313145424206141222 6 1202502263.035254
0110102220353145424206141222 1 1202502263.035255
0160102220353145424206141222 1 1202502263.035257
0512102021343622404201220522 1 1202502263.035346
0045103621013040424201220522 2 1202502263.035445
0045103621113040424201220522 2 1202502263.035449
0624100621313040424201220522 2 1202502263.035453
0624105621313040424201220522 2 1202502263.035455
0624106621313040424201220522 2 1202502263.035459
0045103621013140424201220522 2 1202502263.035508
0624103521313140424201220522 2 1202502263.035516
0524103621313540424201220522 2 1202502263.035528
0624103621313540424201220522 2 1202502263.035530
0045103621313540424201220522 2 1202502263.035532
0046105621313540424201220522 2 1202502263.035535
0046106621313540424201220522 2 1202502263.035537
0624103021113640424201220522 2 1202502263.035541
0524100621313640424201220522 2 1202502263.035544
0524105621313640424201220522 2 1202502263.035546
0524106621313640424201220522 2 1202502263.035547
0614102021303041424201220522 1 1202502263.035603
0614102621303041424201220522 1 1202502263.035604
0614102021303141424201220522 1 1202502263.035612
0614102621303141424201220522 1 1202502263.035615
0524100621313141424201220522 2 1202502263.035624
0624100621313141424201220522 2 1202502263.035626
0524105621313141424201220522 2 1202502263.035628
0624105621313141424201220522 2 1202502263.035629
0524106621313141424201220522 2 1202502263.035634
0624106621313141424201220522 2 1202502263.035635
0614102021303541424201220522 1 1202502263.035639
0624100621313541424201220522 2 1202502263.035649
0041105621313541424201220522 2 1202502263.035650
0624105621313541424201220522 2 1202502263.035652
0624106621313541424201220522 2 1202502263.035655
0614102521303641424201220522 2 1202502263.035700
0614102621303641424201220522 1 1202502263.035701
0524100521313641424201220522 2 1202502263.035703
0524105521313641424201220522 2 1202502263.035705
0524106521313641424201220522 2 1202502263.035706
0524100621313641424201220522 2 1202502263.035708
0624100621313641424201220522 2 1202502263.035709
0524105621313641424201220522 2 1202502263.035711
0624105621313641424201220522 2 1202502263.035713
0524106621313641424201220522 2 1202502263.035717
0624106621313641424201220522 2 1202502263.035718
0614102021303042424201220522 1 1202502263.035734
0045103621013042424201220522 2 1202502263.035736
0624103021113042424201220522 2 1202502263.035738
0524103621313042424201220522 2 1202502263.035740
0614102021303142424201220522 1 1202502263.035742
0614102521303142424201220522 1 1202502263.035743
0614102621303142424201220522 1 1202502263.035745
0624103021113142424201220522 2 1202502263.035749
0624103621113142424201220522 2 1202502263.035750
0045103621113142424201220522 2 1202502263.035752
0046103621113142424201220522 2 1202502263.035753
0624103521313142424201220522 2 1202502263.035755
0624100621313142424201220522 2 1202502263.035758
0624103621313142424201220522 2 1202502263.035759
0624105621313142424201220522 2 1202502263.035801
0624106621313142424201220522 2 1202502263.035803
0614102021303542424201220522 1 1202502263.035805
0045103621013542424201220522 2 1202502263.035807
0545103621013542424201220522 2 1202502263.035808
0046103621013542424201220522 2 1202502263.035810
0045103621113542424201220522 2 1202502263.035811
0046103621113542424201220522 2 1202502263.035813
0045103621013642424201220522 2 1202502263.035815
0545103621013642424201220522 2 1202502263.035816
0046103621013642424201220522 2 1202502263.035818
0045103621113642424201220522 2 1202502263.035819
0046103621113642424201220522 2 1202502263.035821
0624100021333104424201220522 2 1202502263.035829
0624102021333104424201220522 2 1202502263.035831
0624103021333104424201220522 2 1202502263.035832
0624105021333104424201220522 2 1202502263.035833
0624106021333104424201220522 2 1202502263.035835
0041105621033014424201220522 2 1202502263.035858
0045103621013044424201220522 2 1202502263.035928
0041105621033044424201220522 2 1202502263.035940
0614102021303144424201220522 1 1202502263.035943
0045103621013144424201220522 2 1202502263.035948
0046103621013144424201220522 2 1202502263.035950
0624103021113144424201220522 2 1202502263.035951
0045103621113144424201220522 2 1202502263.035953
0046103621113144424201220522 2 1202502263.035955
0624103521313144424201220522 2 1202502263.035959
0624100621313144424201220522 2 1202502263.040005
0624103621313144424201220522 2 1202502263.040007
0046103621313144424201220522 2 1202502263.040009
0624105621313144424201220522 2 1202502263.040011
0041106621313144424201220522 2 1202502263.040015
0624106621313144424201220522 2 1202502263.040017
0624100621333144424201220522 2 1202502263.040028
0614102621333144424201220522 2 1202502263.040030
0624102621333144424201220522 2 1202502263.040032
0624103621333144424201220522 2 1202502263.040034
0624105621333144424201220522 2 1202502263.040037
0624106621333144424201220522 2 1202502263.040041
0046103621113544424201220522 2 1202502263.040046
0624100621313544424201220522 2 1202502263.040048
0524103621313544424201220522 2 1202502263.040049
0624103621313544424201220522 2 1202502263.040050
0046103621313544424201220522 2 1202502263.040053
0624105621313544424201220522 2 1202502263.040054
0624106621313544424201220522 2 1202502263.040056
0614102521303644424201220522 1 1202502263.040102
0514102621303644424201220522 2 1202502263.040104
0614102621303644424201220522 1 1202502263.040105
0624100521313644424201220522 2 1202502263.040111
0624105521313644424201220522 2 1202502263.040113
0624106521313644424201220522 2 1202502263.040115
0524100621313644424201220522 2 1202502263.040116
0624100621313644424201220522 2 1202502263.040118
0624103621313644424201220522 2 1202502263.040120
0524105621313644424201220522 2 1202502263.040122
0624105621313644424201220522 2 1202502263.040124
0524106621313644424201220522 2 1202502263.040127
0624106621313644424201220522 2 1202502263.040128
0041105621033054424201220522 2 1202502263.040132
0041105621033064424201220522 2 1202502263.040147
0614102021303045424201220522 1 1202502263.040216
0624103621113045424201220522 2 1202502263.040219
0624100621313045424201220522 2 1202502263.040222
0624105621313045424201220522 2 1202502263.040224
0624106621313045424201220522 2 1202502263.040226
0045103621013145424201220522 2 1202502263.040234
0046103621013145424201220522 2 1202502263.040235
0624103621113145424201220522 2 1202502263.040238
0045103621113145424201220522 2 1202502263.040239
0046103621113145424201220522 2 1202502263.040241
0624103521313145424201220522 2 1202502263.040245
0524100621313145424201220522 2 1202502263.040250
0624103621313145424201220522 2 1202502263.040253
0046103621313145424201220522 2 1202502263.040255
0524105621313145424201220522 2 1202502263.040257
0524106621313145424201220522 2 1202502263.040302
0045103621113545424201220522 2 1202502263.040309
0046103621113545424201220522 2 1202502263.040311
0624103521313545424201220522 2 1202502263.040313
0524103621313545424201220522 2 1202502263.040315
0624103621313545424201220522 2 1202502263.040316
0046103621313545424201220522 2 1202502263.040318
0614102521303645424201220522 2 1202502263.040326
0614102621303645424201220522 1 1202502263.040328
0624103021113645424201220522 2 1202502263.040329
0624103521113645424201220522 2 1202502263.040331
0624103621113645424201220522 2 1202502263.040333
0045103621113645424201220522 2 1202502263.040334
0046103621113645424201220522 2 1202502263.040336
0524100621313645424201220522 2 1202502263.040342
0624100621313645424201220522 2 1202502263.040343
0524105621313645424201220522 2 1202502263.040346
0624105621313645424201220522 2 1202502263.040348
0524106621313645424201220522 2 1202502263.040352
0624106621313645424201220522 2 1202502263.040353
0614102021303046424201220522 1 1202502263.040414
0624103621113046424201220522 2 1202502263.040417
0624100621313046424201220522 2 1202502263.040420
0624105621313046424201220522 2 1202502263.040422
0624106621313046424201220522 2 1202502263.040424
0045103621013146424201220522 2 1202502263.040432
0046103621013146424201220522 2 1202502263.040434
0624103621113146424201220522 2 1202502263.040437
0045103621113146424201220522 2 1202502263.040438
0046103621113146424201220522 2 1202502263.040440
0624103021313146424201220522 2 1202502263.040442
0624103521313146424201220522 2 1202502263.040445
0524100621313146424201220522 2 1202502263.040450
0624103621313146424201220522 2 1202502263.040453
0046103621313146424201220522 2 1202502263.040455
0524105621313146424201220522 2 1202502263.040457
0524106621313146424201220522 2 1202502263.040502
0045103621113546424201220522 2 1202502263.040512
0046103621113546424201220522 2 1202502263.040514
0624103521313546424201220522 2 1202502263.040517
0524103621313546424201220522 2 1202502263.040519
0624103621313546424201220522 2 1202502263.040520
0046103621313546424201220522 2 1202502263.040522
0614102521303646424201220522 2 1202502263.040532
0514102621303646424201220522 1 1202502263.040535
0614102621303646424201220522 1 1202502263.040537
0624103021113646424201220522 2 1202502263.040539
0624103521113646424201220522 2 1202502263.040541
0624103621113646424201220522 2 1202502263.040543
0045103621113646424201220522 2 1202502263.040545
0046103621113646424201220522 2 1202502263.040547
0524100621313646424201220522 2 1202502263.040554
0624100621313646424201220522 2 1202502263.040556
0524105621313646424201220522 2 1202502263.040559
0624105621313646424201220522 2 1202502263.040600
0524106621313646424201220522 2 1202502263.040603
0624106621313646424201220522 2 1202502263.040605
0216152021343120454201220522 1 1202502263.040622
0616152021343120454201220522 2 1202502263.040623
0011162021343120454201220522 2 1202502263.040625
0615152021343520454201220522 2 1202502263.040629
0516152021343520454201220522 2 1202502263.040632
0011162021343520454201220522 1 1202502263.040634
0611162021343520454201220522 2 1202502263.040636
0011152021343620454201220522 2 1202502263.040641
0511152021343620454201220522 2 1202502263.040643
0015152021343620454201220522 2 1202502263.040646
0615152021343620454201220522 1 1202502263.040650
0016152021343620454201220522 1 1202502263.040651
0616152021343620454201220522 2 1202502263.040654
0011162021343620454201220522 1 1202502263.040655
0011162021343121454201220522 1 1202502263.040824
0011162021343621454201220522 1 1202502263.040827
0011162021343122454201220522 2 1202502263.040958
0016152021343522454201220522 2 1202502263.041003
0516152021343522454201220522 1 1202502263.041005
0011162021343522454201220522 1 1202502263.041007
0512102021343622454201220522 1 1202502263.041010
0011152021343622454201220522 1 1202502263.041011
0611152021343622454201220522 2 1202502263.041013
0116152021343622454201220522 1 1202502263.041017
0516152021343622454201220522 2 1202502263.041019
0616152021343622454201220522 1 1202502263.041020
0011162021343622454201220522 1 1202502263.041021
0611162021343622454201220522 1 1202502263.041024
0516152021343120464201220522 1 1202502263.041522
0511162021343120464201220522 1 1202502263.041526
0611162021343120464201220522 1 1202502263.041527
0611152021343520464201220522 1 1202502263.041530
0015152021343520464201220522 1 1202502263.041532
0011162021343520464201220522 1 1202502263.041535
0511152021343620464201220522 1 1202502263.041539
0616152021343620464201220522 1 1202502263.041543
0011162021343620464201220522 1 1202502263.041544
0011162021343121464201220522 1 1202502263.041648
0010152021343122464201220522 1 1202502263.041749
0110152021343122464201220522 1 1202502263.041751
0210152021343122464201220522 1 1202502263.041752
0410152021343122464201220522 1 1202502263.041753
0510152021343122464201220522 1 1202502263.041754
0610152021343122464201220522 1 1202502263.041755
0512102021343522464201220522 1 1202502263.041759
0011152021343522464201220522 1 1202502263.041801
0011162021343522464201220522 1 1202502263.041809
0512102021343622464201220522 1 1202502263.041811
0011152021343622464201220522 1 1202502263.041813
0511152021343622464201220522 1 1202502263.041814
0011162021343622464201220522 1 1202502263.041821
0114162021353140424200000042 2 1202502263.042224
0114162021353141424200000042 2 1202502263.042230
0016152021363641424200000042 1 1202502263.042233
0026103021613542424200000042 2 1202502263.042238
0016152021363024424200000042 1 1202502263.042243
0026153021313644424200000042 2 1202502263.042250
0016152021363644424200000042 1 1202502263.042254
0114162021363025424200000042 1 1202502263.042302
0016102021303645424200000042 1 1202502263.042307
0026103021013645424200000042 2 1202502263.042309
0026103021113645424200000042 2 1202502263.042310
0016102021313645424200000042 2 1202502263.042312
0026103021313645424200000042 2 1202502263.042314
0026103021413645424200000042 2 1202502263.042315
0026103021513645424200000042 2 1202502263.042317
0026103021613645424200000042 2 1202502263.042318
0016102021333645424200000042 2 1202502263.042320
0016102021343645424200000042 2 1202502263.042322
0016102021353645424200000042 2 1202502263.042323
0016102021363645424200000042 1 1202502263.042325
0026103021613546424200000042 2 1202502263.042331
0111152021343120464200000042 1 1202502263.042350
0111152021363520464200000042 2 1202502263.042352
0111152021343121464200000042 1 1202502263.042356
0011162021353040424200000642 2 1202502263.042516
0011162021353540424200000642 2 1202502263.042525
0625163021613044424200000642 2 1202502263.042835
0011162021353044424200000642 2 1202502263.042838
0624100021313145424200000642 2 1202502263.043117
0124160021313645424200000642 2 1202502263.043123
0625163021613645424200000642 2 1202502263.043126
0111162520303046424200000642 2 1202502263.043132
0011162021353046424200000642 2 1202502263.043134
0616102021303546424200000642 1 1202502263.043136
0616162021303546424200000642 1 1202502263.043138
0626103021113546424200000642 2 1202502263.043140
0626163021113546424200000642 2 1202502263.043142
0616102021313546424200000642 2 1202502263.043145
0616162021313546424200000642 2 1202502263.043147
0616102021333546424200000642 2 1202502263.043149
0611152021333546424200000642 2 1202502263.043151
0611162021333546424200000642 2 1202502263.043152
0616162021333546424200000642 2 1202502263.043154
0616102021343546424200000642 2 1202502263.043156
0616162021343546424200000642 2 1202502263.043158
0616102021353546424200000642 2 1202502263.043159
0616162021353546424200000642 2 1202502263.043203
0616102021363546424200000642 1 1202502263.043204
0616162021363546424200000642 1 1202502263.043207
0624103021313644424200001052 2 1202502263.043248
0112102525633144424200411252 2 1202502263.043351
0522100021333164424200411252 2 1202502263.043401
0110102220303046424200411252 1 1202502263.043425
0025100021313046424200411252 2 1202502263.043426
0110102220303146424200411252 1 1202502263.043428
0522100021313146424200411252 2 1202502263.043431
0120100021313546424200411252 2 1202502263.043433
0522100021313546424200411252 2 1202502263.043435
0025100021313546424200411252 2 1202502263.043437
0522150021313546424200411252 2 1202502263.043438
0624100021313641424200000552 2 1202502263.043937
0124103621313144424210002503 6 1202502263.044550
0124103625313144424210002503 2 1202502263.044551
0124103620313144464210002503 6 1202502263.044922
0124103621313144464210002503 6 1202502263.044923
0124103623313144464210002503 6 1202502263.044924
0124103624313144464210002503 6 1202502263.044925
0124103225313144464210002503 2 1202502263.044926
0124103625313144464210002503 2 1202502263.044928
0124103621313144424610002503 6 1202502263.045251
0124103225313144424610002503 2 1202502263.045252
0124103625313144424610002503 2 1202502263.045253
0124103620313144464610002503 6 1202502263.045515
0124103621313144464610002503 6 1202502263.045516
0124103623313144464610002503 6 1202502263.045517
0124103624313144464610002503 6 1202502263.045518
0124103225313144464610002503 2 1202502263.045519
0124103625313144464610002503 2 1202502263.045521
0124103225313144424610002413 2 1202502263.045850
0124103621313144424613602513 6 1202502263.050254
0124103225313144424610002304 2 1202502263.051620
0142162621303540424200000014 1 1202502263.052624
0141162220363540424200000014 1 1202502263.052626
0111162220363541424200000014 1 1202502263.052642
0141162220363541424200000014 1 1202502263.052644
0141162621363541424200000014 1 1202502263.052647
0142162621363541424200000014 1 1202502263.052648
0642162621353641424200000014 2 1202502263.052651
0142162621303542424200000014 2 1202502263.052701
0142162621313542424200000014 2 1202502263.052703
0142162621333542424200000014 2 1202502263.052704
0142162621343542424200000014 2 1202502263.052706
0142162621353542424200000014 2 1202502263.052708
0141162020363542424200000014 2 1202502263.052710
0141162621363542424200000014 1 1202502263.052712
0142162621363542424200000014 1 1202502263.052713
0012162521303046424200000014 1 1202502263.052844
0011162021353046424200000014 2 1202502263.052846
0011162621353046424200000014 2 1202502263.052849
0012162521363046424200000014 1 1202502263.052852
0142162621303546424200000014 1 1202502263.052901
0012162521303040424200000614 1 1202502263.053408
0011162021353040424200000614 2 1202502263.053410
0011162621353040424200000614 2 1202502263.053411
0012162521363040424200000614 1 1202502263.053413
0012162521303540424200000614 1 1202502263.053417
0011162021353540424200000614 2 1202502263.053420
0011162621353540424200000614 2 1202502263.053422
0012162521363540424200000614 1 1202502263.053426
0012162521303044424200000614 1 1202502263.053445
0011162021353044424200000614 2 1202502263.053447
0011162621353044424200000614 2 1202502263.053449
0012162521363044424200000614 1 1202502263.053451
0012102021363645424200000524 2 1202502263.054016
0012102021363046424200000524 2 1202502263.054022
0012152021363046424200000524 2 1202502263.054024
0610102021353546424200000524 2 1202502263.054045
0161102225453116404210002034 1 1202502263.054929
0161102225053166404210002034 6 1202502263.054933
0161102225153166404210002034 6 1202502263.054934
0161102225353166404210002034 6 1202502263.054936
0161102225453166404210002034 6 1202502263.054938
0161102225553166404210002034 6 1202502263.054940
0161102225453116404610002034 1 1202502263.055325
0161102225053166404610002034 6 1202502263.055328
0161102225153166404610002034 6 1202502263.055329
0161102225353166404610002034 6 1202502263.055330
0161102225453166404610002034 6 1202502263.055331
0161102225553166404610002034 6 1202502263.055333
0124103225313144424610002034 2 1202502263.055409
0124103621313144424210002544 6 1202502263.061311
0124103625313144424210002544 2 1202502263.061312
0124103620313144464210002544 6 1202502263.061612
0124103621313144464210002544 6 1202502263.061613
0124103623313144464210002544 6 1202502263.061614
0124103624313144464210002544 6 1202502263.061615
0124103225313144464210002544 2 1202502263.061617
0124103625313144464210002544 2 1202502263.061618
0124103621313144424610002544 6 1202502263.062104
0124103225313144424610002544 2 1202502263.062105
0124103625313144424610002544 2 1202502263.062106
0124103620313144464610002544 6 1202502263.062340
0124103621313144464610002544 6 1202502263.062341
0124103623313144464610002544 6 1202502263.062343
0124103624313144464610002544 6 1202502263.062344
0124103225313144464610002544 2 1202502263.062345
0124103625313144464610002544 2 1202502263.062347
0110102220303046424200000254 1 1202502263.062549
0121152220353640424200140564 1 1202502263.062748
0022100021313642424200140564 2 1202502263.062818
0022102021353642424200140564 2 1202502263.062822
0022152021353642424200140564 2 1202502263.062824
0042102521303645424200140564 2 1202502263.062909
0042152521303645424200140564 1 1202502263.062910
0042102521313645424200140564 2 1202502263.062913
0042152521313645424200140564 2 1202502263.062915
0042102521333645424200140564 2 1202502263.062917
0042152521333645424200140564 2 1202502263.062918
0042102521343645424200140564 2 1202502263.062920
0042152521343645424200140564 2 1202502263.062922
0021102021353645424200140564 1 1202502263.062924
0041102021353645424200140564 1 1202502263.062926
0021152021353645424200140564 1 1202502263.062928
0021102221353645424200140564 1 1202502263.062931
0041102221353645424200140564 1 1202502263.062932
0021152221353645424200140564 1 1202502263.062934
0021102321353645424200140564 1 1202502263.062936
0041102321353645424200140564 1 1202502263.062937
0021152321353645424200140564 1 1202502263.062939
0021102521353645424200140564 1 1202502263.062941
0041102521353645424200140564 1 1202502263.062942
0022102521353645424200140564 1 1202502263.062944
0042102521353645424200140564 1 1202502263.062946
0021152521353645424200140564 1 1202502263.062948
0041152521353645424200140564 1 1202502263.062949
0022152521353645424200140564 1 1202502263.062951
0042152521353645424200140564 1 1202502263.062953
0021102621353645424200140564 1 1202502263.062955
0041102621353645424200140564 1 1202502263.062956
0021152621353645424200140564 1 1202502263.062958
0042102521363645424200140564 2 1202502263.063000
0042152521363645424200140564 2 1202502263.063002
0121152220353046424200140564 1 1202502263.063019
0124103225313144424610002435 2 1202502263.064553
0164100621003144424616302535 6 1202502263.064953
0164102621003144424616302535 1 1202502263.064954
0164103621003144424616302535 6 1202502263.064956
0164106621003144424616302535 6 1202502263.064957
0164100621103144424616302535 6 1202502263.064958
0164102621103144424616302535 1 1202502263.064959
0164103621103144424616302535 6 1202502263.065000
0164106621103144424616302535 6 1202502263.065001
0164100621303144424616302535 6 1202502263.065002
0164102621303144424616302535 1 1202502263.065003
0164103621303144424616302535 6 1202502263.065005
0164106621303144424616302535 6 1202502263.065006
0164100621403144424616302535 6 1202502263.065007
0164102621403144424616302535 1 1202502263.065008
0164103621403144424616302535 6 1202502263.065009
0164106621403144424616302535 6 1202502263.065011
0164100621503144424616302535 6 1202502263.065012
0164102621503144424616302535 1 1202502263.065013
0164103621503144424616302535 6 1202502263.065014
0164106621503144424616302535 6 1202502263.065015
0164100621013144424616302535 6 1202502263.065016
0164102621013144424616302535 6 1202502263.065017
0164103621013144424616302535 6 1202502263.065019
0164106621013144424616302535 6 1202502263.065020
0164100621113144424616302535 6 1202502263.065021
0164102621113144424616302535 6 1202502263.065022
0164103621113144424616302535 6 1202502263.065023
0164106621113144424616302535 6 1202502263.065024
0164100621313144424616302535 6 1202502263.065025
0164102621313144424616302535 6 1202502263.065027
0124103621313144424616302535 6 1202502263.065028
0164103621313144424616302535 6 1202502263.065029
0164106621313144424616302535 6 1202502263.065030
0164100621413144424616302535 6 1202502263.065031
0164102621413144424616302535 6 1202502263.065032
0164103621413144424616302535 6 1202502263.065033
0164106621413144424616302535 6 1202502263.065035
0164100621513144424616302535 6 1202502263.065036
0164102621513144424616302535 6 1202502263.065037
0164103621513144424616302535 6 1202502263.065038
0164106621513144424616302535 6 1202502263.065039
0164100621033144424616302535 6 1202502263.065040
0164102621033144424616302535 6 1202502263.065041
0164103621033144424616302535 6 1202502263.065043
0164106621033144424616302535 6 1202502263.065044
0164100621133144424616302535 6 1202502263.065045
0164102621133144424616302535 6 1202502263.065046
0164103621133144424616302535 6 1202502263.065048
0164106621133144424616302535 6 1202502263.065049
0164100621333144424616302535 6 1202502263.065050
0164102621333144424616302535 6 1202502263.065052
0164103621333144424616302535 6 1202502263.065053
0164106621333144424616302535 6 1202502263.065054
0164100621433144424616302535 6 1202502263.065056
0164102621433144424616302535 6 1202502263.065057
0164103621433144424616302535 6 1202502263.065058
0164106621433144424616302535 6 1202502263.065100
0164100621533144424616302535 6 1202502263.065101
0164102621533144424616302535 6 1202502263.065102
0164103621533144424616302535 6 1202502263.065103
0164106621533144424616302535 6 1202502263.065105
0164100621043144424616302535 6 1202502263.065106
0164102621043144424616302535 6 1202502263.065107
0164103621043144424616302535 6 1202502263.065108
0164106621043144424616302535 6 1202502263.065109
0164100621143144424616302535 6 1202502263.065110
0164102621143144424616302535 6 1202502263.065111
0164103621143144424616302535 6 1202502263.065112
0164106621143144424616302535 6 1202502263.065113
0164100621343144424616302535 6 1202502263.065115
0164102621343144424616302535 6 1202502263.065116
0164103621343144424616302535 6 1202502263.065117
0164106621343144424616302535 6 1202502263.065118
0164100621443144424616302535 6 1202502263.065119
0164102621443144424616302535 6 1202502263.065120
0164103621443144424616302535 6 1202502263.065121
0164106621443144424616302535 6 1202502263.065122
0164100621543144424616302535 6 1202502263.065124
0164102621543144424616302535 6 1202502263.065125
0164103621543144424616302535 6 1202502263.065126
0164106621543144424616302535 6 1202502263.065127
0164100621053144424616302535 6 1202502263.065128
0164102621053144424616302535 6 1202502263.065129
0164103621053144424616302535 6 1202502263.065131
0164106621053144424616302535 6 1202502263.065132
0164100621153144424616302535 6 1202502263.065133
0164102621153144424616302535 6 1202502263.065134
0164103621153144424616302535 6 1202502263.065135
0164106621153144424616302535 6 1202502263.065136
0124100621353144424616302535 6 1202502263.065137
0164100621353144424616302535 6 1202502263.065138
0124102621353144424616302535 6 1202502263.065140
0164102621353144424616302535 6 1202502263.065141
0124103621353144424616302535 6 1202502263.065142
0164103621353144424616302535 6 1202502263.065143
0124106621353144424616302535 6 1202502263.065144
0164106621353144424616302535 6 1202502263.065145
0164100621453144424616302535 6 1202502263.065146
0164102621453144424616302535 6 1202502263.065147
0164103621453144424616302535 6 1202502263.065148
0164106621453144424616302535 6 1202502263.065150
0164100621553144424616302535 6 1202502263.065151
0164102621553144424616302535 6 1202502263.065152
0164103621553144424616302535 6 1202502263.065153
0164106621553144424616302535 6 1202502263.065155
0022100021313645424200000145 2 1202502263.065250
0124103225313144424610002345 2 1202502263.070054
0525100021313641424200410566 2 1202502263.071125
0522100021333164424200410566 2 1202502263.071246
0522100021313146424200410566 2 1202502263.071304
