0012162521303040424200000600 1 1202502252.235318
0011162021353040424200000600 2 1202502252.235320
0012162521303540424200000600 1 1202502252.235322
0012162621303540424200000600 1 1202502252.235324
0011162021353540424200000600 2 1202502252.235326
0011162021363540424200000600 2 1202502252.235327
0124103225313144464210002110 2 1202502263.000128
0124103225313144424610002110 2 1202502263.000447
0124103225313144464610002110 2 1202502263.000655
0122102621343026404200000510 2 1202502263.001503
0612162521303040424200000510 1 1202502263.001520
0611162021353040424200000510 2 1202502263.001522
0611162621353040424200000510 2 1202502263.001524
0612162521363040424200000510 1 1202502263.001532
0144152621303021424200000510 1 1202502263.001640
0144152621353121424200000510 2 1202502263.001642
0144152621353141424200000510 2 1202502263.001650
0144152621363141424200000510 1 1202502263.001653
0144152621363541424200000510 1 1202502263.001657
0042102621303641424200000510 1 1202502263.001659
0042152621303641424200000510 1 1202502263.001700
0042162621303641424200000510 1 1202502263.001702
0046102021363641424200000510 1 1202502263.001704
0046102221363641424200000510 1 1202502263.001706
0046102321363641424200000510 1 1202502263.001707
0046102521363641424200000510 1 1202502263.001709
0046102621363641424200000510 1 1202502263.001710
0046152621363641424200000510 1 1202502263.001712
0046162621363641424200000510 1 1202502263.001713
0144152621303022424200000510 1 1202502263.001724
0144152621353122424200000510 2 1202502263.001726
0144152621353522424200000510 2 1202502263.001727
0144152621303142424200000510 2 1202502263.001733
0144152621313142424200000510 2 1202502263.001735
0144152621333142424200000510 2 1202502263.001737
0144152621343142424200000510 2 1202502263.001739
0144152621353142424200000510 2 1202502263.001741
0144152621363142424200000510 1 1202502263.001744
0144152621303542424200000510 2 1202502263.001747
0144152621313542424200000510 2 1202502263.001750
0144152621333542424200000510 2 1202502263.001752
0144152621343542424200000510 2 1202502263.001754
0144152621353542424200000510 2 1202502263.001756
0144152621363542424200000510 1 1202502263.001759
0046102621303642424200000510 1 1202502263.001801
0046152621303642424200000510 1 1202502263.001803
0046162621303642424200000510 1 1202502263.001805
0046102621313642424200000510 2 1202502263.001807
0046152621313642424200000510 2 1202502263.001809
0046162621313642424200000510 2 1202502263.001811
0046102621333642424200000510 2 1202502263.001813
0046152621333642424200000510 2 1202502263.001815
0046162621333642424200000510 2 1202502263.001817
0046102621343642424200000510 2 1202502263.001819
0046152621343642424200000510 2 1202502263.001820
0046162621343642424200000510 2 1202502263.001822
0046102621353642424200000510 2 1202502263.001824
0046152621353642424200000510 2 1202502263.001826
0046162621353642424200000510 2 1202502263.001828
0041102021363642424200000510 1 1202502263.001830
0046102621363642424200000510 1 1202502263.001832
0046152621363642424200000510 1 1202502263.001834
0046162621363642424200000510 1 1202502263.001836
0144152621353124424200000510 2 1202502263.001855
0144152621303144424200000510 2 1202502263.001913
0144152621313144424200000510 2 1202502263.001916
0144152621333144424200000510 2 1202502263.001921
0144152621343144424200000510 2 1202502263.001924
0144152621353144424200000510 2 1202502263.001927
0144152621363144424200000510 1 1202502263.001934
0144152621303145424200000510 2 1202502263.002102
0144152621313145424200000510 2 1202502263.002103
0144152621333145424200000510 2 1202502263.002104
0144152621343145424200000510 2 1202502263.002106
0144152621353145424200000510 2 1202502263.002107
0144152621363145424200000510 1 1202502263.002109
0144152621353126424200000510 2 1202502263.002138
0144152621353526424200000510 2 1202502263.002140
0612162521303046424200000510 1 1202502263.002144
0611162021353046424200000510 2 1202502263.002148
0611162621353046424200000510 2 1202502263.002149
0612162521363046424200000510 1 1202502263.002200
0144152621303146424200000510 2 1202502263.002206
0144152621313146424200000510 2 1202502263.002214
0144152621333146424200000510 2 1202502263.002219
0144152621343146424200000510 2 1202502263.002224
0144152621353146424200000510 2 1202502263.002229
0144152621363146424200000510 1 1202502263.002240
0144152621303546424200000510 2 1202502263.002250
0144152621313546424200000510 2 1202502263.002254
0144152621333546424200000510 2 1202502263.002256
0144152621343546424200000510 2 1202502263.002258
0144152621353546424200000510 2 1202502263.002300
0144152621363546424200000510 1 1202502263.002307
0121162621433510404201460610 2 1202502263.002417
0111162621433502404201460610 2 1202502263.002422
0121162621433502404201460610 2 1202502263.002424
0121162621433512404201460610 2 1202502263.002427
0122102621353022404201460610 1 1202502263.002428
0121162621433522404201460610 2 1202502263.002430
0121162621433542404201460610 2 1202502263.002431
0121162621433052404201460610 2 1202502263.002433
0121162621433552404201460610 2 1202502263.002435
0111162621433562404201460610 2 1202502263.002438
0121162621433562404201460610 2 1202502263.002439
0514102621353120424201460610 1 1202502263.002512
0544102621303040424201460610 1 1202502263.002516
0544102621353040424201460610 1 1202502263.002525
0114152021303140424201460610 1 1202502263.002534
0544102621303140424201460610 2 1202502263.002537
0114152621303140424201460610 1 1202502263.002539
0114152021313140424201460610 2 1202502263.002541
0544102621313140424201460610 2 1202502263.002543
0114152621313140424201460610 2 1202502263.002544
0114152021333140424201460610 2 1202502263.002546
0544102621333140424201460610 2 1202502263.002547
0114152621333140424201460610 2 1202502263.002549
0114152021343140424201460610 2 1202502263.002551
0544102621343140424201460610 2 1202502263.002552
0114152621343140424201460610 2 1202502263.002554
0514102021353140424201460610 1 1202502263.002555
0412152021353140424201460610 1 1202502263.002556
0114152021353140424201460610 2 1202502263.002558
0544102621353140424201460610 2 1202502263.002602
0441152621353140424201460610 2 1202502263.002603
0114152621353140424201460610 2 1202502263.002606
0411152021363140424201460610 1 1202502263.002608
0114152021363140424201460610 1 1202502263.002610
0544102621363140424201460610 1 1202502263.002613
0114152621363140424201460610 1 1202502263.002617
0544102621303540424201460610 1 1202502263.002623
0514102021353540424201460610 1 1202502263.002637
0544102621353540424201460610 1 1202502263.002643
0524102621363540424201460610 1 1202502263.002649
0244162621353640424201460610 2 1202502263.002659
0544102621303021424201460610 1 1202502263.002834
0544102621353021424201460610 1 1202502263.002838
0514102621353121424201460610 1 1202502263.002846
0514102621353521424201460610 1 1202502263.002856
0544102621303041424201460610 1 1202502263.002909
0544102621353041424201460610 1 1202502263.002914
0544102621363041424201460610 1 1202502263.002919
0544102621303141424201460610 1 1202502263.002928
0514102021353141424201460610 1 1202502263.002932
0412152021353141424201460610 2 1202502263.002934
0514102621353141424201460610 1 1202502263.002940
0544102621353141424201460610 1 1202502263.002944
0124152021363141424201460610 2 1202502263.002956
0524102621363141424201460610 1 1202502263.002959
0544102621303541424201460610 1 1202502263.003011
0412152021353541424201460610 1 1202502263.003015
0114152021353541424201460610 2 1202502263.003017
0544102621353541424201460610 1 1202502263.003021
0114152621353541424201460610 2 1202502263.003026
0124152021363541424201460610 1 1202502263.003031
0045102621303022424201460610 1 1202502263.003215
0045162621303022424201460610 1 1202502263.003218
0025102621353022424201460610 1 1202502263.003223
0045102621353022424201460610 1 1202502263.003224
0025162621353022424201460610 1 1202502263.003228
0045162621353022424201460610 1 1202502263.003229
0514102621353122424201460610 1 1202502263.003234
0412152021353522424201460610 1 1202502263.003240
0544102621303042424201460610 1 1202502263.003249
0544102621313042424201460610 2 1202502263.003252
0544102621333042424201460610 2 1202502263.003255
0544102621343042424201460610 2 1202502263.003258
0514102021353042424201460610 1 1202502263.003300
0544102621353042424201460610 1 1202502263.003304
0544102621363042424201460610 1 1202502263.003308
0544102621303142424201460610 1 1202502263.003317
0122102621353142424201460610 1 1202502263.003342
0514102621353142424201460610 1 1202502263.003343
0544102621353142424201460610 1 1202502263.003346
0524102621363142424201460610 1 1202502263.003354
0621152021533104424201460610 2 1202502263.003537
0224152021533104424201460610 2 1202502263.003538
0524152021533104424201460610 2 1202502263.003539
0141162520033114424201460610 2 1202502263.003554
0111152520533114424201460610 2 1202502263.003556
0121152520533114424201460610 2 1202502263.003557
0111162520533114424201460610 2 1202502263.003558
0121162520533114424201460610 2 1202502263.003559
0141162520533114424201460610 2 1202502263.003601
0621152021533114424201460610 2 1202502263.003603
0222152021533114424201460610 2 1202502263.003604
0522152021533114424201460610 2 1202502263.003605
0224152021533114424201460610 2 1202502263.003607
0524152021533114424201460610 2 1202502263.003608
0544102621303024424201460610 2 1202502263.003613
0544102621353024424201460610 2 1202502263.003616
0621152021533124424201460610 2 1202502263.003622
0524152021533124424201460610 2 1202502263.003623
0514102021353124424201460610 1 1202502263.003624
0514102621353124424201460610 1 1202502263.003626
0544102621303524424201460610 1 1202502263.003631
0112102621353524424201460610 2 1202502263.003634
0544102621353524424201460610 1 1202502263.003636
0642102621353624424201460610 2 1202502263.003640
0544102621303044424201460610 1 1202502263.003642
0544102621353044424201460610 1 1202502263.003650
0642162621353044424201460610 1 1202502263.003653
0514102621303144424201460610 1 1202502263.003703
0544102621303144424201460610 1 1202502263.003704
0514102621313144424201460610 2 1202502263.003709
0544102621313144424201460610 2 1202502263.003710
0141162520033144424201460610 2 1202502263.003712
0514102621333144424201460610 2 1202502263.003716
0544102621333144424201460610 2 1202502263.003717
0121152520533144424201460610 2 1202502263.003719
0111162520533144424201460610 2 1202502263.003720
0121162520533144424201460610 2 1202502263.003722
0141162520533144424201460610 2 1202502263.003723
0221152021533144424201460610 2 1202502263.003725
0621152021533144424201460610 2 1202502263.003726
0222152021533144424201460610 2 1202502263.003727
0024152021533144424201460610 2 1202502263.003728
0224152021533144424201460610 2 1202502263.003729
0524152021533144424201460610 2 1202502263.003730
0514102621343144424201460610 2 1202502263.003733
0544102621343144424201460610 2 1202502263.003734
0541102621353144424201460610 1 1202502263.003739
0514102621353144424201460610 1 1202502263.003740
0544102621353144424201460610 1 1202502263.003742
0514102621363144424201460610 1 1202502263.003752
0544102621363144424201460610 1 1202502263.003753
0112102621303544424201460610 1 1202502263.003759
0544102621303544424201460610 2 1202502263.003801
0112102621313544424201460610 2 1202502263.003803
0544102621313544424201460610 2 1202502263.003805
0112102621333544424201460610 2 1202502263.003807
0544102621333544424201460610 2 1202502263.003809
0111152620533544424201460610 2 1202502263.003810
0112102621343544424201460610 2 1202502263.003813
0544102621343544424201460610 2 1202502263.003814
0412152021353544424201460610 1 1202502263.003816
0112102621353544424201460610 2 1202502263.003818
0544102621353544424201460610 2 1202502263.003820
0120102020363544424201460610 1 1202502263.003823
0120102021363544424201460610 2 1202502263.003825
0022102021363544424201460610 2 1202502263.003827
0111102621363544424201460610 1 1202502263.003829
0112102621363544424201460610 1 1202502263.003831
0544102621363544424201460610 1 1202502263.003832
0120102025363544424201460610 1 1202502263.003834
0222152021533054424201460610 2 1202502263.003843
0224152021533054424201460610 2 1202502263.003844
0141162520033154424201460610 2 1202502263.003854
0111162520533154424201460610 2 1202502263.003858
0121162520533154424201460610 2 1202502263.003859
0141162520533154424201460610 2 1202502263.003900
0621152021533154424201460610 2 1202502263.003902
0024152021533154424201460610 2 1202502263.003904
0524152021533154424201460610 2 1202502263.003905
0141162520033164424201460610 2 1202502263.004005
0111152520533164424201460610 2 1202502263.004007
0111162520533164424201460610 2 1202502263.004009
0141162520533164424201460610 2 1202502263.004010
0621152021533164424201460610 2 1202502263.004013
0524152021533164424201460610 2 1202502263.004015
0141152620033564424201460610 2 1202502263.004016
0141152620533564424201460610 2 1202502263.004018
0114152021353025424201460610 1 1202502263.004047
0114152621353025424201460610 1 1202502263.004052
0114152021353525424201460610 1 1202502263.004059
0114152621353525424201460610 1 1202502263.004102
0544102621303045424201460610 1 1202502263.004113
0544102621313045424201460610 2 1202502263.004116
0544102621333045424201460610 2 1202502263.004119
0544102621343045424201460610 2 1202502263.004123
0544102621353045424201460610 1 1202502263.004127
0120102020363045424201460610 1 1202502263.004129
0544102621363045424201460610 1 1202502263.004138
0120102025363045424201460610 1 1202502263.004142
0022102621303145424201460610 2 1202502263.004147
0544102621303145424201460610 1 1202502263.004149
0412152021353145424201460610 1 1202502263.004201
0544102621353145424201460610 1 1202502263.004204
0112102621303545424201460610 1 1202502263.004215
0544102621303545424201460610 2 1202502263.004218
0112102621313545424201460610 2 1202502263.004220
0544102621313545424201460610 2 1202502263.004222
0112102621333545424201460610 2 1202502263.004223
0544102621333545424201460610 2 1202502263.004225
0112102621343545424201460610 2 1202502263.004226
0544102621343545424201460610 2 1202502263.004228
0112102621353545424201460610 1 1202502263.004231
0544102621353545424201460610 2 1202502263.004233
0120102020363545424201460610 1 1202502263.004235
0022102021363545424201460610 2 1202502263.004239
0111102621363545424201460610 1 1202502263.004242
0112102621363545424201460610 1 1202502263.004243
0544102621363545424201460610 1 1202502263.004245
0120102025363545424201460610 1 1202502263.004247
0020100021313645424201460610 2 1202502263.004252
0620100021313645424201460610 2 1202502263.004254
0020160021313645424201460610 2 1202502263.004256
0620160021313645424201460610 2 1202502263.004258
0114152021353026424201460610 1 1202502263.004455
0114152621353026424201460610 1 1202502263.004457
0114152021353526424201460610 1 1202502263.004503
0114152621353526424201460610 1 1202502263.004505
0244162621353626424201460610 1 1202502263.004513
0544102621303046424201460610 2 1202502263.004517
0544102621313046424201460610 2 1202502263.004520
0544102621333046424201460610 2 1202502263.004523
0544102621343046424201460610 2 1202502263.004525
0544102621353046424201460610 2 1202502263.004530
0544102621363046424201460610 1 1202502263.004534
0114152021303146424201460610 1 1202502263.004539
0544102621303146424201460610 2 1202502263.004543
0114152621303146424201460610 1 1202502263.004546
0114152021313146424201460610 2 1202502263.004550
0544102621313146424201460610 2 1202502263.004552
0114152621313146424201460610 2 1202502263.004554
0114152021333146424201460610 2 1202502263.004557
0544102621333146424201460610 2 1202502263.004559
0114152621333146424201460610 2 1202502263.004602
0114152021343146424201460610 2 1202502263.004605
0544102621343146424201460610 2 1202502263.004607
0114152621343146424201460610 2 1202502263.004609
0412152021353146424201460610 1 1202502263.004611
0114152021353146424201460610 2 1202502263.004613
0544102621353146424201460610 2 1202502263.004617
0114152621353146424201460610 2 1202502263.004620
0411152021363146424201460610 1 1202502263.004624
0114152021363146424201460610 1 1202502263.004626
0124152021363146424201460610 1 1202502263.004628
0544102621363146424201460610 1 1202502263.004631
0114152621363146424201460610 1 1202502263.004634
0544102621303546424201460610 1 1202502263.004642
0544102621353546424201460610 1 1202502263.004702
0421152021363546424201460610 2 1202502263.004708
0144103621313540424200000420 2 1202502263.005342
0041106621313540424200000420 2 1202502263.005344
0144106621313540424200000420 2 1202502263.005345
0041106621313541424200000420 2 1202502263.005352
0144153621113142424200000420 2 1202502263.005358
0144153621113542424200000420 2 1202502263.005402
0144150621333104424200000420 2 1202502263.005408
0144152621333104424200000420 2 1202502263.005410
0144153621333104424200000420 2 1202502263.005412
0144105621333104424200000420 2 1202502263.005413
0144155621333104424200000420 2 1202502263.005415
0541156621333104424200000420 2 1202502263.005417
0144156621333104424200000420 2 1202502263.005418
0144100621033504424200000420 2 1202502263.005421
0144102621033504424200000420 2 1202502263.005423
0144103621033504424200000420 2 1202502263.005424
0144105621033504424200000420 2 1202502263.005426
0144106621033504424200000420 2 1202502263.005427
0144100621133504424200000420 2 1202502263.005429
0144105621333014424200000420 2 1202502263.005440
0144105621033114424200000420 2 1202502263.005443
0144150621333114424200000420 2 1202502263.005445
0144152621333114424200000420 2 1202502263.005447
0144153621333114424200000420 2 1202502263.005449
0144105621333114424200000420 2 1202502263.005450
0144155621333114424200000420 2 1202502263.005452
0541156621333114424200000420 2 1202502263.005453
0144156621333114424200000420 2 1202502263.005455
0142102621033514424200000420 2 1202502263.005458
0144102621033514424200000420 2 1202502263.005459
0144100621133514424200000420 2 1202502263.005502
0144150621333124424200000420 2 1202502263.005513
0144152621333124424200000420 2 1202502263.005514
0144153621333124424200000420 2 1202502263.005516
0144155621333124424200000420 2 1202502263.005518
0541156621333124424200000420 2 1202502263.005519
0144156621333124424200000420 2 1202502263.005521
0144153621113144424200000420 2 1202502263.005534
0144153621313144424200000420 2 1202502263.005536
0142105621033144424200000420 2 1202502263.005538
0144105621033144424200000420 2 1202502263.005539
0144150621333144424200000420 2 1202502263.005543
0144152621333144424200000420 2 1202502263.005545
0144153621333144424200000420 2 1202502263.005546
0144155621333144424200000420 2 1202502263.005549
0541156621333144424200000420 2 1202502263.005550
0144156621333144424200000420 2 1202502263.005552
0144100621033054424200000420 2 1202502263.005631
0144102621033054424200000420 2 1202502263.005632
0144103621033054424200000420 2 1202502263.005633
0144105621033054424200000420 2 1202502263.005634
0144106621033054424200000420 2 1202502263.005636
0144100621133054424200000420 2 1202502263.005637
0144100621033154424200000420 2 1202502263.005641
0144102621033154424200000420 2 1202502263.005642
0144103621033154424200000420 2 1202502263.005643
0144105621033154424200000420 2 1202502263.005644
0144106621033154424200000420 2 1202502263.005645
0144100621133154424200000420 2 1202502263.005647
0144150621333154424200000420 2 1202502263.005650
0144152621333154424200000420 2 1202502263.005653
0144153621333154424200000420 2 1202502263.005655
0144155621333154424200000420 2 1202502263.005657
0041106621333154424200000420 2 1202502263.005659
0541156621333154424200000420 2 1202502263.005701
0144156621333154424200000420 2 1202502263.005702
0144105621033164424200000420 2 1202502263.005724
0144150621333164424200000420 2 1202502263.005727
0144152621333164424200000420 2 1202502263.005729
0144153621333164424200000420 2 1202502263.005730
0144155621333164424200000420 2 1202502263.005732
0541156621333164424200000420 2 1202502263.005733
0144156621333164424200000420 2 1202502263.005735
0041106621313045424200000420 2 1202502263.005751
0144106621313045424200000420 2 1202502263.005752
0144153621113145424200000420 2 1202502263.005755
0144153621113146424200000420 2 1202502263.005809
0144153621313146424200000420 2 1202502263.005811
0144103621013546424200000420 2 1202502263.005813
0144153621113546424200000420 2 1202502263.005815
0144153621313546424200000420 2 1202502263.005818
0124103621313144424210002530 6 1202502263.011511
0124103625313144424210002530 2 1202502263.011512
0124103620313144464210002530 6 1202502263.012211
0124103621313144464210002530 6 1202502263.012212
0124103623313144464210002530 6 1202502263.012213
0124103624313144464210002530 6 1202502263.012215
0124103225313144464210002530 2 1202502263.012216
0124103625313144464210002530 2 1202502263.012217
0124103621313144424610002530 6 1202502263.013015
0124103225313144424610002530 2 1202502263.013016
0124103625313144424610002530 2 1202502263.013017
0124103620313144464610002530 6 1202502263.013511
0124103621313144464610002530 6 1202502263.013512
0124103623313144464610002530 6 1202502263.013513
0124103624313144464610002530 6 1202502263.013514
0124103225313144464610002530 2 1202502263.013515
0124103625313144464610002530 2 1202502263.013517
0124103225313144424610002440 2 1202502263.015809
0124103225313144424610002350 2 1202502263.023328
0026152020343101454201122301 1 1202502263.024237
0026152020343111454201122301 1 1202502263.024239
0026152020343121454201122301 1 1202502263.024242
0026152020343141454201122301 1 1202502263.024245
0026152020343151454201122301 1 1202502263.024247
0026152020343161454201122301 1 1202502263.024249
0522106521343122404601122301 2 1202502263.024414
0022106021353040424601122301 2 1202502263.024557
0022106021353044424601122301 2 1202502263.024626
0024156021333544424601122301 2 1202502263.024632
0124156021333544424601122301 2 1202502263.024633
0426156021353544424601122301 2 1202502263.024635
0022106021353045424601122301 2 1202502263.024647
0426156021353545424601122301 2 1202502263.024652
0026152020343101454601122301 1 1202502263.024727
0026152020343111454601122301 1 1202502263.024732
0026152020343121454601122301 1 1202502263.024736
0026152020343141454601122301 1 1202502263.024740
0026152020343151454601122301 1 1202502263.024744
0026152020343161454601122301 1 1202502263.024747
0141102521303140464204162011 1 1202502263.025117
0141102523303140464204162011 6 1202502263.025118
0141102525353141464204162011 2 1202502263.025136
0141102521303142464204162011 1 1202502263.025149
0141102521303144464204162011 2 1202502263.025207
0141102521303145464204162011 2 1202502263.025227
0141102523303146464204162011 6 1202502263.025243
0164103225003144424210002331 2 1202502263.030535
0164103225103144424210002331 2 1202502263.030536
0164103225303144424210002331 2 1202502263.030537
0164103225403144424210002331 2 1202502263.030538
0164103225503144424210002331 2 1202502263.030539
0164103225013144424210002331 2 1202502263.030541
0164103225113144424210002331 2 1202502263.030542
0164103225313144424210002331 2 1202502263.030543
0164103225413144424210002331 2 1202502263.030544
0164103225513144424210002331 2 1202502263.030545
0164103225033144424210002331 2 1202502263.030546
0164103225133144424210002331 2 1202502263.030547
0164103225333144424210002331 2 1202502263.030549
0164103225433144424210002331 2 1202502263.030550
0164103225533144424210002331 2 1202502263.030551
0164103225043144424210002331 2 1202502263.030552
0164103225143144424210002331 2 1202502263.030553
0164103225343144424210002331 2 1202502263.030555
0164103225443144424210002331 2 1202502263.030556
0164103225543144424210002331 2 1202502263.030557
0164103225053144424210002331 2 1202502263.030558
0164103225153144424210002331 2 1202502263.030559
0164103225353144424210002331 2 1202502263.030600
0164103225453144424210002331 2 1202502263.030602
0164103225553144424210002331 2 1202502263.030603
0164103225003144424610002331 2 1202502263.030848
0164103225103144424610002331 2 1202502263.030849
0164103225303144424610002331 2 1202502263.030851
0164103225403144424610002331 2 1202502263.030852
0164103225503144424610002331 2 1202502263.030853
0164103225013144424610002331 2 1202502263.030854
0164103225113144424610002331 2 1202502263.030855
0124103225313144424610002331 2 1202502263.030857
0164103225313144424610002331 2 1202502263.030858
0164103225413144424610002331 2 1202502263.030859
0164103225513144424610002331 2 1202502263.030900
0164103225033144424610002331 2 1202502263.030901
0164103225133144424610002331 2 1202502263.030902
0164103225333144424610002331 2 1202502263.030903
0164103225433144424610002331 2 1202502263.030905
0164103225533144424610002331 2 1202502263.030906
0164103225043144424610002331 2 1202502263.030907
0164103225143144424610002331 2 1202502263.030908
0164103225343144424610002331 2 1202502263.030909
0164103225443144424610002331 2 1202502263.030910
0164103225543144424610002331 2 1202502263.030912
0164103225053144424610002331 2 1202502263.030913
0164103225153144424610002331 2 1202502263.030914
0164103225353144424610002331 2 1202502263.030915
0164103225453144424610002331 2 1202502263.030917
0164103225553144424610002331 2 1202502263.030918
0526100021313040424200000041 2 1202502263.031607
0622100021333154424200000041 2 1202502263.031711
0622100021313145424200000041 2 1202502263.031740
0016102021303645424200000041 1 1202502263.031742
0622100021313645424200000041 2 1202502263.031745
0026100021313645424200000041 2 1202502263.031746
0622160021313645424200000041 2 1202502263.031748
0022150021313146424200000041 2 1202502263.031811
0622100021313546424200000041 2 1202502263.031813
0026100021313546424200000041 2 1202502263.031814
0121152520333064424200402341 2 1202502263.032007
0121152520333164424200402341 2 1202502263.032008
0124102021553112424600462341 2 1202502263.032816
0115102521503104424600462341 1 1202502263.032822
0121102520553104424600462341 2 1202502263.032825
0121152520553104424600462341 2 1202502263.032827
0115102521503114424600462341 1 1202502263.032833
0121102520553114424600462341 2 1202502263.032836
0121152520553114424600462341 2 1202502263.032837
0115102521503124424600462341 1 1202502263.032839
0121102520553124424600462341 2 1202502263.032842
0121152520553124424600462341 2 1202502263.032843
0115102521503144424600462341 1 1202502263.032847
0121102520553144424600462341 2 1202502263.032850
0121152520553144424600462341 2 1202502263.032851
0115102521503154424600462341 1 1202502263.032853
0121102520553154424600462341 2 1202502263.032856
0121152520553154424600462341 2 1202502263.032857
0115102521503164424600462341 1 1202502263.032859
0121102520553164424600462341 2 1202502263.032902
0121152520553164424600462341 2 1202502263.032903
0012162521303040424200000641 1 1202502263.033201
0526100021313040424200000641 2 1202502263.033203
0012162521303540424200000641 1 1202502263.033205
0622100021313540424200000641 2 1202502263.033207
0626100021313540424200000641 2 1202502263.033209
0626100021313541424200000641 2 1202502263.033217
0622160021313541424200000641 2 1202502263.033219
0526160021333104424200000641 2 1202502263.033234
0526160021333114424200000641 2 1202502263.033237
0526160021333124424200000641 2 1202502263.033240
0012162521303044424200000641 1 1202502263.033243
0526160021313144424200000641 2 1202502263.033245
0526160021333144424200000641 2 1202502263.033246
0526160021313644424200000641 2 1202502263.033254
0622160021633054424200000641 2 1202502263.033257
0622100021333154424200000641 2 1202502263.033259
0622160021333154424200000641 2 1202502263.033300
0026160021333154424200000641 2 1202502263.033302
0126160021333154424200000641 2 1202502263.033303
0226160021333154424200000641 2 1202502263.033305
0426160021333154424200000641 2 1202502263.033306
0526160021333154424200000641 2 1202502263.033307
0626160021333154424200000641 2 1202502263.033309
0026100021333654424200000641 2 1202502263.033311
0622100021633654424200000641 2 1202502263.033313
0622160021633654424200000641 2 1202502263.033315
0526160021333164424200000641 2 1202502263.033318
0526100021313045424200000641 2 1202502263.033326
0626100021313045424200000641 2 1202502263.033327
0622160021313045424200000641 2 1202502263.033329
0026160021313045424200000641 2 1202502263.033330
0626160021313045424200000641 2 1202502263.033332
0622100021313145424200000641 2 1202502263.033333
0622100021313645424200000641 2 1202502263.033343
0026100021313645424200000641 2 1202502263.033344
0626100021313645424200000641 2 1202502263.033346
0622160021313645424200000641 2 1202502263.033347
0026160021313645424200000641 2 1202502263.033350
0226160021313645424200000641 2 1202502263.033351
0426160021313645424200000641 2 1202502263.033353
0526160021313645424200000641 2 1202502263.033354
0626160021313645424200000641 2 1202502263.033356
0012162521303046424200000641 1 1202502263.033423
0022150021313146424200000641 2 1202502263.033425
0616102021303546424200000641 1 1202502263.033427
0616162021303546424200000641 1 1202502263.033429
0616162221303546424200000641 1 1202502263.033431
0612152321303546424200000641 1 1202502263.033432
0612162321303546424200000641 1 1202502263.033434
0616162321303546424200000641 1 1202502263.033436
0616162521303546424200000641 1 1202502263.033439
0616162621303546424200000641 1 1202502263.033441
0622100021313546424200000641 2 1202502263.033442
0026100021313546424200000641 2 1202502263.033444
0622160021313546424200000641 2 1202502263.033448
0624160021313546424200000641 2 1202502263.033449
0626160021313546424200000641 2 1202502263.033450
0526160021313646424200000641 2 1202502263.033452
0526160021333104424202450641 2 1202502263.033553
0622100021533604424202450641 2 1202502263.033555
0622160021533604424202450641 2 1202502263.033557
0526160021333114424202450641 2 1202502263.033600
0622160021533114424202450641 2 1202502263.033601
0622100021533614424202450641 2 1202502263.033603
0622160021533614424202450641 2 1202502263.033605
0526160021333124424202450641 2 1202502263.033608
0622100021533624424202450641 2 1202502263.033609
0526160021313144424202450641 2 1202502263.033613
0526160021333144424202450641 2 1202502263.033614
0622160021533144424202450641 2 1202502263.033616
0526160021313644424202450641 2 1202502263.033617
0622100021533644424202450641 2 1202502263.033619
0622160021633054424202450641 2 1202502263.033622
0622100021333154424202450641 2 1202502263.033624
0622160021333154424202450641 2 1202502263.033625
0026160021333154424202450641 2 1202502263.033627
0126160021333154424202450641 2 1202502263.033628
0226160021333154424202450641 2 1202502263.033630
0426160021333154424202450641 2 1202502263.033631
0526160021333154424202450641 2 1202502263.033633
0626160021333154424202450641 2 1202502263.033634
0622160021533154424202450641 2 1202502263.033635
0622160021633154424202450641 2 1202502263.033637
0026100021333654424202450641 2 1202502263.033639
0622100021533654424202450641 2 1202502263.033641
0622100021633654424202450641 2 1202502263.033643
0622160021633654424202450641 2 1202502263.033645
0526160021333164424202450641 2 1202502263.033648
0622160021533164424202450641 2 1202502263.033649
0622100021533664424202450641 2 1202502263.033655
0026160021313045424202450641 2 1202502263.033659
0626160021313045424202450641 2 1202502263.033700
0622100021313145424202450641 2 1202502263.033702
0622100021313645424202450641 2 1202502263.033703
0622160021313645424202450641 2 1202502263.033705
0026160021313645424202450641 2 1202502263.033706
0126160021313645424202450641 2 1202502263.033708
0226160021313645424202450641 2 1202502263.033709
0426160021313645424202450641 2 1202502263.033711
0526160021313645424202450641 2 1202502263.033712
0626160021313645424202450641 2 1202502263.033713
0526160021313646424202450641 2 1202502263.033741
0124103225313144464210002151 2 1202502263.034332
0124103225313144424610002151 2 1202502263.034520
0124103225313144464610002151 2 1202502263.034645
0526150021313541424205412351 2 1202502263.035106
0625150021333104424205412351 2 1202502263.035117
0526150021333104424205412351 2 1202502263.035118
0622150021533104424205412351 2 1202502263.035120
0625150021333114424205412351 2 1202502263.035122
0526150021333114424205412351 2 1202502263.035124
0622150021533114424205412351 2 1202502263.035125
0625150021333124424205412351 2 1202502263.035127
0526150021333124424205412351 2 1202502263.035129
0622150021533124424205412351 2 1202502263.035130
0625150021313144424205412351 2 1202502263.035132
0526150021313144424205412351 2 1202502263.035134
0625150021333144424205412351 2 1202502263.035135
0526150021333144424205412351 2 1202502263.035137
0622150021533144424205412351 2 1202502263.035138
0625150021313544424205412351 2 1202502263.035140
0526150021313544424205412351 2 1202502263.035142
0625150021333154424205412351 2 1202502263.035144
0526150021333154424205412351 2 1202502263.035145
0622150021533154424205412351 2 1202502263.035147
0522150021533064424205412351 2 1202502263.035153
0522100021333164424205412351 2 1202502263.035155
0522150021333164424205412351 2 1202502263.035156
0025150021333164424205412351 2 1202502263.035158
0125150021333164424205412351 2 1202502263.035159
0225150021333164424205412351 2 1202502263.035201
0425150021333164424205412351 2 1202502263.035202
0525150021333164424205412351 2 1202502263.035204
0625150021333164424205412351 2 1202502263.035205
0526150021333164424205412351 2 1202502263.035206
0522150021533164424205412351 2 1202502263.035208
0622150021533164424205412351 2 1202502263.035209
0025100021333564424205412351 2 1202502263.035211
0522100021533564424205412351 2 1202502263.035213
0522150021533564424205412351 2 1202502263.035215
0625150021313545424205412351 2 1202502263.035217
0526150021313545424205412351 2 1202502263.035219
0025150021313046424205412351 2 1202502263.035225
0525150021313046424205412351 2 1202502263.035226
0522100021313146424205412351 2 1202502263.035227
0525100021313140424605412351 2 1202502263.035357
0525100021313141424605412351 2 1202502263.035411
0662150021003104424605412351 2 1202502263.035430
0662150021103104424605412351 2 1202502263.035431
0662150021303104424605412351 2 1202502263.035433
0662150021403104424605412351 2 1202502263.035435
0662150021503104424605412351 2 1202502263.035436
0662150021013104424605412351 2 1202502263.035438
0662150021113104424605412351 2 1202502263.035440
0662150021313104424605412351 2 1202502263.035441
0662150021413104424605412351 2 1202502263.035443
0622150021513104424605412351 2 1202502263.035445
0662150021513104424605412351 2 1202502263.035446
0662150021033104424605412351 2 1202502263.035448
0662150021133104424605412351 2 1202502263.035450
0662150021333104424605412351 2 1202502263.035451
0662150021433104424605412351 2 1202502263.035453
0662150021533104424605412351 2 1202502263.035455
0662150021043104424605412351 2 1202502263.035456
0662150021143104424605412351 2 1202502263.035458
0662150021343104424605412351 2 1202502263.035500
0662150021443104424605412351 2 1202502263.035501
0662150021543104424605412351 2 1202502263.035503
0662150021053104424605412351 2 1202502263.035505
0662150021153104424605412351 2 1202502263.035506
0662150021353104424605412351 2 1202502263.035508
0662150021453104424605412351 2 1202502263.035510
0662150021553104424605412351 2 1202502263.035513
0662150021003114424605412351 2 1202502263.035517
0662150021103114424605412351 2 1202502263.035518
0662150021303114424605412351 2 1202502263.035520
0662150021403114424605412351 2 1202502263.035521
0662150021503114424605412351 2 1202502263.035523
0662150021013114424605412351 2 1202502263.035525
0662150021113114424605412351 2 1202502263.035526
0662150021313114424605412351 2 1202502263.035528
0662150021413114424605412351 2 1202502263.035530
0622150021513114424605412351 2 1202502263.035532
0662150021513114424605412351 2 1202502263.035533
0662150021033114424605412351 2 1202502263.035536
0662150021133114424605412351 2 1202502263.035538
0662150021333114424605412351 2 1202502263.035539
0662150021433114424605412351 2 1202502263.035541
0662150021533114424605412351 2 1202502263.035543
0662150021043114424605412351 2 1202502263.035544
0662150021143114424605412351 2 1202502263.035546
0662150021343114424605412351 2 1202502263.035548
0662150021443114424605412351 2 1202502263.035549
0662150021543114424605412351 2 1202502263.035551
0662150021053114424605412351 2 1202502263.035553
0662150021153114424605412351 2 1202502263.035554
0662150021353114424605412351 2 1202502263.035556
0662150021453114424605412351 2 1202502263.035558
0662150021553114424605412351 2 1202502263.035600
0662150021003124424605412351 2 1202502263.035604
0662150021103124424605412351 2 1202502263.035606
0662150021303124424605412351 2 1202502263.035608
0662150021403124424605412351 2 1202502263.035609
0662150021503124424605412351 2 1202502263.035611
0662150021013124424605412351 2 1202502263.035613
0662150021113124424605412351 2 1202502263.035614
0662150021313124424605412351 2 1202502263.035616
0662150021413124424605412351 2 1202502263.035618
0622150021513124424605412351 2 1202502263.035619
0662150021513124424605412351 2 1202502263.035621
0662150021033124424605412351 2 1202502263.035623
0662150021133124424605412351 2 1202502263.035625
0662150021333124424605412351 2 1202502263.035626
0662150021433124424605412351 2 1202502263.035628
0662150021533124424605412351 2 1202502263.035630
0662150021043124424605412351 2 1202502263.035631
0662150021143124424605412351 2 1202502263.035633
0662150021343124424605412351 2 1202502263.035635
0662150021443124424605412351 2 1202502263.035636
0662150021543124424605412351 2 1202502263.035638
0662150021053124424605412351 2 1202502263.035640
0662150021153124424605412351 2 1202502263.035641
0662150021353124424605412351 2 1202502263.035643
0662150021453124424605412351 2 1202502263.035645
0662150021553124424605412351 2 1202502263.035648
0662150021003144424605412351 2 1202502263.035652
0662150021103144424605412351 2 1202502263.035654
0662150021303144424605412351 2 1202502263.035656
0662150021403144424605412351 2 1202502263.035657
0662150021503144424605412351 2 1202502263.035659
0662150021013144424605412351 2 1202502263.035701
0662150021113144424605412351 2 1202502263.035702
0662150021313144424605412351 2 1202502263.035705
0662150021413144424605412351 2 1202502263.035707
0622150021513144424605412351 2 1202502263.035709
0662150021513144424605412351 2 1202502263.035711
0662150021033144424605412351 2 1202502263.035712
0662150021133144424605412351 2 1202502263.035714
0662150021333144424605412351 2 1202502263.035716
0662150021433144424605412351 2 1202502263.035718
0662150021533144424605412351 2 1202502263.035720
0662150021043144424605412351 2 1202502263.035721
0662150021143144424605412351 2 1202502263.035723
0662150021343144424605412351 2 1202502263.035725
0662150021443144424605412351 2 1202502263.035726
0662150021543144424605412351 2 1202502263.035728
0662150021053144424605412351 2 1202502263.035730
0662150021153144424605412351 2 1202502263.035731
0662150021353144424605412351 2 1202502263.035733
0662150021453144424605412351 2 1202502263.035735
0662150021553144424605412351 2 1202502263.035738
0662150021003154424605412351 2 1202502263.035742
0662150021103154424605412351 2 1202502263.035743
0662150021303154424605412351 2 1202502263.035745
0662150021403154424605412351 2 1202502263.035747
0662150021503154424605412351 2 1202502263.035748
0662150021013154424605412351 2 1202502263.035750
0662150021113154424605412351 2 1202502263.035751
0662150021313154424605412351 2 1202502263.035753
0662150021413154424605412351 2 1202502263.035755
0622150021513154424605412351 2 1202502263.035757
0662150021513154424605412351 2 1202502263.035758
0662150021033154424605412351 2 1202502263.035800
0662150021133154424605412351 2 1202502263.035802
0662150021333154424605412351 2 1202502263.035803
0662150021433154424605412351 2 1202502263.035805
0662150021533154424605412351 2 1202502263.035807
0662150021043154424605412351 2 1202502263.035808
0662150021143154424605412351 2 1202502263.035810
0662150021343154424605412351 2 1202502263.035812
0662150021443154424605412351 2 1202502263.035813
0662150021543154424605412351 2 1202502263.035815
0662150021053154424605412351 2 1202502263.035817
0662150021153154424605412351 2 1202502263.035818
0662150021353154424605412351 2 1202502263.035820
0662150021453154424605412351 2 1202502263.035822
0662150021553154424605412351 2 1202502263.035824
0662150021003164424605412351 2 1202502263.035828
0662150021103164424605412351 2 1202502263.035830
0662150021303164424605412351 2 1202502263.035832
0662150021403164424605412351 2 1202502263.035833
0662150021503164424605412351 2 1202502263.035835
0662150021013164424605412351 2 1202502263.035837
0662150021113164424605412351 2 1202502263.035838
0662150021313164424605412351 2 1202502263.035840
0662150021413164424605412351 2 1202502263.035842
0622150021513164424605412351 2 1202502263.035843
0662150021513164424605412351 2 1202502263.035845
0662150021033164424605412351 2 1202502263.035847
0662150021133164424605412351 2 1202502263.035848
0662150021333164424605412351 2 1202502263.035850
0662150021433164424605412351 2 1202502263.035851
0662150021533164424605412351 2 1202502263.035853
0662150021043164424605412351 2 1202502263.035855
0662150021143164424605412351 2 1202502263.035856
0662150021343164424605412351 2 1202502263.035858
0662150021443164424605412351 2 1202502263.035900
0662150021543164424605412351 2 1202502263.035901
0662150021053164424605412351 2 1202502263.035903
0662150021153164424605412351 2 1202502263.035905
0662150021353164424605412351 2 1202502263.035906
0662150021453164424605412351 2 1202502263.035908
0662150021553164424605412351 2 1202502263.035911
0525100021313145424605412351 2 1202502263.035921
0525103021313040424201461303 2 1202502263.042254
0114152021303140424201461303 1 1202502263.042300
0124153021113140424201461303 2 1202502263.042303
0114152021313140424201461303 2 1202502263.042306
0525103021313140424201461303 2 1202502263.042308
0422153021313140424201461303 2 1202502263.042309
0222153021513140424201461303 2 1202502263.042312
0024153021513140424201461303 2 1202502263.042313
0224153021513140424201461303 2 1202502263.042314
0226153021513140424201461303 2 1202502263.042316
0426153021513140424201461303 2 1202502263.042317
0114152021333140424201461303 2 1202502263.042320
0114152021343140424201461303 2 1202502263.042323
0114152021353140424201461303 1 1202502263.042326
0411152021363140424201461303 1 1202502263.042330
0114152021363140424201461303 1 1202502263.042333
0411152021303540424201461303 1 1202502263.042335
0412152021303540424201461303 1 1202502263.042336
0422153021113540424201461303 2 1202502263.042339
0412152021313540424201461303 2 1202502263.042342
0524153021313540424201461303 2 1202502263.042345
0222153021513540424201461303 2 1202502263.042346
0024153021513540424201461303 2 1202502263.042348
0224153021513540424201461303 2 1202502263.042349
0225153021513540424201461303 2 1202502263.042350
0226153021513540424201461303 2 1202502263.042351
0426153021513540424201461303 2 1202502263.042352
0412152021333540424201461303 2 1202502263.042353
0412152021343540424201461303 2 1202502263.042355
0412152021353540424201461303 2 1202502263.042357
0524103021163540424201461303 2 1202502263.042401
0422153021163540424201461303 2 1202502263.042402
0411152021363540424201461303 1 1202502263.042404
0421152021363540424201461303 1 1202502263.042405
0412152021363540424201461303 1 1202502263.042406
0025105021363041424201461303 2 1202502263.042506
0114152021303141424201461303 1 1202502263.042509
0114152021353141424201461303 2 1202502263.042515
0411152021363141424201461303 1 1202502263.042520
0421152021363141424201461303 1 1202502263.042521
0114152021363141424201461303 1 1202502263.042523
0524152021363141424201461303 1 1202502263.042527
0411152021363541424201461303 1 1202502263.042541
0412152021353522424201461303 1 1202502263.042656
0114152021303142424201461303 1 1202502263.042704
0124153021113142424201461303 2 1202502263.042709
0114152021313142424201461303 2 1202502263.042712
0024153021513142424201461303 2 1202502263.042715
0124153021513142424201461303 2 1202502263.042716
0224153021513142424201461303 2 1202502263.042717
0426153021513142424201461303 2 1202502263.042718
0114152021333142424201461303 2 1202502263.042720
0114152021343142424201461303 2 1202502263.042723
0114152021353142424201461303 2 1202502263.042728
0524103021163142424201461303 2 1202502263.042731
0524153021163142424201461303 2 1202502263.042732
0411152021363142424201461303 1 1202502263.042734
0114152021363142424201461303 1 1202502263.042736
0024153021513542424201461303 2 1202502263.042747
0224153021513542424201461303 2 1202502263.042748
0426153021513542424201461303 2 1202502263.042749
0411152021363542424201461303 1 1202502263.042800
0422150021333104424201461303 2 1202502263.042845
0521102021333104424201461303 2 1202502263.042846
0422152021333104424201461303 2 1202502263.042848
0422153021333104424201461303 2 1202502263.042849
0422155021333104424201461303 2 1202502263.042850
0224150021533104424201461303 2 1202502263.042852
0224152021533104424201461303 2 1202502263.042854
0224153021533104424201461303 2 1202502263.042855
0224155021533104424201461303 2 1202502263.042856
0222150021533504424201461303 2 1202502263.042857
0222152021533504424201461303 2 1202502263.042859
0222153021533504424201461303 2 1202502263.042900
0222155021533504424201461303 2 1202502263.042901
0221155021133114424201461303 2 1202502263.042904
0421155021133114424201461303 2 1202502263.042905
0024155021133114424201461303 2 1202502263.042906
0425155021133114424201461303 2 1202502263.042908
0226155021133114424201461303 2 1202502263.042909
0426155021133114424201461303 2 1202502263.042910
0422150021333114424201461303 2 1202502263.042911
0521102021333114424201461303 2 1202502263.042913
0422152021333114424201461303 2 1202502263.042915
0422153021333114424201461303 2 1202502263.042916
0422155021333114424201461303 2 1202502263.042918
0224150021533114424201461303 2 1202502263.042921
0221152021533114424201461303 2 1202502263.042922
0222152021533114424201461303 2 1202502263.042924
0224152021533114424201461303 2 1202502263.042926
0225152021533114424201461303 2 1202502263.042928
0226152021533114424201461303 2 1202502263.042929
0426152021533114424201461303 2 1202502263.042930
0421155021533114424201461303 2 1202502263.042931
0024155021533114424201461303 2 1202502263.042932
0225155021533114424201461303 2 1202502263.042933
0426155021533114424201461303 2 1202502263.042934
0421155021133514424201461303 2 1202502263.042940
0224155021133514424201461303 2 1202502263.042941
0524155021333514424201461303 2 1202502263.042942
0421155021533514424201461303 2 1202502263.042944
0222155021533514424201461303 2 1202502263.042945
0224155021533514424201461303 2 1202502263.042946
0422150021333124424201461303 2 1202502263.042951
0521102021333124424201461303 2 1202502263.042952
0422152021333124424201461303 2 1202502263.042954
0422153021333124424201461303 2 1202502263.042955
0422155021333124424201461303 2 1202502263.042957
0422150021313144424201461303 2 1202502263.043006
0024153021513144424201461303 2 1202502263.043010
0226153021513144424201461303 2 1202502263.043011
0426153021513144424201461303 2 1202502263.043012
0422153021133144424201461303 2 1202502263.043013
0421155021133144424201461303 2 1202502263.043016
0024155021133144424201461303 2 1202502263.043017
0226155021133144424201461303 2 1202502263.043018
0426155021133144424201461303 2 1202502263.043019
0422150021333144424201461303 2 1202502263.043020
0521102021333144424201461303 2 1202502263.043022
0422152021333144424201461303 2 1202502263.043024
0422153021333144424201461303 2 1202502263.043027
0422155021333144424201461303 2 1202502263.043030
0221150021533144424201461303 2 1202502263.043032
0421150021533144424201461303 2 1202502263.043033
0222150021533144424201461303 2 1202502263.043034
0024150021533144424201461303 2 1202502263.043035
0224150021533144424201461303 2 1202502263.043036
0225150021533144424201461303 2 1202502263.043037
0226150021533144424201461303 2 1202502263.043038
0426150021533144424201461303 2 1202502263.043039
0221152021533144424201461303 2 1202502263.043040
0222152021533144424201461303 2 1202502263.043042
0024152021533144424201461303 2 1202502263.043043
0224152021533144424201461303 2 1202502263.043044
0225152021533144424201461303 2 1202502263.043046
0226152021533144424201461303 2 1202502263.043047
0426152021533144424201461303 2 1202502263.043048
0222153021533144424201461303 2 1202502263.043049
0024153021533144424201461303 2 1202502263.043050
0224153021533144424201461303 2 1202502263.043051
0225153021533144424201461303 2 1202502263.043052
0226153021533144424201461303 2 1202502263.043053
0426153021533144424201461303 2 1202502263.043054
0221155021533144424201461303 2 1202502263.043055
0421155021533144424201461303 2 1202502263.043056
0222155021533144424201461303 2 1202502263.043057
0024155021533144424201461303 2 1202502263.043058
0224155021533144424201461303 2 1202502263.043059
0225155021533144424201461303 2 1202502263.043100
0226155021533144424201461303 2 1202502263.043101
0426155021533144424201461303 2 1202502263.043102
0412152021353144424201461303 1 1202502263.043104
0422150021363144424201461303 2 1202502263.043109
0411152021363144424201461303 1 1202502263.043111
0421152021363144424201461303 1 1202502263.043112
0422152021363144424201461303 2 1202502263.043113
0422153021363144424201461303 2 1202502263.043116
0422155021363144424201461303 2 1202502263.043118
0524100021313544424201461303 2 1202502263.043124
0024153021513544424201461303 2 1202502263.043127
0026153021513544424201461303 2 1202502263.043128
0226153021513544424201461303 2 1202502263.043129
0426153021513544424201461303 2 1202502263.043130
0524103021163544424201461303 2 1202502263.043146
0120102020363544424201461303 1 1202502263.043148
0524100021363544424201461303 2 1202502263.043150
0524102021363544424201461303 1 1202502263.043152
0411152021363544424201461303 1 1202502263.043154
0421152021363544424201461303 1 1202502263.043155
0524103021363544424201461303 2 1202502263.043159
0524105021363544424201461303 2 1202502263.043201
0120102025363544424201461303 1 1202502263.043202
0222155021133054424201461303 2 1202502263.043204
0224155021133054424201461303 2 1202502263.043205
0224150021533054424201461303 2 1202502263.043206
0224152021533054424201461303 2 1202502263.043207
0224153021533054424201461303 2 1202502263.043208
0224155021533054424201461303 2 1202502263.043209
0024155021133154424201461303 2 1202502263.043217
0425155021133154424201461303 2 1202502263.043218
0426155021133154424201461303 2 1202502263.043219
0422150021333154424201461303 2 1202502263.043221
0521102021333154424201461303 2 1202502263.043222
0422152021333154424201461303 2 1202502263.043224
0422153021333154424201461303 2 1202502263.043226
0422155021333154424201461303 2 1202502263.043227
0421150021533154424201461303 2 1202502263.043229
0222150021533154424201461303 2 1202502263.043230
0426150021533154424201461303 2 1202502263.043231
0222152021533154424201461303 2 1202502263.043233
0426152021533154424201461303 2 1202502263.043234
0222153021533154424201461303 2 1202502263.043235
0426153021533154424201461303 2 1202502263.043236
0222155021533154424201461303 2 1202502263.043237
0426155021533154424201461303 2 1202502263.043238
0224155021133164424201461303 2 1202502263.043315
0422150021333164424201461303 2 1202502263.043316
0521102021333164424201461303 2 1202502263.043317
0422152021333164424201461303 2 1202502263.043319
0422153021333164424201461303 2 1202502263.043320
0422155021333164424201461303 2 1202502263.043322
0224150021533164424201461303 2 1202502263.043323
0224152021533164424201461303 2 1202502263.043325
0224153021533164424201461303 2 1202502263.043326
0421155021533164424201461303 2 1202502263.043327
0224155021533164424201461303 2 1202502263.043328
0524100021313045424201461303 2 1202502263.043340
0120102020363045424201461303 1 1202502263.043343
0524100021363045424201461303 2 1202502263.043345
0524102021363045424201461303 2 1202502263.043348
0524103021363045424201461303 2 1202502263.043351
0524105021363045424201461303 2 1202502263.043353
0120102025363045424201461303 1 1202502263.043355
0525103021313145424201461303 2 1202502263.043400
0024153021513145424201461303 2 1202502263.043402
0224153021513145424201461303 2 1202502263.043403
0426153021513145424201461303 2 1202502263.043404
0411152021363145424201461303 1 1202502263.043411
0421152021363145424201461303 1 1202502263.043412
0525103021313545424201461303 2 1202502263.043418
0222153021513545424201461303 2 1202502263.043419
0224153021513545424201461303 2 1202502263.043421
0225153021513545424201461303 2 1202502263.043422
0026153021513545424201461303 2 1202502263.043423
0426153021513545424201461303 2 1202502263.043424
0514102021353545424201461303 1 1202502263.043426
0411152021363545424201461303 1 1202502263.043434
0421152021363545424201461303 1 1202502263.043435
0525103021313046424201461303 2 1202502263.043531
0114152021303146424201461303 1 1202502263.043537
0124153021113146424201461303 2 1202502263.043540
0114152021313146424201461303 2 1202502263.043542
0525103021313146424201461303 2 1202502263.043544
0422153021313146424201461303 2 1202502263.043546
0222153021513146424201461303 2 1202502263.043548
0224153021513146424201461303 2 1202502263.043550
0426153021513146424201461303 2 1202502263.043552
0114152021333146424201461303 2 1202502263.043555
0114152021343146424201461303 2 1202502263.043557
0114152021353146424201461303 1 1202502263.043600
0411152021363146424201461303 1 1202502263.043604
0421152021363146424201461303 1 1202502263.043605
0114152021363146424201461303 1 1202502263.043608
0411152021303546424201461303 1 1202502263.043610
0412152021303546424201461303 1 1202502263.043611
0422153021113546424201461303 2 1202502263.043614
0412152021313546424201461303 2 1202502263.043616
0524153021313546424201461303 2 1202502263.043620
0024153021513546424201461303 2 1202502263.043621
0426153021513546424201461303 2 1202502263.043622
0412152021333546424201461303 2 1202502263.043623
0412152021343546424201461303 2 1202502263.043625
0412152021353546424201461303 2 1202502263.043627
0411152021363546424201461303 1 1202502263.043632
0421152021363546424201461303 1 1202502263.043634
0412152021363546424201461303 1 1202502263.043634
0124103225313144424610002303 2 1202502263.044240
0426150021513124424601452303 2 1202502263.044920
0114102521303141424606462313 1 1202502263.045226
0124102021553112424606462313 2 1202502263.045235
0124103225313144424610002033 2 1202502263.051920
0121102224353122404200652033 1 1202502263.053430
0021100021513040424200652033 2 1202502263.054301
0021100021513540424200652033 2 1202502263.054313
0114102021503041424200652033 1 1202502263.054323
0021100021513041424200652033 2 1202502263.054325
0021150021513041424200652033 2 1202502263.054327
0114102021503141424200652033 1 1202502263.054330
0114102021503042424200652033 1 1202502263.054850
0124105021113042424200652033 2 1202502263.054912
0114102021513042424200652033 2 1202502263.054914
0114102021533042424200652033 2 1202502263.054915
0114102021543042424200652033 2 1202502263.054916
0114102021553042424200652033 1 1202502263.055228
0114102021503142424200652033 1 1202502263.055316
0124105021113142424200652033 2 1202502263.055318
0114102021513142424200652033 2 1202502263.055319
0114102021533142424200652033 2 1202502263.055320
0114102021543142424200652033 2 1202502263.055322
0114102021553142424200652033 1 1202502263.055323
0124103521153004424200652033 2 1202502263.055630
0124103521153104424200652033 2 1202502263.055700
0124103521153014424200652033 2 1202502263.055719
0124103521153114424200652033 2 1202502263.055751
0124103521153024424200652033 2 1202502263.055811
0124103521153124424200652033 2 1202502263.055843
0114102021553124424200652033 1 1202502263.055852
0021100521513044424200652033 2 1202502263.055903
0124103521153044424200652033 2 1202502263.055910
0124103521153144424200652033 2 1202502263.055945
0124103521153054424200652033 2 1202502263.060004
0124103521153154424200652033 2 1202502263.060033
0124103521153064424200652033 2 1202502263.060049
0124103521153164424200652033 2 1202502263.060120
0124103521153006424200652033 2 1202502263.060134
0124103521153016424200652033 2 1202502263.060143
0124103521153026424200652033 2 1202502263.060150
0114102021553026424200652033 1 1202502263.060152
0114102021553126424200652033 1 1202502263.060156
0021100021513046424200652033 2 1202502263.060202
0124103521153046424200652033 2 1202502263.060204
0124103521153056424200652033 2 1202502263.060214
0124103521153066424200652033 2 1202502263.060222
0121102224353122404600652033 1 1202502263.065102
0021100021513040424600652033 2 1202502263.065918
0021100021513540424600652033 2 1202502263.065930
0114102021503041424600652033 1 1202502263.065941
0021100021513041424600652033 2 1202502263.065943
0021150021513041424600652033 2 1202502263.065945
0114102021503141424600652033 1 1202502263.065947
0114102021503042424600652033 1 1202502263.070455
0124105021113042424600652033 2 1202502263.070515
0114102021513042424600652033 2 1202502263.070517
0114102021533042424600652033 2 1202502263.070518
0114102021543042424600652033 2 1202502263.070519
0114102021553042424600652033 1 1202502263.070823
0114102021503142424600652033 1 1202502263.070909
0124105021113142424600652033 2 1202502263.070910
0114102021513142424600652033 2 1202502263.070911
0114102021533142424600652033 2 1202502263.070912
0114102021543142424600652033 2 1202502263.070914
0114102021553142424600652033 1 1202502263.070915
0124103521153004424600652033 2 1202502263.071200
0124103521153104424600652033 2 1202502263.071220
0124103521153014424600652033 2 1202502263.071234
0124103521153114424600652033 2 1202502263.071254
0124103521153024424600652033 2 1202502263.071307
0124103521153124424600652033 2 1202502263.071328
0114102021553124424600652033 1 1202502263.071335
0021100521513044424600652033 2 1202502263.071343
0124103521153044424600652033 2 1202502263.071348
0124103521153144424600652033 2 1202502263.071411
0124103521153054424600652033 2 1202502263.071425
0124103521153154424600652033 2 1202502263.071445
0124103521153064424600652033 2 1202502263.071457
0124103521153164424600652033 2 1202502263.071516
0124103521153006424600652033 2 1202502263.071526
0124103521153016424600652033 2 1202502263.071532
0124103521153026424600652033 2 1202502263.071537
0114102021553026424600652033 1 1202502263.071539
0114102021553126424600652033 1 1202502263.071541
0021100021513046424600652033 2 1202502263.071546
0124103521153046424600652033 2 1202502263.071548
0124103521153056424600652033 2 1202502263.071555
0124103521153066424600652033 2 1202502263.071600
0121102024553122404602622333 1 1202502263.075543
0021100021513040424602622333 2 1202502263.075552
0114102021503041424602622333 1 1202502263.075557
0021100021513041424602622333 2 1202502263.075559
0114102021503141424602622333 1 1202502263.075600
0114102021503042424602622333 1 1202502263.075604
0124105021113042424602622333 2 1202502263.075605
0114102021513042424602622333 2 1202502263.075606
0114102021533042424602622333 2 1202502263.075607
0114102021543042424602622333 2 1202502263.075608
0114102021553042424602622333 1 1202502263.075609
0114102021503142424602622333 1 1202502263.075610
0124105021113142424602622333 2 1202502263.075612
0114102021513142424602622333 2 1202502263.075613
0114102021533142424602622333 2 1202502263.075614
0114102021543142424602622333 2 1202502263.075616
0114102021553142424602622333 1 1202502263.075617
0021105521513004424602622333 2 1202502263.075620
0021105521513014424602622333 2 1202502263.075632
0021105521513024424602622333 2 1202502263.075641
0021100521513044424602622333 2 1202502263.075651
0021105521513044424602622333 2 1202502263.075653
0021105521513054424602622333 2 1202502263.075709
0021105521513064424602622333 2 1202502263.075721
0111102021543020454602622333 1 1202502263.075803
0111102021543120454602622333 1 1202502263.075804
0111102021543021454602622333 1 1202502263.075811
0111102021543121454602622333 1 1202502263.075813
0111102021543122454602622333 1 1202502263.075825
0522100021553021404205662043 2 1202502263.080040
0522120021553021404205662043 2 1202502263.080041
0522130021553021404205662043 2 1202502263.080042
0522150021553021404205662043 2 1202502263.080044
0522160021553021404205662043 2 1202502263.080045
0522100021553521404205662043 2 1202502263.080047
0522120021553521404205662043 2 1202502263.080049
0522130021553521404205662043 2 1202502263.080050
0522150021553521404205662043 2 1202502263.080052
0522160021553521404205662043 2 1202502263.080054
0121102524333102404205662043 6 1202502263.080103
0121106524333102404205662043 6 1202502263.080104
0121102524333112404205662043 6 1202502263.080108
0121106524333112404205662043 6 1202502263.080110
0121102524333122404205662043 6 1202502263.080115
0121106524333122404205662043 6 1202502263.080117
0121102524333142404205662043 6 1202502263.080121
0121106524333142404205662043 6 1202502263.080122
0121102524333152404205662043 6 1202502263.080127
0121106524333152404205662043 6 1202502263.080128
0121102524333162404205662043 6 1202502263.080132
0121106524333162404205662043 6 1202502263.080133
0114152521303140424205662043 1 1202502263.081228
0021150021313540424205662043 2 1202502263.081230
0522153021153024424205662043 2 1202502263.081251
0022153021153524424205662043 2 1202502263.081256
0122153021153524424205662043 2 1202502263.081258
0222153021153524424205662043 2 1202502263.081259
0422153021153524424205662043 2 1202502263.081301
0522153021153524424205662043 2 1202502263.081302
0622153021153524424205662043 2 1202502263.081304
0262150021153520454205662043 6 1202502263.081353
0242150521153520454205662043 6 1202502263.081354
0262150521153520454205662043 6 1202502263.081356
0242155521153520454205662043 6 1202502263.081357
0151152020453520454205662043 2 1202502263.081359
0151152021453520454205662043 6 1202502263.081400
0151152023453520454205662043 6 1202502263.081402
0151122024453520454205662043 6 1202502263.081403
0151152024453520454205662043 6 1202502263.081405
0151122025453520454205662043 2 1202502263.081406
0151152025453520454205662043 2 1202502263.081408
0151102224553520454205662043 6 1202502263.081410
0151162224553520454205662043 6 1202502263.081412
0522100021553021404605662043 2 1202502263.081831
0522120021553021404605662043 2 1202502263.081832
0522130021553021404605662043 2 1202502263.081834
0522150021553021404605662043 2 1202502263.081835
0522160021553021404605662043 2 1202502263.081837
0522100021553521404605662043 2 1202502263.081839
0522120021553521404605662043 2 1202502263.081841
0522130021553521404605662043 2 1202502263.081842
0522150021553521404605662043 2 1202502263.081843
0522160021553521404605662043 2 1202502263.081845
0121102524333102404605662043 6 1202502263.081851
0121106524333102404605662043 6 1202502263.081852
0121102524333112404605662043 6 1202502263.081857
0121106524333112404605662043 6 1202502263.081858
0121102524333122404605662043 6 1202502263.081904
0121106524333122404605662043 6 1202502263.081906
0121102524333142404605662043 6 1202502263.081912
0121106524333142404605662043 6 1202502263.081913
0121102524333152404605662043 6 1202502263.081919
0121106524333152404605662043 6 1202502263.081920
0121102524333162404605662043 6 1202502263.081925
0121106524333162404605662043 6 1202502263.081926
0114152521303140424605662043 1 1202502263.082614
0021150021313540424605662043 2 1202502263.082617
0522153021153024424605662043 2 1202502263.082639
0022153021153524424605662043 2 1202502263.082643
0122153021153524424605662043 2 1202502263.082645
0222153021153524424605662043 2 1202502263.082646
0422153021153524424605662043 2 1202502263.082647
0522153021153524424605662043 2 1202502263.082649
0622153021153524424605662043 2 1202502263.082650
0262150021153520454605662043 6 1202502263.082739
0242150521153520454605662043 6 1202502263.082740
0262150521153520454605662043 6 1202502263.082742
0242155521153520454605662043 6 1202502263.082743
0151152020453520454605662043 2 1202502263.082745
0151152021453520454605662043 6 1202502263.082746
0151152023453520454605662043 6 1202502263.082748
0151122024453520454605662043 6 1202502263.082749
0151152024453520454605662043 6 1202502263.082751
0151122025453520454605662043 2 1202502263.082752
0151152025453520454605662043 2 1202502263.082754
0151102224553520454605662043 6 1202502263.082756
0151162224553520454605662043 6 1202502263.082757
0522106521333001404201212304 1 1202502263.083843
0522106521333101404201212304 1 1202502263.083845
0226156025333101404201212304 2 1202502263.083846
0522106521333011404201212304 1 1202502263.083851
0522106521333111404201212304 1 1202502263.083853
0522106521333021404201212304 1 1202502263.083858
0522106521333121404201212304 1 1202502263.083900
0522106521333041404201212304 1 1202502263.083905
0522106521333141404201212304 1 1202502263.083906
0522106521333051404201212304 1 1202502263.083911
0522106521333151404201212304 1 1202502263.083913
0522106521333061404201212304 1 1202502263.083917
0522106521333161404201212304 1 1202502263.083920
0146152025333104424201212304 2 1202502263.084026
0446152025333104424201212304 2 1202502263.084027
0146152025333114424201212304 2 1202502263.084029
0446152025333114424201212304 2 1202502263.084031
0146152025333124424201212304 2 1202502263.084034
0446152025333124424201212304 2 1202502263.084035
0146152025333144424201212304 2 1202502263.084037
0446152025333144424201212304 2 1202502263.084039
0146152025333154424201212304 2 1202502263.084041
0446152025333154424201212304 2 1202502263.084042
0544102025333064424201212304 2 1202502263.084044
0544102025333164424201212304 2 1202502263.084048
0045102025333164424201212304 2 1202502263.084049
0545102025333164424201212304 2 1202502263.084050
0146152025333164424201212304 2 1202502263.084051
0446152025333164424201212304 2 1202502263.084053
0544102025333564424201212304 2 1202502263.084054
0045102025333564424201212304 2 1202502263.084056
0545102025333564424201212304 2 1202502263.084057
0546102520003115424201212304 1 1202502263.084059
0015102021433562454201212304 2 1202502263.084122
0015122220303064454201212304 1 1202502263.084125
0015102021433565454201212304 2 1202502263.084129
0522106521333001404601212304 1 1202502263.084213
0522106521333101404601212304 1 1202502263.084215
0226156025333101404601212304 2 1202502263.084217
0522106521333011404601212304 1 1202502263.084223
0522106521333111404601212304 1 1202502263.084226
0522106521333021404601212304 1 1202502263.084232
0522106521333121404601212304 1 1202502263.084236
0522106521333041404601212304 1 1202502263.084240
0522106521333141404601212304 1 1202502263.084242
0522106521333051404601212304 1 1202502263.084247
0522106521333151404601212304 1 1202502263.084249
0522106521333061404601212304 1 1202502263.084254
0522106521333161404601212304 1 1202502263.084258
0412152021353140424601212304 2 1202502263.084414
0514102225303540424601212304 2 1202502263.084416
0042105521313540424601212304 2 1202502263.084418
0514102225303041424601212304 1 1202502263.084423
0546102025003104424601212304 2 1202502263.084433
0546152025003104424601212304 2 1202502263.084435
0046152025333104424601212304 2 1202502263.084440
0446152025333104424601212304 2 1202502263.084442
0546102025003114424601212304 2 1202502263.084444
0546152025003114424601212304 2 1202502263.084446
0046152025333114424601212304 2 1202502263.084449
0446152025333114424601212304 2 1202502263.084451
0546102025003124424601212304 2 1202502263.084453
0546152025003124424601212304 2 1202502263.084455
0046152025333124424601212304 2 1202502263.084459
0446152025333124424601212304 2 1202502263.084500
0546102025003144424601212304 2 1202502263.084502
0546152025003144424601212304 2 1202502263.084504
0046152025333144424601212304 2 1202502263.084510
0446152025333144424601212304 2 1202502263.084512
0514102225303544424601212304 1 1202502263.084514
0546102025003154424601212304 2 1202502263.084515
0546152025003154424601212304 2 1202502263.084517
0046152025333154424601212304 2 1202502263.084520
0446152025333154424601212304 2 1202502263.084521
0546102025003164424601212304 2 1202502263.084523
0546152025003164424601212304 2 1202502263.084524
0046152025333164424601212304 2 1202502263.084528
0446152025333164424601212304 2 1202502263.084529
0514102225303545424601212304 1 1202502263.084535
0015102021433502454601212304 2 1202502263.084644
0015102021433512454601212304 2 1202502263.084651
0015102021433522454601212304 2 1202502263.084655
0015102021433542454601212304 2 1202502263.084701
0015102021433552454601212304 2 1202502263.084705
0015102021433562454601212304 2 1202502263.084710
0015122220303064454601212304 1 1202502263.084727
0015102021433515454601212304 2 1202502263.084735
0645152224003165454601212304 1 1202502263.084748
0015102021433565454601212304 2 1202502263.084752
0162103521113062404606222314 2 1202502263.084843
0162103521113162404606222314 2 1202502263.084844
0162103521113165404606222314 2 1202502263.084848
0142105521013040424606222314 2 1202502263.084855
0141102520003121424606222314 2 1202502263.084906
0142103521113142424606222314 2 1202502263.084921
0141102521003104424606222314 2 1202502263.084928
0041105521013104424606222314 2 1202502263.084934
0041105521013114424606222314 2 1202502263.084951
0041105521013124424606222314 2 1202502263.085007
0142100521113124424606222314 2 1202502263.085011
0142105521013044424606222314 2 1202502263.085017
0144100521013144424606222314 2 1202502263.085035
0041105521013144424606222314 2 1202502263.085036
0041105521013154424606222314 2 1202502263.085050
0041105521013164424606222314 2 1202502263.085056
0114102621353146424200000414 2 1202502263.085310
0124105021133114424602442334 2 1202502263.090008
0124105021533114424602442334 2 1202502263.090010
0110102220303045424602442334 1 1202502263.090020
0124103225313144424610002434 2 1202502263.090352
0225150021363100424205413044 2 1202502263.090609
0425150021363100424205413044 2 1202502263.090610
0225150021363110424205413044 2 1202502263.090613
0425150021363110424205413044 2 1202502263.090614
0425150021363120424205413044 2 1202502263.090617
0425150021363140424205413044 2 1202502263.090622
0425150021363150424205413044 2 1202502263.090625
0225150021363141424205413044 2 1202502263.090633
0425150021363141424205413044 2 1202502263.090635
0522150021633104424205413044 2 1202502263.090649
0525150021633204424205413044 2 1202502263.090651
0522150021633114424205413044 2 1202502263.090654
0525150021633214424205413044 2 1202502263.090656
0522150021633124424205413044 2 1202502263.090659
0525150021633224424205413044 2 1202502263.090701
0522150021633144424205413044 2 1202502263.090704
0525150021633244424205413044 2 1202502263.090706
0522150021633154424205413044 2 1202502263.090710
0525150021633254424205413044 2 1202502263.090712
0225150021363105424205413044 2 1202502263.090715
0225150021363145424205413044 2 1202502263.090723
0225150021363545424205413044 2 1202502263.090726
0426165021633104424200000144 2 1202502263.090843
0424165021633614424200000144 2 1202502263.090848
0426165021633144424200000144 2 1202502263.090857
0425160021313644424200000144 2 1202502263.090902
0422165021633644424200000144 2 1202502263.090905
0416162021353644424200000144 2 1202502263.090910
0621102021333054424200000144 2 1202502263.090911
0421166021133154424200000144 2 1202502263.090912
0426166021133154424200000144 2 1202502263.090913
0121102620333154424200000144 2 1202502263.090915
0621102021333154424200000144 2 1202502263.090916
0426160021633154424200000144 2 1202502263.090918
0426162021633154424200000144 2 1202502263.090919
0426163021633154424200000144 2 1202502263.090920
0426165021633154424200000144 2 1202502263.090922
0426166021633154424200000144 2 1202502263.090923
0422166021133654424200000144 2 1202502263.090925
0621102021333654424200000144 2 1202502263.090927
0424160021633654424200000144 2 1202502263.090929
0421162021633654424200000144 2 1202502263.090930
0424162021633654424200000144 2 1202502263.090931
0424163021633654424200000144 2 1202502263.090932
0424165021633654424200000144 2 1202502263.090933
0424166021633654424200000144 2 1202502263.090934
0426165021333164424200000144 2 1202502263.090938
0422165021633664424200000144 2 1202502263.090953
0424165021633664424200000144 2 1202502263.090955
0422163021613145424200000144 2 1202502263.091002
0424163021613145424200000144 2 1202502263.091003
0120100021313645424200000144 2 1202502263.091015
0626103021313645424200000144 2 1202502263.091018
0422163021613645424200000144 2 1202502263.091021
0426163021613645424200000144 2 1202502263.091022
0011102521303046424200000144 1 1202502263.091116
0011152521303046424200000144 1 1202502263.091118
0022150021313146424200000144 2 1202502263.091120
0120100021313546424200000144 2 1202502263.091126
0626103021313546424200000144 2 1202502263.091127
0416162021353646424200000144 2 1202502263.091131
0016102021353020424206400244 1 1202502263.091217
0514102321363601424206400244 1 1202502263.091219
0522102321553561424206400244 1 1202502263.091222
0512102321653561424206400244 1 1202502263.091223
0522102321653561424206400244 1 1202502263.091224
0514102321363561424206400244 1 1202502263.091225
0522102321563561424206400244 1 1202502263.091226
0141152020033604424206400244 2 1202502263.091229
0141152220033604424206400244 2 1202502263.091230
0141152620033604424206400244 2 1202502263.091231
0141152020133604424206400244 2 1202502263.091232
0141152220133604424206400244 2 1202502263.091233
0141152620133604424206400244 2 1202502263.091234
0521105021133604424206400244 2 1202502263.091235
0141152020333604424206400244 2 1202502263.091237
0141152220333604424206400244 2 1202502263.091239
0141152620333604424206400244 2 1202502263.091240
0522100021333604424206400244 2 1202502263.091241
0522102021333604424206400244 2 1202502263.091242
0522103021333604424206400244 2 1202502263.091244
0522105021333604424206400244 2 1202502263.091245
0522106021333604424206400244 2 1202502263.091247
0141152020433604424206400244 2 1202502263.091249
0141152220433604424206400244 2 1202502263.091250
0141152620433604424206400244 2 1202502263.091251
0111152020533604424206400244 2 1202502263.091251
0141152020533604424206400244 2 1202502263.091252
0111152220533604424206400244 2 1202502263.091253
0141152220533604424206400244 2 1202502263.091254
0111152520533604424206400244 2 1202502263.091255
0111152620533604424206400244 2 1202502263.091256
0141152620533604424206400244 2 1202502263.091257
0521105021533604424206400244 2 1202502263.091258
0111152020633604424206400244 2 1202502263.091300
0141152020633604424206400244 2 1202502263.091301
0111152220633604424206400244 2 1202502263.091302
0141152220633604424206400244 2 1202502263.091303
0111152520633604424206400244 2 1202502263.091304
0141152620633604424206400244 2 1202502263.091306
0514102321353604424206400244 1 1202502263.091308
0514102321363604424206400244 1 1202502263.091310
0521106021533114424206400244 2 1202502263.091311
0124106021533114424206400244 2 1202502263.091312
0521105021133614424206400244 2 1202502263.091313
0524100021333614424206400244 2 1202502263.091314
0521100021533614424206400244 2 1202502263.091316
0524100021533614424206400244 2 1202502263.091317
0521105021533614424206400244 2 1202502263.091318
0526100021633614424206400244 2 1202502263.091319
0141152620033054424206400244 2 1202502263.091321
0141152620133054424206400244 2 1202502263.091322
0141152620333054424206400244 2 1202502263.091323
0141152620433054424206400244 2 1202502263.091325
0111152520533054424206400244 2 1202502263.091326
0141152620533054424206400244 2 1202502263.091327
0521106021533054424206400244 2 1202502263.091328
0141152620633054424206400244 2 1202502263.091329
0141152520033164424206400244 2 1202502263.091330
0141152620033164424206400244 2 1202502263.091332
0141152520133164424206400244 2 1202502263.091333
0141152620133164424206400244 2 1202502263.091334
0141152520333164424206400244 2 1202502263.091336
0141152620333164424206400244 2 1202502263.091338
0141152520433164424206400244 2 1202502263.091339
0141152620433164424206400244 2 1202502263.091340
0111152220533164424206400244 2 1202502263.091341
0111152520533164424206400244 2 1202502263.091342
0121152520533164424206400244 2 1202502263.091342
0141152520533164424206400244 2 1202502263.091343
0121152620533164424206400244 2 1202502263.091344
0141152620533164424206400244 2 1202502263.091345
0111152520633164424206400244 2 1202502263.091346
0121152520633164424206400244 2 1202502263.091347
0141152520633164424206400244 2 1202502263.091348
0121152620633164424206400244 2 1202502263.091349
0141152620633164424206400244 2 1202502263.091350
0512102321503564424206400244 1 1202502263.091351
0512102321603564424206400244 1 1202502263.091352
0141152220033564424206400244 2 1202502263.091353
0141152620033564424206400244 2 1202502263.091354
0141152220133564424206400244 2 1202502263.091355
0141152620133564424206400244 2 1202502263.091355
0141152220333564424206400244 2 1202502263.091357
0141152620333564424206400244 2 1202502263.091359
0141152220433564424206400244 2 1202502263.091400
0141152620433564424206400244 2 1202502263.091401
0111152020533564424206400244 2 1202502263.091402
0141152220533564424206400244 2 1202502263.091403
0121152620533564424206400244 2 1202502263.091404
0141152620533564424206400244 2 1202502263.091405
0521100021533564424206400244 2 1202502263.091406
0521102021533564424206400244 2 1202502263.091407
0141152220633564424206400244 2 1202502263.091409
0111152620633564424206400244 2 1202502263.091410
0141152620633564424206400244 2 1202502263.091410
0514102321353564424206400244 1 1202502263.091412
0514102321363564424206400244 1 1202502263.091413
0026103021513046424206400244 2 1202502263.091418
0016102021353046424206400244 2 1202502263.091419
0124103225313144424610002344 2 1202502263.092143
0110102220303046424204510254 1 1202502263.093125
0121106225343126404210002005 6 1202502263.094027
0121106225343126404610002005 6 1202502263.094349
0124103225313144424610002005 2 1202502263.094412
0022105021313040424206652005 2 1202502263.094525
0022105021313041424206652005 2 1202502263.094527
0022105021313042424206652005 6 1202502263.094530
0022105021313044424206652005 2 1202502263.094534
0022105021313064424206652005 2 1202502263.094536
0022155021313064424206652005 2 1202502263.094537
0022105021313045424206652005 6 1202502263.094539
0022105021313046424206652005 6 1202502263.094542
0022105021313040424606652005 2 1202502263.094623
0022105021313041424606652005 2 1202502263.094626
0022105021313042424606652005 6 1202502263.094629
0022105021313044424606652005 2 1202502263.094633
0022105021313064424606652005 2 1202502263.094635
0022155021313064424606652005 2 1202502263.094636
0022105021313045424606652005 6 1202502263.094638
0022105021313046424606652005 6 1202502263.094641
0122102226343122404204161325 2 1202502263.095536
0141102521303141424204161325 2 1202502263.095648
0146102521303141424204161325 2 1202502263.095650
0114102521333145424204161325 2 1202502263.095731
0164102521333145424204161325 2 1202502263.095732
0145102521353145424204161325 1 1202502263.095734
0141102521303146424204161325 2 1202502263.095747
0146102521303146424204161325 2 1202502263.095749
0062105021013040424202202335 2 1202502263.095900
0062100021113040424202202335 2 1202502263.095902
0062105021013041424202202335 2 1202502263.095906
0062100021113041424202202335 2 1202502263.095907
0062100021133041424202202335 2 1202502263.095909
0062105021013042424202202335 2 1202502263.095912
0062105021013044424202202335 2 1202502263.095919
0062100021113044424202202335 2 1202502263.095921
0062100021133064424202202335 2 1202502263.095926
0041105521333164424202202335 2 1202502263.095929
0062105021013045424202202335 2 1202502263.095931
0062100021113045424202202335 2 1202502263.095932
0062105021013046424202202335 2 1202502263.095935
0062105021013040424602202335 2 1202502263.100354
0062100021113040424602202335 2 1202502263.100355
0062105021013041424602202335 2 1202502263.100401
0062100021113041424602202335 2 1202502263.100402
0062100021133041424602202335 2 1202502263.100403
0062105021013042424602202335 2 1202502263.100408
0062105021013044424602202335 2 1202502263.100417
0062100021113044424602202335 2 1202502263.100418
0062100021133064424602202335 2 1202502263.100424
0062105021013045424602202335 2 1202502263.100429
0062100021113045424602202335 2 1202502263.100430
0062105021013046424602202335 2 1202502263.100435
0161106224033162404602262335 1 1202502263.100625
0111106524433162404602262335 1 1202502263.100631
0062105021013040424602262335 2 1202502263.100641
0062100021113040424602262335 2 1202502263.100642
0015102021303140424602262335 1 1202502263.100644
0015106021303140424602262335 2 1202502263.100645
0062105021013041424602262335 2 1202502263.100652
0062100021113041424602262335 2 1202502263.100653
0062100021133041424602262335 2 1202502263.100654
0062105021013042424602262335 2 1202502263.100701
0141100521003104424602262335 2 1202502263.100703
0141105521013124424602262335 2 1202502263.100711
0062105021013044424602262335 2 1202502263.100714
0062100021113044424602262335 2 1202502263.100715
0141105521003144424602262335 2 1202502263.100717
0015102021303144424602262335 1 1202502263.100718
0015106021303144424602262335 1 1202502263.100720
0015102221303144424602262335 1 1202502263.100721
0015102321303144424602262335 1 1202502263.100722
0015102521303144424602262335 1 1202502263.100724
0015106521303144424602262335 1 1202502263.100725
0015102621303144424602262335 1 1202502263.100726
0141105521013054424602262335 2 1202502263.100729
0062100021133064424602262335 2 1202502263.100732
0062105021013045424602262335 2 1202502263.100739
0062100021113045424602262335 2 1202502263.100740
0015102021303145424602262335 1 1202502263.100742
0015106021303145424602262335 1 1202502263.100743
0015102521303145424602262335 1 1202502263.100744
0062105021013046424602262335 2 1202502263.100750
0111102021453110454602262335 2 1202502263.100804
0015106021303141454602262335 1 1202502263.100848
0111102021453122454602262335 2 1202502263.100917
0015106021303142454602262335 1 1202502263.100922
0111102021453124454602262335 2 1202502263.100946
0111102021453115454602262335 2 1202502263.101000
0111102021453125454602262335 2 1202502263.101001
0620100021313046424200000545 2 1202502263.102020
0620150021313046424200000545 2 1202502263.102022
0620160021313046424200000545 2 1202502263.102023
0121106225343126404210002055 6 1202502263.102507
0121106225343126404610002055 6 1202502263.102829
0124103225313144424610002055 2 1202502263.102853
0046152621353020424200000116 2 1202502263.103546
0546152621353020424200000116 2 1202502263.103547
0526102621353040424200000116 2 1202502263.103549
0154162226363040424200000116 1 1202502263.103554
0154162226363140424200000116 1 1202502263.103617
0154162226363640424200000116 1 1202502263.103648
0254162226363640424200000116 1 1202502263.103649
0141152520363642424200000116 2 1202502263.103718
0154162226363044424200000116 1 1202502263.103728
0022152321363540424205500216 1 1202502263.104044
0122152321363540424205500216 1 1202502263.104045
0222152321363540424205500216 1 1202502263.104046
0422152321363540424205500216 1 1202502263.104048
0522152321363540424205500216 1 1202502263.104049
0622152321363540424205500216 1 1202502263.104050
0022152321363546424205500216 1 1202502263.104100
0122152321363546424205500216 1 1202502263.104101
0222152321363546424205500216 1 1202502263.104103
0422152321363546424205500216 1 1202502263.104104
0522152321363546424205500216 1 1202502263.104105
0622152321363546424205500216 1 1202502263.104106
0012162521303040424200000026 1 1202502263.104139
0012162521303540424200000026 1 1202502263.104142
0114162620303645424200000626 1 1202502263.104344
0114162021303645424200000626 1 1202502263.104345
0114162621303645424200000626 1 1202502263.104347
0544166621313640424206650626 2 1202502263.104434
0045163621013044424206650626 2 1202502263.104441
0045163621113044424206650626 2 1202502263.104442
0045163621313044424206650626 2 1202502263.104443
0045163621413044424206650626 2 1202502263.104445
0045163621513044424206650626 2 1202502263.104446
0045163621613044424206650626 2 1202502263.104447
0141105521033064424202200266 2 1202502263.104534
0041105521333164424202200266 2 1202502263.104535
