0141105521333144424601241326 2 1202604164.211427
0122100125303522434106212144 6 1202604164.212204
0122100125303522434206212144 6 1202604164.212206
0122100125303522434606212144 6 1202604164.212208
0161102520333026404106222434 2 1202604164.212239
0161102520333046404106222434 2 1202604164.212239
0161102520333026414106222434 2 1202604164.212240
0161102520333046414106222434 2 1202604164.212240
0161102520333026404206222434 2 1202604164.212241
0161102520333046404206222434 2 1202604164.212242
0161102520333026414206222434 2 1202604164.212242
0161102520333046414206222434 2 1202604164.212243
0121100021333564424116000442 2 1202604164.212621
0125100021333564424116000442 2 1202604164.212622
0121102021333564424116000442 2 1202604164.212622
0125102021333564424116000442 2 1202604164.212622
0125103021333564424116000442 2 1202604164.212623
0125106021333564424116000442 2 1202604164.212623
0121100021333564424216000442 2 1202604164.212626
0125100021333564424216000442 2 1202604164.212626
0121102021333564424216000442 2 1202604164.212627
0125102021333564424216000442 2 1202604164.212627
0125103021333564424216000442 2 1202604164.212627
0125106021333564424216000442 2 1202604164.212628
0121100021333564424516000442 2 1202604164.212631
0125100021333564424516000442 2 1202604164.212631
0121102021333564424516000442 2 1202604164.212632
0125102021333564424516000442 2 1202604164.212632
0125103021333564424516000442 2 1202604164.212632
0125106021333564424516000442 2 1202604164.212633
