0121102521333642424100441156 2 1202604164.211322
0144102025333502424116600525 2 1202604164.211843
0144102225333502424116600525 2 1202604164.211843
0144102625333502424116600525 2 1202604164.211843
0144102025333142424116600525 2 1202604164.211844
0145102025333504424116600525 2 1202604164.211845
0144102625333144424116600525 2 1202604164.211846
0141106125333502424511200124 2 1202604164.212329
0141106625333142424511200124 2 1202604164.212330
0141106125333542424511200124 2 1202604164.212330
0141106625333542424511200124 2 1202604164.212330
0141106125333044424511200124 2 1202604164.212331
0141106621333144424511200124 2 1202604164.212331
0141106125333144424511200124 2 1202604164.212332
0141106621333544424511200124 2 1202604164.212332
0141106625333544424511200124 2 1202604164.212333
