0122153025613444424110003525 2 1202505117.102116
0122150025633444424110003525 2 1202505117.102117
0122152025633444424110003525 2 1202505117.102117
0122153025633444424110003525 2 1202505117.102117
0122155025633444424110003525 2 1202505117.102117
0122156025633444424110003525 2 1202505117.102118
0122150025643200434110003525 2 1202505117.102126
0122152025643200434110003525 2 1202505117.102126
0122153025643200434110003525 2 1202505117.102126
0122155025643200434110003525 2 1202505117.102126
0122156025643200434110003525 2 1202505117.102126
0122150025643210434110003525 2 1202505117.102127
0122152025643210434110003525 2 1202505117.102127
0122153025643210434110003525 2 1202505117.102127
0122155025643210434110003525 2 1202505117.102128
0122156025643210434110003525 2 1202505117.102128
0122150025643220434110003525 2 1202505117.102129
0122152025643220434110003525 2 1202505117.102129
0122153025643220434110003525 2 1202505117.102129
0122155025643220434110003525 2 1202505117.102129
0122156025643220434110003525 2 1202505117.102129
0122150025643240434110003525 2 1202505117.102130
0122152025643240434110003525 2 1202505117.102130
0122153025643240434110003525 2 1202505117.102131
0122155025643240434110003525 2 1202505117.102131
0122156025643240434110003525 2 1202505117.102131
0122150025643250434110003525 2 1202505117.102132
0122152025643250434110003525 2 1202505117.102132
0122153025643250434110003525 2 1202505117.102132
0122155025643250434110003525 2 1202505117.102132
0122156025643250434110003525 2 1202505117.102132
0122150025643201434110003525 2 1202505117.102133
0122152025643201434110003525 2 1202505117.102133
0122153025643201434110003525 2 1202505117.102134
0122155025643201434110003525 2 1202505117.102134
0122156025643201434110003525 2 1202505117.102134
0122150025643211434110003525 2 1202505117.102135
0122152025643211434110003525 2 1202505117.102135
0122153025643211434110003525 2 1202505117.102135
0122155025643211434110003525 2 1202505117.102135
0122156025643211434110003525 2 1202505117.102136
0122150025643221434110003525 2 1202505117.102136
0122152025643221434110003525 2 1202505117.102137
0122153025643221434110003525 2 1202505117.102137
0122155025643221434110003525 2 1202505117.102137
0122156025643221434110003525 2 1202505117.102137
0122150025643241434110003525 2 1202505117.102138
0122152025643241434110003525 2 1202505117.102138
0122153025643241434110003525 2 1202505117.102138
0122155025643241434110003525 2 1202505117.102139
0122156025643241434110003525 2 1202505117.102139
0122150025643251434110003525 2 1202505117.102140
0122152025643251434110003525 2 1202505117.102140
0122153025643251434110003525 2 1202505117.102140
0122155025643251434110003525 2 1202505117.102140
0122156025643251434110003525 2 1202505117.102140
0122150025643202434110003525 2 1202505117.102141
0122152025643202434110003525 2 1202505117.102141
0122153025643202434110003525 2 1202505117.102142
0122155025643202434110003525 2 1202505117.102142
0122156025643202434110003525 2 1202505117.102142
0122150025643212434110003525 2 1202505117.102143
0122152025643212434110003525 2 1202505117.102143
0122153025643212434110003525 2 1202505117.102143
0122155025643212434110003525 2 1202505117.102143
0122156025643212434110003525 2 1202505117.102144
0122150025643222434110003525 2 1202505117.102144
0122152025643222434110003525 2 1202505117.102145
0122153025643222434110003525 2 1202505117.102145
0122155025643222434110003525 2 1202505117.102145
0122156025643222434110003525 2 1202505117.102145
0122150025643242434110003525 2 1202505117.102146
0122152025643242434110003525 2 1202505117.102146
0122153025643242434110003525 2 1202505117.102146
0122155025643242434110003525 2 1202505117.102147
0122156025643242434110003525 2 1202505117.102147
0122150025643252434110003525 2 1202505117.102148
0122152025643252434110003525 2 1202505117.102148
0122153025643252434110003525 2 1202505117.102148
0122155025643252434110003525 2 1202505117.102148
0122156025643252434110003525 2 1202505117.102148
0122150025643204434110003525 2 1202505117.102149
0122152025643204434110003525 2 1202505117.102149
0122153025643204434110003525 2 1202505117.102149
0122155025643204434110003525 2 1202505117.102150
0122156025643204434110003525 2 1202505117.102150
0122150025643214434110003525 2 1202505117.102151
0122152025643214434110003525 2 1202505117.102151
0122153025643214434110003525 2 1202505117.102151
0122155025643214434110003525 2 1202505117.102151
0122156025643214434110003525 2 1202505117.102151
0122150025643224434110003525 2 1202505117.102152
0122152025643224434110003525 2 1202505117.102152
0122153025643224434110003525 2 1202505117.102153
0122155025643224434110003525 2 1202505117.102153
0122156025643224434110003525 2 1202505117.102153
0122150025643244434110003525 2 1202505117.102154
0122152025643244434110003525 2 1202505117.102154
0122153025643244434110003525 2 1202505117.102154
0122155025643244434110003525 2 1202505117.102154
0122156025643244434110003525 2 1202505117.102155
0122150025643254434110003525 2 1202505117.102155
0122152025643254434110003525 2 1202505117.102155
0122153025643254434110003525 2 1202505117.102156
0122155025643254434110003525 2 1202505117.102156
0122156025643254434110003525 2 1202505117.102156
0122150025643205434110003525 2 1202505117.102157
0122152025643205434110003525 2 1202505117.102157
0122153025643205434110003525 2 1202505117.102157
0122155025643205434110003525 2 1202505117.102157
0122156025643205434110003525 2 1202505117.102158
0122150025643215434110003525 2 1202505117.102158
0122152025643215434110003525 2 1202505117.102159
0122153025643215434110003525 2 1202505117.102159
0122155025643215434110003525 2 1202505117.102159
0122156025643215434110003525 2 1202505117.102159
0122150025643225434110003525 2 1202505117.102200
0122152025643225434110003525 2 1202505117.102200
0122153025643225434110003525 2 1202505117.102200
0122155025643225434110003525 2 1202505117.102201
0122156025643225434110003525 2 1202505117.102201
0122150025643245434110003525 2 1202505117.102201
0122152025643245434110003525 2 1202505117.102202
0122153025643245434110003525 2 1202505117.102202
0122155025643245434110003525 2 1202505117.102202
0122156025643245434110003525 2 1202505117.102202
0122150025643255434110003525 2 1202505117.102203
0122152025643255434110003525 2 1202505117.102203
0122153025643255434110003525 2 1202505117.102203
0122155025643255434110003525 2 1202505117.102204
0122156025643255434110003525 2 1202505117.102204
0122153025613444424210003525 2 1202505117.102328
0122150025633444424210003525 2 1202505117.102328
0122152025633444424210003525 2 1202505117.102328
0122153025633444424210003525 2 1202505117.102328
0122155025633444424210003525 2 1202505117.102329
0122156025633444424210003525 2 1202505117.102329
0122150025643200434210003525 2 1202505117.102335
0122152025643200434210003525 2 1202505117.102335
0122153025643200434210003525 2 1202505117.102335
0122155025643200434210003525 2 1202505117.102335
0122156025643200434210003525 2 1202505117.102335
0122150025643210434210003525 2 1202505117.102336
0122152025643210434210003525 2 1202505117.102336
0122153025643210434210003525 2 1202505117.102337
0122155025643210434210003525 2 1202505117.102337
0122156025643210434210003525 2 1202505117.102337
0122150025643220434210003525 2 1202505117.102338
0122152025643220434210003525 2 1202505117.102338
0122153025643220434210003525 2 1202505117.102338
0122155025643220434210003525 2 1202505117.102338
0122156025643220434210003525 2 1202505117.102339
0122150025643240434210003525 2 1202505117.102339
0122152025643240434210003525 2 1202505117.102340
0122153025643240434210003525 2 1202505117.102340
0122155025643240434210003525 2 1202505117.102340
0122156025643240434210003525 2 1202505117.102340
0122150025643250434210003525 2 1202505117.102341
0122152025643250434210003525 2 1202505117.102341
0122153025643250434210003525 2 1202505117.102341
0122155025643250434210003525 2 1202505117.102342
0122156025643250434210003525 2 1202505117.102342
0122150025643201434210003525 2 1202505117.102343
0122152025643201434210003525 2 1202505117.102343
0122153025643201434210003525 2 1202505117.102343
0122155025643201434210003525 2 1202505117.102343
0122156025643201434210003525 2 1202505117.102343
0122150025643211434210003525 2 1202505117.102344
0122152025643211434210003525 2 1202505117.102344
0122153025643211434210003525 2 1202505117.102344
0122155025643211434210003525 2 1202505117.102345
0122156025643211434210003525 2 1202505117.102345
0122150025643221434210003525 2 1202505117.102346
0122152025643221434210003525 2 1202505117.102346
0122153025643221434210003525 2 1202505117.102346
0122155025643221434210003525 2 1202505117.102346
0122156025643221434210003525 2 1202505117.102346
0122150025643241434210003525 2 1202505117.102347
0122152025643241434210003525 2 1202505117.102347
0122153025643241434210003525 2 1202505117.102348
0122155025643241434210003525 2 1202505117.102348
0122156025643241434210003525 2 1202505117.102348
0122150025643251434210003525 2 1202505117.102349
0122152025643251434210003525 2 1202505117.102349
0122153025643251434210003525 2 1202505117.102349
0122155025643251434210003525 2 1202505117.102349
0122156025643251434210003525 2 1202505117.102350
0122150025643202434210003525 2 1202505117.102350
0122152025643202434210003525 2 1202505117.102351
0122153025643202434210003525 2 1202505117.102351
0122155025643202434210003525 2 1202505117.102351
0122156025643202434210003525 2 1202505117.102351
0122150025643212434210003525 2 1202505117.102352
0122152025643212434210003525 2 1202505117.102352
0122153025643212434210003525 2 1202505117.102352
0122155025643212434210003525 2 1202505117.102353
0122156025643212434210003525 2 1202505117.102353
0122150025643222434210003525 2 1202505117.102354
0122152025643222434210003525 2 1202505117.102354
0122153025643222434210003525 2 1202505117.102354
0122155025643222434210003525 2 1202505117.102354
0122156025643222434210003525 2 1202505117.102354
0122150025643242434210003525 2 1202505117.102355
0122152025643242434210003525 2 1202505117.102355
0122153025643242434210003525 2 1202505117.102356
0122155025643242434210003525 2 1202505117.102356
0122156025643242434210003525 2 1202505117.102356
0122150025643252434210003525 2 1202505117.102357
0122152025643252434210003525 2 1202505117.102357
0122153025643252434210003525 2 1202505117.102357
0122155025643252434210003525 2 1202505117.102357
0122156025643252434210003525 2 1202505117.102358
0122150025643204434210003525 2 1202505117.102358
0122152025643204434210003525 2 1202505117.102359
0122153025643204434210003525 2 1202505117.102359
0122155025643204434210003525 2 1202505117.102359
0122156025643204434210003525 2 1202505117.102359
0122150025643214434210003525 2 1202505117.102400
0122152025643214434210003525 2 1202505117.102400
0122153025643214434210003525 2 1202505117.102400
0122155025643214434210003525 2 1202505117.102401
0122156025643214434210003525 2 1202505117.102401
0122150025643224434210003525 2 1202505117.102401
0122152025643224434210003525 2 1202505117.102402
0122153025643224434210003525 2 1202505117.102402
0122155025643224434210003525 2 1202505117.102402
0122156025643224434210003525 2 1202505117.102402
0122150025643244434210003525 2 1202505117.102403
0122152025643244434210003525 2 1202505117.102403
0122153025643244434210003525 2 1202505117.102403
0122155025643244434210003525 2 1202505117.102404
0122156025643244434210003525 2 1202505117.102404
0122150025643254434210003525 2 1202505117.102405
0122152025643254434210003525 2 1202505117.102405
0122153025643254434210003525 2 1202505117.102405
0122155025643254434210003525 2 1202505117.102405
0122156025643254434210003525 2 1202505117.102405
0122150025643205434210003525 2 1202505117.102406
0122152025643205434210003525 2 1202505117.102406
0122153025643205434210003525 2 1202505117.102407
0122155025643205434210003525 2 1202505117.102407
0122156025643205434210003525 2 1202505117.102407
0122150025643215434210003525 2 1202505117.102408
0122152025643215434210003525 2 1202505117.102408
0122153025643215434210003525 2 1202505117.102408
0122155025643215434210003525 2 1202505117.102408
0122156025643215434210003525 2 1202505117.102409
0122150025643225434210003525 2 1202505117.102409
0122152025643225434210003525 2 1202505117.102410
0122153025643225434210003525 2 1202505117.102410
0122155025643225434210003525 2 1202505117.102410
0122156025643225434210003525 2 1202505117.102410
0122150025643245434210003525 2 1202505117.102411
0122152025643245434210003525 2 1202505117.102411
0122153025643245434210003525 2 1202505117.102411
0122155025643245434210003525 2 1202505117.102411
0122156025643245434210003525 2 1202505117.102412
0122150025643255434210003525 2 1202505117.102412
0122152025643255434210003525 2 1202505117.102413
0122153025643255434210003525 2 1202505117.102413
0122155025643255434210003525 2 1202505117.102413
0122156025643255434210003525 2 1202505117.102413
0122153025613444424510003525 2 1202505117.102537
0122150025633444424510003525 2 1202505117.102537
0122152025633444424510003525 2 1202505117.102537
0122153025633444424510003525 2 1202505117.102537
0122155025633444424510003525 2 1202505117.102537
0122156025633444424510003525 2 1202505117.102538
0122150025643200434510003525 2 1202505117.102543
0122152025643200434510003525 2 1202505117.102544
0122153025643200434510003525 2 1202505117.102544
0122155025643200434510003525 2 1202505117.102544
0122156025643200434510003525 2 1202505117.102544
0122150025643210434510003525 2 1202505117.102545
0122152025643210434510003525 2 1202505117.102545
0122153025643210434510003525 2 1202505117.102545
0122155025643210434510003525 2 1202505117.102546
0122156025643210434510003525 2 1202505117.102546
0122150025643220434510003525 2 1202505117.102547
0122152025643220434510003525 2 1202505117.102547
0122153025643220434510003525 2 1202505117.102547
0122155025643220434510003525 2 1202505117.102547
0122156025643220434510003525 2 1202505117.102547
0122150025643240434510003525 2 1202505117.102548
0122152025643240434510003525 2 1202505117.102548
0122153025643240434510003525 2 1202505117.102549
0122155025643240434510003525 2 1202505117.102549
0122156025643240434510003525 2 1202505117.102549
0122150025643250434510003525 2 1202505117.102550
0122152025643250434510003525 2 1202505117.102550
0122153025643250434510003525 2 1202505117.102550
0122155025643250434510003525 2 1202505117.102550
0122156025643250434510003525 2 1202505117.102550
0122150025643201434510003525 2 1202505117.102551
0122152025643201434510003525 2 1202505117.102551
0122153025643201434510003525 2 1202505117.102552
0122155025643201434510003525 2 1202505117.102552
0122156025643201434510003525 2 1202505117.102552
0122150025643211434510003525 2 1202505117.102553
0122152025643211434510003525 2 1202505117.102553
0122153025643211434510003525 2 1202505117.102553
0122155025643211434510003525 2 1202505117.102553
0122156025643211434510003525 2 1202505117.102554
0122150025643221434510003525 2 1202505117.102554
0122152025643221434510003525 2 1202505117.102555
0122153025643221434510003525 2 1202505117.102555
0122155025643221434510003525 2 1202505117.102555
0122156025643221434510003525 2 1202505117.102555
0122150025643241434510003525 2 1202505117.102556
0122152025643241434510003525 2 1202505117.102556
0122153025643241434510003525 2 1202505117.102556
0122155025643241434510003525 2 1202505117.102557
0122156025643241434510003525 2 1202505117.102557
0122150025643251434510003525 2 1202505117.102557
0122152025643251434510003525 2 1202505117.102558
0122153025643251434510003525 2 1202505117.102558
0122155025643251434510003525 2 1202505117.102558
0122156025643251434510003525 2 1202505117.102558
0122150025643202434510003525 2 1202505117.102559
0122152025643202434510003525 2 1202505117.102559
0122153025643202434510003525 2 1202505117.102600
0122155025643202434510003525 2 1202505117.102600
0122156025643202434510003525 2 1202505117.102600
0122150025643212434510003525 2 1202505117.102601
0122152025643212434510003525 2 1202505117.102601
0122153025643212434510003525 2 1202505117.102601
0122155025643212434510003525 2 1202505117.102601
0122156025643212434510003525 2 1202505117.102602
0122150025643222434510003525 2 1202505117.102602
0122152025643222434510003525 2 1202505117.102603
0122153025643222434510003525 2 1202505117.102603
0122155025643222434510003525 2 1202505117.102603
0122156025643222434510003525 2 1202505117.102603
0122150025643242434510003525 2 1202505117.102604
0122152025643242434510003525 2 1202505117.102604
0122153025643242434510003525 2 1202505117.102604
0122155025643242434510003525 2 1202505117.102604
0122156025643242434510003525 2 1202505117.102605
0122150025643252434510003525 2 1202505117.102605
0122152025643252434510003525 2 1202505117.102606
0122153025643252434510003525 2 1202505117.102606
0122155025643252434510003525 2 1202505117.102606
0122156025643252434510003525 2 1202505117.102606
0122150025643204434510003525 2 1202505117.102607
0122152025643204434510003525 2 1202505117.102607
0122153025643204434510003525 2 1202505117.102607
0122155025643204434510003525 2 1202505117.102608
0122156025643204434510003525 2 1202505117.102608
0122150025643214434510003525 2 1202505117.102609
0122152025643214434510003525 2 1202505117.102609
0122153025643214434510003525 2 1202505117.102609
0122155025643214434510003525 2 1202505117.102609
0122156025643214434510003525 2 1202505117.102609
0122150025643224434510003525 2 1202505117.102610
0122152025643224434510003525 2 1202505117.102610
0122153025643224434510003525 2 1202505117.102610
0122155025643224434510003525 2 1202505117.102611
0122156025643224434510003525 2 1202505117.102611
0122150025643244434510003525 2 1202505117.102612
0122152025643244434510003525 2 1202505117.102612
0122153025643244434510003525 2 1202505117.102612
0122155025643244434510003525 2 1202505117.102612
0122156025643244434510003525 2 1202505117.102612
0122150025643254434510003525 2 1202505117.102613
0122152025643254434510003525 2 1202505117.102613
0122153025643254434510003525 2 1202505117.102614
0122155025643254434510003525 2 1202505117.102614
0122156025643254434510003525 2 1202505117.102614
0122150025643205434510003525 2 1202505117.102615
0122152025643205434510003525 2 1202505117.102615
0122153025643205434510003525 2 1202505117.102615
0122155025643205434510003525 2 1202505117.102615
0122156025643205434510003525 2 1202505117.102616
0122150025643215434510003525 2 1202505117.102616
0122152025643215434510003525 2 1202505117.102616
0122153025643215434510003525 2 1202505117.102617
0122155025643215434510003525 2 1202505117.102617
0122156025643215434510003525 2 1202505117.102617
0122150025643225434510003525 2 1202505117.102618
0122152025643225434510003525 2 1202505117.102618
0122153025643225434510003525 2 1202505117.102618
0122155025643225434510003525 2 1202505117.102618
0122156025643225434510003525 2 1202505117.102619
0122150025643245434510003525 2 1202505117.102619
0122152025643245434510003525 2 1202505117.102619
0122153025643245434510003525 2 1202505117.102620
0122155025643245434510003525 2 1202505117.102620
0122156025643245434510003525 2 1202505117.102620
0122150025643255434510003525 2 1202505117.102621
0122152025643255434510003525 2 1202505117.102621
0122153025643255434510003525 2 1202505117.102621
0122155025643255434510003525 2 1202505117.102621
0122156025643255434510003525 2 1202505117.102622
