0624125225353541414210051000 2 1202505106.175524
0624126225353541414210051000 2 1202505106.175525
0624125225363541414210051000 2 1202505106.175526
0624126225363541414210051000 2 1202505106.175526
0624123225313542414210051000 2 1202505106.175602
0624150121333141424210051000 2 1202505106.175809
0624155121333141424210051000 2 1202505106.175809
0624156121333141424210051000 2 1202505106.175809
0624150521333141424210051000 2 1202505106.175810
0624155521333141424210051000 2 1202505106.175810
0624156521333141424210051000 2 1202505106.175810
0624150621333141424210051000 2 1202505106.175811
0624155621333141424210051000 2 1202505106.175811
0624156621333141424210051000 2 1202505106.175811
0624155121353541424210051000 2 1202505106.175823
0624156121353541424210051000 2 1202505106.175823
0624155521353541424210051000 2 1202505106.175824
0624156521353541424210051000 2 1202505106.175824
0624155621353541424210051000 2 1202505106.175825
0624156621353541424210051000 2 1202505106.175825
0624155121363541424210051000 2 1202505106.175834
0624156121363541424210051000 2 1202505106.175835
0624155521363541424210051000 2 1202505106.175835
0624156521363541424210051000 2 1202505106.175836
0624155621363541424210051000 2 1202505106.175836
0624156621363541424210051000 2 1202505106.175837
0524163521103142424210051000 2 1202505106.175858
0524163621103142424210051000 2 1202505106.175858
0624153521313542424210051000 2 1202505106.175903
0624163521313542424210051000 2 1202505106.175903
0624153621313542424210051000 2 1202505106.175904
0624163621313542424210051000 2 1202505106.175904
0624163521313144424210051000 2 1202505106.175926
0624153521313145424210051000 2 1202505106.175954
0524156521313145424210051000 2 1202505106.175955
0624153621313145424210051000 2 1202505106.175955
0524155621313145424210051000 2 1202505106.175956
0524156621313145424210051000 2 1202505106.175956
0624153525313145424210051000 2 1202505106.175956
0624153625313145424210051000 2 1202505106.175957
0624153526313145424210051000 2 1202505106.175957
0624153626313145424210051000 2 1202505106.175958
0624150121333145424210051000 2 1202505106.175958
0624155121333145424210051000 2 1202505106.175959
0624156121333145424210051000 2 1202505106.175959
0624150521333145424210051000 2 1202505106.175959
0624152521333145424210051000 2 1202505106.180000
0624153521333145424210051000 2 1202505106.180000
0624155521333145424210051000 2 1202505106.180000
0624156521333145424210051000 2 1202505106.180001
0624150621333145424210051000 2 1202505106.180001
0624152621333145424210051000 2 1202505106.180001
0624153621333145424210051000 2 1202505106.180002
0624155621333145424210051000 2 1202505106.180002
0624156621333145424210051000 2 1202505106.180003
0624153521313146424210051000 2 1202505106.180041
0524155521313146424210051000 2 1202505106.180041
0524156521313146424210051000 2 1202505106.180041
0624153621313146424210051000 2 1202505106.180042
0524155621313146424210051000 2 1202505106.180042
0524156621313146424210051000 2 1202505106.180043
0624153525313146424210051000 2 1202505106.180043
0624153625313146424210051000 2 1202505106.180044
0624153526313146424210051000 2 1202505106.180044
0624153626313146424210051000 2 1202505106.180045
0624150121333146424210051000 2 1202505106.180045
0624155121333146424210051000 2 1202505106.180045
0624156121333146424210051000 2 1202505106.180046
0624150521333146424210051000 2 1202505106.180046
0624152521333146424210051000 2 1202505106.180047
0624153521333146424210051000 2 1202505106.180047
0624155521333146424210051000 2 1202505106.180047
0624156521333146424210051000 2 1202505106.180048
0624150621333146424210051000 2 1202505106.180048
0624152621333146424210051000 2 1202505106.180048
0624153621333146424210051000 2 1202505106.180049
0624155621333146424210051000 2 1202505106.180049
0624156621333146424210051000 2 1202505106.180049
