0611152021303140424100000126 1 1202505117.102128
0612152021303140424100000126 1 1202505117.102128
0616152521303140424100000126 1 1202505117.102129
0611152621303140424100000126 1 1202505117.102130
0616152621303140424100000126 1 1202505117.102130
0611152625303140424100000126 1 1202505117.102131
0620153021113140424100000126 2 1202505117.102131
0622153021113140424100000126 2 1202505117.102131
0626153021113140424100000126 2 1202505117.102132
0620153621113140424100000126 2 1202505117.102132
0622153621113140424100000126 2 1202505117.102132
0626153621113140424100000126 2 1202505117.102133
0622153021313140424100000126 2 1202505117.102134
0620150121313140424100000126 2 1202505117.102135
0626150121313140424100000126 2 1202505117.102135
0620156121313140424100000126 2 1202505117.102136
0626156121313140424100000126 2 1202505117.102136
0622153621313140424100000126 2 1202505117.102137
0611152021303141424100000126 1 1202505117.102147
0612152021303141424100000126 1 1202505117.102147
0620150121313141424100000126 2 1202505117.102149
0626150121313141424100000126 2 1202505117.102150
0620156121313141424100000126 2 1202505117.102150
0621156121313141424100000126 2 1202505117.102151
0626156121313141424100000126 2 1202505117.102151
0611152021303142424100000126 1 1202505117.102202
0612152021303142424100000126 1 1202505117.102202
0622153021113142424100000126 2 1202505117.102203
0622153621113142424100000126 2 1202505117.102203
0620150121313142424100000126 2 1202505117.102203
0626150121313142424100000126 2 1202505117.102204
0620156121313142424100000126 2 1202505117.102204
0626156121313142424100000126 2 1202505117.102205
0620153021113144424100000126 2 1202505117.102224
0626153021113144424100000126 2 1202505117.102225
0620153621113144424100000126 2 1202505117.102225
0626153621113144424100000126 2 1202505117.102226
0620150121313144424100000126 2 1202505117.102228
0626150121313144424100000126 2 1202505117.102229
0620156121313144424100000126 2 1202505117.102229
0621156121313144424100000126 2 1202505117.102229
0626156121313144424100000126 2 1202505117.102230
0622153021133144424100000126 2 1202505117.102233
0622153621133144424100000126 2 1202505117.102233
0620153021113146424100000126 2 1202505117.102311
0622153021113146424100000126 2 1202505117.102311
0626153021113146424100000126 2 1202505117.102311
0620153621113146424100000126 2 1202505117.102312
0622153621113146424100000126 2 1202505117.102312
0626153621113146424100000126 2 1202505117.102312
0622153021313146424100000126 2 1202505117.102313
0620150121313146424100000126 2 1202505117.102315
0626150121313146424100000126 2 1202505117.102315
0620156121313146424100000126 2 1202505117.102315
0626156121313146424100000126 2 1202505117.102316
0622153621313146424100000126 2 1202505117.102317
0611152021303140424200000126 1 1202505117.102450
0612152021303140424200000126 1 1202505117.102450
0616152521303140424200000126 1 1202505117.102451
0611152621303140424200000126 1 1202505117.102451
0616152621303140424200000126 1 1202505117.102452
0611152625303140424200000126 1 1202505117.102452
0620153021113140424200000126 2 1202505117.102453
0622153021113140424200000126 2 1202505117.102453
0626153021113140424200000126 2 1202505117.102453
0620153621113140424200000126 2 1202505117.102454
0622153621113140424200000126 2 1202505117.102454
0626153621113140424200000126 2 1202505117.102454
0622153021313140424200000126 2 1202505117.102455
0620150121313140424200000126 2 1202505117.102457
0626150121313140424200000126 2 1202505117.102457
0620156121313140424200000126 2 1202505117.102457
0626156121313140424200000126 2 1202505117.102458
0622153621313140424200000126 2 1202505117.102459
0611152021303141424200000126 1 1202505117.102508
0612152021303141424200000126 1 1202505117.102508
0620150121313141424200000126 2 1202505117.102511
0626150121313141424200000126 2 1202505117.102512
0620156121313141424200000126 2 1202505117.102512
0621156121313141424200000126 2 1202505117.102512
0626156121313141424200000126 2 1202505117.102513
0611152021303142424200000126 1 1202505117.102524
0612152021303142424200000126 1 1202505117.102524
0622153021113142424200000126 2 1202505117.102525
0622153621113142424200000126 2 1202505117.102525
0620150121313142424200000126 2 1202505117.102525
0626150121313142424200000126 2 1202505117.102526
0620156121313142424200000126 2 1202505117.102526
0626156121313142424200000126 2 1202505117.102527
0620153021113144424200000126 2 1202505117.102547
0626153021113144424200000126 2 1202505117.102548
0620153621113144424200000126 2 1202505117.102548
0626153621113144424200000126 2 1202505117.102549
0620150121313144424200000126 2 1202505117.102551
0626150121313144424200000126 2 1202505117.102552
0620156121313144424200000126 2 1202505117.102552
0621156121313144424200000126 2 1202505117.102552
0626156121313144424200000126 2 1202505117.102553
0622153021133144424200000126 2 1202505117.102556
0622153621133144424200000126 2 1202505117.102556
0620153021113146424200000126 2 1202505117.102634
0622153021113146424200000126 2 1202505117.102635
0626153021113146424200000126 2 1202505117.102635
0620153621113146424200000126 2 1202505117.102635
0622153621113146424200000126 2 1202505117.102636
0626153621113146424200000126 2 1202505117.102636
0622153021313146424200000126 2 1202505117.102637
0620150121313146424200000126 2 1202505117.102639
0626150121313146424200000126 2 1202505117.102639
0620156121313146424200000126 2 1202505117.102639
0626156121313146424200000126 2 1202505117.102639
0622153621313146424200000126 2 1202505117.102641
0116166120453012404213351026 1 1202505117.102827
0166166120453012404213351026 1 1202505117.102827
0116166120453062404213351026 1 1202505117.102831
0166166120453062404213351026 1 1202505117.102831
0116166120453012404513351026 1 1202505117.103213
0166166120453012404513351026 1 1202505117.103213
0116166120453062404513351026 1 1202505117.103216
0166166120453062404513351026 1 1202505117.103217
0661166620343126464513351026 2 1202505117.103424
0116166120453012404613351026 1 1202505117.103502
0166166120453012404613351026 1 1202505117.103502
0116166120453062404613351026 1 1202505117.103505
0166166120453062404613351026 1 1202505117.103505
