0524123225163545414110001315 2 1202505117.082511
0524153525163142424110001315 2 1202505117.082558
0564152521303144424110001315 1 1202505117.082628
0564152525303144424110001315 1 1202505117.082628
0564152521313144424110001315 2 1202505117.082628
0564152525313144424110001315 2 1202505117.082628
0564152521333144424110001315 2 1202505117.082629
0564152525333144424110001315 2 1202505117.082629
0564152521343144424110001315 2 1202505117.082630
0564152525343144424110001315 2 1202505117.082630
0564152521353144424110001315 1 1202505117.082630
0564152525353144424110001315 1 1202505117.082630
0524103521163144424110001315 2 1202505117.082631
0524153521163144424110001315 2 1202505117.082631
0524103525163144424110001315 2 1202505117.082631
0524153525163144424110001315 2 1202505117.082632
0564152521363144424110001315 2 1202505117.082632
0564152525363144424110001315 2 1202505117.082632
0524153521663144424110001315 2 1202505117.082632
0524153525663144424110001315 2 1202505117.082633
0524153021163545424110001315 2 1202505117.082652
0524153521163545424110001315 2 1202505117.082652
0524123225163545414210001315 2 1202505117.082959
0524153525163142424210001315 2 1202505117.083039
0564152521303144424210001315 1 1202505117.083056
0564152525303144424210001315 1 1202505117.083056
0564152521313144424210001315 2 1202505117.083056
0564152525313144424210001315 2 1202505117.083057
0564152521333144424210001315 2 1202505117.083057
0564152525333144424210001315 2 1202505117.083057
0564152521343144424210001315 2 1202505117.083057
0564152525343144424210001315 2 1202505117.083058
0564152521353144424210001315 1 1202505117.083058
0564152525353144424210001315 1 1202505117.083058
0524103521163144424210001315 2 1202505117.083059
0524153521163144424210001315 2 1202505117.083059
0524103525163144424210001315 2 1202505117.083059
0524153525163144424210001315 2 1202505117.083100
0564152521363144424210001315 2 1202505117.083100
0564152525363144424210001315 2 1202505117.083100
0524153521663144424210001315 2 1202505117.083100
0524153525663144424210001315 2 1202505117.083101
0524153021163545424210001315 2 1202505117.083112
0524153521163545424210001315 2 1202505117.083112
0524123225163545414510001315 2 1202505117.083404
0524153525163142424510001315 2 1202505117.083443
0564152521303144424510001315 1 1202505117.083459
0564152525303144424510001315 1 1202505117.083459
0564152521313144424510001315 2 1202505117.083459
0564152525313144424510001315 2 1202505117.083459
0564152521333144424510001315 2 1202505117.083500
0564152525333144424510001315 2 1202505117.083500
0564152521343144424510001315 2 1202505117.083500
0564152525343144424510001315 2 1202505117.083500
0564152521353144424510001315 1 1202505117.083501
0564152525353144424510001315 1 1202505117.083501
0524103521163144424510001315 2 1202505117.083501
0524153521163144424510001315 2 1202505117.083502
0524103525163144424510001315 2 1202505117.083502
0524153525163144424510001315 2 1202505117.083502
0564152521363144424510001315 2 1202505117.083502
0564152525363144424510001315 2 1202505117.083503
0524153521663144424510001315 2 1202505117.083503
0524153525663144424510001315 2 1202505117.083503
0524153021163545424510001315 2 1202505117.083513
0524153521163545424510001315 2 1202505117.083514
0524123225163545414610001315 2 1202505117.083808
0524153525163142424610001315 2 1202505117.083920
0564152521303144424610001315 1 1202505117.083947
0564152525303144424610001315 1 1202505117.083948
0564152521313144424610001315 2 1202505117.083948
0524153521313144424610001315 2 1202505117.083948
0564152525313144424610001315 2 1202505117.083949
0564152521333144424610001315 2 1202505117.083949
0564152525333144424610001315 2 1202505117.083950
0564152521343144424610001315 2 1202505117.083950
0564152525343144424610001315 2 1202505117.083950
0564152521353144424610001315 1 1202505117.083951
0564152525353144424610001315 1 1202505117.083951
0524103521163144424610001315 2 1202505117.083952
0524153521163144424610001315 2 1202505117.083952
0524103525163144424610001315 2 1202505117.083952
0524153525163144424610001315 2 1202505117.083953
0564152521363144424610001315 2 1202505117.083953
0564152525363144424610001315 2 1202505117.083953
0524153521663144424610001315 2 1202505117.083954
0524153525663144424610001315 2 1202505117.083954
0524153021163545424610001315 2 1202505117.084023
0524153521163545424610001315 2 1202505117.084023
0516102120343121414601661616 2 1202505117.084257
0516102125343121414601661616 2 1202505117.084257
0561102625343022414601661616 2 1202505117.084302
0045102121303540424601661616 1 1202505117.084349
0045102621303540424601661616 1 1202505117.084349
0564102625303540424601661616 1 1202505117.084350
0564102625313540424601661616 2 1202505117.084351
0564102625333540424601661616 2 1202505117.084352
0564102625343540424601661616 2 1202505117.084353
0045102621353540424601661616 1 1202505117.084354
0564102625353540424601661616 1 1202505117.084355
0564102625363540424601661616 2 1202505117.084357
0564102621303041424601661616 1 1202505117.084406
0045102021353041424601661616 1 1202505117.084409
0564102621353041424601661616 1 1202505117.084410
0045102621353041424601661616 1 1202505117.084410
0145102025353041424601661616 1 1202505117.084411
0144102521303141424601661616 1 1202505117.084415
0040152125303141424601661616 1 1202505117.084417
0440152125303141424601661616 1 1202505117.084417
0045102021353141424601661616 1 1202505117.084419
0144102521353141424601661616 1 1202505117.084420
0045102025353141424601661616 1 1202505117.084420
0045102121303541424601661616 1 1202505117.084423
0145102025303042424601661616 1 1202505117.084440
0045102125303042424601661616 1 1202505117.084441
0145102025313042424601661616 2 1202505117.084443
0145102025333042424601661616 2 1202505117.084444
0145102025343042424601661616 2 1202505117.084446
0145102025353042424601661616 1 1202505117.084448
0145102025363042424601661616 2 1202505117.084451
0144102521303142424601661616 1 1202505117.084452
0045102025303142424601661616 1 1202505117.084453
0045102125303142424601661616 1 1202505117.084453
0144102521313142424601661616 2 1202505117.084455
0045102025313142424601661616 2 1202505117.084456
0144102521333142424601661616 2 1202505117.084457
0045102025333142424601661616 2 1202505117.084457
0144102521343142424601661616 2 1202505117.084458
0045102025343142424601661616 2 1202505117.084459
0144102521353142424601661616 1 1202505117.084501
0045102025353142424601661616 1 1202505117.084501
0144102521363142424601661616 2 1202505117.084503
0045102025363142424601661616 2 1202505117.084503
0040152121303144424601661616 1 1202505117.084540
0040152125303144424601661616 1 1202505117.084543
0144102525303144424601661616 1 1202505117.084545
0144102525313144424601661616 2 1202505117.084547
0144102525333144424601661616 2 1202505117.084549
0144102525343144424601661616 2 1202505117.084551
0144102525353144424601661616 1 1202505117.084555
0144102525363144424601661616 2 1202505117.084557
0045102021303045424601661616 1 1202505117.084608
0145102021303045424601661616 1 1202505117.084609
0564102621303045424601661616 1 1202505117.084609
0045102621303045424601661616 1 1202505117.084610
0045102025303045424601661616 1 1202505117.084610
0045102125303045424601661616 1 1202505117.084611
0144152125303045424601661616 1 1202505117.084611
0045102021313045424601661616 2 1202505117.084612
0145102021313045424601661616 2 1202505117.084613
0045102025313045424601661616 2 1202505117.084613
0045102021333045424601661616 2 1202505117.084614
0145102021333045424601661616 2 1202505117.084615
0045102025333045424601661616 2 1202505117.084615
0045102021343045424601661616 2 1202505117.084616
0145102021343045424601661616 2 1202505117.084616
0045102025343045424601661616 2 1202505117.084617
0045102021353045424601661616 1 1202505117.084618
0145102021353045424601661616 1 1202505117.084618
0564102621353045424601661616 1 1202505117.084619
0045102621353045424601661616 1 1202505117.084619
0045102025353045424601661616 1 1202505117.084620
0045102021363045424601661616 2 1202505117.084622
0145102021363045424601661616 2 1202505117.084622
0045102025363045424601661616 2 1202505117.084622
0045102021303145424601661616 1 1202505117.084623
0045102121303145424601661616 1 1202505117.084624
0045102025303145424601661616 1 1202505117.084625
0045102125303145424601661616 1 1202505117.084626
0045102021313145424601661616 2 1202505117.084627
0045102025313145424601661616 2 1202505117.084628
0045102021333145424601661616 2 1202505117.084629
0045102025333145424601661616 2 1202505117.084629
0045102021343145424601661616 2 1202505117.084630
0045102025343145424601661616 2 1202505117.084631
0045102021353145424601661616 1 1202505117.084632
0045102025353145424601661616 1 1202505117.084633
0045102021363145424601661616 2 1202505117.084635
0045102025363145424601661616 2 1202505117.084636
0564102625303545424601661616 1 1202505117.084638
0564102625313545424601661616 2 1202505117.084640
0564102625333545424601661616 2 1202505117.084641
0564102625343545424601661616 2 1202505117.084643
0564102625353545424601661616 1 1202505117.084645
0564102625363545424601661616 2 1202505117.084646
0516102120343121454601661616 1 1202505117.084715
0516102121343121454601661616 1 1202505117.084715
0516102123343121454601661616 1 1202505117.084715
0516102124343121454601661616 1 1202505117.084716
0516102224343121454601661616 1 1202505117.084716
0516102125343121454601661616 1 1202505117.084717
0516102126343121454601661616 1 1202505117.084717
0516102124343122454601661616 1 1202505117.084723
0516102224343122454601661616 1 1202505117.084723
0154102025303144424111661616 1 1202505117.084912
0154102025303144424211661616 1 1202505117.085125
0154102025303144424511661616 1 1202505117.085328
0154102025303144424611661616 1 1202505117.085526
0144105121313146424206611626 2 1202505117.085624
0144105121353146424206611626 2 1202505117.085625
0144105121313142424606611626 2 1202505117.085943
0144105121333142424606611626 2 1202505117.085943
0144105121313145424606611626 2 1202505117.090007
0144105121313146424606611626 2 1202505117.090018
0112152026343022414100000646 1 1202505117.091932
0521160121353042424200000646 2 1202505117.092132
0520103626153042424100001106 2 1202505117.092526
0520103626153042424200001106 2 1202505117.092921
0520103626153042424600001106 2 1202505117.093307
0524105526353141424110001106 2 1202505117.093806
0524106526353141424110001106 2 1202505117.093806
0524105626353141424110001106 2 1202505117.093806
0524106626353141424110001106 2 1202505117.093807
0524105526363141424110001106 2 1202505117.093809
0524106526363141424110001106 2 1202505117.093809
0524105626363141424110001106 2 1202505117.093810
0524106626363141424110001106 2 1202505117.093810
0524100126333641424110001106 2 1202505117.093815
0524105126333641424110001106 2 1202505117.093816
0524106126333641424110001106 2 1202505117.093816
0524100526333641424110001106 2 1202505117.093816
0524105526333641424110001106 2 1202505117.093816
0524106526333641424110001106 2 1202505117.093817
0524100626333641424110001106 2 1202505117.093817
0524105626333641424110001106 2 1202505117.093817
0524106626333641424110001106 2 1202505117.093817
0524103526313142424110001106 2 1202505117.093844
0524103626313142424110001106 2 1202505117.093844
0524153026103642424110001106 2 1202505117.093853
0524153026153642424110001106 2 1202505117.093858
0524153026163642424110001106 2 1202505117.093859
0524153621313144424110001106 2 1202505117.093937
0524103026313644424110001106 2 1202505117.093951
0524103521313645424110001106 2 1202505117.094039
0524103621313645424110001106 2 1202505117.094039
0524103525313645424110001106 2 1202505117.094040
0524103625313645424110001106 2 1202505117.094040
0524103526313645424110001106 2 1202505117.094041
0124105526313645424110001106 2 1202505117.094041
0124106526313645424110001106 2 1202505117.094041
0524103626313645424110001106 2 1202505117.094042
0124105626313645424110001106 2 1202505117.094042
0124106626313645424110001106 2 1202505117.094042
0524100126333645424110001106 2 1202505117.094042
0524105126333645424110001106 2 1202505117.094043
0524106126333645424110001106 2 1202505117.094043
0524100526333645424110001106 2 1202505117.094043
0524102526333645424110001106 2 1202505117.094043
0524103526333645424110001106 2 1202505117.094044
0524105526333645424110001106 2 1202505117.094044
0524106526333645424110001106 2 1202505117.094044
0524100626333645424110001106 2 1202505117.094044
0524102626333645424110001106 2 1202505117.094045
0524103626333645424110001106 2 1202505117.094045
0524105626333645424110001106 2 1202505117.094045
0524106626333645424110001106 2 1202505117.094045
0524103521313646424110001106 2 1202505117.094125
0524103621313646424110001106 2 1202505117.094126
0524103525313646424110001106 2 1202505117.094126
0524103625313646424110001106 2 1202505117.094126
0524103526313646424110001106 2 1202505117.094127
0124105526313646424110001106 2 1202505117.094127
0124106526313646424110001106 2 1202505117.094127
0524103626313646424110001106 2 1202505117.094128
0124105626313646424110001106 2 1202505117.094128
0524100126333646424110001106 2 1202505117.094128
0524105126333646424110001106 2 1202505117.094128
0524106126333646424110001106 2 1202505117.094129
0524100526333646424110001106 2 1202505117.094129
0524102526333646424110001106 2 1202505117.094129
0524103526333646424110001106 2 1202505117.094129
0524105526333646424110001106 2 1202505117.094130
0524106526333646424110001106 2 1202505117.094130
0524100626333646424110001106 2 1202505117.094130
0524102626333646424110001106 2 1202505117.094130
0524103626333646424110001106 2 1202505117.094131
0524105626333646424110001106 2 1202505117.094131
0524106626333646424110001106 2 1202505117.094131
0524105526353141424210001106 2 1202505117.094648
0524106526353141424210001106 2 1202505117.094648
0524105626353141424210001106 2 1202505117.094649
0524106626353141424210001106 2 1202505117.094649
0524105526363141424210001106 2 1202505117.094651
0524106526363141424210001106 2 1202505117.094652
0524105626363141424210001106 2 1202505117.094652
0524106626363141424210001106 2 1202505117.094652
0524100126333641424210001106 2 1202505117.094657
0524105126333641424210001106 2 1202505117.094658
0524106126333641424210001106 2 1202505117.094658
0524100526333641424210001106 2 1202505117.094658
0524105526333641424210001106 2 1202505117.094658
0524106526333641424210001106 2 1202505117.094659
0524100626333641424210001106 2 1202505117.094659
0524105626333641424210001106 2 1202505117.094659
0524106626333641424210001106 2 1202505117.094659
0524103526313142424210001106 2 1202505117.094714
0524103626313142424210001106 2 1202505117.094714
0524153026103642424210001106 2 1202505117.094721
0524153026153642424210001106 2 1202505117.094723
0524153026163642424210001106 2 1202505117.094725
0524153621313144424210001106 2 1202505117.094738
0524103026313644424210001106 2 1202505117.094750
0524103521313645424210001106 2 1202505117.094823
0524103621313645424210001106 2 1202505117.094823
0524103525313645424210001106 2 1202505117.094823
0524103625313645424210001106 2 1202505117.094824
0524103526313645424210001106 2 1202505117.094824
0124105526313645424210001106 2 1202505117.094824
0124106526313645424210001106 2 1202505117.094825
0524103626313645424210001106 2 1202505117.094825
0124105626313645424210001106 2 1202505117.094825
0124106626313645424210001106 2 1202505117.094826
0524100126333645424210001106 2 1202505117.094826
0524105126333645424210001106 2 1202505117.094826
0524106126333645424210001106 2 1202505117.094826
0524100526333645424210001106 2 1202505117.094827
0524102526333645424210001106 2 1202505117.094827
0524103526333645424210001106 2 1202505117.094827
0524105526333645424210001106 2 1202505117.094827
0524106526333645424210001106 2 1202505117.094827
0524100626333645424210001106 2 1202505117.094828
0524102626333645424210001106 2 1202505117.094828
0524103626333645424210001106 2 1202505117.094828
0524105626333645424210001106 2 1202505117.094828
0524106626333645424210001106 2 1202505117.094829
0524103521313646424210001106 2 1202505117.094904
0524103621313646424210001106 2 1202505117.094904
0524103525313646424210001106 2 1202505117.094904
0524103625313646424210001106 2 1202505117.094905
0524103526313646424210001106 2 1202505117.094905
0124105526313646424210001106 2 1202505117.094905
0124106526313646424210001106 2 1202505117.094905
0524103626313646424210001106 2 1202505117.094906
0124105626313646424210001106 2 1202505117.094906
0524100126333646424210001106 2 1202505117.094906
0524105126333646424210001106 2 1202505117.094906
0524106126333646424210001106 2 1202505117.094907
0524100526333646424210001106 2 1202505117.094907
0524102526333646424210001106 2 1202505117.094907
0524103526333646424210001106 2 1202505117.094907
0524105526333646424210001106 2 1202505117.094907
0524106526333646424210001106 2 1202505117.094908
0524100626333646424210001106 2 1202505117.094908
0524102626333646424210001106 2 1202505117.094908
0524103626333646424210001106 2 1202505117.094908
0524105626333646424210001106 2 1202505117.094908
0524106626333646424210001106 2 1202505117.094909
0524105526353141424510001106 2 1202505117.095313
0524106526353141424510001106 2 1202505117.095313
0524105626353141424510001106 2 1202505117.095313
0524106626353141424510001106 2 1202505117.095314
0524105526363141424510001106 2 1202505117.095315
0524106526363141424510001106 2 1202505117.095316
0524105626363141424510001106 2 1202505117.095316
0524106626363141424510001106 2 1202505117.095316
0524100126333641424510001106 2 1202505117.095321
0524105126333641424510001106 2 1202505117.095321
0524106126333641424510001106 2 1202505117.095321
0524100526333641424510001106 2 1202505117.095321
0524105526333641424510001106 2 1202505117.095322
0524106526333641424510001106 2 1202505117.095322
0524100626333641424510001106 2 1202505117.095322
0524105626333641424510001106 2 1202505117.095322
0524106626333641424510001106 2 1202505117.095322
0524103526313142424510001106 2 1202505117.095334
0524103626313142424510001106 2 1202505117.095334
0524153026103642424510001106 2 1202505117.095340
0524153026153642424510001106 2 1202505117.095341
0524153026163642424510001106 2 1202505117.095343
0524153621313144424510001106 2 1202505117.095352
0124103026313644424510001106 2 1202505117.095402
0524103026313644424510001106 2 1202505117.095402
0524103521313645424510001106 2 1202505117.095427
0524103621313645424510001106 2 1202505117.095428
0524103525313645424510001106 2 1202505117.095428
0524103625313645424510001106 2 1202505117.095428
0524103526313645424510001106 2 1202505117.095429
0124105526313645424510001106 2 1202505117.095429
0124106526313645424510001106 2 1202505117.095429
0524103626313645424510001106 2 1202505117.095429
0124105626313645424510001106 2 1202505117.095430
0124106626313645424510001106 2 1202505117.095430
0524100126333645424510001106 2 1202505117.095430
0524105126333645424510001106 2 1202505117.095430
0524106126333645424510001106 2 1202505117.095430
0524100526333645424510001106 2 1202505117.095431
0524102526333645424510001106 2 1202505117.095431
0524103526333645424510001106 2 1202505117.095431
0524105526333645424510001106 2 1202505117.095431
0524106526333645424510001106 2 1202505117.095431
0524100626333645424510001106 2 1202505117.095431
0524102626333645424510001106 2 1202505117.095432
0524103626333645424510001106 2 1202505117.095432
0524105626333645424510001106 2 1202505117.095432
0524106626333645424510001106 2 1202505117.095432
0524103521313646424510001106 2 1202505117.095500
0524103621313646424510001106 2 1202505117.095500
0524103525313646424510001106 2 1202505117.095500
0524103625313646424510001106 2 1202505117.095500
0524103526313646424510001106 2 1202505117.095501
0124105526313646424510001106 2 1202505117.095501
0124106526313646424510001106 2 1202505117.095501
0524103626313646424510001106 2 1202505117.095502
0124105626313646424510001106 2 1202505117.095502
0124106626313646424510001106 2 1202505117.095502
0524100126333646424510001106 2 1202505117.095502
0524105126333646424510001106 2 1202505117.095502
0524106126333646424510001106 2 1202505117.095502
0524100526333646424510001106 2 1202505117.095503
0524102526333646424510001106 2 1202505117.095503
0524103526333646424510001106 2 1202505117.095503
0524105526333646424510001106 2 1202505117.095503
0524106526333646424510001106 2 1202505117.095503
0524100626333646424510001106 2 1202505117.095503
0524102626333646424510001106 2 1202505117.095503
0524103626333646424510001106 2 1202505117.095504
0524105626333646424510001106 2 1202505117.095504
0524106626333646424510001106 2 1202505117.095504
0524105526353141424610001106 2 1202505117.095845
0524106526353141424610001106 2 1202505117.095845
0524105626353141424610001106 2 1202505117.095846
0524106626353141424610001106 2 1202505117.095846
0524105526363141424610001106 2 1202505117.095848
0524106526363141424610001106 2 1202505117.095848
0524105626363141424610001106 2 1202505117.095848
0524106626363141424610001106 2 1202505117.095848
0524100126333641424610001106 2 1202505117.095852
0524105126333641424610001106 2 1202505117.095852
0524106126333641424610001106 2 1202505117.095852
0524100526333641424610001106 2 1202505117.095853
0524105526333641424610001106 2 1202505117.095853
0524106526333641424610001106 2 1202505117.095853
0524100626333641424610001106 2 1202505117.095853
0524105626333641424610001106 2 1202505117.095853
0524106626333641424610001106 2 1202505117.095853
0524103526313142424610001106 2 1202505117.095904
0524103626313142424610001106 2 1202505117.095904
0524153026103642424610001106 2 1202505117.095909
0524153026153642424610001106 2 1202505117.095911
0524153026163642424610001106 2 1202505117.095912
0524153521313144424610001106 2 1202505117.095922
0524153621313144424610001106 2 1202505117.095922
0524103026313644424610001106 2 1202505117.095931
0524103521313645424610001106 2 1202505117.095956
0524103621313645424610001106 2 1202505117.095956
0524103525313645424610001106 2 1202505117.095957
0524103625313645424610001106 2 1202505117.095957
0524103526313645424610001106 2 1202505117.095957
0124105526313645424610001106 2 1202505117.095957
0124106526313645424610001106 2 1202505117.095958
0524103626313645424610001106 2 1202505117.095958
0124105626313645424610001106 2 1202505117.095958
0124106626313645424610001106 2 1202505117.095958
0524100126333645424610001106 2 1202505117.095959
0524105126333645424610001106 2 1202505117.095959
0524106126333645424610001106 2 1202505117.095959
0524100526333645424610001106 2 1202505117.095959
0524102526333645424610001106 2 1202505117.095959
0524103526333645424610001106 2 1202505117.095959
0524105526333645424610001106 2 1202505117.095959
0524106526333645424610001106 2 1202505117.100000
0524100626333645424610001106 2 1202505117.100000
0524102626333645424610001106 2 1202505117.100000
0524103626333645424610001106 2 1202505117.100000
0524105626333645424610001106 2 1202505117.100000
0524106626333645424610001106 2 1202505117.100000
0524103521313646424610001106 2 1202505117.100027
0524103621313646424610001106 2 1202505117.100027
0524103525313646424610001106 2 1202505117.100027
0524103625313646424610001106 2 1202505117.100028
0524103526313646424610001106 2 1202505117.100028
0124105526313646424610001106 2 1202505117.100028
0124106526313646424610001106 2 1202505117.100028
0524103626313646424610001106 2 1202505117.100029
0124105626313646424610001106 2 1202505117.100029
0524100126333646424610001106 2 1202505117.100029
0524105126333646424610001106 2 1202505117.100029
0524106126333646424610001106 2 1202505117.100029
0524100526333646424610001106 2 1202505117.100029
0524102526333646424610001106 2 1202505117.100030
0524103526333646424610001106 2 1202505117.100030
0524105526333646424610001106 2 1202505117.100030
0524106526333646424610001106 2 1202505117.100030
0524100626333646424610001106 2 1202505117.100030
0524102626333646424610001106 2 1202505117.100030
0524103626333646424610001106 2 1202505117.100031
0524105626333646424610001106 2 1202505117.100031
0524106626333646424610001106 2 1202505117.100031
