0124100126353641424512611106 2 1202505117.130028
0124100626353641424512611106 2 1202505117.130028
0124103026313644424512611106 2 1202505117.130043
0124106626313646424512611106 2 1202505117.130102
0124100126353646424512611106 2 1202505117.130102
0124100626353646424512611106 2 1202505117.130103
0124102626353646424512611106 1 1202505117.130103
0124103626353646424512611106 2 1202505117.130103
0124105626353646424512611106 2 1202505117.130103
0124106626353646424512611106 2 1202505117.130104
0124102621353646454512611106 1 1202505117.130203
0124102626363646454512611106 1 1202505117.130204
0124100126353641424612611106 2 1202505117.130410
0124100626353641424612611106 2 1202505117.130410
0124100126353646424612611106 2 1202505117.130440
0124100626353646424612611106 2 1202505117.130440
0124102626353646424612611106 1 1202505117.130440
0124103626353646424612611106 2 1202505117.130441
0124105626353646424612611106 2 1202505117.130441
0124106626353646424612611106 2 1202505117.130441
0124102621353646454612611106 1 1202505117.130542
0124102626363646454612611106 1 1202505117.130543
