0114102025503144424211611636 1 1202505117.125903
0124100021553544424211611636 2 1202505117.125904
0124100025553544424211611636 2 1202505117.125904
0124100021653544424211611636 2 1202505117.125904
0124100025653544424211611636 2 1202505117.125905
0124100025363544424211611636 2 1202505117.125905
0124100025653141424511611636 2 1202505117.130001
0124100021653542424511611636 2 1202505117.130006
0114102025503144424511611636 1 1202505117.130008
0124100021553544424511611636 2 1202505117.130009
0124100025553544424511611636 2 1202505117.130010
0124100021653544424511611636 2 1202505117.130010
0124100025653544424511611636 2 1202505117.130010
0124100025363544424511611636 2 1202505117.130011
0124100025653141424611611636 2 1202505117.130053
0124100021653542424611611636 2 1202505117.130057
0114102025503144424611611636 1 1202505117.130058
0124100021553544424611611636 2 1202505117.130059
0124100025553544424611611636 2 1202505117.130059
0124100021653544424611611636 2 1202505117.130059
0124100025653544424611611636 2 1202505117.130100
0124100025363544424611611636 2 1202505117.130100
0122153021143000464110003245 2 1202505117.130635
0122153025143000464110003245 2 1202505117.130635
0122150025343501464110003245 2 1202505117.130639
0122150021343511464110003245 2 1202505117.130640
0122150025343511464110003245 2 1202505117.130640
0122150025343521464110003245 2 1202505117.130641
0122150025343541464110003245 2 1202505117.130642
0122150021343551464110003245 2 1202505117.130643
0122150025343551464110003245 2 1202505117.130643
0122150021343502464110003245 2 1202505117.130644
0122152021343502464110003245 2 1202505117.130645
0122153021343502464110003245 2 1202505117.130645
0122155021343502464110003245 2 1202505117.130645
0122156021343502464110003245 2 1202505117.130646
0122150025343502464110003245 2 1202505117.130646
0122152025343502464110003245 2 1202505117.130646
0122153025343502464110003245 2 1202505117.130647
0122155025343502464110003245 2 1202505117.130647
0122156025343502464110003245 2 1202505117.130647
0122150021343512464110003245 2 1202505117.130649
0122152021343512464110003245 2 1202505117.130649
0122153021343512464110003245 2 1202505117.130649
0122155021343512464110003245 2 1202505117.130649
0122156021343512464110003245 2 1202505117.130650
0122150025343512464110003245 2 1202505117.130650
0122152025343512464110003245 2 1202505117.130650
0122153025343512464110003245 2 1202505117.130651
0122155025343512464110003245 2 1202505117.130651
0122156025343512464110003245 2 1202505117.130651
0122150021343522464110003245 2 1202505117.130652
0122152021343522464110003245 2 1202505117.130653
0122153021343522464110003245 2 1202505117.130653
0122155021343522464110003245 2 1202505117.130653
0122156021343522464110003245 2 1202505117.130653
0122150025343522464110003245 2 1202505117.130654
0122152025343522464110003245 2 1202505117.130654
0122153025343522464110003245 2 1202505117.130654
0122155025343522464110003245 2 1202505117.130655
0122156025343522464110003245 2 1202505117.130655
0122150021343542464110003245 2 1202505117.130656
0122152021343542464110003245 2 1202505117.130656
0122153021343542464110003245 2 1202505117.130657
0122155021343542464110003245 2 1202505117.130657
0122156021343542464110003245 2 1202505117.130658
0122150025343542464110003245 2 1202505117.130658
0122152025343542464110003245 2 1202505117.130658
0122153025343542464110003245 2 1202505117.130659
0122155025343542464110003245 2 1202505117.130659
0122156025343542464110003245 2 1202505117.130659
0122150021343552464110003245 2 1202505117.130700
0122152021343552464110003245 2 1202505117.130701
0122153021343552464110003245 2 1202505117.130701
0122155021343552464110003245 2 1202505117.130702
0122156021343552464110003245 2 1202505117.130702
0122150025343552464110003245 2 1202505117.130702
0122152025343552464110003245 2 1202505117.130703
0122153025343552464110003245 2 1202505117.130703
0122155025343552464110003245 2 1202505117.130703
0122156025343552464110003245 2 1202505117.130704
0122150025343505464110003245 2 1202505117.130708
0122152025343505464110003245 2 1202505117.130708
0122153025343505464110003245 2 1202505117.130708
0122155025343505464110003245 2 1202505117.130709
0122156025343505464110003245 2 1202505117.130709
0122150021343515464110003245 2 1202505117.130710
0122150025343515464110003245 2 1202505117.130710
0122152025343515464110003245 2 1202505117.130711
0122153025343515464110003245 2 1202505117.130711
0122155025343515464110003245 2 1202505117.130711
0122156025343515464110003245 2 1202505117.130712
0122150025343525464110003245 2 1202505117.130713
0122152025343525464110003245 2 1202505117.130713
0122153025343525464110003245 2 1202505117.130713
0122155025343525464110003245 2 1202505117.130713
0122156025343525464110003245 2 1202505117.130714
0122150025343545464110003245 2 1202505117.130715
0122152025343545464110003245 2 1202505117.130715
0122153025343545464110003245 2 1202505117.130715
0122155025343545464110003245 2 1202505117.130715
0122156025343545464110003245 2 1202505117.130716
0122150021343555464110003245 2 1202505117.130717
0122152021343555464110003245 2 1202505117.130717
0122153021343555464110003245 2 1202505117.130717
0122155021343555464110003245 2 1202505117.130718
0122156021343555464110003245 2 1202505117.130718
0122150025343555464110003245 2 1202505117.130718
0122152025343555464110003245 2 1202505117.130719
0122153025343555464110003245 2 1202505117.130719
0122155025343555464110003245 2 1202505117.130719
0122156025343555464110003245 2 1202505117.130720
0122153021143000464210003245 2 1202505117.130851
0122153025143000464210003245 2 1202505117.130852
0122150025343501464210003245 2 1202505117.130854
0122150021343511464210003245 2 1202505117.130855
0122150025343511464210003245 2 1202505117.130855
0122150025343521464210003245 2 1202505117.130856
0122150025343541464210003245 2 1202505117.130856
0122150021343551464210003245 2 1202505117.130857
0122150025343551464210003245 2 1202505117.130857
0122150021343502464210003245 2 1202505117.130858
0122152021343502464210003245 2 1202505117.130858
0122153021343502464210003245 2 1202505117.130858
0122155021343502464210003245 2 1202505117.130858
0122156021343502464210003245 2 1202505117.130859
0122150025343502464210003245 2 1202505117.130859
0122152025343502464210003245 2 1202505117.130859
0122153025343502464210003245 2 1202505117.130859
0122155025343502464210003245 2 1202505117.130859
0122156025343502464210003245 2 1202505117.130900
0122150021343512464210003245 2 1202505117.130900
0122152021343512464210003245 2 1202505117.130900
0122153021343512464210003245 2 1202505117.130901
0122155021343512464210003245 2 1202505117.130901
0122156021343512464210003245 2 1202505117.130901
0122150025343512464210003245 2 1202505117.130901
0122152025343512464210003245 2 1202505117.130901
0122153025343512464210003245 2 1202505117.130901
0122155025343512464210003245 2 1202505117.130902
0122156025343512464210003245 2 1202505117.130902
0122150021343522464210003245 2 1202505117.130903
0122152021343522464210003245 2 1202505117.130903
0122153021343522464210003245 2 1202505117.130903
0122155021343522464210003245 2 1202505117.130903
0122156021343522464210003245 2 1202505117.130903
0122150025343522464210003245 2 1202505117.130903
0122152025343522464210003245 2 1202505117.130904
0122153025343522464210003245 2 1202505117.130904
0122155025343522464210003245 2 1202505117.130904
0122156025343522464210003245 2 1202505117.130904
0122150021343542464210003245 2 1202505117.130905
0122152021343542464210003245 2 1202505117.130905
0122153021343542464210003245 2 1202505117.130905
0122155021343542464210003245 2 1202505117.130905
0122156021343542464210003245 2 1202505117.130906
0122150025343542464210003245 2 1202505117.130906
0122152025343542464210003245 2 1202505117.130906
0122153025343542464210003245 2 1202505117.130906
0122155025343542464210003245 2 1202505117.130906
0122156025343542464210003245 2 1202505117.130906
0122150021343552464210003245 2 1202505117.130907
0122152021343552464210003245 2 1202505117.130907
0122153021343552464210003245 2 1202505117.130908
0122155021343552464210003245 2 1202505117.130908
0122156021343552464210003245 2 1202505117.130908
0122150025343552464210003245 2 1202505117.130908
0122152025343552464210003245 2 1202505117.130908
0122153025343552464210003245 2 1202505117.130908
0122155025343552464210003245 2 1202505117.130909
0122156025343552464210003245 2 1202505117.130909
0122150025343505464210003245 2 1202505117.130912
0122152025343505464210003245 2 1202505117.130912
0122153025343505464210003245 2 1202505117.130912
0122155025343505464210003245 2 1202505117.130912
0122156025343505464210003245 2 1202505117.130912
0122150021343515464210003245 2 1202505117.130913
0122150025343515464210003245 2 1202505117.130913
0122152025343515464210003245 2 1202505117.130913
0122153025343515464210003245 2 1202505117.130914
0122155025343515464210003245 2 1202505117.130914
0122156025343515464210003245 2 1202505117.130914
0122150025343525464210003245 2 1202505117.130915
0122152025343525464210003245 2 1202505117.130915
0122153025343525464210003245 2 1202505117.130915
0122155025343525464210003245 2 1202505117.130915
0122156025343525464210003245 2 1202505117.130915
0122150025343545464210003245 2 1202505117.130916
0122152025343545464210003245 2 1202505117.130916
0122153025343545464210003245 2 1202505117.130916
0122155025343545464210003245 2 1202505117.130917
0122156025343545464210003245 2 1202505117.130917
0122150021343555464210003245 2 1202505117.130917
0122152021343555464210003245 2 1202505117.130918
0122153021343555464210003245 2 1202505117.130918
0122155021343555464210003245 2 1202505117.130918
0122156021343555464210003245 2 1202505117.130918
0122150025343555464210003245 2 1202505117.130918
0122152025343555464210003245 2 1202505117.130918
0122153025343555464210003245 2 1202505117.130919
0122155025343555464210003245 2 1202505117.130919
0122156025343555464210003245 2 1202505117.130919
0122153021143000464510003245 2 1202505117.131038
0122153025143000464510003245 2 1202505117.131038
0122150025343501464510003245 2 1202505117.131041
0122150021343511464510003245 2 1202505117.131041
0122150025343511464510003245 2 1202505117.131042
0122150025343521464510003245 2 1202505117.131042
0122150025343541464510003245 2 1202505117.131043
0122150021343551464510003245 2 1202505117.131043
0122150025343551464510003245 2 1202505117.131044
0122150021343502464510003245 2 1202505117.131044
0122152021343502464510003245 2 1202505117.131044
0122153021343502464510003245 2 1202505117.131045
0122155021343502464510003245 2 1202505117.131045
0122156021343502464510003245 2 1202505117.131045
0122150025343502464510003245 2 1202505117.131045
0122152025343502464510003245 2 1202505117.131045
0122153025343502464510003245 2 1202505117.131046
0122155025343502464510003245 2 1202505117.131046
0122156025343502464510003245 2 1202505117.131046
0122150021343512464510003245 2 1202505117.131047
0122152021343512464510003245 2 1202505117.131047
0122153021343512464510003245 2 1202505117.131047
0122155021343512464510003245 2 1202505117.131047
0122156021343512464510003245 2 1202505117.131047
0122150025343512464510003245 2 1202505117.131047
0122152025343512464510003245 2 1202505117.131048
0122153025343512464510003245 2 1202505117.131048
0122155025343512464510003245 2 1202505117.131048
0122156025343512464510003245 2 1202505117.131048
0122150021343522464510003245 2 1202505117.131049
0122152021343522464510003245 2 1202505117.131049
0122153021343522464510003245 2 1202505117.131049
0122155021343522464510003245 2 1202505117.131049
0122156021343522464510003245 2 1202505117.131050
0122150025343522464510003245 2 1202505117.131050
0122152025343522464510003245 2 1202505117.131050
0122153025343522464510003245 2 1202505117.131050
0122155025343522464510003245 2 1202505117.131050
0122156025343522464510003245 2 1202505117.131051
0122150021343542464510003245 2 1202505117.131051
0122152021343542464510003245 2 1202505117.131051
0122153021343542464510003245 2 1202505117.131052
0122155021343542464510003245 2 1202505117.131052
0122156021343542464510003245 2 1202505117.131052
0122150025343542464510003245 2 1202505117.131052
0122152025343542464510003245 2 1202505117.131052
0122153025343542464510003245 2 1202505117.131052
0122155025343542464510003245 2 1202505117.131053
0122156025343542464510003245 2 1202505117.131053
0122150021343552464510003245 2 1202505117.131054
0122152021343552464510003245 2 1202505117.131054
0122153021343552464510003245 2 1202505117.131054
0122155021343552464510003245 2 1202505117.131054
0122156021343552464510003245 2 1202505117.131054
0122150025343552464510003245 2 1202505117.131054
0122152025343552464510003245 2 1202505117.131055
0122153025343552464510003245 2 1202505117.131055
0122155025343552464510003245 2 1202505117.131055
0122156025343552464510003245 2 1202505117.131055
0122150025343505464510003245 2 1202505117.131058
0122152025343505464510003245 2 1202505117.131058
0122153025343505464510003245 2 1202505117.131058
0122155025343505464510003245 2 1202505117.131059
0122156025343505464510003245 2 1202505117.131059
0122150021343515464510003245 2 1202505117.131059
0122150025343515464510003245 2 1202505117.131100
0122152025343515464510003245 2 1202505117.131100
0122153025343515464510003245 2 1202505117.131100
0122155025343515464510003245 2 1202505117.131100
0122156025343515464510003245 2 1202505117.131100
0122150025343525464510003245 2 1202505117.131101
0122152025343525464510003245 2 1202505117.131101
0122153025343525464510003245 2 1202505117.131101
0122155025343525464510003245 2 1202505117.131102
0122156025343525464510003245 2 1202505117.131102
0122150025343545464510003245 2 1202505117.131102
0122152025343545464510003245 2 1202505117.131102
0122153025343545464510003245 2 1202505117.131103
0122155025343545464510003245 2 1202505117.131103
0122156025343545464510003245 2 1202505117.131103
0122150021343555464510003245 2 1202505117.131104
0122152021343555464510003245 2 1202505117.131104
0122153021343555464510003245 2 1202505117.131104
0122155021343555464510003245 2 1202505117.131104
0122156021343555464510003245 2 1202505117.131104
0122150025343555464510003245 2 1202505117.131105
0122152025343555464510003245 2 1202505117.131105
0122153025343555464510003245 2 1202505117.131105
0122155025343555464510003245 2 1202505117.131105
0122156025343555464510003245 2 1202505117.131105
