0524153520313144464110002155 6 1202505117.103953
0524153521313144464110002155 2 1202505117.103954
0524153523313144464110002155 6 1202505117.103954
0524153524313144464110002155 6 1202505117.103954
0524153525313144464110002155 2 1202505117.103955
0524153520313144464210002155 6 1202505117.104341
0524153521313144464210002155 2 1202505117.104341
0524153523313144464210002155 6 1202505117.104341
0524153524313144464210002155 6 1202505117.104342
0524153525313144464210002155 2 1202505117.104342
0524153520313144464510002155 6 1202505117.104707
0524153521313144464510002155 2 1202505117.104708
0524153523313144464510002155 6 1202505117.104708
0524153524313144464510002155 6 1202505117.104708
0524153525313144464510002155 2 1202505117.104709
0524153521313144424610002155 2 1202505117.104934
0524153520313144464610002155 6 1202505117.105141
0524153521313144464610002155 2 1202505117.105141
0524153523313144464610002155 6 1202505117.105141
0524153524313144464610002155 6 1202505117.105142
0524153525313144464610002155 2 1202505117.105142
