0122153021143000464110003205 2 1202505117.081242
0122153025143000464110003205 2 1202505117.081243
0122150025343501464110003205 2 1202505117.081246
0122150021343511464110003205 2 1202505117.081247
0122150025343511464110003205 2 1202505117.081247
0122150025343521464110003205 2 1202505117.081248
0122150025343541464110003205 2 1202505117.081248
0122150021343551464110003205 2 1202505117.081249
0122150025343551464110003205 2 1202505117.081249
0122150021343502464110003205 2 1202505117.081250
0122152021343502464110003205 2 1202505117.081250
0122153021343502464110003205 2 1202505117.081250
0122155021343502464110003205 2 1202505117.081251
0122156021343502464110003205 2 1202505117.081251
0122150025343502464110003205 2 1202505117.081251
0122152025343502464110003205 2 1202505117.081251
0122153025343502464110003205 2 1202505117.081251
0122155025343502464110003205 2 1202505117.081252
0122156025343502464110003205 2 1202505117.081252
0122150021343512464110003205 2 1202505117.081253
0122152021343512464110003205 2 1202505117.081253
0122153021343512464110003205 2 1202505117.081253
0122155021343512464110003205 2 1202505117.081253
0122156021343512464110003205 2 1202505117.081253
0122150025343512464110003205 2 1202505117.081254
0122152025343512464110003205 2 1202505117.081254
0122153025343512464110003205 2 1202505117.081254
0122155025343512464110003205 2 1202505117.081254
0122156025343512464110003205 2 1202505117.081254
0122150021343522464110003205 2 1202505117.081255
0122152021343522464110003205 2 1202505117.081255
0122153021343522464110003205 2 1202505117.081256
0122155021343522464110003205 2 1202505117.081256
0122156021343522464110003205 2 1202505117.081256
0122150025343522464110003205 2 1202505117.081256
0122152025343522464110003205 2 1202505117.081256
0122153025343522464110003205 2 1202505117.081257
0122155025343522464110003205 2 1202505117.081257
0122156025343522464110003205 2 1202505117.081257
0122150021343542464110003205 2 1202505117.081258
0122152021343542464110003205 2 1202505117.081258
0122153021343542464110003205 2 1202505117.081258
0122155021343542464110003205 2 1202505117.081258
0122156021343542464110003205 2 1202505117.081259
0122150025343542464110003205 2 1202505117.081259
0122152025343542464110003205 2 1202505117.081259
0122153025343542464110003205 2 1202505117.081259
0122155025343542464110003205 2 1202505117.081259
0122156025343542464110003205 2 1202505117.081300
0122150021343552464110003205 2 1202505117.081300
0122152021343552464110003205 2 1202505117.081301
0122153021343552464110003205 2 1202505117.081301
0122155021343552464110003205 2 1202505117.081301
0122156021343552464110003205 2 1202505117.081301
0122150025343552464110003205 2 1202505117.081301
0122152025343552464110003205 2 1202505117.081302
0122153025343552464110003205 2 1202505117.081302
0122155025343552464110003205 2 1202505117.081302
0122156025343552464110003205 2 1202505117.081302
0122150025343505464110003205 2 1202505117.081305
0122152025343505464110003205 2 1202505117.081305
0122153025343505464110003205 2 1202505117.081306
0122155025343505464110003205 2 1202505117.081306
0122156025343505464110003205 2 1202505117.081306
0122150021343515464110003205 2 1202505117.081307
0122150025343515464110003205 2 1202505117.081307
0122152025343515464110003205 2 1202505117.081307
0122153025343515464110003205 2 1202505117.081307
0122155025343515464110003205 2 1202505117.081308
0122156025343515464110003205 2 1202505117.081308
0122150025343525464110003205 2 1202505117.081308
0122152025343525464110003205 2 1202505117.081309
0122153025343525464110003205 2 1202505117.081309
0122155025343525464110003205 2 1202505117.081309
0122156025343525464110003205 2 1202505117.081309
0122150025343545464110003205 2 1202505117.081310
0122152025343545464110003205 2 1202505117.081310
0122153025343545464110003205 2 1202505117.081310
0122155025343545464110003205 2 1202505117.081311
0122156025343545464110003205 2 1202505117.081311
0122150021343555464110003205 2 1202505117.081312
0122152021343555464110003205 2 1202505117.081312
0122153021343555464110003205 2 1202505117.081312
0122155021343555464110003205 2 1202505117.081312
0122156021343555464110003205 2 1202505117.081312
0122150025343555464110003205 2 1202505117.081313
0122152025343555464110003205 2 1202505117.081313
0122153025343555464110003205 2 1202505117.081313
0122155025343555464110003205 2 1202505117.081313
0122156025343555464110003205 2 1202505117.081313
0122153021143000464210003205 2 1202505117.081444
0122153025143000464210003205 2 1202505117.081444
0122150025343501464210003205 2 1202505117.081447
0122150021343511464210003205 2 1202505117.081448
0122150025343511464210003205 2 1202505117.081448
0122150025343521464210003205 2 1202505117.081449
0122150025343541464210003205 2 1202505117.081450
0122150021343551464210003205 2 1202505117.081451
0122150025343551464210003205 2 1202505117.081451
0122150021343502464210003205 2 1202505117.081452
0122152021343502464210003205 2 1202505117.081452
0122153021343502464210003205 2 1202505117.081452
0122155021343502464210003205 2 1202505117.081452
0122156021343502464210003205 2 1202505117.081452
0122150025343502464210003205 2 1202505117.081453
0122152025343502464210003205 2 1202505117.081453
0122153025343502464210003205 2 1202505117.081453
0122155025343502464210003205 2 1202505117.081453
0122156025343502464210003205 2 1202505117.081454
0122150021343512464210003205 2 1202505117.081454
0122152021343512464210003205 2 1202505117.081455
0122153021343512464210003205 2 1202505117.081455
0122155021343512464210003205 2 1202505117.081455
0122156021343512464210003205 2 1202505117.081455
0122150025343512464210003205 2 1202505117.081455
0122152025343512464210003205 2 1202505117.081456
0122153025343512464210003205 2 1202505117.081456
0122155025343512464210003205 2 1202505117.081456
0122156025343512464210003205 2 1202505117.081456
0122150021343522464210003205 2 1202505117.081457
0122152021343522464210003205 2 1202505117.081457
0122153021343522464210003205 2 1202505117.081457
0122155021343522464210003205 2 1202505117.081458
0122156021343522464210003205 2 1202505117.081458
0122150025343522464210003205 2 1202505117.081458
0122152025343522464210003205 2 1202505117.081458
0122153025343522464210003205 2 1202505117.081458
0122155025343522464210003205 2 1202505117.081459
0122156025343522464210003205 2 1202505117.081459
0122150021343542464210003205 2 1202505117.081459
0122152021343542464210003205 2 1202505117.081500
0122153021343542464210003205 2 1202505117.081500
0122155021343542464210003205 2 1202505117.081500
0122156021343542464210003205 2 1202505117.081500
0122150025343542464210003205 2 1202505117.081500
0122152025343542464210003205 2 1202505117.081501
0122153025343542464210003205 2 1202505117.081501
0122155025343542464210003205 2 1202505117.081501
0122156025343542464210003205 2 1202505117.081501
0122150021343552464210003205 2 1202505117.081502
0122152021343552464210003205 2 1202505117.081502
0122153021343552464210003205 2 1202505117.081502
0122155021343552464210003205 2 1202505117.081503
0122156021343552464210003205 2 1202505117.081503
0122150025343552464210003205 2 1202505117.081503
0122152025343552464210003205 2 1202505117.081503
0122153025343552464210003205 2 1202505117.081504
0122155025343552464210003205 2 1202505117.081504
0122156025343552464210003205 2 1202505117.081504
0122150025343505464210003205 2 1202505117.081507
0122152025343505464210003205 2 1202505117.081507
0122153025343505464210003205 2 1202505117.081507
0122155025343505464210003205 2 1202505117.081508
0122156025343505464210003205 2 1202505117.081508
0122150021343515464210003205 2 1202505117.081509
0122150025343515464210003205 2 1202505117.081509
0122152025343515464210003205 2 1202505117.081509
0122153025343515464210003205 2 1202505117.081509
0122155025343515464210003205 2 1202505117.081510
0122156025343515464210003205 2 1202505117.081510
0122150025343525464210003205 2 1202505117.081511
0122152025343525464210003205 2 1202505117.081511
0122153025343525464210003205 2 1202505117.081511
0122155025343525464210003205 2 1202505117.081511
0122156025343525464210003205 2 1202505117.081511
0122150025343545464210003205 2 1202505117.081512
0122152025343545464210003205 2 1202505117.081512
0122153025343545464210003205 2 1202505117.081513
0122155025343545464210003205 2 1202505117.081513
0122156025343545464210003205 2 1202505117.081513
0122150021343555464210003205 2 1202505117.081514
0122152021343555464210003205 2 1202505117.081514
0122153021343555464210003205 2 1202505117.081514
0122155021343555464210003205 2 1202505117.081514
0122156021343555464210003205 2 1202505117.081515
0122150025343555464210003205 2 1202505117.081515
0122152025343555464210003205 2 1202505117.081515
0122153025343555464210003205 2 1202505117.081515
0122155025343555464210003205 2 1202505117.081515
0122156025343555464210003205 2 1202505117.081516
0122153021143000464510003205 2 1202505117.081645
0122153025143000464510003205 2 1202505117.081645
0122150025343501464510003205 2 1202505117.081648
0122150021343511464510003205 2 1202505117.081649
0122150025343511464510003205 2 1202505117.081649
0122150025343521464510003205 2 1202505117.081650
0122150025343541464510003205 2 1202505117.081651
0122150021343551464510003205 2 1202505117.081651
0122150025343551464510003205 2 1202505117.081652
0122150021343502464510003205 2 1202505117.081652
0122152021343502464510003205 2 1202505117.081652
0122153021343502464510003205 2 1202505117.081653
0122155021343502464510003205 2 1202505117.081653
0122156021343502464510003205 2 1202505117.081653
0122150025343502464510003205 2 1202505117.081653
0122152025343502464510003205 2 1202505117.081654
0122153025343502464510003205 2 1202505117.081654
0122155025343502464510003205 2 1202505117.081654
0122156025343502464510003205 2 1202505117.081654
0122150021343512464510003205 2 1202505117.081655
0122152021343512464510003205 2 1202505117.081655
0122153021343512464510003205 2 1202505117.081655
0122155021343512464510003205 2 1202505117.081655
0122156021343512464510003205 2 1202505117.081656
0122150025343512464510003205 2 1202505117.081656
0122152025343512464510003205 2 1202505117.081656
0122153025343512464510003205 2 1202505117.081656
0122155025343512464510003205 2 1202505117.081657
0122156025343512464510003205 2 1202505117.081657
0122150021343522464510003205 2 1202505117.081657
0122152021343522464510003205 2 1202505117.081658
0122153021343522464510003205 2 1202505117.081658
0122155021343522464510003205 2 1202505117.081658
0122156021343522464510003205 2 1202505117.081658
0122150025343522464510003205 2 1202505117.081659
0122152025343522464510003205 2 1202505117.081659
0122153025343522464510003205 2 1202505117.081659
0122155025343522464510003205 2 1202505117.081659
0122156025343522464510003205 2 1202505117.081659
0122150021343542464510003205 2 1202505117.081700
0122152021343542464510003205 2 1202505117.081700
0122153021343542464510003205 2 1202505117.081700
0122155021343542464510003205 2 1202505117.081701
0122156021343542464510003205 2 1202505117.081701
0122150025343542464510003205 2 1202505117.081701
0122152025343542464510003205 2 1202505117.081701
0122153025343542464510003205 2 1202505117.081701
0122155025343542464510003205 2 1202505117.081702
0122156025343542464510003205 2 1202505117.081702
0122150021343552464510003205 2 1202505117.081703
0122152021343552464510003205 2 1202505117.081703
0122153021343552464510003205 2 1202505117.081703
0122155021343552464510003205 2 1202505117.081703
0122156021343552464510003205 2 1202505117.081703
0122150025343552464510003205 2 1202505117.081704
0122152025343552464510003205 2 1202505117.081704
0122153025343552464510003205 2 1202505117.081704
0122155025343552464510003205 2 1202505117.081704
0122156025343552464510003205 2 1202505117.081704
0122150025343505464510003205 2 1202505117.081708
0122152025343505464510003205 2 1202505117.081708
0122153025343505464510003205 2 1202505117.081708
0122155025343505464510003205 2 1202505117.081708
0122156025343505464510003205 2 1202505117.081708
0122150021343515464510003205 2 1202505117.081709
0122150025343515464510003205 2 1202505117.081709
0122152025343515464510003205 2 1202505117.081710
0122153025343515464510003205 2 1202505117.081710
0122155025343515464510003205 2 1202505117.081710
0122156025343515464510003205 2 1202505117.081710
0122150025343525464510003205 2 1202505117.081711
0122152025343525464510003205 2 1202505117.081711
0122153025343525464510003205 2 1202505117.081711
0122155025343525464510003205 2 1202505117.081711
0122156025343525464510003205 2 1202505117.081712
0122150025343545464510003205 2 1202505117.081712
0122152025343545464510003205 2 1202505117.081713
0122153025343545464510003205 2 1202505117.081713
0122155025343545464510003205 2 1202505117.081713
0122156025343545464510003205 2 1202505117.081713
0122150021343555464510003205 2 1202505117.081714
0122152021343555464510003205 2 1202505117.081714
0122153021343555464510003205 2 1202505117.081714
0122155021343555464510003205 2 1202505117.081715
0122156021343555464510003205 2 1202505117.081715
0122150025343555464510003205 2 1202505117.081715
0122152025343555464510003205 2 1202505117.081715
0122153025343555464510003205 2 1202505117.081715
0122155025343555464510003205 2 1202505117.081716
0122156025343555464510003205 2 1202505117.081716
0524126225613545414110001136 2 1202505117.083513
0524156525613142424110001136 2 1202505117.083549
0514152521603144424110001136 1 1202505117.083615
0514152525603144424110001136 1 1202505117.083615
0524156521113144424110001136 2 1202505117.083616
0524156525113144424110001136 2 1202505117.083616
0514152521613144424110001136 2 1202505117.083617
0524106521613144424110001136 2 1202505117.083617
0524156521613144424110001136 2 1202505117.083617
0514152525613144424110001136 2 1202505117.083617
0524106525613144424110001136 2 1202505117.083618
0524156525613144424110001136 2 1202505117.083618
0514152521633144424110001136 2 1202505117.083618
0514152525633144424110001136 2 1202505117.083618
0514152521643144424110001136 2 1202505117.083619
0514152525643144424110001136 2 1202505117.083619
0514152521653144424110001136 1 1202505117.083620
0514152525653144424110001136 1 1202505117.083620
0524150121363144424110001136 2 1202505117.083621
0524150521363144424110001136 2 1202505117.083621
0524152521363144424110001136 2 1202505117.083622
0524153521363144424110001136 2 1202505117.083622
0524155521363144424110001136 2 1202505117.083622
0524156521363144424110001136 2 1202505117.083622
0514152521663144424110001136 2 1202505117.083624
0514152525663144424110001136 2 1202505117.083625
0524156021613545424110001136 2 1202505117.083646
0524156521613545424110001136 2 1202505117.083646
0524126225613545414210001136 2 1202505117.083942
0524156525613142424210001136 2 1202505117.084012
0514152521603144424210001136 1 1202505117.084034
0514152525603144424210001136 1 1202505117.084034
0524156521113144424210001136 2 1202505117.084035
0524156525113144424210001136 2 1202505117.084035
0514152521613144424210001136 2 1202505117.084035
0524106521613144424210001136 2 1202505117.084036
0524156521613144424210001136 2 1202505117.084036
0514152525613144424210001136 2 1202505117.084036
0524106525613144424210001136 2 1202505117.084036
0524156525613144424210001136 2 1202505117.084037
0514152521633144424210001136 2 1202505117.084037
0514152525633144424210001136 2 1202505117.084037
0514152521643144424210001136 2 1202505117.084037
0514152525643144424210001136 2 1202505117.084038
0514152521653144424210001136 1 1202505117.084038
0514152525653144424210001136 1 1202505117.084039
0524150121363144424210001136 2 1202505117.084040
0524150521363144424210001136 2 1202505117.084040
0524152521363144424210001136 2 1202505117.084040
0524153521363144424210001136 2 1202505117.084040
0524155521363144424210001136 2 1202505117.084041
0524156521363144424210001136 2 1202505117.084041
0514152521663144424210001136 2 1202505117.084042
0514152525663144424210001136 2 1202505117.084043
0524156021613545424210001136 2 1202505117.084058
0524156521613545424210001136 2 1202505117.084058
0524126225613545414510001136 2 1202505117.084349
0524156525613142424510001136 2 1202505117.084414
0514152521603144424510001136 1 1202505117.084434
0514152525603144424510001136 1 1202505117.084434
0524156521113144424510001136 2 1202505117.084435
0524156525113144424510001136 2 1202505117.084435
0514152521613144424510001136 2 1202505117.084435
0524106521613144424510001136 2 1202505117.084435
0524156521613144424510001136 2 1202505117.084436
0514152525613144424510001136 2 1202505117.084436
0524106525613144424510001136 2 1202505117.084436
0524156525613144424510001136 2 1202505117.084437
0514152521633144424510001136 2 1202505117.084437
0514152525633144424510001136 2 1202505117.084437
0514152521643144424510001136 2 1202505117.084437
0514152525643144424510001136 2 1202505117.084438
0514152521653144424510001136 1 1202505117.084438
0514152525653144424510001136 1 1202505117.084439
0524150121363144424510001136 2 1202505117.084439
0524150521363144424510001136 2 1202505117.084440
0524152521363144424510001136 2 1202505117.084440
0524153521363144424510001136 2 1202505117.084440
0524155521363144424510001136 2 1202505117.084441
0524156521363144424510001136 2 1202505117.084441
0514152521663144424510001136 2 1202505117.084442
0514152525663144424510001136 2 1202505117.084443
0524156021613545424510001136 2 1202505117.084454
0524156521613545424510001136 2 1202505117.084455
0524126225613545414610001136 2 1202505117.084744
0524156525613142424610001136 2 1202505117.084818
0514152521603144424610001136 1 1202505117.084841
0514152525603144424610001136 1 1202505117.084841
0524156521113144424610001136 2 1202505117.084842
0524156525113144424610001136 2 1202505117.084842
0524153521313144424610001136 2 1202505117.084842
0514152521613144424610001136 2 1202505117.084843
0524106521613144424610001136 2 1202505117.084843
0524156521613144424610001136 2 1202505117.084843
0514152525613144424610001136 2 1202505117.084844
0524106525613144424610001136 2 1202505117.084844
0524156525613144424610001136 2 1202505117.084844
0514152521633144424610001136 2 1202505117.084845
0514152525633144424610001136 2 1202505117.084845
0514152521643144424610001136 2 1202505117.084845
0514152525643144424610001136 2 1202505117.084845
0514152521653144424610001136 1 1202505117.084846
0514152525653144424610001136 1 1202505117.084847
0524150121363144424610001136 2 1202505117.084848
0524150521363144424610001136 2 1202505117.084848
0524152521363144424610001136 2 1202505117.084848
0524153521363144424610001136 2 1202505117.084848
0524155521363144424610001136 2 1202505117.084848
0524156521363144424610001136 2 1202505117.084849
0514152521663144424610001136 2 1202505117.084850
0514152525663144424610001136 2 1202505117.084850
0524156021613545424610001136 2 1202505117.084906
0524156521613545424610001136 2 1202505117.084906
0524153521313144424610002555 2 1202505117.093654
0524126225613545414110001636 2 1202505117.094544
0524156525613142424110001636 2 1202505117.094619
0514152521603144424110001636 1 1202505117.094644
0514152525603144424110001636 1 1202505117.094645
0524156521113144424110001636 2 1202505117.094645
0524156525113144424110001636 2 1202505117.094645
0514152521613144424110001636 2 1202505117.094645
0524106521613144424110001636 2 1202505117.094646
0524156521613144424110001636 2 1202505117.094646
0514152525613144424110001636 2 1202505117.094646
0524106525613144424110001636 2 1202505117.094646
0524156525613144424110001636 2 1202505117.094647
0514152521633144424110001636 2 1202505117.094647
0514152525633144424110001636 2 1202505117.094647
0514152521643144424110001636 2 1202505117.094647
0514152525643144424110001636 2 1202505117.094648
0514152521653144424110001636 1 1202505117.094648
0514152525653144424110001636 1 1202505117.094649
0524150121363144424110001636 2 1202505117.094649
0524150521363144424110001636 2 1202505117.094650
0524152521363144424110001636 2 1202505117.094650
0524153521363144424110001636 2 1202505117.094650
0524155521363144424110001636 2 1202505117.094650
0524156521363144424110001636 2 1202505117.094650
0514152521663144424110001636 2 1202505117.094652
0514152525663144424110001636 2 1202505117.094653
0524156021613545424110001636 2 1202505117.094712
0524156521613545424110001636 2 1202505117.094712
0524126225613545414210001636 2 1202505117.094904
0524156525613142424210001636 2 1202505117.094924
0514152521603144424210001636 1 1202505117.094939
0514152525603144424210001636 1 1202505117.094939
0524156521113144424210001636 2 1202505117.094939
0524156525113144424210001636 2 1202505117.094940
0514152521613144424210001636 2 1202505117.094940
0524106521613144424210001636 2 1202505117.094940
0524156521613144424210001636 2 1202505117.094940
0514152525613144424210001636 2 1202505117.094941
0524106525613144424210001636 2 1202505117.094941
0524156525613144424210001636 2 1202505117.094941
0514152521633144424210001636 2 1202505117.094941
0514152525633144424210001636 2 1202505117.094941
0514152521643144424210001636 2 1202505117.094942
0514152525643144424210001636 2 1202505117.094942
0514152521653144424210001636 1 1202505117.094942
0514152525653144424210001636 1 1202505117.094943
0524150121363144424210001636 2 1202505117.094943
0524150521363144424210001636 2 1202505117.094943
0524152521363144424210001636 2 1202505117.094943
0524153521363144424210001636 2 1202505117.094944
0524155521363144424210001636 2 1202505117.094944
0524156521363144424210001636 2 1202505117.094944
0514152521663144424210001636 2 1202505117.094945
0514152525663144424210001636 2 1202505117.094945
0524156021613545424210001636 2 1202505117.094953
0524156521613545424210001636 2 1202505117.094954
0524126225613545414510001636 2 1202505117.095123
0524156525613142424510001636 2 1202505117.095140
0514152521603144424510001636 1 1202505117.095153
0514152525603144424510001636 1 1202505117.095154
0524156521113144424510001636 2 1202505117.095154
0524156525113144424510001636 2 1202505117.095154
0514152521613144424510001636 2 1202505117.095154
0524106521613144424510001636 2 1202505117.095154
0524156521613144424510001636 2 1202505117.095155
0514152525613144424510001636 2 1202505117.095155
0524106525613144424510001636 2 1202505117.095155
0524156525613144424510001636 2 1202505117.095155
0514152521633144424510001636 2 1202505117.095156
0514152525633144424510001636 2 1202505117.095156
0514152521643144424510001636 2 1202505117.095156
0514152525643144424510001636 2 1202505117.095156
0514152521653144424510001636 1 1202505117.095156
0514152525653144424510001636 1 1202505117.095157
0524150121363144424510001636 2 1202505117.095157
0524150521363144424510001636 2 1202505117.095157
0524152521363144424510001636 2 1202505117.095158
0524153521363144424510001636 2 1202505117.095158
0524155521363144424510001636 2 1202505117.095158
0524156521363144424510001636 2 1202505117.095158
0514152521663144424510001636 2 1202505117.095159
0514152525663144424510001636 2 1202505117.095200
0524156021613545424510001636 2 1202505117.095206
0524156521613545424510001636 2 1202505117.095206
0524126225613545414610001636 2 1202505117.095336
0524156525613142424610001636 2 1202505117.095357
0514152521603144424610001636 1 1202505117.095411
0514152525603144424610001636 1 1202505117.095411
0524156521113144424610001636 2 1202505117.095412
0524156525113144424610001636 2 1202505117.095412
0524153521313144424610001636 2 1202505117.095412
0514152521613144424610001636 2 1202505117.095412
0524106521613144424610001636 2 1202505117.095413
0524156521613144424610001636 2 1202505117.095413
0514152525613144424610001636 2 1202505117.095413
0524106525613144424610001636 2 1202505117.095413
0524156525613144424610001636 2 1202505117.095414
0514152521633144424610001636 2 1202505117.095414
0514152525633144424610001636 2 1202505117.095414
0514152521643144424610001636 2 1202505117.095414
0514152525643144424610001636 2 1202505117.095414
0514152521653144424610001636 1 1202505117.095415
0514152525653144424610001636 1 1202505117.095415
0524150121363144424610001636 2 1202505117.095416
0524150521363144424610001636 2 1202505117.095416
0524152521363144424610001636 2 1202505117.095416
0524153521363144424610001636 2 1202505117.095416
0524155521363144424610001636 2 1202505117.095416
0524156521363144424610001636 2 1202505117.095417
0514152521663144424610001636 2 1202505117.095418
0514152525663144424610001636 2 1202505117.095418
0524156021613545424610001636 2 1202505117.095426
0524156521613545424610001636 2 1202505117.095426
