014510252130314142420114 2 1202504281.210040
014510252135314142420114 1 1202504281.210104
014510252130314242420114 2 1202504281.210456
014510252131314242420114 2 1202504281.210515
014510252133314242420114 2 1202504281.210534
014510252134314242420114 2 1202504281.210554
014510252135314242420114 1 1202504281.210619
014510252130304542420114 1 1202504281.211207
014510252130314542420114 1 1202504281.211413
014510252131314542420114 2 1202504281.211448
014510252133314542420114 2 1202504281.211506
014510252134314542420114 2 1202504281.211524
014510252135314542420114 1 1202504281.211606
014510352111314242420124 2 1202504281.212810
014510352111314542420124 2 1202504281.213301
014110052103311442420424 2 1202504281.213549
014110052113311442420424 2 1202504281.213603
014110052113314442420424 2 1202504281.213722
014110052133314442420424 2 1202504281.213739
