02421020210331024001 2 1202410222.180334
02421020211331024001 2 1202410222.180406
02421020212331024001 2 1202410222.180438
02421020213331024001 2 1202410222.180510
02421020214331024001 2 1202410222.180542
02421020210331124001 2 1202410222.180619
02421020211331124001 2 1202410222.180651
02421020212331124001 2 1202410222.180723
02421020213331124001 2 1202410222.180755
02421020214331124001 2 1202410222.180827
02421020210331224001 2 1202410222.180904
02421020211331224001 2 1202410222.180938
02421020212331224001 2 1202410222.181012
02421020213331224001 2 1202410222.181046
02421020214331224001 2 1202410222.181119
02421020210331424001 2 1202410222.181210
