3226154728018
3226154728021
3226154728000
3226154728045
3226154728099
3226154727532
3226154728747
3226154730205
3226154714896
3226154747701
3226154609920
3226154905165
3226155259459
3226151539372
3226159510987
3226169076925
3226068634576
3226283868181
3225379887040
3227316989485
3229641512419
3205234021612
3257535787627
3320297906845
2661295655056
4073443337461
5768020556347
3226154728021
3226154728020
3226154728002
3226154728047
3226154728101
3226154727534
3226154728749
3226154730207
3226154714898
3226154747703
3226154609922
3226154905167
3226155259461
3226151539374
3226159510989
3226169076927
3226068634578
3226283868183
3225379887042
3227316989487
3229641512421
3205234021614
3257535787629
3320297906847
2661295655058
4073443337463
5768020556349
3226154728000
3226154728002
3226154727999
3226154728026
3226154728080
3226154727513
3226154728728
3226154730186
3226154714877
3226154747682
3226154609901
3226154905146
3226155259440
3226151539353
3226159510968
3226169076906
3226068634557
3226283868162
3225379887021
3227316989466
3229641512400
3205234021593
3257535787608
3320297906826
2661295655037
4073443337442
5768020556328
3226154728045
3226154728047
3226154728026
3226154728044
3226154728125
3226154727558
3226154728773
3226154730231
3226154714922
3226154747727
3226154609946
3226154905191
3226155259485
3226151539398
3226159511013
3226169076951
3226068634602
3226283868207
3225379887066
3227316989511
3229641512445
3205234021638
3257535787653
3320297906871
2661295655082
4073443337487
5768020556373
3226154728099
3226154728101
3226154728080
3226154728125
3226154728098
3226154727612
3226154728827
3226154730285
3226154714976
3226154747781
3226154610000
3226154905245
3226155259539
3226151539452
3226159511067
3226169077005
3226068634656
3226283868261
3225379887120
3227316989565
3229641512499
3205234021692
3257535787707
3320297906925
2661295655136
4073443337541
5768020556427
3226154727532
3226154727534
3226154727513
3226154727558
3226154727612
3226154727531
3226154728260
3226154729718
3226154714409
3226154747214
3226154609433
3226154904678
3226155258972
3226151538885
3226159510500
3226169076438
3226068634089
3226283867694
3225379886553
3227316988998
3229641511932
3205234021125
3257535787140
3320297906358
2661295654569
4073443336974
5768020555860
3226154728747
3226154728749
3226154728728
3226154728773
3226154728827
3226154728260
3226154728746
3226154730933
3226154715624
3226154748429
3226154610648
3226154905893
3226155260187
3226151540100
3226159511715
3226169077653
3226068635304
3226283868909
3225379887768
3227316990213
3229641513147
3205234022340
3257535788355
3320297907573
2661295655784
4073443338189
5768020557075
3226154730205
3226154730207
3226154730186
3226154730231
3226154730285
3226154729718
3226154730933
3226154730204
3226154717082
3226154749887
3226154612106
3226154907351
3226155261645
3226151541558
3226159513173
3226169079111
3226068636762
3226283870367
3225379889226
3227316991671
3229641514605
3205234023798
3257535789813
3320297909031
2661295657242
4073443339647
5768020558533
3226154714896
3226154714898
3226154714877
3226154714922
3226154714976
3226154714409
3226154715624
3226154717082
3226154714895
3226154734578
3226154596797
3226154892042
3226155246336
3226151526249
3226159497864
3226169063802
3226068621453
3226283855058
3225379873917
3227316976362
3229641499296
3205234008489
3257535774504
3320297893722
2661295641933
4073443324338
5768020543224
3226154747701
3226154747703
3226154747682
3226154747727
3226154747781
3226154747214
3226154748429
3226154749887
3226154734578
3226154747700
3226154629602
3226154924847
3226155279141
3226151559054
3226159530669
3226169096607
3226068654258
3226283887863
3225379906722
3227317009167
3229641532101
3205234041294
3257535807309
3320297926527
2661295674738
4073443357143
5768020576029
3226154609920
3226154609922
3226154609901
3226154609946
3226154610000
3226154609433
3226154610648
3226154612106
3226154596797
3226154629602
3226154609919
3226154787066
3226155141360
3226151421273
3226159392888
3226168958826
3226068516477
3226283750082
3225379768941
3227316871386
3229641394320
3205233903513
3257535669528
3320297788746
2661295536957
4073443219362
5768020438248
3226154905165
3226154905167
3226154905146
3226154905191
3226154905245
3226154904678
3226154905893
3226154907351
3226154892042
3226154924847
3226154787066
3226154905164
3226155436605
3226151716518
3226159688133
3226169254071
3226068811722
3226284045327
3225380064186
3227317166631
3229641689565
3205234198758
3257535964773
3320298083991
2661295832202
4073443514607
5768020733493
3226155259459
3226155259461
3226155259440
3226155259485
3226155259539
3226155258972
3226155260187
3226155261645
3226155246336
3226155279141
3226155141360
3226155436605
3226155259458
3226152070812
3226160042427
3226169608365
3226069166016
3226284399621
3225380418480
3227317520925
3229642043859
3205234553052
3257536319067
3320298438285
2661296186496
4073443868901
5768021087787
3226151539372
3226151539374
3226151539353
3226151539398
3226151539452
3226151538885
3226151540100
3226151541558
3226151526249
3226151559054
3226151421273
3226151716518
3226152070812
3226151539371
3226156322340
3226165888278
3226065445929
3226280679534
3225376698393
3227313800838
3229638323772
3205230832965
3257532598980
3320294718198
2661292466409
4073440148814
5768017367700
3226159510987
3226159510989
3226159510968
3226159511013
3226159511067
3226159510500
3226159511715
3226159513173
3226159497864
3226159530669
3226159392888
3226159688133
3226160042427
3226156322340
3226159510986
3226173859893
3226073417544
3226288651149
3225384670008
3227321772453
3229646295387
3205238804580
3257540570595
3320302689813
2661300438024
4073448120429
5768025339315
3226169076925
3226169076927
3226169076906
3226169076951
3226169077005
3226169076438
3226169077653
3226169079111
3226169063802
3226169096607
3226168958826
3226169254071
3226169608365
3226165888278
3226173859893
3226169076924
3226082983482
3226298217087
3225394235946
3227331338391
3229655861325
3205248370518
3257550136533
3320312255751
2661310003962
4073457686367
5768034905253
3226068634576
3226068634578
3226068634557
3226068634602
3226068634656
3226068634089
3226068635304
3226068636762
3226068621453
3226068654258
3226068516477
3226068811722
3226069166016
3226065445929
3226073417544
3226082983482
3226068634575
3226197774738
3225293793597
3227230896042
3229555418976
3205147928169
3257449694184
3320211813402
2661209561613
4073357244018
5767934462904
3226283868181
3226283868183
3226283868162
3226283868207
3226283868261
3226283867694
3226283868909
3226283870367
3226283855058
3226283887863
3226283750082
3226284045327
3226284399621
3226280679534
3226288651149
3226298217087
3226197774738
3226283868180
3225509027202
3227446129647
3229770652581
3205363161774
3257664927789
3320427047007
2661424795218
4073572477623
5768149696509
3225379887040
3225379887042
3225379887021
3225379887066
3225379887120
3225379886553
3225379887768
3225379889226
3225379873917
3225379906722
3225379768941
3225380064186
3225380418480
3225376698393
3225384670008
3225394235946
3225293793597
3225509027202
3225379887039
3226542148506
3228866671440
3204459180633
3256760946648
3319523065866
2660520814077
4072668496482
5767245715368
3227316989485
3227316989487
3227316989466
3227316989511
3227316989565
3227316988998
3227316990213
3227316991671
3227316976362
3227317009167
3227316871386
3227317166631
3227317520925
3227313800838
3227321772453
3227331338391
3227230896042
3227446129647
3226542148506
3227316989484
3230803773885
3206396283078
3258698049093
3321460168311
2662457916522
4074605598927
5769182817813
3229641512419
3229641512421
3229641512400
3229641512445
3229641512499
3229641511932
3229641513147
3229641514605
3229641499296
3229641532101
3229641394320
3229641689565
3229642043859
3229638323772
3229646295387
3229655861325
3229555418976
3229770652581
3228866671440
3230803773885
3229641512418
3208720806012
3261022572027
3323784691245
2664782439456
4076930121861
5771507340747
3205234021612
3205234021614
3205234021593
3205234021638
3205234021692
3205234021125
3205234022340
3205234023798
3205234008489
3205234041294
3205233903513
3205234198758
3205234553052
3205230832965
3205238804580
3205248370518
3205147928169
3205363161774
3204459180633
3206396283078
3208720806012
3205234021611
3236615081220
3299377200438
2640374948649
4052522631054
5747099849940
3257535787627
3257535787629
3257535787608
3257535787653
3257535787707
3257535787140
3257535788355
3257535789813
3257535774504
3257535807309
3257535669528
3257535964773
3257536319067
3257532598980
3257540570595
3257550136533
3257449694184
3257664927789
3256760946648
3258698049093
3261022572027
3236615081220
3257535787626
3351678966453
2692676714664
4104824397069
5799401615955
3320297906845
3320297906847
3320297906826
3320297906871
3320297906925
3320297906358
3320297907573
3320297909031
3320297893722
3320297926527
3320297788746
3320298083991
3320298438285
3320294718198
3320302689813
3320312255751
3320211813402
3320427047007
3319523065866
3321460168311
3323784691245
3299377200438
3351678966453
3320297906844
2755438833882
4167586516287
5862163735173
2661295655056
2661295655058
2661295655037
2661295655082
2661295655136
2661295654569
2661295655784
2661295657242
2661295641933
2661295674738
2661295536957
2661295832202
2661296186496
2661292466409
2661300438024
2661310003962
2661209561613
2661424795218
2660520814077
2662457916522
2664782439456
2640374948649
2692676714664
2755438833882
2661295655055
3508584264498
5203161483384
4073443337461
4073443337463
4073443337442
4073443337487
4073443337541
4073443336974
4073443338189
4073443339647
4073443324338
4073443357143
4073443219362
4073443514607
4073443868901
4073440148814
4073448120429
4073457686367
4073357244018
4073572477623
4072668496482
4074605598927
4076930121861
4052522631054
4104824397069
4167586516287
3508584264498
4073443337460
6615309165789
5768020556347
5768020556349
5768020556328
5768020556373
5768020556427
5768020555860
5768020557075
5768020558533
5768020543224
5768020576029
5768020438248
5768020733493
5768021087787
5768017367700
5768025339315
5768034905253
5767934462904
5768149696509
5767245715368
5769182817813
5771507340747
5747099849940
5799401615955
5862163735173
5203161483384
6615309165789
5768020556346
