3226151539374
3226155141360
3205234021638
3226154747727
3225379887039
3226068634578
3226068654258
3226283887863
3226155259459
3226154714895
5767934462904
3206396283078
3226155279141
3227316989511
3226152070812
3229641512418
4073443337460
4073443337461
3226154727532
3226283868180
3225379768941
3227316989487
3226154728773
3320297906845
3226151539452
3226283868909
3226154905245
2661295655784
3226283855058
3226154728018
3205234021125
3226154728749
3226165888278
5768020556347
3226154714898
3226283868183
3226283868181
3226154728020
3226159530669
3226151539371
5767245715368
3226069166016
5203161483384
5768020556346
3227230896042
3257532598980
3229638323772
3226154730204
3226159510986
4073440148814
5768017367700
4073443337487
3226154905164
3226159510987
3227446129647
3226154609920
3226151541558
3225384670008
3205234198758
3227313800838
3226154747703
3226154727531
3226154728044
5768020556349
3229642043859
4073357244018
3256760946648
5799401615955
3226068634575
3226155436605
3320297926527
3226159511013
3261022572027
2661209561613
4073443357143
3226068635304
3226154892042
3226155259458
3226288651149
3226154905167
3226155259539
3227316991671
3320297906871
3229641689565
3257449694184
2660520814077
3226068621453
3226154728047
5768020438248
3226284399621
3227317520925
3226154728827
3320427047007
3226151540100
3226154730207
3226173859893
3226154609919
3226073417544
2661295641933
3226280679534
2661295655056
3226283750082
3226068516477
3226155259485
3226154728101
3226155246336
5768020543224
3226154924847
3226283868207
3226154905893
3226154714877
3226154609946
3226154905146
3226169077653
3226151539398
3257550136533
3226068636762
3226154610648
2661300438024
3227316871386
3229641532101
2661295832202
3226197774738
3226155261645
3226151716518
3226154610000
3257535789813
3225379887042
5768020556427
3226154905165
4167586516287
2661295536957
3226154714409
3226154747701
3257535787653
3226159511715
3229641512419
3229641514605
3320302689813
3227316989484
3226154730205
3205234023798
3205230832965
3226154715624
5768149696509
3226154728000
3226169096607
3227316990213
3205238804580
5768020557075
3226154905191
3225379887120
3320297893722
3226151526249
3227331338391
5747099849940
3226284045327
3227316989485
4073443219362
3226154596797
5768020556373
3226159510968
3225380418480
3227317009167
4073443336974
3229770652581
3226065445929
2661295655058
3229646295387
4072668496482
3226154749887
3229641512445
3225379887768
3226154612106
5769182817813
3205234021611
3226159497864
3226159392888
3226151559054
2661295654569
4073443337442
3257535787626
3226154728746
3226154714896
3226169076925
3226154747214
3226169076438
3205234021612
3226156322340
5768020733493
3226155259461
3225379873917
3229641512421
3225379887040
3320298083991
3320298438285
3205147928169
3226154734578
3226154787066
3226154728747
3226154717082
3226159688133
3226154728099
3257535787140
3226159510989
3226154730285
4073443514607
3226542148506
3226159510500
3227316976362
3226155260187
5768020556328
3226169079111
4104824397069
4073443339647
3205233903513
3226154747700
3226154728728
3226169254071
3226159513173
3257535787608
3257535669528
3226154730933
5768025339315
3225376698393
3229641513147
3225380064186
3226154747781
3226151539372
2661292466409
3225509027202
6615309165789
4076930121861
3226154609922
3257535788355
3205363161774
3226068634656
3226283867694
3226154907351
3320297909031
3323784691245
3205234553052
3227317166631
3226169076951
3257540570595
3257535774504
4052522631054
3226154714922
3205234021692
3236615081220
3204459180633
3229555418976
3226154748429
3226154629602
3226159511067
2661295655136
3225379886553
3319523065866
3226169063802
3508584264498
3257535787629
2661295657242
3230803773885
3226154727558
4074605598927
3226068634576
4073443324338
3226068811722
3205234021614
3226168958826
3226154727513
3226283870367
3321460168311
3226155258972
3226169076924
5768020576029
3320297906844
3225293793597
3229641512400
3226154730231
3226151538885
3205234022340
3205234008489
3229641512499
3257536319067
3226068634089
3226154609433
3226154728080
3226154728021
3257535807309
3257535787627
3226154728098
3226154904678
5768021087787
3205248370518
2661295655082
3226154728002
3205234021593
