0124150125353142464601412105 6 2525
0522102521343126404601112014 2 2526
0146103621113042424201440125 2 2527
0145103521113042424201261502 2 2528
0415162026303146424101441501 1 2529
0146102521303141424200141250 1 2530
0121152621333546424201441501 2 2531
0144153521103146424206641025 2 2532
0124150121353161424201412105 2 2533
0121152621333142424201441501 2 2534
0611152621333142424101441501 2 2535
0021156121333542424201441501 2 2536
0142102525303046464601142103 1 2537
0145102621303140424200141250 1 2538
0016152621363141424101441501 1 2539
0016152621303141424201441501 1 2540
0422166021313641424201441501 2 2541
0145150126303142424206641025 2 2542
0642120225353640414606641025 6 2543
0124150121353061424201412105 2 2544
0642165026313144424606641025 2 2545
0646163321153645424206641025 6 2546
0144153526103146424206641025 6 2547
0624160021333154424200000141 2 2548
0611152621333140424101441501 2 2549
0146165020353041424606641025 2 2550
0142102525303141464601142103 1 2551
0145102521303141424201161301 1 2552
0145102521363141424201161301 1 2553
0611152621333144424101441501 2 2554
0142102525303141464601142103 6 2555
0145150126303142424206641025 6 2556
0016152621353646424201441501 1 2557
0642103226133142424606641025 2 2558
0141160126303142424206641025 2 2559
0141160126303140424206641025 2 2560
0166152020353140424201451016 1 2561
0016152621303644424101441501 1 2562
0621152621333542424201441501 2 2563
0524150021333164424201412105 2 2564
0621152621333144424201441501 2 2565
0146102521353141424200141250 1 2566
0126150626333142424201451016 2 2567
0646123620153646414606641025 2 2568
0142102525303144464601142103 6 2569
0146105120353644424206641025 6 2570
0642163626103140424206641025 2 2571
0621152620333144424101441501 2 2572
0142102525303140464601142103 6 2573
0221156621333142424201441501 2 2574
0144153526103146424206641025 2 2575
0611152621333145424101441501 2 2576
0621152621333146424101441501 2 2577
0141160126303045424206641025 2 2578
0146102521303022424200141250 2 2579
0126150626333145424201451016 2 2580
0611152620333144424101441501 2 2581
0642153226113142424606641025 2 2582
0621152621333546424201441501 2 2583
0141160126303045424206641025 6 2584
0622156621333145424201441501 2 2585
0642125626313045414606641025 2 2586
0145102521303042424201161301 1 2587
0124150626333144424201451016 2 2588
0145105121333142424600242144 2 2589
0622156621333541424201441501 2 2590
0622156621333546424201441501 2 2591
0622156621333142424201441501 2 2592
0146103621113046424201440125 2 2593
0146103621313146424201440125 2 2594
0145105121333141424600242144 2 2595
0145100521333104424201261502 2 2596
0611152621333145424201441501 2 2597
0124150626333142424201451016 2 2598
0145103521113045424201261502 2 2599
0145103521313145424201261502 2 2600
0124150626333141424201451016 2 2601
0146100621333104424201440125 2 2602
0415162026303641424101441501 1 2603
0124162021353144424104140140 1 2604
0646165121353041424206641025 2 2605
0146102521303146424200141250 1 2606
0146103621113146424201440125 2 2607
0146102521303145424200141250 1 2608
0522150121333140424100262035 2 2609
0145102521303045424201161301 1 2610
0145103521113145424201261502 2 2611
0642123225153642414606641025 6 2612
0642123225153646414606641025 6 2613
0142102525303144464601142103 1 2614
0642150521303644424206641025 2 2615
0646160220353141424606641025 2 2616
0146102521353041424200141250 1 2617
0642153521103045424206641025 2 2618
0522150121333140424100262035 6 2619
0021106025353540424601142103 6 2620
0141160126303140424206641025 6 2621
0642123625153042414606641025 6 2622
0611152621333542424201441501 2 2623
0145105120333142464600242144 6 2624
0521162521333145424104140140 2 2625
0145103521113142424201261502 2 2626
0146100520353144424206641025 2 2627
0021106025353145424601142103 6 2628
0642105226303141424206641025 2 2629
0624100121333641424206451511 2 2630
0026166526333141424201441501 2 2631
0146103621113142424201440125 2 2632
0646103020153045424206641025 2 2633
0514162021333146424104140140 2 2634
0021106120353544464601142103 2 2635
0624100121333646424206451511 2 2636
0641122120353045414206641025 1 2637
0141160126303142424206641025 6 2638
0621152620333144424201441501 2 2639
0024150121353162424201412105 2 2640
0621152621333142424101441501 2 2641
0646125620353041414206641025 2 2642
0145102521303145424201161301 1 2643
0642163026113140424606641025 2 2644
0141102520353041424601641213 2 2645
0642123625153646414606641025 6 2646
0612152621333145424101441501 2 2647
0642123625153642414606641025 6 2648
0641106121363642424200000521 2 2649
0526166526333642424201441501 2 2650
0146102521303145424200141250 2 2651
0524150123353144464201412105 6 2652
0522102521343121414601111321 1 2653
0524150123353141464201412105 6 2654
0141160126303141424206641025 6 2655
0514162021303146424104140140 1 2656
0614102021303546424101441501 1 2657
0646150220353144424206641025 2 2658
0646103020153542424206641025 2 2659
0526166526333144424201441501 2 2660
0124162021353144424104140140 2 2661
0146100520353140424206641025 2 2662
0642163226103146424206641025 2 2663
0642163626103140424206641025 6 2664
0141102620353142424200141250 1 2665
0646103020153542424206641025 6 2666
0642105226303141424206641025 6 2667
0611152020333144424201441501 2 2668
0612152621333142424101441501 2 2669
0646160120353141424606641025 6 2670
0221156626333142424201441501 2 2671
0221156626333642424201441501 2 2672
0146103520153144424206641025 6 2673
0611152621333140424201441501 2 2674
0524150021633104424201413550 2 2675
0124162021353141424204140140 2 2676
0611152621333144424201441501 2 2677
0141160026313146424206641025 6 2678
0145102621363041424200141250 1 2679
0611152021333142424201441501 2 2680
0621152621333146424201441501 2 2681
0145102621353041424200141250 1 2682
0524150123353146464201412105 6 2683
0611152621333146424201441501 2 2684
0424166021363646424201441501 2 2685
0145102521303141424201161301 2 2686
0146102521303022424200141250 1 2687
0145102621303141424200141250 1 2688
0145102621303145424200141250 2 2689
0124156121333146424201441501 2 2690
0111162521303641424104140140 1 2691
0621152621333145424201441501 2 2692
0145102521363141424201161301 2 2693
0124156121333141424201441501 2 2694
0145102621303146424200141250 2 2695
0612152621333140424101441501 2 2696
0642163226103142424206641025 2 2697
0624100121333146424206451511 2 2698
0111162521303146424104140140 1 2699
0145103521133104424201261502 2 2700
0612152621333144424201441501 2 2701
0124156121333542424201441501 2 2702
0025156121333141424201441501 2 2703
0025156121333146424201441501 2 2704
0124162021353141424104140140 2 2705
0624100121333141424206451511 2 2706
0111162521333146424204140140 2 2707
0524150025333102464601412105 6 2708
0145102621303042424200141250 1 2709
0621152621333144424101441501 2 2710
0142150126303646424206641025 2 2711
0611152620333144424201441501 2 2712
0161155121343121414600212055 2 2713
0622152621333146424101441501 2 2714
0511152621333140424201441501 2 2715
0622152621333142424201441501 2 2716
0522156121333144424201441501 2 2717
0511152621333144424201441501 2 2718
0511152621333145424201441501 2 2719
0511152621333146424201441501 2 2720
0622152621333146424201441501 2 2721
0146103621133104424201440125 2 2722
0642153026103142424206641025 6 2723
0142150126303646424206641025 6 2724
0111162521303041424104140140 1 2725
0611152621333142424201441501 2 2726
0626166526333546424201441501 2 2727
0024150121353165424201412105 2 2728
0126166526333145424201441501 2 2729
0626166526333541424201441501 2 2730
0124162021353141424104140140 1 2731
0642163226103142424206641025 6 2732
0615102021333144424104140140 2 2733
0141102520353041424601641213 1 2734
0522156121333141424201441501 2 2735
0612152621333140424201441501 2 2736
0415162026303140424101441501 1 2737
0646160020353142424606641025 2 2738
0646150220353142424606641025 6 2739
0124150126333144424201451016 2 2740
0526166526333641424201441501 2 2741
0611152621363140424101441501 1 2742
0646160020353142424606641025 6 2743
0425166026353646424201441501 2 2744
0124156121313144424201441501 2 2745
0612152621333142424201441501 2 2746
0145105121313144424600242144 2 2747
0524150023313541464201412105 6 2748
0124150626333145424201451016 2 2749
0526153021313144424601441323 2 2750
0016162521333144424104140140 2 2751
0511156021333140424601441323 2 2752
0141102620353144424200141250 1 2753
0025156121333542424201441501 2 2754
0141100523333144464602222130 6 2755
0121162521333142424204140140 2 2756
0612152621333145424201441501 2 2757
0511152621333542424201441501 2 2758
0121162521333145424204140140 2 2759
0145105120313142464600242144 6 2760
0026166526333644424201441501 2 2761
0141160026313146424206641025 2 2762
0026166526333642424201441501 2 2763
0511152621333142424201441501 2 2764
0112162521333142424104140140 2 2765
0141102621353045424200141250 1 2766
0522156121333142424201441501 2 2767
0524150121353546424201412105 2 2768
0121162520333144424204140140 2 2769
0146103520153144424206641025 2 2770
0142150126303641424206641025 2 2771
0222155023333164464601412105 6 2772
0524150121353060424201412105 2 2773
0611152621333546424201441501 2 2774
0146102021353141424100101653 1 2775
0611152621333540424201441501 2 2776
0612152621333146424101441501 2 2777
0161155121343122414600212055 2 2778
0611152620363541424101441501 2 2779
0142105125333141464600242144 6 2780
0524150121353164424201412105 2 2781
0622152621333145424201441501 2 2782
0121162521333142424104140140 2 2783
0612152621333546424201441501 2 2784
0145102621303141424200141250 2 2785
0141102620353045424200141250 1 2786
0226156023333144464601412105 6 2787
0126166526333144424201441501 2 2788
0566153021133142424601441323 2 2789
0141102620353046424200141250 1 2790
0511152621333146424101441501 2 2791
0511152621333140424101441501 2 2792
0524150121353162424201412105 2 2793
0511152621333145424101441501 2 2794
0124150126333141424201451016 2 2795
0621152621333142424201441501 2 2796
0121162520333144424104140140 2 2797
0124156121363142424201441501 2 2798
0126166526333642424201441501 2 2799
0124150126333146424201451016 2 2800
0624100121333644424206451511 2 2801
0141102620353145424200141250 1 2802
0615102021363142424204140140 2 2803
0141102620353144424200141250 2 2804
0522156123033104464600262540 1 2805
0511162521333640424204140140 2 2806
0112162521333146424104140140 2 2807
0061105121353042424601202010 2 2808
0611162021353540424100000612 2 2809
0611152620363145424101441501 1 2810
0522122120353041414600101653 1 2811
0122162521333045424104140140 2 2812
0516102021333042464600212055 2 2813
0612152621333144424101441501 2 2814
0012102521363640424104110051 2 2815
0511162521303140424104140140 1 2816
0524150123353145464201412105 6 2817
0012102621353644424100000011 2 2818
0061102521363644424100000612 1 2819
0646160120353141424606641025 2 2820
0112162521363141424204140140 2 2821
0524150121353541464201412105 2 2822
0124156121363141424201441501 2 2823
0525150121313542424200612340 2 2824
0525150121313042424200612340 2 2825
0622152621333144424201441501 2 2826
0622152621333546424201441501 2 2827
0146102521303141424200141250 2 2828
0015106525003046464102222130 1 2829
0145102621303146424200141250 1 2830
0161155121343166414600212055 2 2831
0511156021303145424601441323 2 2832
0144105126303042424206641025 2 2833
0145102621303145424200141250 1 2834
0111152621353146424201441501 1 2835
0524150121353562424201412105 2 2836
0011162521303641424104140140 1 2837
0522102020353041464105102151 1 2838
0124150126333142424201451016 2 2839
0161155121343162414600212055 2 2840
0216152023353140464601412105 1 2841
0612152021333142424101441501 2 2842
0124156121313541424201441501 2 2843
0012162521303641424104140140 1 2844
0614152621333140424101441501 2 2845
0615102021333140424104140140 2 2846
0141102620353142424200141250 2 2847
0611152620363646424201441501 1 2848
0141102620353145424200141250 2 2849
0124156121363144424201441501 2 2850
0642163226103146424206641025 6 2851
0524150121353145464201412105 2 2852
0624152621333142424101441501 2 2853
0126166526333142424201441501 2 2854
0011162021353046424105610014 2 2855
0111162520303144424204140140 1 2856
0015152621303141424101441501 1 2857
0626166526333644424201441501 2 2858
0622152621333542424201441501 2 2859
0144105121303146424206641025 6 2860
0514162021363640424204140140 2 2861
0611152620363540424101441501 2 2862
0144105126303644424206641025 2 2863
0114152621353146424201441501 2 2864
0526153021113142424601441323 2 2865
0521162521333142424104140140 2 2866
0611152620363141424101441501 2 2867
0612152621333146424201441501 2 2868
0512152621303141424101441501 1 2869
0111162520333144424204140140 2 2870
0522152621333144424101441501 2 2871
0145105121303141424601242304 2 2872
0216152023353140464601412105 6 2873
0622152621333145424101441501 2 2874
0144105126303641424206641025 6 2875
0612152021333146424201441501 2 2876
0526166526333645424201441501 2 2877
0512152621303542424101441501 1 2878
0524150121353146424201412105 2 2879
0144105126303641424206641025 2 2880
0216152023353141464601412105 1 2881
0524156121333141424201441501 2 2882
0026166526333145424201441501 2 2883
0512152621303541424101441501 1 2884
0112162521303144424104140140 1 2885
0114152621303140424101441501 1 2886
0611152620363546424101441501 1 2887
0524156121333146424201441501 2 2888
0141105026313142424606641025 2 2889
0522156121333542424201441501 2 2890
0424166026353144424201441501 2 2891
0111162521333642424104140140 2 2892
0612152621333540424201441501 2 2893
0524150121353144464201412105 2 2894
0611152620363146424101441501 2 2895
0144105126303642424206641025 2 2896
0114152621363640424101441501 1 2897
0566153021133140424601441323 2 2898
0124153621133145424201441501 2 2899
0126166526333146424201441501 2 2900
0111152621353146424201441501 2 2901
0524156121333145424201441501 2 2902
0111162521303640424104140140 1 2903
0015152621363641424101441501 1 2904
0126166526333644424201441501 2 2905
0144105126303141424206641025 6 2906
0144105121303144424206641025 6 2907
0624156626333644424201441501 2 2908
0015152621353646424201441501 1 2909
0512152621353546424201441501 2 2910
0015152621303641424201441501 1 2911
0624156626333144424201441501 2 2912
0611152620363146424101441501 1 2913
0144105126303640424206641025 2 2914
0614152621333546424201441501 2 2915
0144105121303140424206641025 6 2916
0144105121303140424206641025 2 2917
0114152621353146424201441501 1 2918
0141105121363142424201261502 2 2919
0141105026303641424206641025 6 2920
0144102521303144424206102311 2 2921
0145105121303142424601242304 2 2922
0141105026303645424206641025 6 2923
0145102025353041424601661616 1 2924
0145102025303042424601661616 1 2925
0021156121353145424201441501 2 2926
0512152621353646424201441501 2 2927
0144105126303142424206641025 6 2928
0141106121353142424201440125 2 2929
0114152621363140424101441501 1 2930
0511152621333142424101441501 2 2931
0144105121303642424206641025 6 2932
0624152621333144424101441501 2 2933
0025156121313542424201441501 2 2934
0025156121313541424201441501 2 2935
0614152621333140424201441501 2 2936
0624100121333642424206451511 2 2937
0624152621333542424201441501 2 2938
0025156121333142424201441501 2 2939
0145105121303144424601242304 2 2940
0512152621353146424201441501 2 2941
0526153021133144424601441323 2 2942
0626166526333645424201441501 2 2943
0624166526333541424201441501 2 2944
0121156026353546424201441501 2 2945
0144105121303144424206641025 2 2946
0624166526333546424201441501 2 2947
0144105121303646424206641025 2 2948
0614152621333146424101441501 2 2949
0524150121353141464201412105 2 2950
0111152621353646424201441501 2 2951
0144105126303141424206641025 2 2952
0014162521333144424104140140 2 2953
0524150125353142464601412105 6 2954
0144105126303640424206641025 6 2955
0624152621333146424201441501 2 2956
0111162521333140424104140140 2 2957
0614152621333144424101441501 2 2958
0512152621353546424201441501 1 2959
0121156026353542424201441501 2 2960
0512152621303140424101441501 1 2961
0016162521333140424104140140 2 2962
0524156121333542424201441501 2 2963
0614152621333142424101441501 2 2964
0511162521303144424104140140 1 2965
0626166526333542424201441501 2 2966
0524150125353162464601412105 6 2967
0126166526333646424201441501 2 2968
0026162521333145424104140140 2 2969
0015152621363644424101441501 1 2970
0426166526333145424201441501 2 2971
0111152621353145424201441501 1 2972
0511152621363144424101441501 1 2973
0611152620363141424101441501 1 2974
0626166526333642424201441501 2 2975
0626166526333141424201441501 2 2976
0144105121303145424206641025 2 2977
0126166526333641424201441501 2 2978
0015152621303644424201441501 1 2979
0611152620363541424201441501 1 2980
0111162521333140424204140140 2 2981
0624156626333645424201441501 2 2982
0111152621353141424201441501 1 2983
0015152621353642424201441501 1 2984
0114152621353142424201441501 2 2985
0612152021333146424101441501 2 2986
0014162521333146424104140140 2 2987
0621156026353541424201441501 2 2988
0521155621333542424201441501 2 2989
0015152621353140424201441501 1 2990
0111152621353542424201441501 1 2991
0015152621303646424101441501 1 2992
0124156621333645424201441501 2 2993
0124156121313542424201441501 2 2994
0141105021313146424606641025 2 2995
0015152621303140424101441501 1 2996
0126166526333546424201441501 2 2997
0015152621353646424201441501 2 2998
0144105126303642424206641025 6 2999
0126166526333541424201441501 2 3000
0111152621353646424201441501 1 3001
0144105121303142424206641025 2 3002
0015152621363145424101441501 1 3003
0611152621363540424101441501 1 3004
0111152621353640424201441501 2 3005
0141105026303042424206641025 2 3006
0121155621333542424201441501 2 3007
0566155021333141424601441323 2 3008
0524156121333144424201441501 2 3009
0111152621353642424201441501 1 3010
0614152621333542424201441501 2 3011
0025156121313142424201441501 2 3012
0612152021333540424201441501 2 3013
0141105026303641424206641025 2 3014
0141105026303042424206641025 6 3015
0124156121363542424201441501 2 3016
0124153621133142424201441501 2 3017
0015152621353142424201441501 2 3018
0144105126303042424206641025 6 3019
0624152621333145424201441501 2 3020
0025156121313146424201441501 2 3021
0611152620363640424201441501 1 3022
0015152621363640424101441501 1 3023
0145106021353046424601111321 2 3024
0025150621333144424201441501 2 3025
0144105121303145424206641025 6 3026
0025156621333644424201441501 2 3027
0114152621303144424101441501 1 3028
0122162521333145424104140140 2 3029
