0626100121353541424206451511 2 3535
0542150521303642424206641025 6 3536
0546123620153546414206641025 2 3537
0121102520343561414111052100 1 3538
0521156626353642424201441501 2 3539
0542165126333141424606641025 2 3540
0542165526333141424606641025 2 3541
0512162521333142424104140140 2 3542
0114162521363141424204140140 2 3543
0112162521363146424204140140 1 3544
0641160226333144424606641025 2 3545
0115162521363140424204140140 1 3546
0441152021333542424601641213 2 3547
0521166526353146424201441501 2 3548
0512162521303141424104140140 1 3549
0521156626353641424201441501 2 3550
0622156621353641424201441501 2 3551
0624100121313542424206451511 2 3552
0124150126313046424201451016 2 3553
0511162621303145424104140140 1 3554
0524156626313546424201441501 2 3555
0114162521363141424204140140 1 3556
0521162521333144424204140140 2 3557
0614152621353646424201441501 1 3558
0111162521363640424204140140 2 3559
0115162521333142424104140140 2 3560
0546123620153646414606641025 6 3561
0542163626103144424206641025 2 3562
0221156626353646424201441501 2 3563
0115162521363044424204140140 1 3564
0141102621303141424200141250 1 3565
0122100124343562414111612500 6 3566
0546153321153646424206641025 6 3567
0611152621353146424201441501 1 3568
0542153026103144424206641025 2 3569
0512162521363622424204140140 1 3570
0542163026103144424206641025 6 3571
0542163026103144424206641025 2 3572
0111162520353146424204140140 1 3573
0542153521103644424206641025 6 3574
0641120625353645414606641025 6 3575
0126150126353142424201451016 2 3576
0611152621353642424201441501 1 3577
0146106121303142424201440125 2 3578
0611152621353640424201441501 1 3579
0641160021353141424606641025 6 3580
0111162521333144424204140140 2 3581
0524162521333142424104140140 2 3582
0624100121313644424206451511 2 3583
0611152621353144424201441501 1 3584
0542163226103146424206641025 2 3585
0641160121353145424606641025 2 3586
0546125620353041414606641025 6 3587
0524152621363645424101441501 1 3588
0524155621363646424201441501 2 3589
0144163026103144424206641025 6 3590
0024162521333145424204140140 2 3591
0164103521103142424604461320 6 3592
0221156621353144424201441501 2 3593
0546153121153045424206641025 6 3594
0146106121353142424201440125 2 3595
0641160021353146424606641025 2 3596
0611152621353145424201441501 1 3597
0611152621353142424201441501 2 3598
0524156621313141424201441501 2 3599
0144102621303046424200141250 1 3600
0114162521303144424104140140 1 3601
0521156621353646424201441501 2 3602
0524156621313541424201441501 2 3603
0141102621303140424200141250 1 3604
0141102621303140424200141250 2 3605
0626100121353641424206451511 2 3606
0626100121353646424206451511 2 3607
0542103026103142424206641025 6 3608
0546150321353644424206641025 6 3609
0221156621353146424201441501 2 3610
0421155621333542424201441501 2 3611
0115162521303041424104140140 1 3612
0641160126333142424606641025 2 3613
0641160121353145424606641025 6 3614
0114162521363140424204140140 1 3615
0545163521103144424206641025 2 3616
0641160521333140424606641025 2 3617
0641160126333145424606641025 2 3618
0515162521333142424104140140 2 3619
0424160026353644424201441501 2 3620
0641160021333142424606641025 2 3621
0546123220153645414206641025 6 3622
0611152621353145424201441501 2 3623
0641150521303644424206641025 6 3624
0511162621303640424104140140 2 3625
0225156121353146424201441501 2 3626
0542125626313640414606641025 2 3627
0524156626313646424201441501 2 3628
0111162520353044424104140140 2 3629
0641160026333144424606641025 2 3630
0422160526333541424201441501 2 3631
0111162520353141424104140140 1 3632
0121102520343561454111052100 1 3633
0511162621303641424104140140 1 3634
0641150521313646424206641025 2 3635
0114162521333144424104140140 2 3636
0111162520353144424104140140 2 3637
0045105121313140464204251232 2 3638
0542163526313145424606641025 2 3639
0114162521333140424104140140 2 3640
0111162520353640424104140140 2 3641
0611152621353140424201441501 2 3642
0111162520353040424104140140 2 3643
0641160226333140424606641025 2 3644
0641160521333144424606641025 2 3645
0641160021353146424606641025 6 3646
0115162521363022424204140140 1 3647
0641160121353146424606641025 2 3648
0641160021353144424606641025 6 3649
0524156626313644424201441501 2 3650
0122100124343562454111612500 6 3651
0542153521103542424206641025 6 3652
0545162126303144424206641025 1 3653
0545163521133144424606641025 2 3654
0511162621353141424104140140 1 3655
0626100121353644424206451511 2 3656
0546123620153644414206641025 6 3657
0545160626313144424206641025 6 3658
0641160521333145424606641025 2 3659
0611152621353542424201441501 2 3660
0641120226303642414206641025 2 3661
0542120626313542414206641025 6 3662
0542122126303542414206641025 1 3663
0641160521303141424206641025 6 3664
0114162521303641424104140140 1 3665
0611152621353142424201441501 1 3666
0114162521303640424104140140 1 3667
0641160121353142424606641025 2 3668
0511162621303140424104140140 1 3669
0641160521303146424206641025 2 3670
0641160521303146424206641025 6 3671
0641160521313146424206641025 6 3672
0641160521313146424206641025 2 3673
0641160521303141424206641025 2 3674
0641160526333144424606641025 2 3675
0641150321353646424206641025 6 3676
0611152621353144424201441501 2 3677
0641160621353145424606641025 6 3678
0641150521303645424206641025 2 3679
0141102621303141424200141250 2 3680
0522156626353146424201441501 2 3681
0641120620353641414606641025 6 3682
0641150521303644424206641025 2 3683
0111162521363640424204140140 1 3684
0611152621353140424201441501 1 3685
0641150226333144424606641025 2 3686
0641150321303646424206641025 6 3687
0542155521303641424206641025 6 3688
0641150521303642424206641025 6 3689
0641160226333145424606641025 2 3690
0641160521303140424206641025 2 3691
0511162521363146424204140140 2 3692
0641150521303642424206641025 2 3693
0511162621353141424104140140 2 3694
0641150321353645424206641025 6 3695
0511162621353140424104140140 2 3696
0641120620353645414606641025 6 3697
0624100121313646424206451511 2 3698
0641150621353146424606641025 6 3699
0641160126303145424206641025 2 3700
0114162521333142424104140140 2 3701
0545163521103144424206641025 6 3702
0641150626313142424206641025 2 3703
0641160021353144424606641025 2 3704
0641150626303142424206641025 2 3705
0624166526313141424201441501 2 3706
0641160121353146424606641025 6 3707
0624166526353141424201441501 2 3708
0115162521303040424104140140 1 3709
0426166526353541424201441501 2 3710
0144163026103646424206641025 6 3711
0114162521363146424204140140 1 3712
0546123620153542414206641025 6 3713
0641120626313644414206641025 2 3714
0524152621363145424101441501 1 3715
0641160121353144424606641025 6 3716
0641150521313646424206641025 6 3717
0021155621333642424201441501 2 3718
0641100226333141424606641025 2 3719
0641160526333141424606641025 2 3720
0145105121363022424201261502 2 3721
0546125620353041414606641025 2 3722
0641160026333142424606641025 2 3723
0641160526333142424606641025 2 3724
0144163021153146424606641025 2 3725
0541122120353045414606641025 2 3726
0420166526353144424201441501 2 3727
0641150521303645424206641025 6 3728
0421155621363145424201441501 2 3729
0641160526303145424206641025 2 3730
0111162520353141424204140140 2 3731
0641120626303644414206641025 2 3732
0641120626313642414206641025 6 3733
0641120626303642414206641025 6 3734
0641150226333142424606641025 2 3735
0611152621353540424201441501 1 3736
0542103226313144424606641025 2 3737
0641100626303145424206641025 2 3738
0641160126303141424206641025 6 3739
0545162126303144424206641025 2 3740
0614152621353642424201441501 2 3741
0641150021333142424606641025 2 3742
0641160226303146424206641025 6 3743
0144160026303142424206641025 6 3744
0641160121353144424606641025 2 3745
0641160126313146424206641025 6 3746
0511162621303141424104140140 1 3747
0511162521363144424204140140 1 3748
0641160626313141424206641025 2 3749
0611152621353540424201441501 2 3750
0641120620353644414606641025 6 3751
0641160126303144424206641025 6 3752
0641160026303145424206641025 6 3753
0641120625353646414606641025 6 3754
0115162521333144424104140140 2 3755
0424166526313541424201441501 2 3756
0416152021353144424201440125 2 3757
0641100321353645424206641025 6 3758
0422160526333644424201441501 2 3759
0641100126333142424606641025 2 3760
0611152621353542424201441501 1 3761
0422166526333146424201441501 2 3762
0144163026103646424206641025 2 3763
0641160521303145424206641025 2 3764
0124162521333144424204140140 2 3765
0511162621353640424104140140 1 3766
0614152621353646424201441501 2 3767
0611152621353146424201441501 2 3768
0641120626303045414206641025 6 3769
0112162521303140424104140140 1 3770
0614152021363141424201441501 1 3771
0141106121313141424200000524 2 3772
0641120626313045414206641025 6 3773
0111162520353140424104140140 1 3774
0641100126303145424206641025 6 3775
0426166526353645424201441501 2 3776
0021166526353542424201441501 2 3777
0141100521303142424206641025 6 3778
0641100226303146424206641025 6 3779
0125162521333142424204140140 2 3780
0641120620353542414606641025 6 3781
0542100026303145424206641025 2 3782
0541106121333541424201440125 2 3783
0641100226303144424206641025 2 3784
0641160626313140424206641025 2 3785
0641160226303144424206641025 6 3786
0641160126303140424206641025 6 3787
0641160126303140424206641025 2 3788
0641100026303142424206641025 2 3789
0641160626303142424206641025 6 3790
0641160621353146424606641025 6 3791
0641160226303142424206641025 6 3792
0641160626313142424206641025 6 3793
0641160126303142424206641025 6 3794
0641160526303146424206641025 2 3795
0641160626313141424206641025 6 3796
0641160026303141424206641025 6 3797
0641120626303641414206641025 6 3798
0545163521113145424606641025 2 3799
0511162621303140424104140140 2 3800
0641150226303146424206641025 6 3801
0421156626353641424201441501 2 3802
0515162521333140424104140140 2 3803
0515162521363142424204140140 1 3804
0641160526313146424206641025 2 3805
0641150126303142424206641025 2 3806
0641120626313641414206641025 6 3807
0641120220353542414606641025 6 3808
0641100026303142424206641025 6 3809
0641160121353142424606641025 6 3810
0641160126303146424206641025 6 3811
0124166526333645424201441501 2 3812
0641160526303145424206641025 6 3813
0641160526303142424206641025 2 3814
0641150226313146424206641025 2 3815
0641160526303144424206641025 6 3816
0124155021333164424201412105 2 3817
0511162521363642424204140140 1 3818
0641160626303141424206641025 2 3819
0114152025303140464200411252 1 3820
0124162521333142424104140140 2 3821
0641160026303142424206641025 6 3822
0641150226303146424206641025 2 3823
0426166526353542424201441501 2 3824
0421156621353646424201441501 2 3825
0511162621353145424104140140 1 3826
0641120626303640414206641025 2 3827
0641160626313140424206641025 6 3828
0641120626313640414206641025 2 3829
0641120626303640414206641025 6 3830
0641120626313640414206641025 6 3831
0141100521303045424206641025 2 3832
0641160026303142424206641025 2 3833
0641150226303142424206641025 2 3834
0641160226303142424206641025 2 3835
0124155021333144464201412105 2 3836
0511162521363144424204140140 2 3837
0141100521303140424206641025 2 3838
0122155023353144464201412105 6 3839
0511162021363140424204140140 1 3840
0545155126303146424206641025 2 3841
0114162521363640424204140140 1 3842
0641160626303146424206641025 6 3843
0641160521303140424206641025 6 3844
0641100226303142424206641025 2 3845
0144165026313642424606641025 2 3846
0420166526353146424201441501 2 3847
0624166526353146424201441501 2 3848
0441152021353142424601641213 2 3849
0141100521303144424206641025 6 3850
0641160626303141424206641025 6 3851
0124155025333112464601412105 6 3852
0144160026303142424206641025 2 3853
0441152021353142424601641213 1 3854
0641160226303145424206641025 2 3855
0622152621353142424201441501 1 3856
0422160526333641424201441501 2 3857
0421156626353541424201441501 2 3858
0641160226303144424206641025 2 3859
0641100226313146424206641025 2 3860
0641100226313122424206641025 2 3861
0641100226313122424206641025 6 3862
0641100226303146424206641025 2 3863
0114162521363144424204140140 1 3864
0115162521333042424104140140 2 3865
0641120626303644414206641025 6 3866
0416152021353145424201440125 2 3867
0641160026303140424206641025 2 3868
0641150026303142424206641025 2 3869
0641160626303142424206641025 2 3870
0622152621353145424201441501 2 3871
0641150526303146424206641025 2 3872
0514162521333144424104140140 2 3873
0641160626303144424206641025 6 3874
0641120626313644414206641025 6 3875
0641100226303122424206641025 2 3876
0641100226303122424206641025 6 3877
0641100126303145424206641025 2 3878
0641120626313641414206641025 2 3879
0141100521303144424206641025 2 3880
0641160026303140424206641025 6 3881
0641160126303144424206641025 2 3882
0422166526333642424201441501 2 3883
0641150626303144424206641025 6 3884
0641150626303144424206641025 2 3885
0641160526303140424206641025 2 3886
0641120626303045414206641025 2 3887
0641120626303641414206641025 2 3888
0641160126303146424206641025 2 3889
0641160126303145424206641025 6 3890
0515162521363141424204140140 1 3891
0641160626303144424206641025 2 3892
0641100126303142424206641025 6 3893
0641160026303145424206641025 2 3894
0124150026363144424201451016 2 3895
0622152621353144424201441501 2 3896
0641120626313045414206641025 2 3897
0115162521363141424204140140 2 3898
0641160226303146424206641025 2 3899
0624156026313641424201441501 2 3900
0420166526353646424201441501 2 3901
0541106121333144424201440125 2 3902
0641160226303140424206641025 6 3903
0421156626353546424201441501 2 3904
0145105121303144424600242144 2 3905
0545150526303142424206641025 6 3906
0614152021303644424101441501 1 3907
0641100626303145424206641025 6 3908
0641160226303140424206641025 2 3909
0641160126303142424206641025 2 3910
0426166526353546424201441501 2 3911
0141100521303140424206641025 6 3912
0541106121333142424201440125 2 3913
0614152021303645424101441501 1 3914
0111162520353640424204140140 1 3915
0641160026303141424206641025 2 3916
0512162521303144424104140140 1 3917
0614152021363146424201441501 1 3918
0514162521333142424104140140 2 3919
0111162520353141424104140140 2 3920
0545163021113144424606641025 2 3921
0516162021363142424204050144 2 3922
0641160126313146424206641025 2 3923
0545160126303144424206641025 6 3924
0641160626303146424206641025 2 3925
0624166526353646424201441501 2 3926
0641150526303146424206641025 6 3927
0145105121303022424600242144 2 3928
0114162521303141424104140140 1 3929
0145105121303144424201261502 2 3930
0641100226303142424206641025 6 3931
0111162520353040424204140140 1 3932
0545153026133144424606641025 2 3933
0545165121303146424206641025 2 3934
0641100126303142424206641025 2 3935
0145105121303142424201261502 2 3936
0641100226303145424206641025 6 3937
0641150226303142424206641025 6 3938
0641150526313146424206641025 2 3939
0641160526303146424206641025 6 3940
0614152021333140424101441501 2 3941
0641150626303142424206641025 6 3942
0541106121333140424201440125 2 3943
0641160526303144424206641025 2 3944
0641150526303142424206641025 2 3945
0224155023313144464201412105 6 3946
0641150526303142424206641025 6 3947
0141100521303142424206641025 2 3948
0524166526333144424201441501 2 3949
0511162621353641424104140140 1 3950
0112162521303641424104140140 1 3951
0514162521333642424104140140 2 3952
0511162621353641424104140140 2 3953
0111162520353041424104140140 2 3954
0641160226303145424206641025 6 3955
0641160126303141424206641025 2 3956
0545163521133142424606641025 2 3957
0441152020353146464201142103 2 3958
0144163026103144424206641025 2 3959
0624166526353546424201441501 2 3960
0641160526303142424206641025 6 3961
0545153521133140424606641025 2 3962
0545155121353142424606641025 2 3963
0422166526333541424201441501 2 3964
0641150526313146424206641025 6 3965
0144150021353644424606641025 6 3966
0622152621353144424201441501 1 3967
0122100124343562414111612500 5 3968
0641120626303642414206641025 2 3969
0121102520343561414111052100 2 3970
0624156026313144424201441501 2 3971
0624166526353542424201441501 2 3972
0124162521333145424204140140 2 3973
0641100226303144424206641025 6 3974
0422166526333546424201441501 2 3975
0641120626313642414206641025 2 3976
0641100226303145424206641025 2 3977
0622152621353542424201441501 2 3978
0641160526303140424206641025 6 3979
0426166526353146424201441501 2 3980
0124166526333144424201441501 2 3981
0624166526353641424201441501 2 3982
0022162521363145424204140140 1 3983
0514162521333140424104140140 2 3984
0511162521363140424204140140 1 3985
0614152021333145424201441501 2 3986
0614152021333144424201441501 2 3987
0124150023353164464201412105 6 3988
0624166526353644424201441501 2 3989
0141100521303045424206641025 6 3990
0524100123313145464201412105 6 3991
0545153526113144424606641025 2 3992
0624166526353145424201441501 2 3993
0622152621353142424201441501 2 3994
0224155023353144464201412105 6 3995
0424166526333644424201441501 2 3996
0426166526353644424201441501 2 3997
0541106121333145424201440125 2 3998
0541106121333141424201440125 2 3999
0224155023313164464201412105 6 4000
0422166526333644424201441501 2 4001
0522160121363642424204050144 2 4002
0622152621353141424201441501 1 4003
0124150026363641424201451016 2 4004
0424160121363145424206451511 2 4005
0515162521363141424204140140 2 4006
0545150526303142424206641025 2 4007
0124150023353166464201412105 6 4008
0426166526353142424201441501 2 4009
0622152621353542424201441501 1 4010
0420166526353546424201441501 2 4011
0422166526333141424201441501 2 4012
0124166526333141424201441501 2 4013
0124162521333142424204140140 2 4014
0145105121303142424600242144 2 4015
0144163026103146424206641025 2 4016
0545123626103542414206641025 6 4017
0424166526333645424201441501 2 4018
0624156026313542424201441501 2 4019
0424166526313646424201441501 2 4020
0144163026103146424206641025 6 4021
0545153021113142424606641025 2 4022
0420166526353642424201441501 2 4023
0514162521363141424204140140 1 4024
0546106121333144424201440125 2 4025
0524100121313141464201412105 2 4026
0511162521363141424204140140 1 4027
0124150026363142424201451016 2 4028
0115162521303641424104140140 1 4029
0524166526333142424201441501 2 4030
0524162521333142424204140140 2 4031
0516162021363142424204050144 1 4032
0614152021333542424201441501 2 4033
0524100121313541464201412105 2 4034
0524160526333641424201441501 2 4035
0424166526333146424201441501 2 4036
0115162521363141424204140140 1 4037
0121162521353144424104140140 1 4038
0461152021303144424601451016 1 4039
