26099710
26116094
26132478
26148862
27148286
27164670
27181054
27197438
28196862
28213246
28229630
28246014
29245438
29261822
29278206
29294590
30294014
30310398
30326782
30343166
31342590
31358974
31375358
31391742
32391166
32407550
32423934
32440318
33439742
33456126
33472510
33488894
59654142
59670526
59686910
59703294
60702718
60719102
60735486
60751870
61751294
61767678
61784062
61800446
62799870
62816254
62832638
62849022
63848446
63864830
63881214
63897598
64897022
64913406
64929790
64946174
65945598
65961982
65978366
65994750
66994174
67010558
67026942
67043326
93208574
93224958
93241342
93257726
94257150
94273534
94289918
94306302
95305726
95322110
95338494
95354878
96354302
96370686
96387070
96403454
97402878
97419262
97435646
97452030
98451454
98467838
98484222
98500606
99500030
99516414
99532798
99549182
100548606
100564990
100581374
100597758
126763006
126779390
126795774
126812158
127811582
127827966
127844350
127860734
128860158
128876542
128892926
128909310
129908734
129925118
129941502
129957886
130957310
130973694
130990078
131006462
132005886
132022270
132038654
132055038
133054462
133070846
133087230
133103614
134103038
134119422
134135806
134152190
160317438
160333822
160350206
160366590
161366014
161382398
161398782
161415166
162414590
162430974
162447358
162463742
163463166
163479550
163495934
163512318
164511742
164528126
164544510
164560894
165560318
165576702
165593086
165609470
166608894
166625278
166641662
166658046
167657470
167673854
167690238
167706622
193871870
193888254
193904638
193921022
194920446
194936830
194953214
194969598
195969022
195985406
196001790
196018174
197017598
197033982
197050366
197066750
198066174
198082558
198098942
198115326
199114750
199131134
199147518
199163902
200163326
200179710
200196094
200212478
201211902
201228286
201244670
201261054
227426302
227442686
227459070
227475454
228474878
228491262
228507646
228524030
229523454
229539838
229556222
229572606
230572030
230588414
230604798
230621182
231620606
231636990
231653374
231669758
232669182
232685566
232701950
232718334
233717758
233734142
233750526
233766910
234766334
234782718
234799102
234815486
260980734
260997118
261013502
261029886
262029310
262045694
262062078
262078462
263077886
263094270
263110654
263127038
264126462
264142846
264159230
264175614
265175038
265191422
265207806
265224190
266223614
266239998
266256382
266272766
267272190
267288574
267304958
267321342
268320766
268337150
268353534
268369918
294535166
294551550
294567934
294584318
295583742
295600126
295616510
295632894
296632318
296648702
296665086
296681470
297680894
297697278
297713662
297730046
298729470
298745854
298762238
298778622
299778046
299794430
299810814
299827198
300826622
300843006
300859390
300875774
301875198
301891582
301907966
301924350
328089598
328105982
328122366
328138750
329138174
329154558
329170942
329187326
330186750
330203134
330219518
330235902
331235326
331251710
331268094
331284478
332283902
332300286
332316670
332333054
333332478
333348862
333365246
333381630
334381054
334397438
334413822
334430206
335429630
335446014
335462398
335478782
361644030
361660414
361676798
361693182
362692606
362708990
362725374
362741758
363741182
363757566
363773950
363790334
364789758
364806142
364822526
364838910
365838334
365854718
365871102
365887486
366886910
366903294
366919678
366936062
367935486
367951870
367968254
367984638
368984062
369000446
369016830
369033214
395198462
395214846
395231230
395247614
396247038
396263422
396279806
396296190
397295614
397311998
397328382
397344766
398344190
398360574
398376958
398393342
399392766
399409150
399425534
399441918
400441342
400457726
400474110
400490494
401489918
401506302
401522686
401539070
402538494
402554878
402571262
402587646
428752894
428769278
428785662
428802046
429801470
429817854
429834238
429850622
430850046
430866430
430882814
430899198
431898622
431915006
431931390
431947774
432947198
432963582
432979966
432996350
433995774
434012158
434028542
434044926
435044350
435060734
435077118
435093502
436092926
436109310
436125694
436142078
462307326
462323710
462340094
462356478
463355902
463372286
463388670
463405054
464404478
464420862
464437246
464453630
465453054
465469438
465485822
465502206
466501630
466518014
466534398
466550782
467550206
467566590
467582974
467599358
468598782
468615166
468631550
468647934
469647358
469663742
469680126
469696510
495861758
495878142
495894526
495910910
496910334
496926718
496943102
496959486
497958910
497975294
497991678
498008062
499007486
499023870
499040254
499056638
500056062
500072446
500088830
500105214
501104638
501121022
501137406
501153790
502153214
502169598
502185982
502202366
503201790
503218174
503234558
503250942
529416190
529432574
529448958
529465342
530464766
530481150
530497534
530513918
531513342
531529726
531546110
531562494
532561918
532578302
532594686
532611070
533610494
533626878
533643262
533659646
534659070
534675454
534691838
534708222
535707646
535724030
535740414
535756798
536756222
536772606
536788990
536805374
562970622
562987006
563003390
563019774
564019198
564035582
564051966
564068350
565067774
565084158
565100542
565116926
566116350
566132734
566149118
566165502
567164926
567181310
567197694
567214078
568213502
568229886
568246270
568262654
569262078
569278462
569294846
569311230
570310654
570327038
570343422
570359806
596525054
596541438
596557822
596574206
597573630
597590014
597606398
597622782
598622206
598638590
598654974
598671358
599670782
599687166
599703550
599719934
600719358
600735742
600752126
600768510
601767934
601784318
601800702
601817086
602816510
602832894
602849278
602865662
603865086
603881470
603897854
603914238
630079486
630095870
630112254
630128638
631128062
631144446
631160830
631177214
632176638
632193022
632209406
632225790
633225214
633241598
633257982
633274366
634273790
634290174
634306558
634322942
635322366
635338750
635355134
635371518
636370942
636387326
636403710
636420094
637419518
637435902
637452286
637468670
663633918
663650302
663666686
663683070
664682494
664698878
664715262
664731646
665731070
665747454
665763838
665780222
666779646
666796030
666812414
666828798
667828222
667844606
667860990
667877374
668876798
668893182
668909566
668925950
669925374
669941758
669958142
669974526
670973950
670990334
671006718
671023102
697188350
697204734
697221118
697237502
698236926
698253310
698269694
698286078
699285502
699301886
699318270
699334654
700334078
700350462
700366846
700383230
701382654
701399038
701415422
701431806
702431230
702447614
702463998
702480382
703479806
703496190
703512574
703528958
704528382
704544766
704561150
704577534
730742782
730759166
730775550
730791934
731791358
731807742
731824126
731840510
732839934
732856318
732872702
732889086
733888510
733904894
733921278
733937662
734937086
734953470
734969854
734986238
735985662
736002046
736018430
736034814
737034238
737050622
737067006
737083390
738082814
738099198
738115582
738131966
764297214
764313598
764329982
764346366
765345790
765362174
765378558
765394942
766394366
766410750
766427134
766443518
767442942
767459326
767475710
767492094
768491518
768507902
768524286
768540670
769540094
769556478
769572862
769589246
770588670
770605054
770621438
770637822
771637246
771653630
771670014
771686398
797851646
797868030
797884414
797900798
798900222
798916606
798932990
798949374
799948798
799965182
799981566
799997950
800997374
801013758
801030142
801046526
802045950
802062334
802078718
802095102
803094526
803110910
803127294
803143678
804143102
804159486
804175870
804192254
805191678
805208062
805224446
805240830
831406078
831422462
831438846
831455230
832454654
832471038
832487422
832503806
833503230
833519614
833535998
833552382
834551806
834568190
834584574
834600958
835600382
835616766
835633150
835649534
836648958
836665342
836681726
836698110
837697534
837713918
837730302
837746686
838746110
838762494
838778878
838795262
864960510
864976894
864993278
865009662
866009086
866025470
866041854
866058238
867057662
867074046
867090430
867106814
868106238
868122622
868139006
868155390
869154814
869171198
869187582
869203966
870203390
870219774
870236158
870252542
871251966
871268350
871284734
871301118
872300542
872316926
872333310
872349694
898514942
898531326
898547710
898564094
899563518
899579902
899596286
899612670
900612094
900628478
900644862
900661246
901660670
901677054
901693438
901709822
902709246
902725630
902742014
902758398
903757822
903774206
903790590
903806974
904806398
904822782
904839166
904855550
905854974
905871358
905887742
905904126
932069374
932085758
932102142
932118526
933117950
933134334
933150718
933167102
934166526
934182910
934199294
934215678
935215102
935231486
935247870
935264254
936263678
936280062
936296446
936312830
937312254
937328638
937345022
937361406
938360830
938377214
938393598
938409982
939409406
939425790
939442174
939458558
965623806
965640190
965656574
965672958
966672382
966688766
966705150
966721534
967720958
967737342
967753726
967770110
968769534
968785918
968802302
968818686
969818110
969834494
969850878
969867262
970866686
970883070
970899454
970915838
971915262
971931646
971948030
971964414
972963838
972980222
972996606
973012990
999178238
999194622
999211006
999227390
1000226814
1000243198
1000259582
1000275966
1001275390
1001291774
1001308158
1001324542
1002323966
1002340350
1002356734
1002373118
1003372542
1003388926
1003405310
1003421694
1004421118
1004437502
1004453886
1004470270
1005469694
1005486078
1005502462
1005518846
1006518270
1006534654
1006551038
1006567422
1032732670
1032749054
1032765438
1032781822
1033781246
1033797630
1033814014
1033830398
1034829822
1034846206
1034862590
1034878974
1035878398
1035894782
1035911166
1035927550
1036926974
1036943358
1036959742
1036976126
1037975550
1037991934
1038008318
1038024702
1039024126
1039040510
1039056894
1039073278
1040072702
1040089086
1040105470
1040121854
1066287102
1066303486
1066319870
1066336254
1067335678
1067352062
1067368446
1067384830
1068384254
1068400638
1068417022
1068433406
1069432830
1069449214
1069465598
1069481982
1070481406
1070497790
1070514174
1070530558
1071529982
1071546366
1071562750
1071579134
1072578558
1072594942
1072611326
1072627710
1073627134
1073643518
1073659902
1073676286
1099841534
1099857918
1099874302
1099890686
1100890110
1100906494
1100922878
1100939262
1101938686
1101955070
1101971454
1101987838
1102987262
1103003646
1103020030
1103036414
1104035838
1104052222
1104068606
1104084990
1105084414
1105100798
1105117182
1105133566
1106132990
1106149374
1106165758
1106182142
1107181566
1107197950
1107214334
1107230718
1133395966
1133412350
1133428734
1133445118
1134444542
1134460926
1134477310
1134493694
1135493118
1135509502
1135525886
1135542270
1136541694
1136558078
1136574462
1136590846
1137590270
1137606654
1137623038
1137639422
1138638846
1138655230
1138671614
1138687998
1139687422
1139703806
1139720190
1139736574
1140735998
1140752382
1140768766
1140785150
1166950398
1166966782
1166983166
1166999550
1167998974
1168015358
1168031742
1168048126
1169047550
1169063934
1169080318
1169096702
1170096126
1170112510
1170128894
1170145278
1171144702
1171161086
1171177470
1171193854
1172193278
1172209662
1172226046
1172242430
1173241854
1173258238
1173274622
1173291006
1174290430
1174306814
1174323198
1174339582
1200504830
1200521214
1200537598
1200553982
1201553406
1201569790
1201586174
1201602558
1202601982
1202618366
1202634750
1202651134
1203650558
1203666942
1203683326
1203699710
1204699134
1204715518
1204731902
1204748286
1205747710
1205764094
1205780478
1205796862
1206796286
1206812670
1206829054
1206845438
1207844862
1207861246
1207877630
1207894014
1234059262
1234075646
1234092030
1234108414
1235107838
1235124222
1235140606
1235156990
1236156414
1236172798
1236189182
1236205566
1237204990
1237221374
1237237758
1237254142
1238253566
1238269950
1238286334
1238302718
1239302142
1239318526
1239334910
1239351294
1240350718
1240367102
1240383486
1240399870
1241399294
1241415678
1241432062
1241448446
1267613694
1267630078
1267646462
1267662846
1268662270
1268678654
1268695038
1268711422
1269710846
1269727230
1269743614
1269759998
1270759422
1270775806
1270792190
1270808574
1271807998
1271824382
1271840766
1271857150
1272856574
1272872958
1272889342
1272905726
1273905150
1273921534
1273937918
1273954302
1274953726
1274970110
1274986494
1275002878
1301168126
1301184510
1301200894
1301217278
1302216702
1302233086
1302249470
1302265854
1303265278
1303281662
1303298046
1303314430
1304313854
1304330238
1304346622
1304363006
1305362430
1305378814
1305395198
1305411582
1306411006
1306427390
1306443774
1306460158
1307459582
1307475966
1307492350
1307508734
1308508158
1308524542
1308540926
1308557310
1334722558
1334738942
1334755326
1334771710
1335771134
1335787518
1335803902
1335820286
1336819710
1336836094
1336852478
1336868862
1337868286
1337884670
1337901054
1337917438
1338916862
1338933246
1338949630
1338966014
1339965438
1339981822
1339998206
1340014590
1341014014
1341030398
1341046782
1341063166
1342062590
1342078974
1342095358
1342111742
1368276990
1368293374
1368309758
1368326142
1369325566
1369341950
1369358334
1369374718
1370374142
1370390526
1370406910
1370423294
1371422718
1371439102
1371455486
1371471870
1372471294
1372487678
1372504062
1372520446
1373519870
1373536254
1373552638
1373569022
1374568446
1374584830
1374601214
1374617598
1375617022
1375633406
1375649790
1375666174
1401831422
1401847806
1401864190
1401880574
1402879998
1402896382
1402912766
1402929150
1403928574
1403944958
1403961342
1403977726
1404977150
1404993534
1405009918
1405026302
1406025726
1406042110
1406058494
1406074878
1407074302
1407090686
1407107070
1407123454
1408122878
1408139262
1408155646
1408172030
1409171454
1409187838
1409204222
1409220606
1435385854
1435402238
1435418622
1435435006
1436434430
1436450814
1436467198
1436483582
1437483006
1437499390
1437515774
1437532158
1438531582
1438547966
1438564350
1438580734
1439580158
1439596542
1439612926
1439629310
1440628734
1440645118
1440661502
1440677886
1441677310
1441693694
1441710078
1441726462
1442725886
1442742270
1442758654
1442775038
1468940286
1468956670
1468973054
1468989438
1469988862
1470005246
1470021630
1470038014
1471037438
1471053822
1471070206
1471086590
1472086014
1472102398
1472118782
1472135166
1473134590
1473150974
1473167358
1473183742
1474183166
1474199550
1474215934
1474232318
1475231742
1475248126
1475264510
1475280894
1476280318
1476296702
1476313086
1476329470
1502494718
1502511102
1502527486
1502543870
1503543294
1503559678
1503576062
1503592446
1504591870
1504608254
1504624638
1504641022
1505640446
1505656830
1505673214
1505689598
1506689022
1506705406
1506721790
1506738174
1507737598
1507753982
1507770366
1507786750
1508786174
1508802558
1508818942
1508835326
1509834750
1509851134
1509867518
1509883902
1536049150
1536065534
1536081918
1536098302
1537097726
1537114110
1537130494
1537146878
1538146302
1538162686
1538179070
1538195454
1539194878
1539211262
1539227646
1539244030
1540243454
1540259838
1540276222
1540292606
1541292030
1541308414
1541324798
1541341182
1542340606
1542356990
1542373374
1542389758
1543389182
1543405566
1543421950
1543438334
1569603582
1569619966
1569636350
1569652734
1570652158
1570668542
1570684926
1570701310
1571700734
1571717118
1571733502
1571749886
1572749310
1572765694
1572782078
1572798462
1573797886
1573814270
1573830654
1573847038
1574846462
1574862846
1574879230
1574895614
1575895038
1575911422
1575927806
1575944190
1576943614
1576959998
1576976382
1576992766
1603158014
1603174398
1603190782
1603207166
1604206590
1604222974
1604239358
1604255742
1605255166
1605271550
1605287934
1605304318
1606303742
1606320126
1606336510
1606352894
1607352318
1607368702
1607385086
1607401470
1608400894
1608417278
1608433662
1608450046
1609449470
1609465854
1609482238
1609498622
1610498046
1610514430
1610530814
1610547198
1636712446
1636728830
1636745214
1636761598
1637761022
1637777406
1637793790
1637810174
1638809598
1638825982
1638842366
1638858750
1639858174
1639874558
1639890942
1639907326
1640906750
1640923134
1640939518
1640955902
1641955326
1641971710
1641988094
1642004478
1643003902
1643020286
1643036670
1643053054
1644052478
1644068862
1644085246
1644101630
1670266878
1670283262
1670299646
1670316030
1671315454
1671331838
1671348222
1671364606
1672364030
1672380414
1672396798
1672413182
1673412606
1673428990
1673445374
1673461758
1674461182
1674477566
1674493950
1674510334
1675509758
1675526142
1675542526
1675558910
1676558334
1676574718
1676591102
1676607486
1677606910
1677623294
1677639678
1677656062
1703821310
1703837694
1703854078
1703870462
1704869886
1704886270
1704902654
1704919038
1705918462
1705934846
1705951230
1705967614
1706967038
1706983422
1706999806
1707016190
1708015614
1708031998
1708048382
1708064766
1709064190
1709080574
1709096958
1709113342
1710112766
1710129150
1710145534
1710161918
1711161342
1711177726
1711194110
1711210494
1737375742
1737392126
1737408510
1737424894
1738424318
1738440702
1738457086
1738473470
1739472894
1739489278
1739505662
1739522046
1740521470
1740537854
1740554238
1740570622
1741570046
1741586430
1741602814
1741619198
1742618622
1742635006
1742651390
1742667774
1743667198
1743683582
1743699966
1743716350
1744715774
1744732158
1744748542
1744764926
1770930174
1770946558
1770962942
1770979326
1771978750
1771995134
1772011518
1772027902
1773027326
1773043710
1773060094
1773076478
1774075902
1774092286
1774108670
1774125054
1775124478
1775140862
1775157246
1775173630
1776173054
1776189438
1776205822
1776222206
1777221630
1777238014
1777254398
1777270782
1778270206
1778286590
1778302974
1778319358
1804484606
1804500990
1804517374
1804533758
1805533182
1805549566
1805565950
1805582334
1806581758
1806598142
1806614526
1806630910
1807630334
1807646718
1807663102
1807679486
1808678910
1808695294
1808711678
1808728062
1809727486
1809743870
1809760254
1809776638
1810776062
1810792446
1810808830
1810825214
1811824638
1811841022
1811857406
1811873790
1838039038
1838055422
1838071806
1838088190
1839087614
1839103998
1839120382
1839136766
1840136190
1840152574
1840168958
1840185342
1841184766
1841201150
1841217534
1841233918
1842233342
1842249726
1842266110
1842282494
1843281918
1843298302
1843314686
1843331070
1844330494
1844346878
1844363262
1844379646
1845379070
1845395454
1845411838
1845428222
1871593470
1871609854
1871626238
1871642622
1872642046
1872658430
1872674814
1872691198
1873690622
1873707006
1873723390
1873739774
1874739198
1874755582
1874771966
1874788350
1875787774
1875804158
1875820542
1875836926
1876836350
1876852734
1876869118
1876885502
1877884926
1877901310
1877917694
1877934078
1878933502
1878949886
1878966270
1878982654
1905147902
1905164286
1905180670
1905197054
1906196478
1906212862
1906229246
1906245630
1907245054
1907261438
1907277822
1907294206
1908293630
1908310014
1908326398
1908342782
1909342206
1909358590
1909374974
1909391358
1910390782
1910407166
1910423550
1910439934
1911439358
1911455742
1911472126
1911488510
1912487934
1912504318
1912520702
1912537086
1938702334
1938718718
1938735102
1938751486
1939750910
1939767294
1939783678
1939800062
1940799486
1940815870
1940832254
1940848638
1941848062
1941864446
1941880830
1941897214
1942896638
1942913022
1942929406
1942945790
1943945214
1943961598
1943977982
1943994366
1944993790
1945010174
1945026558
1945042942
1946042366
1946058750
1946075134
1946091518
1972256766
1972273150
1972289534
1972305918
1973305342
1973321726
1973338110
1973354494
1974353918
1974370302
1974386686
1974403070
1975402494
1975418878
1975435262
1975451646
1976451070
1976467454
1976483838
1976500222
1977499646
1977516030
1977532414
1977548798
1978548222
1978564606
1978580990
1978597374
1979596798
1979613182
1979629566
1979645950
2005811198
2005827582
2005843966
2005860350
2006859774
2006876158
2006892542
2006908926
2007908350
2007924734
2007941118
2007957502
2008956926
2008973310
2008989694
2009006078
2010005502
2010021886
2010038270
2010054654
2011054078
2011070462
2011086846
2011103230
2012102654
2012119038
2012135422
2012151806
2013151230
2013167614
2013183998
2013200382
2039365630
2039382014
2039398398
2039414782
2040414206
2040430590
2040446974
2040463358
2041462782
2041479166
2041495550
2041511934
2042511358
2042527742
2042544126
2042560510
2043559934
2043576318
2043592702
2043609086
2044608510
2044624894
2044641278
2044657662
2045657086
2045673470
2045689854
2045706238
2046705662
2046722046
2046738430
2046754814
2072920062
2072936446
2072952830
2072969214
2073968638
2073985022
2074001406
2074017790
2075017214
2075033598
2075049982
2075066366
2076065790
2076082174
2076098558
2076114942
2077114366
2077130750
2077147134
2077163518
2078162942
2078179326
2078195710
2078212094
2079211518
2079227902
2079244286
2079260670
2080260094
2080276478
2080292862
2080309246
2106474494
2106490878
2106507262
2106523646
2107523070
2107539454
2107555838
2107572222
2108571646
2108588030
2108604414
2108620798
2109620222
2109636606
2109652990
2109669374
2110668798
2110685182
2110701566
2110717950
2111717374
2111733758
2111750142
2111766526
2112765950
2112782334
2112798718
2112815102
2113814526
2113830910
2113847294
2113863678
2140028926
2140045310
2140061694
2140078078
2141077502
2141093886
2141110270
2141126654
2142126078
2142142462
2142158846
2142175230
2143174654
2143191038
2143207422
2143223806
2144223230
2144239614
2144255998
2144272382
2145271806
2145288190
2145304574
2145320958
2146320382
2146336766
2146353150
2146369534
2147368958
2147385342
2147401726
2147418110
