0645163321153045424206641025 6 992
0145105126303045424206641025 2 993
0645165121303644424206641025 6 994
0641165121303144424206641025 6 995
0122150123353146464601412105 6 996
0645126126303022414206641025 2 997
0645123226103542414206641025 2 998
0641165121303140424206641025 6 999
0641105121303640424206641025 2 1000
0146153520153640424206641025 2 1001
0645103321153640424206641025 6 1002
0145105126303041424206641025 2 1003
0645162521303141424206641025 1 1004
0641165521303141424206641025 2 1005
0641165626303141424206641025 6 1006
0645165121303641424206641025 2 1007
0641155521303641424206641025 6 1008
0645162321303641424206641025 1 1009
0645160021353144424606641025 2 1010
0641105126303144424206641025 2 1011
0122150123353145464601412105 6 1012
0146155520353041424606641025 2 1013
0641155526303142424206641025 6 1014
0641105226303146424206641025 6 1015
0145105121333142424601242304 2 1016
0145105121303142424206641025 6 1017
0641165526313146424206641025 2 1018
0641165121303140424206641025 2 1019
0645123226103644414206641025 6 1020
0645160321313646424206641025 6 1021
0645160521303144424206641025 6 1022
0641155621313144424606641025 6 1023
0641165126303142424206641025 2 1024
0145105121303144424206641025 2 1025
0645160521303140424206641025 2 1026
0645163526313140424606641025 2 1027
0145105121303042424206641025 6 1028
0641105226303142424206641025 2 1029
0645153121303644424206641025 6 1030
0645123226103640414206641025 6 1031
0145105126303640424206641025 2 1032
0641155021353146424606641025 2 1033
0645123226103642414206641025 6 1034
0645125625313644414606641025 6 1035
0641125226303644414206641025 2 1036
0641125620353644414606641025 6 1037
0645163021313145424606641025 2 1038
0641165526303142424206641025 2 1039
0145105121303642424206641025 6 1040
0641105121303640424206641025 6 1041
0645150521303640424206641025 6 1042
0145105126303042424206641025 6 1043
0645163021153145424606641025 2 1044
0645123226103645414206641025 6 1045
0645160026333140424606641025 2 1046
0641105626313142424206641025 2 1047
0641105026303141424206641025 6 1048
0641165121303642424206641025 6 1049
0645165021313141424606641025 6 1050
0645163321153646424206641025 6 1051
0645165621353141424606641025 6 1052
0645165121353140424606641025 2 1053
0146153520153045424206641025 2 1054
0146153520153646424206641025 6 1055
0645165021353141424606641025 6 1056
0645153521103542424206641025 2 1057
0645120226313646414206641025 2 1058
0146150520353641424206641025 6 1059
0641125226303642414206641025 2 1060
0641165121303142424206641025 2 1061
0641165521303146424206641025 2 1062
0641125626303645414206641025 6 1063
0641125626303645414206641025 2 1064
0641155626303142424206641025 6 1065
0141105521303140424206641025 6 1066
0641165521303140424206641025 6 1067
0645165121303146424206641025 2 1068
0645152121353144424606641025 1 1069
0641165126303140424206641025 6 1070
0146153520153644424606641025 2 1071
0146150520353045424606641025 6 1072
0641105121303140424206641025 6 1073
0641155521303042424206641025 2 1074
0641155121303646424206641025 2 1075
0641165021353146424606641025 2 1076
0641125626313644414206641025 2 1077
0641105026333145424606641025 2 1078
0641125626303644414206641025 6 1079
0641165121303644424206641025 2 1080
0645105026333141424606641025 2 1081
0641105321303646424206641025 6 1082
0641155521303646424206641025 6 1083
0641105026303141424206641025 2 1084
0645122226303641414206641025 1 1085
0641165321313641424206641025 6 1086
0641155121303042424206641025 6 1087
0146150520353645424206641025 6 1088
0645163021133144424606641025 2 1089
0141105521303542424206641025 6 1090
0645126126303022414206641025 6 1091
0641165121303641424206641025 2 1092
0641125126303522414206641025 6 1093
0146150520353644424206641025 2 1094
0645165121303542424206641025 6 1095
0645123226103644414206641025 2 1096
0645162121353145424606641025 1 1097
0641165021313144424606641025 2 1098
0645163521133144424606641025 2 1099
0645160121353145424606641025 2 1100
0145105121303041424206641025 6 1101
0641165021353145424606641025 2 1102
0641105226313142424606641025 2 1103
0641165026303145424206641025 6 1104
0641155521333145424606641025 2 1105
0641155321313646424206641025 6 1106
0641165021353141424606641025 2 1107
0645165121303041424206641025 2 1108
0645163521113144424606641025 2 1109
0021150121363042424205420500 2 1110
0641125626303542414206641025 2 1111
0645155521303641424206641025 6 1112
0651105121303542424605212550 2 1113
0645123625153542414606641025 6 1114
0641125626303041414206641025 2 1115
0146150520353641424206641025 2 1116
0641165026303141424206641025 6 1117
0645155121303644424206641025 6 1118
0641125626313042414206641025 2 1119
0645160521303144424206641025 2 1120
0645123226103646414206641025 2 1121
0645165121303141424206641025 2 1122
0641165226313140424606641025 2 1123
0641125220353542414606641025 6 1124
0146150520353045424206641025 6 1125
0641125226303042414206641025 2 1126
0641105226303144424206641025 6 1127
0645163021113140424606641025 2 1128
0641125620313546414606641025 6 1129
0645160126333141424606641025 2 1130
0645165621313146424606641025 6 1131
0641125226303042414206641025 6 1132
0645155121303641424206641025 2 1133
0641155121303645424206641025 6 1134
0145105121303045424206641025 6 1135
0146153520153640424606641025 6 1136
0641125626303641414206641025 6 1137
0145105121303640424206641025 2 1138
0641125625313041414606641025 6 1139
0146153520153645424206641025 2 1140
0641165021353144424606641025 6 1141
0641155121303640424206641025 6 1142
0645123226103645414206641025 2 1143
0645163121103646424206641025 6 1144
0645160021353145424606641025 2 1145
0641125625353640414606641025 6 1146
0645165121303641424206641025 6 1147
0641105121303042424206641025 2 1148
0645123226103042414206641025 2 1149
0146150520353644424606641025 2 1150
0146153520153045424606641025 2 1151
0146153520153645424206641025 6 1152
0641125626303642414206641025 2 1153
0641105626313142424606641025 2 1154
0641155121303641424206641025 2 1155
0641125625313045414606641025 6 1156
0641165021313145424606641025 6 1157
0645163521103144424206641025 2 1158
0645165121303045424206641025 2 1159
0645165121333140424606641025 2 1160
0645165521313145424606641025 2 1161
0641105121333140424606641025 2 1162
0641125626313046414206641025 2 1163
0645123226103546414206641025 2 1164
0645123626103644414206641025 6 1165
0645122126353541414206641025 1 1166
0641105226333140424606641025 2 1167
0641155321313645424206641025 6 1168
0641165121303642424206641025 2 1169
0645153226313144424606641025 2 1170
0641155126303142424206641025 6 1171
0641105121333144424606641025 2 1172
0641105126303146424206641025 6 1173
0641155121303142424206641025 2 1174
0645150526313146424206641025 2 1175
0641155521303146424206641025 6 1176
0141105521303146424206641025 6 1177
0645160021353144424606641025 6 1178
0021150121353042424600022541 2 1179
0641165021353144424606641025 2 1180
0645153526313142424606641025 2 1181
0645123226103640414206641025 2 1182
0641105121303146424206641025 6 1183
0641105121303646424206641025 6 1184
0645163121103644424206641025 6 1185
0021160121353042424200000641 2 1186
0641155521303646424206641025 2 1187
0645125226303641414206641025 2 1188
0641125626303641414206641025 2 1189
0641105321303644424206641025 6 1190
0645122126353641414206641025 1 1191
0645155321313646424206641025 6 1192
0641125026303022414206641025 6 1193
0641155226303146424206641025 6 1194
0645152521303141424206641025 1 1195
0645125126303022414206641025 6 1196
0641125126303522414206641025 2 1197
0141105521303041424206641025 6 1198
0145105121303045424206641025 2 1199
0145105121303041424206641025 2 1200
0641155121303546424206641025 6 1201
0146153520153640424206641025 6 1202
0645165121303542424206641025 2 1203
0641125626303542414206641025 6 1204
0645152321353641424206641025 1 1205
0645163121353646424206641025 6 1206
0645163121353046424206641025 6 1207
0141105521303045424206641025 6 1208
0641165226333141424606641025 2 1209
0641125626303642414206641025 6 1210
0645125626313642414206641025 2 1211
0645103121353046424206641025 6 1212
0641125220313542414606641025 6 1213
0641155121303641424206641025 6 1214
0645123225153542414606641025 6 1215
0641125620353542414606641025 6 1216
0645155126333142424606641025 2 1217
0645122126303644414206641025 1 1218
0146153520153046424606641025 2 1219
0645100026303145424206641025 6 1220
0645120626313644414206641025 6 1221
0641125626313644414606641025 2 1222
0645153521103142424206641025 2 1223
0641155021313146424606641025 6 1224
0641165021313146424606641025 2 1225
0641155521313146424206641025 2 1226
0645123626103045414206641025 6 1227
0645165021313146424606641025 2 1228
0645122126303645414206641025 1 1229
0645120226303645414206641025 2 1230
0645120626313645414206641025 6 1231
0641125620353046414606641025 6 1232
0645103121303645424206641025 6 1233
0641105226303124424206641025 2 1234
0641165121303645424206641025 6 1235
0641165121303641424206641025 6 1236
0645163021153140424606641025 6 1237
0641155121353146424606641025 2 1238
0645103226133144424606641025 2 1239
0645122126303644414206641025 2 1240
0645125626313641414206641025 2 1241
0641165521303141424206641025 6 1242
0146150520353645424606641025 2 1243
0641165526313144424606641025 2 1244
0641155121353142424606641025 2 1245
0641165526333140424606641025 2 1246
0641165026333141424606641025 2 1247
0645165121303646424206641025 2 1248
0645163021313142424606641025 2 1249
0641105126303141424206641025 2 1250
0645105321313046424206641025 6 1251
0645153226313142424606641025 2 1252
0641165226303140424206641025 2 1253
0645160521333142424606641025 2 1254
0645120626313644414206641025 2 1255
0645163021153146424606641025 2 1256
0641105026303145424206641025 2 1257
0645105321313641424206641025 6 1258
0641105121303146424206641025 2 1259
0161105121343126414602212444 2 1260
0645153521103644424206641025 2 1261
0645165021313145424606641025 6 1262
0146150520353642424206641025 2 1263
0645155121303642424206641025 6 1264
0641165126313144424606641025 2 1265
0645163621153140424606641025 6 1266
0645165021313145424606641025 2 1267
0645150121353146424606641025 2 1268
0645123626103045414206641025 2 1269
0645105121303140424206641025 6 1270
0145102521303144424601142103 2 1271
0645163021113145424606641025 2 1272
0645165126303140424206641025 2 1273
0645125626313045414606641025 2 1274
0641155626303144424206641025 2 1275
0641165126333140424606641025 2 1276
0641155521303641424206641025 2 1277
0641105226333142424606641025 2 1278
0645160121353144424606641025 2 1279
0641155521313146424606641025 2 1280
0645153321153645424206641025 6 1281
0641165126303140424206641025 2 1282
0645153121153546424206641025 6 1283
0641155521303146424206641025 2 1284
0645163321153645424206641025 6 1285
0645160021333142424606641025 2 1286
0641105126303140424206641025 2 1287
0645163021153144424606641025 6 1288
0645105121333142424606641025 2 1289
0645163521313140424606641025 2 1290
0645165121303042424206641025 2 1291
0645125626313645414206641025 2 1292
0141105521303142424206641025 6 1293
0645125626313041414606641025 2 1294
0645122125353640414606641025 1 1295
0645162126303140424206641025 1 1296
0641155521303045424206641025 6 1297
0645102321353641424206641025 1 1298
0641155121303045424206641025 6 1299
0645105126303144424206641025 2 1300
0645122125353641414606641025 1 1301
0645150626313142424206641025 2 1302
0641105121303041424206641025 6 1303
0645163521103140424206641025 2 1304
0645165121353046424206641025 2 1305
0645160021353145424606641025 6 1306
0645105321313645424206641025 6 1307
0641105121303045424206641025 6 1308
0645123226103542414206641025 6 1309
0645153521103546424206641025 2 1310
0145103521103045424206641025 2 1311
0645123626103042414206641025 6 1312
0641125625353546414606641025 6 1313
0645152126303142424206641025 2 1314
0645102321353041424206641025 1 1315
0146153520153644424206641025 2 1316
0645165121333142424606641025 2 1317
0645105321313646424206641025 6 1318
0641125026303022414206641025 2 1319
0146153520153645424606641025 6 1320
0645153121153046424206641025 6 1321
0141105521303141424206641025 2 1322
0645165621313144424606641025 6 1323
0641165621313144424606641025 6 1324
0645155121303642424206641025 2 1325
0645165121303642424206641025 6 1326
0645153121103646424206641025 6 1327
0145105126303141424206641025 6 1328
0145105121303141424206641025 6 1329
0641155321313041424206641025 6 1330
0645163521103146424206641025 6 1331
0641105026313146424206641025 2 1332
0645150521303641424206641025 2 1333
0641125620313640414606641025 6 1334
0645125620313640414606641025 6 1335
0645125625313041414606641025 6 1336
0641125625353641414606641025 6 1337
0146153520153046424206641025 2 1338
0641165526303140424206641025 2 1339
0645125626313642414606641025 2 1340
0641165226303140424206641025 6 1341
0645125625313045414606641025 6 1342
0641125625353645414606641025 6 1343
0145102521303140424601641213 1 1344
0645160121353146424606641025 6 1345
0645163521113140424606641025 2 1346
0146150520353645424206641025 2 1347
0641165621313140424606641025 6 1348
0645165526313140424606641025 2 1349
0641105321313645424206641025 6 1350
0641165226333140424606641025 2 1351
0145105126303645424206641025 6 1352
0645160021353140424606641025 2 1353
0641105321313641424206641025 6 1354
0146153520153640424606641025 2 1355
0645163121303645424206641025 6 1356
0645155621313146424606641025 6 1357
0645120226303645414206641025 6 1358
0641165621313141424606641025 6 1359
0645160026333141424606641025 2 1360
0641105021313146424606641025 6 1361
0145105121303145424206641025 6 1362
0645163521103145424206641025 6 1363
0645153021153145424606641025 2 1364
0645122126303542414206641025 2 1365
0141152520353641424606641025 2 1366
0641125626303042414206641025 2 1367
0645123626103042414206641025 2 1368
0645123226103042414206641025 6 1369
0645163021113142424606641025 2 1370
0645125226303641414206641025 6 1371
0645165121303644424206641025 2 1372
0645103026313142424606641025 2 1373
0641155121303644424206641025 2 1374
0641105026313142424606641025 2 1375
0641105121303644424206641025 6 1376
0645125626303041414206641025 2 1377
0645160026333145424606641025 2 1378
0645153321103644424206641025 6 1379
0641125226303640414206641025 2 1380
0645163521313145424606641025 2 1381
0645163021133142424606641025 2 1382
0645163521133142424606641025 2 1383
0146153520153045424606641025 6 1384
0146150520353644424606641025 6 1385
0124150021333164424201412105 2 1386
0641155121303142424206641025 6 1387
0641165121303142424206641025 6 1388
0641105026303142424206641025 2 1389
0641105026303142424206641025 6 1390
0645160026333144424606641025 2 1391
0645155121333142424606641025 2 1392
0645155126303146424206641025 2 1393
0641155521333142424606641025 2 1394
0641165521303144424206641025 6 1395
0641165026333142424606641025 2 1396
0645160126333142424606641025 2 1397
0645165121303144424206641025 6 1398
0645155521303641424206641025 2 1399
0641105121303144424206641025 6 1400
0645123625153640414606641025 6 1401
0145105121333145424606641025 2 1402
0645153121103645424206641025 6 1403
0645160521333145424606641025 2 1404
0645162021353141424606641025 1 1405
0145105121303144424206641025 6 1406
0645123226103642414206641025 2 1407
0641165226303146424206641025 2 1408
0645105121353046424206641025 2 1409
0645122126303645414206641025 2 1410
0145105121303644424206641025 6 1411
0645152121353141424606641025 1 1412
0645160526333140424606641025 2 1413
0145105121303641424206641025 2 1414
0641155121303041424206641025 6 1415
0641165026313144424606641025 2 1416
0645162121353140424606641025 1 1417
0141105521303546424206641025 2 1418
0141105521303041424206641025 2 1419
0145105121303141424206641025 2 1420
0645153026103146424206641025 2 1421
0145103521103144424206641025 2 1422
0641165026313141424606641025 2 1423
0641155121303645424206641025 2 1424
0641165521333142424606641025 2 1425
0641165126303142424206641025 6 1426
0641165026303144424206641025 2 1427
0641105226303145424206641025 2 1428
0145105126303642424206641025 2 1429
0145105126303142424206641025 2 1430
0641105226303142424206641025 6 1431
0641165121333142424606641025 2 1432
0641105626313141424206641025 2 1433
0145105121303645424206641025 2 1434
0124150021333144464201412105 2 1435
0645105121303042424206641025 2 1436
0645160626313141424206641025 6 1437
0645163526113140424606641025 2 1438
0641105126303144424206641025 6 1439
0641165026303142424206641025 6 1440
0645163226313144424606641025 2 1441
0145105121333141424606641025 2 1442
0641165521303142424206641025 2 1443
0645165121303142424206641025 6 1444
0645165121333141424606641025 2 1445
0641155321313641424206641025 6 1446
0645165521333141424606641025 2 1447
0641105226333144424606641025 2 1448
0645160526303140424206641025 2 1449
0645162121353144424606641025 1 1450
0645155121303146424206641025 2 1451
0645165521313140424606641025 2 1452
0641155121303146424206641025 6 1453
0641155121303146424206641025 2 1454
0645160126333140424606641025 2 1455
0645160026303140424206641025 6 1456
0645163521103140424206641025 6 1457
0645163026103145424206641025 2 1458
0145102523303146464201142103 6 1459
0645153521103640424206641025 6 1460
0641165626313140424606641025 2 1461
0146153520153646424606641025 6 1462
0641165026313145424606641025 2 1463
0141105521303144424206641025 6 1464
0641155121303546424206641025 2 1465
0645123626103640414206641025 6 1466
0645163521103144424206641025 6 1467
0645155121303640424206641025 6 1468
0645160526333141424606641025 2 1469
0641105226303141424206641025 2 1470
0645163226313142424606641025 2 1471
0141105521303045424206641025 2 1472
0641125626303640414206641025 6 1473
0645123625153644414606641025 6 1474
0145105126303144424206641025 2 1475
0641165626313142424606641025 2 1476
0641105626313140424206641025 2 1477
0645153026113145424606641025 2 1478
0641125625313644414606641025 6 1479
0641165026303145424206641025 2 1480
0645160226333142424606641025 2 1481
0641155321313045424206641025 6 1482
0641165126303141424206641025 2 1483
0645155121303646424206641025 2 1484
0645163021153145424606641025 6 1485
0645105621313144424606641025 6 1486
0641105226303140424206641025 2 1487
