0114102521363141424204140140 2 0
0114102521363141424204140140 1 1
0111152021343120464200000012 1 4
0111152021343121464200000012 1 5
0111152021363120404200000546 2 6
0111152021363121404200000546 2 7
0111152021363121404200000546 1 8
0111152021363120404200000546 1 9
0111152021363120404200000544 1 10
0111152021363121404200000544 1 11
0111152021363120404200000246 1 12
0111152021363121404200000246 1 13
0111152021363121404200000544 2 14
0111152021363120404200000544 2 15
0111152021343120464200000012 2 16
0111152021343121464200000012 2 17
0615102021363142424204140140 1 19
