014410252130304042420410 2 1202503237.195020
014410252131304042420410 2 1202503237.195022
014410252133304042420410 2 1202503237.195023
014410252134304042420410 2 1202503237.195025
014410252135304042420410 1 1202503237.195027
014410252130304142420410 1 1202503237.195042
014410252130304442420410 2 1202503237.195105
014410252131304442420410 2 1202503237.195106
014410252133304442420410 2 1202503237.195108
014410252134304442420410 2 1202503237.195109
014410252135304442420410 1 1202503237.195111
054110552131304042420521 2 1202503237.195300
054115552131304042420521 2 1202503237.195303
014510252130302042420114 1 1202503237.195534
014510252130352042420114 1 1202503237.195536
041415202130314042420114 1 1202503237.195541
041415202131314042420114 2 1202503237.195544
041115202133314042420114 2 1202503237.195546
041415202133314042420114 2 1202503237.195547
041415202134314042420114 2 1202503237.195549
041415202135314042420114 1 1202503237.195551
014510252130304142420114 2 1202503237.195607
014510252130314142420114 2 1202503237.195611
014510252135314142420114 1 1202503237.195615
014510252130314242420114 2 1202503237.195635
014510252131314242420114 2 1202503237.195637
014510252133314242420114 2 1202503237.195639
014510252134314242420114 2 1202503237.195640
014510252135314242420114 1 1202503237.195643
011010222030354442420114 1 1202503237.195712
011010222035354442420114 1 1202503237.195714
011010222030304542420114 1 1202503237.195723
014510252130304542420114 1 1202503237.195725
011010222530304542420114 1 1202503237.195727
011010222035304542420114 1 1202503237.195730
011010222535304542420114 1 1202503237.195734
011010222030314542420114 1 1202503237.195736
014510252130314542420114 1 1202503237.195738
011010222530314542420114 1 1202503237.195740
014510252131314542420114 2 1202503237.195741
014510252133314542420114 2 1202503237.195743
014510252134314542420114 2 1202503237.195745
011010222035314542420114 1 1202503237.195747
014510252135314542420114 1 1202503237.195749
011010222535314542420114 1 1202503237.195751
011010222030354542420114 1 1202503237.195752
011010222530354542420114 1 1202503237.195754
011010222035354542420114 1 1202503237.195756
011010222535354542420114 1 1202503237.195757
001215252130304042420500 1 1202503237.195036
001115202135304042420500 2 1202503237.195039
014410352111304042420420 2 1202503237.195056
014110052133311442420420 2 1202503237.195112
014410352111304442420420 2 1202503237.195118
014410352131304442420420 2 1202503237.195120
014410352113304442420420 2 1202503237.195122
014415252133310442420021 2 1202503237.195234
014415252133311442420021 2 1202503237.195238
014415252133312442420021 2 1202503237.195241
014415252133314442420021 2 1202503237.195246
014415252133315442420021 2 1202503237.195250
011010222030354442420104 1 1202503237.195401
011010222030304542420104 1 1202503237.195404
011010222030314542420104 1 1202503237.195405
011010222030354542420104 1 1202503237.195407
054215352101304042420520 2 1202503237.195040
054215352101354042420520 2 1202503237.195044
024415352101354042420520 2 1202503237.195046
024415352111354042420520 2 1202503237.195049
024415352131354042420520 2 1202503237.195051
024415352141354042420520 2 1202503237.195054
024415352151354042420520 2 1202503237.195056
054210352131304442420520 2 1202503237.195111
054410202533350442420121 2 1202503237.195206
054510202533350442420121 2 1202503237.195208
054410202533351442420121 2 1202503237.195214
054510202533351442420121 2 1202503237.195216
054410202533352442420121 2 1202503237.195222
054510202533352442420121 2 1202503237.195225
054410202533354442420121 2 1202503237.195232
054510202533354442420121 2 1202503237.195234
054410202533355442420121 2 1202503237.195240
054510202533355442420121 2 1202503237.195242
002110002131354542420041 2 1202503237.195303
002115002131354542420041 2 1202503237.195306
014510252130302042420412 1 1202503237.195329
014510252130304142420412 2 1202503237.195344
014510252130314142420412 1 1202503237.195348
011010222030304542420204 1 1202503237.195420
042415302111314042420124 2 1202503237.195435
014510352111314242420124 2 1202503237.195443
011010222030354442420124 1 1202503237.195507
011010222030304542420124 1 1202503237.195513
011010222030314542420124 1 1202503237.195516
014510352111314542420124 2 1202503237.195518
011010222030354542420124 1 1202503237.195520
012115252033300442420044 2 1202503237.195529
012115252033301442420044 2 1202503237.195531
012115252033302442420044 2 1202503237.195533
012115252033304442420044 2 1202503237.195535
012115252033305442420044 2 1202503237.195537
012115252033300442420040 2 1202503237.195054
012115252033301442420040 2 1202503237.195057
012115252033302442420040 2 1202503237.195100
012115252033304442420040 2 1202503237.195103
012115252033305442420040 2 1202503237.195108
011410252133314542420411 2 1202503237.195245
014510252135314542420411 1 1202503237.195248
011410252130314542420414 1 1202503237.195515
011410252131314542420414 2 1202503237.195517
011410252133314542420414 2 1202503237.195518
011410252134314542420414 2 1202503237.195519
011410252135314542420414 1 1202503237.195521
011010222030354442420154 1 1202503237.195527
011010222030304542420154 1 1202503237.195529
011010222030314542420154 1 1202503237.195530
011010222030354542420154 1 1202503237.195532
024415252130354042420510 2 1202503237.195104
024415252131354042420510 2 1202503237.195106
024415252133354042420510 2 1202503237.195108
024415252134354042420510 2 1202503237.195111
024415252135354042420510 1 1202503237.195114
054210252130352442420510 2 1202503237.195120
054215252130304442420510 1 1202503237.195123
024415252130352542420510 1 1202503237.195130
011010222030304542420214 1 1202503237.195424
011010222035304542420214 1 1202503237.195426
041115202130314042420140 1 1202503237.195107
041215202130314042420140 1 1202503237.195108
011415202130314042420140 1 1202503237.195110
042215302111314042420140 2 1202503237.195111
012415302111314042420140 2 1202503237.195113
041215202131314042420140 2 1202503237.195114
011415202131314042420140 2 1202503237.195116
041215202133314042420140 2 1202503237.195118
011415202133314042420140 2 1202503237.195120
041215202134314042420140 2 1202503237.195121
011415202134314042420140 2 1202503237.195123
041215202135314042420140 2 1202503237.195124
011415202135314042420140 1 1202503237.195126
011415202135354042420140 1 1202503237.195135
011415202130314142420140 1 1202503237.195154
041215202135314142420140 1 1202503237.195156
011415202135314142420140 2 1202503237.195158
041215202135354142420140 2 1202503237.195201
011415202135354142420140 2 1202503237.195203
011415202130314242420140 1 1202503237.195228
012415302111314242420140 2 1202503237.195230
011415202131314242420140 2 1202503237.195232
011415202133314242420140 2 1202503237.195233
011415202134314242420140 2 1202503237.195235
011415202135314242420140 2 1202503237.195237
042215302113310442420140 2 1202503237.195300
042115502113310442420140 2 1202503237.195301
042115502153310442420140 2 1202503237.195307
042215302113311442420140 2 1202503237.195309
042115502113311442420140 2 1202503237.195311
042115502153311442420140 2 1202503237.195317
042215302113312442420140 2 1202503237.195319
042115502113312442420140 2 1202503237.195320
042115502153312442420140 2 1202503237.195327
042215302113314442420140 2 1202503237.195332
042115502113314442420140 2 1202503237.195334
042115502153314442420140 2 1202503237.195341
042215302113315442420140 2 1202503237.195348
042115502113315442420140 2 1202503237.195349
042115502153315442420140 2 1202503237.195356
011415202135302542420140 1 1202503237.195409
041215202135352542420140 1 1202503237.195410
011415202135352542420140 1 1202503237.195412
005510252130354542420511 2 1202503237.195536
011010222030304542420254 1 1202503237.195736
011415222030304042420115 1 1202503237.195742
011415222530304042420115 1 1202503237.195744
011415222035304042420115 1 1202503237.195745
010415222535304042420115 1 1202503237.195747
011415222535304042420115 1 1202503237.195748
012415222535304042420115 1 1202503237.195749
014415222535304042420115 1 1202503237.195751
015415222535304042420115 1 1202503237.195752
011415222030314042420115 1 1202503237.195754
011415222530314042420115 1 1202503237.195755
011415222035314042420115 1 1202503237.195757
010415222535314042420115 1 1202503237.195758
011415222535314042420115 1 1202503237.195800
012415222535314042420115 1 1202503237.195801
014415222535314042420115 1 1202503237.195803
015415222535314042420115 1 1202503237.195804
011415222030354042420115 1 1202503237.195806
011415222530354042420115 1 1202503237.195807
021415222530354042420115 1 1202503237.195808
011415222035354042420115 1 1202503237.195810
010415222535354042420115 1 1202503237.195811
020415222535354042420115 1 1202503237.195813
011415222535354042420115 1 1202503237.195814
021415222535354042420115 1 1202503237.195816
012415222535354042420115 1 1202503237.195817
022415222535354042420115 1 1202503237.195819
014415222535354042420115 1 1202503237.195820
024415222535354042420115 1 1202503237.195822
015415222535354042420115 1 1202503237.195823
025415222535354042420115 1 1202503237.195824
011415222530304442420115 1 1202503237.195827
010415222535304442420115 1 1202503237.195829
011415222535304442420115 1 1202503237.195830
012415222535304442420115 1 1202503237.195832
014415222535304442420115 1 1202503237.195833
015415222535304442420115 1 1202503237.195835
014415352131354442420020 2 1202503237.195118
014415352131354542420020 2 1202503237.195127
014510352113310442420422 2 1202503237.195319
014110552133310442420422 2 1202503237.195321
014510352113311442420422 2 1202503237.195323
014110552133311442420422 2 1202503237.195325
014510352113312442420422 2 1202503237.195326
014110552133312442420422 2 1202503237.195328
014110552131314442420422 2 1202503237.195334
014510352113314442420422 2 1202503237.195337
014110552133314442420422 2 1202503237.195339
014510352113315442420422 2 1202503237.195341
014110552133315442420422 2 1202503237.195342
014510352111314542420422 2 1202503237.195345
014510052103310442420421 2 1202503237.195129
014110552103310442420421 2 1202503237.195130
014510052113310442420421 2 1202503237.195132
014510052103311442420421 2 1202503237.195136
014510052113311442420421 2 1202503237.195138
014510052103312442420421 2 1202503237.195141
014510052113312442420421 2 1202503237.195143
014410052133304442420421 2 1202503237.195145
014510052103314442420421 2 1202503237.195148
014110552103314442420421 2 1202503237.195149
014510052113314442420421 2 1202503237.195151
014110052133314442420421 2 1202503237.195153
014510052103315442420421 2 1202503237.195156
014510052113315442420421 2 1202503237.195157
001515202135302442420042 2 1202503237.195303
002515302131354442420042 2 1202503237.195311
001510202135354442420042 1 1202503237.195314
002510302151304542420042 2 1202503237.195318
002510302151354542420042 2 1202503237.195322
014410352131314042420424 2 1202503237.195423
014110052113301442420424 2 1202503237.195430
014110052133301442420424 2 1202503237.195432
014110052103311442420424 2 1202503237.195433
014110052113311442420424 2 1202503237.195435
014110052113314442420424 2 1202503237.195443
014110052133314442420424 2 1202503237.195444
012410352111314542420424 2 1202503237.195453
001510202135302042420244 1 1202503237.195317
011010222030304542420244 1 1202503237.195321
001510202130304542420244 1 1202503237.195323
002510302101304542420244 2 1202503237.195326
002510302111304542420244 2 1202503237.195328
001510202131304542420244 2 1202503237.195331
002510302131304542420244 2 1202503237.195333
002510302141304542420244 2 1202503237.195335
002510302151304542420244 2 1202503237.195338
001510202133304542420244 2 1202503237.195340
001510202134304542420244 2 1202503237.195343
001510202135304542420244 2 1202503237.195345
042215002133310442420141 2 1202503237.195343
042415502113311442420141 2 1202503237.195355
042215002133311442420141 2 1202503237.195358
042515502133311442420141 2 1202503237.195404
042415502153311442420141 2 1202503237.195407
042415502113351442420141 2 1202503237.195409
042415502133351442420141 2 1202503237.195412
042215002133312442420141 2 1202503237.195415
042215002131314442420141 2 1202503237.195420
042415502113314442420141 2 1202503237.195423
042215002133314442420141 2 1202503237.195424
042115502133314442420141 2 1202503237.195427
042415502133314442420141 2 1202503237.195429
042115002153314442420141 2 1202503237.195432
042215002133315442420141 2 1202503237.195440
042115002153315442420141 2 1202503237.195442
014510252130314542420412 2 1202503237.195539
014510252131314542420412 2 1202503237.195540
014510252133314542420412 2 1202503237.195541
014510252134314542420412 2 1202503237.195543
014510252135314542420412 1 1202503237.195544
005510202135354542420512 1 1202503237.195559
011010222030304542420224 1 1202503237.195647
052510302131304042420144 2 1202503237.195712
041515202135354142420144 1 1202503237.195756
052110202133310442420144 2 1202503237.195849
052110202133311442420144 2 1202503237.195851
052110202133312442420144 2 1202503237.195858
052510302131304442420144 2 1202503237.195900
052110202133314442420144 2 1202503237.195915
011010222030354442420144 1 1202503237.195928
041515202130354442420144 1 1202503237.195933
042515302111354442420144 2 1202503237.195935
041515202131354442420144 2 1202503237.195937
042515302131354442420144 2 1202503237.195940
042515302113354442420144 2 1202503237.195942
041515202133354442420144 2 1202503237.195946
042115502133354442420144 2 1202503237.195949
041515202134354442420144 2 1202503237.195952
041515202135354442420144 2 1202503237.195956
052110202133315442420144 2 1202503237.200003
011010222030304542420144 1 1202503237.200026
011010222030314542420144 1 1202503237.200027
042415302131314542420144 2 1202503237.200038
011010222030354542420144 1 1202503237.200049
041515202130354542420144 1 1202503237.200051
042515302111354542420144 2 1202503237.200053
041515202131354542420144 2 1202503237.200055
041515202133354542420144 2 1202503237.200058
041515202134354542420144 2 1202503237.200100
041515202135354542420144 2 1202503237.200104
