0524103226313144424210021000 2 1202503053.211838
0524102021353041424601102410 1 1202503053.211838
0144152521633104424200213520 2 1202503053.211838
0144152521633504424200213520 2 1202503053.211838
0511152021353140424206210040 2 1202503053.211838
0026150021313640424206210040 2 1202503053.211838
0526160021313641424206210040 2 1202503053.211838
0511152021353142424206210040 2 1202503053.211838
0142162521033004424206210040 2 1202503053.211838
0111152220333004424206210040 2 1202503053.211838
0121152220333004424206210040 2 1202503053.211838
0111152520333004424206210040 2 1202503053.211838
0121152520333004424206210040 2 1202503053.211838
0142160521333004424206210040 2 1202503053.211838
0144160521333004424206210040 2 1202503053.211838
0111152521333004424206210040 2 1202503053.211838
0121152521333004424206210040 2 1202503053.211838
0112152521333004424206210040 2 1202503053.211838
0144166521333004424206210040 2 1202503053.211838
0612102521633004424206210040 2 1202503053.211838
0142162521033104424206210040 2 1202503053.211838
0141165521033104424206210040 2 1202503053.211838
0145165521033104424206210040 2 1202503053.211838
0645106521033104424206210040 2 1202503053.211838
0045166521033104424206210040 2 1202503053.211838
0645166521033104424206210040 2 1202503053.211838
0645106521133104424206210040 2 1202503053.211838
0045166521133104424206210040 2 1202503053.211838
0645166521133104424206210040 2 1202503053.211838
0111152520333104424206210040 2 1202503053.211838
0121152520333104424206210040 2 1202503053.211838
0142160521333104424206210040 2 1202503053.211838
0144160521333104424206210040 2 1202503053.211838
0145160521333104424206210040 2 1202503053.211838
0121152521333104424206210040 2 1202503053.211838
0145162521333104424206210040 2 1202503053.211838
0142166521333104424206210040 2 1202503053.211838
0144166521333104424206210040 2 1202503053.211839
0045166521333104424206210040 2 1202503053.211839
0145166521333104424206210040 2 1202503053.211839
0142162521033504424206210040 2 1202503053.211839
0121162620333504424206210040 2 1202503053.211839
0144162521333504424206210040 2 1202503053.211839
0142162521033604424206210040 2 1202503053.211839
0144160521333604424206210040 2 1202503053.211839
0114162521333604424206210040 2 1202503053.211839
0144162521333604424206210040 2 1202503053.211839
0144166521333604424206210040 2 1202503053.211839
0112162521633604424206210040 2 1202503053.211839
0141160521333014424206210040 2 1202503053.211839
0142156521333014424206210040 2 1202503053.211839
0141100521333114424206210040 2 1202503053.211839
0141160521333114424206210040 2 1202503053.211839
0141166521333114424206210040 2 1202503053.211839
0142160521333614424206210040 2 1202503053.211839
0142156521333614424206210040 2 1202503053.211839
0144166521333614424206210040 2 1202503053.211839
0112162521633614424206210040 2 1202503053.211839
0142160521333044424206210040 2 1202503053.211839
0144160521333044424206210040 2 1202503053.211839
0144166521333044424206210040 2 1202503053.211839
0141100521333144424206210040 2 1202503053.211839
0141160521333144424206210040 2 1202503053.211839
0114162521633144424206210040 2 1202503053.211839
0642156521033544424206210040 2 1202503053.211839
0015152021303644424206210040 1 1202503053.211839
0522100521313644424206210040 2 1202503053.211839
0142160521333644424206210040 2 1202503053.211839
0144160521333644424206210040 2 1202503053.211839
0142156521333644424206210040 2 1202503053.211839
0144166521333644424206210040 2 1202503053.211839
0112162521633644424206210040 2 1202503053.211839
0121162620333054424206210040 2 1202503053.211839
0121162620333154424206210040 2 1202503053.211839
0042100521633554424206210040 2 1202503053.211839
0144160521333064424206210040 2 1202503053.211839
0112162521633064424206210040 2 1202503053.211839
0142160521333664424206210040 2 1202503053.211839
0112162521633664424206210040 2 1202503053.211839
0025100021313046424206210040 2 1202503053.211839
0625100021313046424206210040 2 1202503053.211839
0025150021313046424206210040 2 1202503053.211839
0625150021313046424206210040 2 1202503053.211839
0025160021313046424206210040 2 1202503053.211839
0625160021313046424206210040 2 1202503053.211839
0015162521303546424206210040 2 1202503053.211839
0025100021313546424206210040 2 1202503053.211839
0025150021313546424206210040 2 1202503053.211839
0025160021313546424206210040 2 1202503053.211839
0012102021363546424206210040 2 1202503053.211839
0612102021363546424206210040 1 1202503053.211839
0012152021363546424206210040 2 1202503053.211839
0612152021363546424206210040 1 1202503053.211839
0012162021363546424206210040 1 1202503053.211839
0015162021303646424206210040 1 1202503053.211839
0012102621353640424200000011 2 1202503053.211839
0012152621353640424200000011 2 1202503053.211839
0144152621333142424200000011 2 1202503053.211839
0144152621333542424200000011 2 1202503053.211839
0142152226333604424200000011 2 1202503053.211839
0142152526333604424200000011 2 1202503053.211839
0610152021353044424200000011 2 1202503053.211839
0610102021353644424200000011 2 1202503053.211839
0012102621353644424200000011 2 1202503053.211839
0144152621333145424200000011 2 1202503053.211839
0114162021363145424200000011 1 1202503053.211839
0114162021303645424200000011 1 1202503053.211839
0144152621333546424200000011 2 1202503053.211839
0141152226363646424200000011 2 1202503053.211839
0110102220303045424606542111 1 1202503053.211839
0110102220303145424606542111 1 1202503053.211839
0022100021353044424601612411 2 1202503053.211839
0422150521303144424601612411 2 1202503053.211839
0424150521313144424601612411 2 1202503053.211839
0024150021333144424601612411 2 1202503053.211839
0124150021333144424601612411 2 1202503053.211839
0422150521353144424601612411 2 1202503053.211839
0422150521303544424601612411 2 1202503053.211839
0524100521313544424601612411 2 1202503053.211839
0024150521313544424601612411 2 1202503053.211839
0424150521313544424601612411 2 1202503053.211839
0124150021333544424601612411 2 1202503053.211839
0524150021333544424601612411 2 1202503053.211839
0024150521333544424601612411 2 1202503053.211839
0124150021353544424601612411 2 1202503053.211839
0422150521353544424601612411 2 1202503053.211839
0022100021353045424601612411 2 1202503053.211839
0422150521303145424601612411 2 1202503053.211839
0524100521313145424601612411 2 1202503053.211839
0424150521313145424601612411 2 1202503053.211839
0422150521333145424601612411 2 1202503053.211839
0024150521333145424601612411 2 1202503053.211839
0422150521353145424601612411 2 1202503053.211839
0524100021313545424601612411 2 1202503053.211839
0124150021313545424601612411 2 1202503053.211839
0524100521313545424601612411 2 1202503053.211839
0024150521313545424601612411 2 1202503053.211839
0422150521353545424601612411 2 1202503053.211839
0012162521303040424200000611 1 1202503053.211839
0012162521303540424200000611 1 1202503053.211839
0612162521303540424200000611 1 1202503053.211839
0614102021353540424200000611 2 1202503053.211839
0642162521363540424200000611 1 1202503053.211839
0010102021353640424200000611 2 1202503053.211839
0614102021353640424200000611 2 1202503053.211839
0012152021353640424200000611 2 1202503053.211839
0012162521303044424200000611 1 1202503053.211839
0610102021353044424200000611 2 1202503053.211839
0610152021353044424200000611 2 1202503053.211839
0010102021353644424200000611 2 1202503053.211839
0610102021353644424200000611 2 1202503053.211839
0014102021353644424200000611 2 1202503053.211839
0062102621353644424200000611 2 1202503053.211839
0642162521363045424200000611 1 1202503053.211839
0014102021353646424200000611 2 1202503053.211839
0142150621333104424200000521 2 1202503053.211839
0144150621333104424200000521 2 1202503053.211839
0146150621333104424200000521 2 1202503053.211839
0144150621333504424200000521 2 1202503053.211839
0141100621333114424200000521 2 1202503053.211839
0141100621133144424200000521 2 1202503053.211839
0126102523343121404200122141 1 1202503053.211839
0126102525343121404200122141 6 1202503053.211839
0126152521343025404200122141 2 1202503053.211839
0126102523343025404200122141 6 1202503053.211839
0126102525343125404200122141 1 1202503053.211839
0126102523343506404200122141 1 1202503053.211839
0126102524343126404200122141 1 1202503053.211839
0126102525343126404200122141 6 1202503053.211839
0516102325303541424200122141 1 1202503053.211839
0026102525303546424200122141 6 1202503053.211839
0126102523343026454200122141 6 1202503053.211839
0111152021343526454200122141 1 1202503053.211839
0526102020353040464200122141 1 1202503053.211839
0124152021353140464200122141 1 1202503053.211839
0526152020353540464200122141 1 1202503053.211839
0526102020353041464200122141 1 1202503053.211839
0114152220353041464200122141 1 1202503053.211839
0124152225353041464200122141 1 1202503053.211839
0526102320353141464200122141 1 1202503053.211839
0526152320353141464200122141 1 1202503053.211839
0124152021353141464200122141 2 1202503053.211839
0526152020353541464200122141 2 1202503053.211839
0526102020353042464200122141 2 1202503053.211839
0526102020353044464200122141 1 1202503053.211839
0114152225303144464200122141 1 1202503053.211839
0124152021353144464200122141 1 1202503053.211839
0124102225353144464200122141 1 1202503053.211839
0124152225353144464200122141 1 1202503053.211839
0526152020353544464200122141 1 1202503053.211839
0526102020353045464200122141 1 1202503053.211839
0526152020353545464200122141 1 1202503053.211839
0111152021343120454600122141 1 1202503053.211839
0145152520303022464600122141 6 1202503053.211839
0145152520303042464600122141 1 1202503053.211839
0145152520313042464600122141 6 1202503053.211839
0061100021303040424600202451 2 1202503053.211839
0061150021303040424600202451 2 1202503053.211839
0562155021303040424600202451 2 1202503053.211839
0562100521303040424600202451 2 1202503053.211839
0061150521303040424600202451 2 1202503053.211839
0061100021313040424600202451 2 1202503053.211839
0061150021313040424600202451 2 1202503053.211839
0062100521313040424600202451 2 1202503053.211839
0062150521313040424600202451 2 1202503053.211839
0061100021333040424600202451 2 1202503053.211839
0562103021153040424600202451 2 1202503053.211839
0164153521103140424600202451 2 1202503053.211839
0561150021313140424600202451 2 1202503053.211839
0061100021303540424600202451 2 1202503053.211839
0061150021303540424600202451 2 1202503053.211839
0062100521303540424600202451 2 1202503053.211839
0012156521303540424600202451 2 1202503053.211839
0061100021313540424600202451 2 1202503053.211839
0061150021313540424600202451 2 1202503053.211839
0062100521313540424600202451 2 1202503053.211839
0062150521313540424600202451 2 1202503053.211839
0061100021333540424600202451 2 1202503053.211839
0562153021153540424600202451 2 1202503053.211839
0061100021303041424600202451 2 1202503053.211840
0061150021303041424600202451 2 1202503053.211840
0061100521303041424600202451 2 1202503053.211840
0061150521303041424600202451 2 1202503053.211840
0061100021313041424600202451 2 1202503053.211840
0061150021313041424600202451 2 1202503053.211840
0062150521313041424600202451 2 1202503053.211840
0164105521313041424600202451 2 1202503053.211840
0061100021333041424600202451 2 1202503053.211840
0061150021333041424600202451 2 1202503053.211840
0061105521303141424600202451 2 1202503053.211840
0061100021313141424600202451 2 1202503053.211840
0561100021313141424600202451 2 1202503053.211840
0561150021313141424600202451 2 1202503053.211840
0061100021303541424600202451 2 1202503053.211840
0061150021303541424600202451 2 1202503053.211840
0061100521303541424600202451 2 1202503053.211840
0061150521303541424600202451 2 1202503053.211840
0061100021313541424600202451 2 1202503053.211840
0061150021313541424600202451 2 1202503053.211840
0541155521313541424600202451 2 1202503053.211840
0562103021313042424600202451 2 1202503053.211840
0114106021333042424600202451 2 1202503053.211840
0560103021103142424600202451 2 1202503053.211840
0560153021103142424600202451 2 1202503053.211840
0560103521103142424600202451 2 1202503053.211840
0560153521103142424600202451 2 1202503053.211840
0114106021333142424600202451 2 1202503053.211840
0061150521333004424600202451 2 1202503053.211840
0061150021303044424600202451 2 1202503053.211840
0562155021303044424600202451 2 1202503053.211840
0061150521303044424600202451 2 1202503053.211840
0061100021313044424600202451 2 1202503053.211840
0061150021313044424600202451 2 1202503053.211840
0062150521313044424600202451 2 1202503053.211840
0164105521313044424600202451 2 1202503053.211840
0061150021333044424600202451 2 1202503053.211840
0061100521333044424600202451 2 1202503053.211840
0164100521333044424600202451 2 1202503053.211840
0164105521333044424600202451 2 1202503053.211840
0114106521333044424600202451 2 1202503053.211840
0562103021153044424600202451 2 1202503053.211840
0061100021313144424600202451 2 1202503053.211840
0561100021313144424600202451 2 1202503053.211840
0561100521313144424600202451 2 1202503053.211840
0164105521313144424600202451 2 1202503053.211840
0164100521333144424600202451 2 1202503053.211840
0164105521333144424600202451 2 1202503053.211840
0562155021353144424600202451 2 1202503053.211840
0562153021103544424600202451 2 1202503053.211840
0012106521303045424600202451 2 1202503053.211840
0562103021153045424600202451 2 1202503053.211840
0562153021303145424600202451 2 1202503053.211840
0562153021103545424600202451 2 1202503053.211840
0624100021313641424200000502 2 1202503053.211840
0141102621303542424200000412 1 1202503053.211840
0146102621353526424200000412 2 1202503053.211840
0146102621353146424200000412 2 1202503053.211840
0425160021313641424200000142 2 1202503053.211840
0614102021353641424200000142 2 1202503053.211840
0424165021633104424200000142 2 1202503053.211840
0425160021313144424200000142 2 1202503053.211840
0424165021633144424200000142 2 1202503053.211840
0426165021633144424200000142 2 1202503053.211840
0024165021633644424200000142 2 1202503053.211840
0424166021133654424200000142 2 1202503053.211840
0021160021633654424200000142 2 1202503053.211840
0421160021633654424200000142 2 1202503053.211840
0424160021633654424200000142 2 1202503053.211840
0421162021633654424200000142 2 1202503053.211840
0422163021613145424200000142 2 1202503053.211840
0424163021613145424200000142 2 1202503053.211840
0111152021343120464200000052 1 1202503053.211840
0111152021343121464200000052 1 1202503053.211840
0622152523403110404201112103 6 1202503053.211840
0622152523403120404201112103 6 1202503053.211840
0522152023343161404201112103 6 1202503053.211840
0126102520343022404201112103 1 1202503053.211840
0126106520343122404201112103 2 1202503053.211840
0622152523403124404201112103 6 1202503053.211840
0622152523403115404201112103 6 1202503053.211840
0526102525343125404201112103 1 1202503053.211840
0122106525433016404201112103 6 1202503053.211840
0622152523403126404201112103 6 1202503053.211840
0022106025353142424201112103 6 1202503053.211840
0022106525353142424201112103 6 1202503053.211840
0045106225003004424201112103 2 1202503053.211840
0025106525303004424201112103 2 1202503053.211840
0026106025353004424201112103 2 1202503053.211840
0045106225003104424201112103 2 1202503053.211840
0022106225353104424201112103 2 1202503053.211840
0045106225003114424201112103 2 1202503053.211840
0045106225053124424201112103 2 1202503053.211840
0045106225003144424201112103 2 1202503053.211840
0045106225003154424201112103 2 1202503053.211840
0045102025333064424201112103 2 1202503053.211840
0045102225333164424201112103 2 1202503053.211840
0045102225333564424201112103 2 1202503053.211840
0025106521303045424201112103 2 1202503053.211840
0026106025353045424201112103 6 1202503053.211840
0025106525303046424201112103 2 1202503053.211840
0045102025353046424201112103 1 1202503053.211840
0045102025333146424201112103 6 1202503053.211840
0045102025353146424201112103 1 1202503053.211840
0546102025353146424201112103 1 1202503053.211840
0022106025353146424201112103 2 1202503053.211840
0022106525353146424201112103 2 1202503053.211840
0045102025353546424201112103 1 1202503053.211840
0022106025353546424201112103 2 1202503053.211840
0045102225353546424201112103 2 1202503053.211840
0022106525353546424201112103 2 1202503053.211840
0526106020343510454201112103 2 1202503053.211840
0126106520343122454201112103 2 1202503053.211840
0522106021343122454201112103 2 1202503053.211840
0526106020343125454201112103 6 1202503053.211840
0015102020433506454201112103 6 1202503053.211840
0015102020433116454201112103 6 1202503053.211840
0526106020343126454201112103 2 1202503053.211840
0526106025343126454201112103 2 1202503053.211840
0026106020353040464201112103 2 1202503053.211840
0045102025353040464201112103 1 1202503053.211840
0045102225353040464201112103 1 1202503053.211840
0045102025353140464201112103 1 1202503053.211840
0045102025353540464201112103 1 1202503053.211840
0524102225353540464201112103 1 1202503053.211840
0045102225353540464201112103 1 1202503053.211840
0442152023053121464201112103 1 1202503053.211840
0045102025353041464201112103 6 1202503053.211840
0045102225353041464201112103 2 1202503053.211840
0442152023053141464201112103 1 1202503053.211840
0045102025353141464201112103 1 1202503053.211840
0546102025353141464201112103 2 1202503053.211840
0524102225353141464201112103 1 1202503053.211840
0045102225353141464201112103 1 1202503053.211840
0042102525303541464201112103 6 1202503053.211840
0045102025353541464201112103 1 1202503053.211840
0524102225353541464201112103 1 1202503053.211840
0045102225353541464201112103 1 1202503053.211840
0442152023053151464201112103 1 1202503053.211840
0045106225003004464201112103 2 1202503053.211840
0045102025333004464201112103 6 1202503053.211840
0045106225003104464201112103 2 1202503053.211840
0045102025333104464201112103 6 1202503053.211840
0045102225333104464201112103 2 1202503053.211840
0442152023053104464201112103 1 1202503053.211840
0045102225333504464201112103 2 1202503053.211840
0045106225003114464201112103 2 1202503053.211840
0442152023053114464201112103 1 1202503053.211840
0442152023053124464201112103 1 1202503053.211840
0045106225053124464201112103 2 1202503053.211840
0045102025353044464201112103 1 1202503053.211840
0026106025353044464201112103 2 1202503053.211840
0045102225353044464201112103 1 1202503053.211840
0045106225003144464201112103 2 1202503053.211840
0045102025333144464201112103 2 1202503053.211840
0442152023053144464201112103 1 1202503053.211840
0065102223353144464201112103 1 1202503053.211840
0045102025353144464201112103 1 1202503053.211840
0546102025353144464201112103 1 1202503053.211840
0045102225353144464201112103 1 1202503053.211840
0042102525303544464201112103 6 1202503053.211840
0045102025353544464201112103 2 1202503053.211840
0045102225353544464201112103 1 1202503053.211840
0045106225003154464201112103 2 1202503053.211840
0442152023053154464201112103 1 1202503053.211840
0045102025353045464201112103 6 1202503053.211840
0045102225353045464201112103 2 1202503053.211840
0045102025333145464201112103 6 1202503053.211840
0045102025353145464201112103 1 1202503053.211840
0514102225303545464201112103 1 1202503053.211840
0022102520353545464201112103 1 1202503053.211840
0045102025353545464201112103 1 1202503053.211840
0045102225353545464201112103 1 1202503053.211840
0145102025333106464201112103 2 1202503053.211840
0045102025353046464201112103 6 1202503053.211840
0045102025333146464201112103 2 1202503053.211840
0444152023353146464201112103 1 1202503053.211840
0045102025353146464201112103 1 1202503053.211840
0546102025353146464201112103 2 1202503053.211840
0442152025353146464201112103 1 1202503053.211840
0444152025353146464201112103 2 1202503053.211840
0045102025333546464201112103 2 1202503053.211840
0045102025353546464201112103 1 1202503053.211840
0042102525303140424601112103 6 1202503053.211840
0042102525303540424601112103 6 1202503053.211840
0524102225353540424601112103 1 1202503053.211840
0514102225303541424601112103 1 1202503053.211840
0042102525303544424601112103 2 1202503053.211840
0015102020433115454601112103 6 1202503053.211840
0042102525303140464601112103 1 1202503053.211840
0042102525303540464601112103 1 1202503053.211840
0141102520033156424206122113 2 1202503053.211841
0121156520333010424205402153 6 1202503053.211841
0121156520353010424205402153 6 1202503053.211841
0161152220503110424205402153 2 1202503053.211841
0141156520053120424205402153 6 1202503053.211841
0121156520353120424205402153 6 1202503053.211841
0121156520333040424205402153 6 1202503053.211841
0066100020503021424205402153 2 1202503053.211841
0066105020053021424205402153 2 1202503053.211841
0121156520333004424205402153 2 1202503053.211841
0141156520003104424205402153 2 1202503053.211841
0121156520333104424205402153 2 1202503053.211841
0161152520003114424205402153 2 1202503053.211841
0141156520003114424205402153 2 1202503053.211841
0161152520503114424205402153 1 1202503053.211841
0121156520353114424205402153 2 1202503053.211841
0141156520003144424205402153 2 1202503053.211841
0121156520353144424205402153 2 1202503053.211841
