0146102621353142424200000114 2 1202504152.114122
0146102621353146424200000114 2 1202504152.114203
0146102621353142424200000114 2 1202504152.125710
0146102621353146424200000114 2 1202504152.125810
0146102621353142424200000114 2 1202504152.144842
0146102621353146424200000114 2 1202504152.144943
0145102521303146464201142103 2 1202504152.170206
0145102521313146464201142103 2 1202504152.170209
0145102521333146464201142103 2 1202504152.170212
0145102521343146464201142103 2 1202504152.170215
0145102521353146464201142103 1 1202504152.170219
0145102521303141424601142103 2 1202504152.170331
0145102521353141424601142103 1 1202504152.170333
0145102521303142424601142103 2 1202504152.170409
0145102521313142424601142103 2 1202504152.170412
0145102521333142424601142103 2 1202504152.170414
0145102521343142424601142103 2 1202504152.170417
0145102521353142424601142103 1 1202504152.170420
0145102521303045424601142103 1 1202504152.170509
0145102521303145424601142103 1 1202504152.170527
0145102521313145424601142103 2 1202504152.170532
0145102521333145424601142103 2 1202504152.170534
0145102521343145424601142103 2 1202504152.170536
0145102521353145424601142103 1 1202504152.170539
0145102521303146424601142103 2 1202504152.170622
0145102521313146424601142103 2 1202504152.170624
0145102521333146424601142103 2 1202504152.170627
0145102521343146424601142103 2 1202504152.170629
0145102521353146424601142103 1 1202504152.170632
0145102520303141464601142103 6 1202504152.171036
0145102521303141464601142103 2 1202504152.171039
0145102523303141464601142103 6 1202504152.171042
0145102524303141464601142103 6 1202504152.171044
0145102525303141464601142103 6 1202504152.171047
0145102520353141464601142103 1 1202504152.171050
0145102521353141464601142103 1 1202504152.171053
0145102523353141464601142103 1 1202504152.171055
0145102524353141464601142103 1 1202504152.171057
0145102525353141464601142103 1 1202504152.171059
0145102520303142464601142103 6 1202504152.171239
0145102521303142464601142103 2 1202504152.171242
0145102520313142464601142103 6 1202504152.171244
0145102521313142464601142103 2 1202504152.171246
0145102520333142464601142103 6 1202504152.171248
0145102521333142464601142103 2 1202504152.171251
0145102520343142464601142103 6 1202504152.171253
0145102521343142464601142103 2 1202504152.171255
0145102520353142464601142103 1 1202504152.171257
0145102521353142464601142103 1 1202504152.171259
0145102520303045464601142103 1 1202504152.171550
0145102521303045464601142103 1 1202504152.171551
0145102523303045464601142103 1 1202504152.171553
0145102524303045464601142103 1 1202504152.171555
0145102525303045464601142103 1 1202504152.171557
0145102520303145464601142103 1 1202504152.171620
0145102521303145464601142103 1 1202504152.171623
0145102523303145464601142103 1 1202504152.171625
0145102524303145464601142103 1 1202504152.171627
0145102525303145464601142103 1 1202504152.171631
0145102520313145464601142103 6 1202504152.171633
0145102521313145464601142103 2 1202504152.171636
0145102523313145464601142103 6 1202504152.171638
0145102524313145464601142103 6 1202504152.171640
0145102525313145464601142103 6 1202504152.171643
0145102520333145464601142103 6 1202504152.171645
0145102521333145464601142103 2 1202504152.171647
0145102523333145464601142103 6 1202504152.171650
0145102524333145464601142103 6 1202504152.171652
0145102525333145464601142103 6 1202504152.171654
0145102520343145464601142103 6 1202504152.171656
0145102521343145464601142103 2 1202504152.171658
0145102523343145464601142103 6 1202504152.171700
0145102524343145464601142103 6 1202504152.171702
0145102525343145464601142103 6 1202504152.171704
0145102520353145464601142103 1 1202504152.171707
0145102521353145464601142103 1 1202504152.171709
0145102523353145464601142103 1 1202504152.171711
0145102524353145464601142103 1 1202504152.171713
0145102525353145464601142103 1 1202504152.171716
0145102520303146464601142103 6 1202504152.171917
0145102521303146464601142103 2 1202504152.171920
0145102523303146464601142103 6 1202504152.171923
0145102524303146464601142103 6 1202504152.171925
0145102525303146464601142103 6 1202504152.171928
0145102520313146464601142103 6 1202504152.171930
0145102521313146464601142103 2 1202504152.171933
0145102523313146464601142103 6 1202504152.171935
0145102524313146464601142103 6 1202504152.171936
0145102525313146464601142103 6 1202504152.171938
0145102520333146464601142103 6 1202504152.171941
0145102521333146464601142103 2 1202504152.171943
0145102523333146464601142103 6 1202504152.171945
0145102524333146464601142103 6 1202504152.171947
0145102525333146464601142103 6 1202504152.171949
0145102520343146464601142103 6 1202504152.171952
0145102521343146464601142103 2 1202504152.171955
0145102523343146464601142103 6 1202504152.171957
0145102524343146464601142103 6 1202504152.172000
0145102525343146464601142103 6 1202504152.172002
0145102520353146464601142103 1 1202504152.172005
0145102521353146464601142103 1 1202504152.172008
0145102523353146464601142103 1 1202504152.172010
0145102524353146464601142103 1 1202504152.172013
0145102525353146464601142103 1 1202504152.172015
0146102621353142424200000114 2 1202504163.045132
0146102621353146424200000114 2 1202504163.045158
0146102621353142424200000114 2 1202504163.052250
0146102621353146424200000114 2 1202504163.052311
