2943739540443
3226154905164
3228479250951
2661295656513
3226155082302
684547180014
3206396283078
3226140733404
3226412995221
3225379887030
5768020543224
3229641513147
3319910486355
2944887453003
683901479199
3163392608799
119429826726
3257535789813
4073443324338
3229641511932
3226413008100
2849582012709
3227316990942
3222668120763
3226159510977
5768020556337
3226149945048
3259860310560
3288916847217
4899811240497
4052522631054
3226154898603
3227316989484
684288893127
4919957105925
3226169070363
3226155082311
3226154728746
3226154714877
3205234023069
3222667943373
3225767661822
3226159510986
3226283855058
4073443339647
4920731946903
687775684089
3226154728008
3212207590413
2661295655784
2943725178414
4073428988553
3205243587549
2943710842629
3222667945074
5485591019865
3226164294684
3132016332159
4167586516287
3226154728503
3226121247234
3226154727765
3226169076915
3226154714886
3216856636281
4136205456678
684288899679
3132025898097
3226293434118
3226154722914
3229641866712
3979300158633
2943725191050
3224992466550
3218018897748
3226164293469
3226154905893
3226154721447
684288886566
3229254091929
3205234021611
4073443691754
3226078200513
3231966035352
5767633135857
3226154714895
4920344526414
3225384670008
3207558544545
3383060026062
3226140379110
3288142006257
5768020733493
3229641499296
5768020549785
2943725184975
3133173810657
3229641512409
3226413185490
401859363207
3226164471102
3222667943130
3226169254071
4073443337442
3257535789084
3225767307528
3226283868180
3288916847235
3226140556257
3205234021602
3225767308257
2947211975937
3132011542629
2661553935381
3226159510743
4074605598927
3227316976362
3205492301937
3257521438719
2943337771047
5014875125730
3226116464265
3254049003225
3226154727756
3132011903484
3257535787140
3227230896042
3226145162079
3228479252409
3320297893722
3228479244390
3288916840674
3226159511715
3226154905146
3226164293712
684418039851
3132011550648
3215694374571
3228493599858
3227317166631
3226140379839
3215694551961
2661424795218
3226169079111
3226140379101
3226283869638
3215823514977
4638302410422
3225767309715
3225394235946
3288916846749
684293682657
3226155069189
3226283868171
3132269829516
3226154721456
3226159510968
3132011549919
4952113006512
3228479250942
4917245162502
2943725191293
3321460168311
3227316989241
3226154729457
3226155084498
4076930121861
3226154715624
3225379887768
2755438833882
3226155083040
3226154729466
2943725192994
2943983471862
2943729974505
3225767307510
3226154728989
686613422622
3225379888497
3226283867937
3228479253138
3228479605245
3132021115128
1531577509131
4920717597996
4062982984257
3288931196142
3226159510500
4826588768076
3292403631636
4920731948361
3257794067952
2943725191518
3299377200438
3316811122443
3205234198758
3132011536068
3227302640577
3205238804580
4355872873941
3226169077653
3219181159215
3226169063802
3320298083991
3257535781065
3226154730933
3226164293955
3257535788355
3132140689353
4073701617786
3226154904921
3226288651149
5768020910640
3323784691245
3223830205083
3288926413173
3226155083769
3215694376272
3205234008489
3228436204230
3226413009072
4073443337460
3222797083779
3226154714652
3288916848693
3226283868909
3205234375905
4920731946660
2378866118574
4983494066121
5768025339315
3226159513173
3288916847226
3132011549181
2940238407135
3229641513876
4072668496482
2661295641933
2661295655046
2943725368683
3134336072124
685451161155
3226417791312
684288900417
3208720806012
3225767484675
3226154716353
3131624128701
2946049714470
3225767308986
4920731946894
3225767294406
684289253982
3228608391114
3226155082068
3257550136533
3227316991671
5769182817813
3215694374328
684289076835
3257535774504
3226154729475
3226159497864
2663620177989
3229641689565
3257148367137
3226164295413
4073055916971
3257535787617
3227331338391
684298465626
3215694729108
3226154721213
3257535787626
4920731946417
3226169076924
3320427047007
3225896447691
2661295655055
3226159512444
3228488816889
3226025587854
3228479250708
3226154892042
3226154907351
747051018906
3226164291768
3226154728728
3226164293937
3205219672704
3226159508799
4073572477623
3288921630204
2724057774273
3006487310754
4104824397069
2661295832202
3229646295387
3226283870367
2943725193723
3194773668408
3261022572027
4073443336974
3226140380568
4073443514607
6615309165789
2933264838333
3229641512175
3236615081220
4920861087066
3288830753793
3215680025907
3132011726337
3228393157509
3322622429778
3229899792744
3258698049093
3791013800979
3226154731662
2660908234566
2661295654812
3226929568995
5768149696509
3226155081825
3222667930494
5203161483384
3226140365988
3226155082293
2943734757474
3229641514605
2943725191536
3226422574281
3225772090497
3226140378624
3291241370169
3205234022340
3288916847964
3226154728737
3226073417544
3285430062834
3205248370518
3225776873466
3226398659436
3228479251680
3225389452977
3227326555422
2692676714664
3226413009801
3228479237829
3226154906622
3226164296142
