3254048944176
3159905765349
3979300099584
3320297847795
685451102106
3162230288283
717994423182
1439758794189
2318428463241
3294728095521
1502520913407
3132011490141
2410247119134
715669900248
684288840639
3227316930435
3290079049653
4044386741736
1566445294092
841194138684
3226154668968
1537388757417
3326109155130
4889350828245
5833107139449
1625720628909
2380028320992
1437434271255
2441628178743
778432019466
2349809522850
5045093864823
3224992407501
6649014689283
4108311122421
809813079075
4827750970494
6740833345176
1653614904117
3319135586328
3166879334151
3261022512978
654070042497
5011388282280
2285885142165
842356400151
6521165927913
652907781030
5081123970300
843518661618
1500196390473
3322622370729
3293565834054
4074605539878
687775625040
1561796248224
3137822797476
4857969768636
3357490214739
4079254585746
4076930062812
4007194374792
5770345020231
686613363573
4168748718705
5019524112549
3975813315183
621526721421
3323784632196
4110635645355
1533901973016
3228479191902
3292403572587
1474626638199
1565283032625
5046256126290
1532739711549
4204778824182
591307923279
1626882890376
2348647261383
4230348576456
3286592265252
3199422655227
4101337553619
5830782616515
2474171499819
4890513089712
4925380933722
4924218672255
6615309106740
3285430003785
5800563818373
3194773609359
1688482748127
5799401556906
4921894149321
6522328189380
5049742910691
3351678907404
4893999874113
3350516645937
1595501830767
4920731887854
5012550543747
3231965976303
6523490450847
3129686967207
3980462361051
4854482984235
4069956494010
4167586457238
2505552559428
690100147974
3348192123003
4918407364920
1562958509691
4046711264670
3230803714836
4983494007072
4202454301248
1597826353701
4825426447560
2287047403632
3133173751608
6617633629674
3324946893663
4948626163062
5042769341889
1438596532722
3128524705740
3982786883985
4891675351179
780756542400
3985111406919
5017199589615
3130849228674
1531577450082
2535771357570
3288916788186
3321460109262
2536933619037
4831237754895
4923056410788
3229641453369
1568769817026
1624558367442
779594280933
4198967516847
5768020497297
6616471368207
2316103940307
3317973324861
4824264186093
4107148860954
3256373467110
4826588709027
4226861792055
3384222228480
3981624622518
748213221324
5014875066681
2284722880698
4075767801345
5077637185899
3263347035912
2475333761286
1662912995853
4072281016944
812137602009
655232303964
3379573182612
5018361851082
5769182758764
4828913231961
3134336013075
3355165691805
3291241311120
4986980791473
3257535728577
1600150876635
5048580649224
5705258378079
5801726079840
3287754526719
6646690166349
4104824338020
4137367659096
4952112947463
4136205397629
5052067433625
3136660536009
749375482791
4861456553037
622688982888
4142016704964
4133880874695
3198260393760
3385384489947
5016037328148
4171073241639
2506714820895
3161068026816
4917245103453
1689645009594
4073443278411
5078799447366
4197805255380
3352841168871
3316811063394
721481207583
4832400016362
719156684649
5047418387757
2384677366860
688937886507
1559471725290
1535064234483
1598988615168
2383515105393
4855645245702
626175767289
3983949145452
4138529920563
2446277224611
720318946116
2447439486078
1501358651940
4078092324279
751700005725
625013505822
627338028756
4860294291570
2382352843926
750537744258
592470184746
752862267192
4823101924626
1442083317123
1440921055656
2445114963144
1443245578590
3165717072684
1536226495950
2353296307251
814462124943
1503683174874
1504845436341
1506007697808
656394565431
657556826898
1564120771158
658719088365
2350971784317
2352134045784
1629207413310
4201292039781
2378866059525
2290534188033
2289371926566
2288209665099
813299863476
783081065334
1630369674777
2319590724708
2321915247642
2320752986175
3259860251511
1596664092234
781918803867
784243326801
2473009238352
815624386410
2507877082362
2510201605296
2509039343829
844680923085
1694294055462
1693131793995
1691969532528
845843184552
2541582664905
2540420403438
2539258141971
847005446019
2413733903535
2414896165002
2416058426469
2476496022753
2477658284220
2478820545687
6554871510456
4863781075971
4045549003203
6772214404785
4236159883791
5050905172158
1567607555559
4830075493428
3386546751414
4132718613228
3222667884567
3387709012881
6737346560775
4234997622324
2443952701677
7526522096868
4105986599487
7462597716183
1660588472919
5706420639546
6586252570065
1655939427051
4856807507169
4919569626387
1465328546463
5707582901013
5737801699155
590145661812
1467653069397
3195935870826
4011843420660
3200584916694
1657101688518
5675039579937
5043931603356
4165261934304
5673877318470
4892837612646
4233835360857
1594339569300
3163392549750
2504390297961
4043224480269
4042062218802
3383059967013
5013712805214
6709452285567
3255211205643
716832161715
3223830146034
4047873526137
5831944877982
6552546987522
3197098132293
6585090308598
4950950685996
747050959857
4955599731864
2412571642068
7493978775792
5020686374016
4016492466528
4164099672837
4135043136162
4139692182030
4984656268539
1468815330864
4009518897726
4926543195189
623851244355
2538095880504
1628045151843
4862618814504
1631531936244
4981169484138
3135498274542
7399835596965
4166424195771
6583928047131
6647852427816
3349354384470
6556033771923
4859132030103
3354003430338
4014167943594
7525359835401
