0122102625433510400105414201 1202403225.205554
0126102625433510400105414201 1202403225.205704
0126102625433515400105414201 1202403225.205814
0122102625433510400205414201 1202403225.205924
0126102625433510400205414201 1202403225.210034
0126102625433515400205414201 1202403225.210143
0122102625433510400105614201 1202403225.210253
0126102625433510400105614201 1202403225.210403
0126102625433515400105614201 1202403225.210513
0122102625433510400205614201 1202403225.210622
0126102625433510400205614201 1202403225.210732
0126102625433515400205614201 1202403225.210842
0121102621433102400102614501 1202403225.214300
0121102621433112400102614501 1202403225.214457
0121102621433122400102614501 1202403225.214559
0121102621433142400102614501 1202403225.214757
0121102621433052400102614501 1202403225.214858
0121102621433152400102614501 1202403225.215000
0121102621433162400102614501 1202403225.215144
0121102621433014400102614501 1202403225.215245
0121102621433102400202614501 1202403225.215914
0121102621433112400202614501 1202403225.220112
0121102621433122400202614501 1202403225.220214
0121102621433142400202614501 1202403225.220412
0121102621433052400202614501 1202403225.220513
0121102621433152400202614501 1202403225.220615
0121102621433162400202614501 1202403225.220759
0121102621433014400202614501 1202403225.220901
0122102621433515400105614501 1202403225.221350
0126102621433515400105614501 1202403225.221500
0126102225433515400105614501 1202403225.221611
0126102625433515400105614501 1202403225.221721
0122102621433515400205614501 1202403225.221831
0126102621433515400205614501 1202403225.221942
0126102225433515400205614501 1202403225.222052
0126102625433515400205614501 1202403225.222202
0121102621433102400102014501 1202403225.222452
0121102621433112400102014501 1202403225.222651
0121102621433122400102014501 1202403225.222752
0121102621433142400102014501 1202403225.222950
0121102621433152400102014501 1202403225.223052
0121102621433162400102014501 1202403225.223237
0121102621433014400102014501 1202403225.223338
0121102621433102400202014501 1202403225.224008
0121102621433112400202014501 1202403225.224207
0121102621433122400202014501 1202403225.224308
0121102621433142400202014501 1202403225.224506
0121102621433152400202014501 1202403225.224608
0121102621433162400202014501 1202403225.224753
0121102621433014400202014501 1202403225.224854
0122102621433515400105014501 1202403225.225343
0126102621433515400105014501 1202403225.225453
0126102625433515400105014501 1202403225.225602
0122102621433515400205014501 1202403225.225708
0126102621433515400205014501 1202403225.225813
0126102625433515400205014501 1202403225.225918
0121102621433102400102114501 1202403225.230157
0121102621433112400102114501 1202403225.230348
0121102621433122400102114501 1202403225.230445
0121102621433142400102114501 1202403225.230635
0121102621433152400102114501 1202403225.230823
0121102621433162400102114501 1202403225.231001
0121102621433014400102114501 1202403225.231103
0121102621433102400202114501 1202403225.231818
0121102621433112400202114501 1202403225.232031
0121102621433122400202114501 1202403225.232139
0121102621433142400202114501 1202403225.232351
0121102621433152400202114501 1202403225.232559
0121102621433162400202114501 1202403225.232757
0121102621433014400202114501 1202403225.232905
0122102621433515400105114501 1202403225.233429
0126102621433515400105114501 1202403225.233546
0126102625433515400105114501 1202403225.233703
0122102621433515400205114501 1202403225.233820
0126102621433515400205114501 1202403225.233937
0126102625433515400205114501 1202403225.234053
0121102621433102400102214501 1202403225.234404
0121102621433112400102214501 1202403225.234616
0121102621433122400102214501 1202403225.234725
0121102621433142400102214501 1202403225.234937
0121102621433152400102214501 1202403225.235045
0121102621433162400102214501 1202403225.235243
0121102621433014400102214501 1202403225.235351
0121102621433102400202214501 1202403236.000106
0121102621433112400202214501 1202403236.000318
0121102621433122400202214501 1202403236.000427
0121102621433142400202214501 1202403236.000639
0121102621433152400202214501 1202403236.000747
0121102621433162400202214501 1202403236.000945
0121102621433014400202214501 1202403236.001053
0122102621433515400105214501 1202403236.001617
0126102621433515400105214501 1202403236.001734
0126102625433515400105214501 1202403236.001851
0122102621433515400205214501 1202403236.002008
0126102621433515400205214501 1202403236.002125
0126102625433515400205214501 1202403236.002242
0121102621433102400102414501 1202403236.002552
0121102621433112400102414501 1202403236.002804
0121102621433122400102414501 1202403236.002913
0121102621433142400102414501 1202403236.003125
0121102621433152400102414501 1202403236.003339
0121102621433162400102414501 1202403236.003537
0121102621433014400102414501 1202403236.003645
0121102621433102400202414501 1202403236.004402
0121102621433112400202414501 1202403236.004615
0121102621433122400202414501 1202403236.004723
0121102621433142400202414501 1202403236.004935
0121102621433152400202414501 1202403236.005149
0121102621433162400202414501 1202403236.005347
0121102621433014400202414501 1202403236.005455
0122102621433515400105414501 1202403236.010018
0126102621433515400105414501 1202403236.010135
0126102625433515400105414501 1202403236.010252
0122102621433515400205414501 1202403236.010409
0126102621433515400205414501 1202403236.010526
0126102625433515400205414501 1202403236.010643
0126102625433510400105014201 1202403236.010800
0126102625433515400105014201 1202403236.010918
0126102625433510400205014201 1202403236.011034
0126102625433515400205014201 1202403236.011151
0122102625433510400105114201 1202403236.011308
0126102625433510400105114201 1202403236.011425
0126102625433515400105114201 1202403236.011535
0122102625433510400205114201 1202403236.011639
0126102625433510400205114201 1202403236.011742
0126102625433515400205114201 1202403236.011846
0122102625433510400105214201 1202403236.011950
0126102625433510400105214201 1202403236.012054
0126102625433515400105214201 1202403236.012157
0122102625433510400205214201 1202403236.012301
0126102625433510400205214201 1202403236.012405
0126102625433515400205214201 1202403236.012509
0126102625433510400105014202 1202403236.013922
0126102625433515400105014202 1202403236.014026
0126102625433510400205014202 1202403236.014129
0126102625433515400205014202 1202403236.014233
0122102625433510400105114202 1202403236.014337
0126102625433510400105114202 1202403236.014440
0126102625433515400105114202 1202403236.014544
0122102625433510400205114202 1202403236.014648
0126102625433510400205114202 1202403236.014752
0126102625433515400205114202 1202403236.014855
0122102625433510400105214202 1202403236.014959
0126102625433510400105214202 1202403236.015103
0126102625433515400105214202 1202403236.015208
0122102625433510400205214202 1202403236.015311
0126102625433510400205214202 1202403236.015415
0126102625433515400205214202 1202403236.015519
0122102625433510400105414202 1202403236.020929
0126102625433510400105414202 1202403236.021033
0126102625433515400105414202 1202403236.021137
0122102625433510400205414202 1202403236.021241
0126102625433510400205414202 1202403236.021344
0126102625433515400205414202 1202403236.021448
0122102625433510400105614202 1202403236.021552
0126102625433510400105614202 1202403236.021656
0126102625433515400105614202 1202403236.021800
0122102625433510400205614202 1202403236.021903
0126102625433510400205614202 1202403236.022007
0126102625433515400205614202 1202403236.022111
0126102625433515400105114101 1202403236.022215
0126102625433515400205114101 1202403236.022319
0126102625433515400105214101 1202403236.022423
0126102625433515400205214101 1202403236.022527
0126102625433515400105414101 1202403236.022631
0126102625433515400205414101 1202403236.022735
0126102625433515400105614101 1202403236.022839
0126102625433515400205614101 1202403236.022943
0126102625433515400105414102 1202403236.023047
0126102625433515400205414102 1202403236.023151
0126102625433515400105614102 1202403236.023255
0126102625433515400205614102 1202403236.023359
0122102621433515400105114502 1202403236.023511
0126102621433515400105114502 1202403236.023628
0126102625433515400105114502 1202403236.023745
0122102621433515400205114502 1202403236.023901
0126102621433515400205114502 1202403236.024018
0126102625433515400205114502 1202403236.024135
0122102621433515400105214502 1202403236.030013
0126102621433515400105214502 1202403236.030130
0126102625433515400105214502 1202403236.030247
0122102621433515400205214502 1202403236.030404
0126102621433515400205214502 1202403236.030521
0126102625433515400205214502 1202403236.030638
0122102621433515400105414502 1202403236.032617
0126102621433515400105414502 1202403236.032734
0126102625433515400105414502 1202403236.032851
0122102621433515400205414502 1202403236.033008
0126102621433515400205414502 1202403236.033125
0126102625433515400205414502 1202403236.033241
0122102621433515400105614502 1202403236.035230
0126102621433515400105614502 1202403236.041325
0124102225433515400105614502 1202403236.071801
0126102225433515400105614502 1202403236.111537
0126102625433515400105614502 1202403236.111654
0122102621433515400205614502 1202403236.111812
0126102621433515400205614502 1202403236.111930
0124102225433515400205614502 1202403236.112047
0126102225433515400205614502 1202403236.112204
0126102625433515400205614502 1202403236.112322
0122102621433515400105014502 1202403236.124827
0126102621433515400105014502 1202403236.124943
0126102625433515400105014502 1202403236.125100
0122102621433515400205014502 1202403236.125217
0126102621433515400205014502 1202403236.125334
0126102625433515400205014502 1202403236.125451
0126102625433515400105014102 1202403236.132509
0126102625433515400205014102 1202403236.132614
0126102625433515400105114102 1202403236.132718
0126102625433515400205114102 1202403236.132822
0126102625433515400105214102 1202403236.132928
0126102625433515400205214102 1202403236.133034
0126102625433515400105014101 1202403236.133141
0126102625433515400205014101 1202403236.133248
0141102620033504420105624501 1202403236.140001
0141102620133504420105624501 1202403236.140106
0141102620333504420105624501 1202403236.140212
0141102620433504420105624501 1202403236.140317
0141102620533504420105624501 1202403236.140422
0141102620633504420105624501 1202403236.140527
0141102620033514420105624501 1202403236.140633
0141102620133514420105624501 1202403236.140738
0141102620333514420105624501 1202403236.140844
0141102620433514420105624501 1202403236.140949
0141102620533514420105624501 1202403236.141054
0141102620633514420105624501 1202403236.141159
0141102620033524420105624501 1202403236.141304
0141102620133524420105624501 1202403236.141410
0141102620333524420105624501 1202403236.141515
0141102620433524420105624501 1202403236.141620
0141102620533524420105624501 1202403236.141725
0141102620633524420105624501 1202403236.141831
0141102620033544420105624501 1202403236.141936
0141102620133544420105624501 1202403236.142042
0141102620333544420105624501 1202403236.142147
0141102620433544420105624501 1202403236.142253
0141102620533544420105624501 1202403236.142358
0141102620633544420105624501 1202403236.142504
0141102620033554420105624501 1202403236.142609
0141102620133554420105624501 1202403236.142715
0141102620333554420105624501 1202403236.142820
0141102620433554420105624501 1202403236.142925
0141102620533554420105624501 1202403236.143031
0141102620633554420105624501 1202403236.143136
0141102620033564420105624501 1202403236.143242
0141102620133564420105624501 1202403236.143347
0141102620333564420105624501 1202403236.143453
0141102620433564420105624501 1202403236.143558
0141102620533564420105624501 1202403236.143704
0141102620633564420105624501 1202403236.143809
0141102620033540420205624501 1202403236.143914
0141102620133540420205624501 1202403236.144020
0141102620333540420205624501 1202403236.144125
0141102620433540420205624501 1202403236.144231
0141102620533540420205624501 1202403236.144336
0141102620633540420205624501 1202403236.144442
0141102620033504420205624501 1202403236.144547
0141102620133504420205624501 1202403236.144653
0141102620333504420205624501 1202403236.144758
0141102620433504420205624501 1202403236.144904
0141102620533504420205624501 1202403236.145009
0141102620633504420205624501 1202403236.145114
0141102620033514420205624501 1202403236.145220
0141102620133514420205624501 1202403236.145325
0141102620333514420205624501 1202403236.145431
0141102620433514420205624501 1202403236.145536
0141102620533514420205624501 1202403236.145641
0141102620633514420205624501 1202403236.145747
0141102620033524420205624501 1202403236.145852
0141102620133524420205624501 1202403236.145957
0141102620333524420205624501 1202403236.150103
0141102620433524420205624501 1202403236.150208
0141102620533524420205624501 1202403236.150313
0141102620633524420205624501 1202403236.150419
0141102620033544420205624501 1202403236.150524
0141102620133544420205624501 1202403236.150630
0141102620333544420205624501 1202403236.150735
0141102620433544420205624501 1202403236.150841
0141102620533544420205624501 1202403236.150946
0141102620633544420205624501 1202403236.151052
0141102620033554420205624501 1202403236.151157
0141102620133554420205624501 1202403236.151303
0141102620333554420205624501 1202403236.151406
0141102620433554420205624501 1202403236.151509
0141102620533554420205624501 1202403236.151612
0141102620633554420205624501 1202403236.151715
0141102620033564420205624501 1202403236.151818
0141102620133564420205624501 1202403236.151921
0141102620333564420205624501 1202403236.152023
0141102620433564420205624501 1202403236.152126
0141102620533564420205624501 1202403236.152240
0141102620633564420205624501 1202403236.152355
0141102620033515420205624501 1202403236.152511
0141102620033545420205624501 1202403236.152627
0141102620133545420205624501 1202403236.152742
0141102620333545420205624501 1202403236.152858
0141102620433545420205624501 1202403236.153014
0141102620533545420205624501 1202403236.153129
0141102620633545420205624501 1202403236.153245
0141102620033504420105124502 1202403236.153446
0141102620133504420105124502 1202403236.153602
0141102620333504420105124502 1202403236.153717
0141102620433504420105124502 1202403236.153833
0141102620533504420105124502 1202403236.153949
0141102620633504420105124502 1202403236.154104
0141102620033514420105124502 1202403236.154220
0141102620133514420105124502 1202403236.154336
0141102620333514420105124502 1202403236.154451
0141102620433514420105124502 1202403236.154607
0141102620533514420105124502 1202403236.154723
0141102620633514420105124502 1202403236.154838
0141102620033524420105124502 1202403236.154954
0141102620133524420105124502 1202403236.155110
0141102620333524420105124502 1202403236.155225
0141102620433524420105124502 1202403236.155341
0141102620533524420105124502 1202403236.155457
0141102620633524420105124502 1202403236.155612
0141102620033544420105124502 1202403236.155728
0141102620133544420105124502 1202403236.155844
0141102620333544420105124502 1202403236.155959
0141102620433544420105124502 1202403236.160115
0141102620533544420105124502 1202403236.160231
0141102620633544420105124502 1202403236.160346
0141102620033554420105124502 1202403236.160502
0141102620133554420105124502 1202403236.160618
0141102620333554420105124502 1202403236.160733
0141102620433554420105124502 1202403236.160849
0141102620533554420105124502 1202403236.161005
0141102620633554420105124502 1202403236.161120
0141102620033564420105124502 1202403236.161236
0141102620133564420105124502 1202403236.161352
0141102620333564420105124502 1202403236.161507
0141102620433564420105124502 1202403236.161623
0141102620533564420105124502 1202403236.161739
0141102620633564420105124502 1202403236.161854
0141102620033540420205124502 1202403236.162010
0141102620133540420205124502 1202403236.162125
0141102620333540420205124502 1202403236.162241
0141102620433540420205124502 1202403236.162357
0141102620533540420205124502 1202403236.162512
0141102620633540420205124502 1202403236.162628
0141102620033504420205124502 1202403236.162744
0141102620133504420205124502 1202403236.162859
0141102620333504420205124502 1202403236.163015
0141102620433504420205124502 1202403236.163131
0141102620533504420205124502 1202403236.163247
0141102620633504420205124502 1202403236.163402
0141102620033514420205124502 1202403236.163518
0141102620133514420205124502 1202403236.163634
0141102620333514420205124502 1202403236.163749
0141102620433514420205124502 1202403236.163905
0141102620533514420205124502 1202403236.164021
0141102620633514420205124502 1202403236.164136
0141102620033524420205124502 1202403236.164322
0141102620133524420205124502 1202403236.164452
0141102620333524420205124502 1202403236.165017
0141102620433524420205124502 1202403236.165133
0141102620533524420205124502 1202403236.165249
0141102620633524420205124502 1202403236.165404
0141102620033544420205124502 1202403236.165520
0141102620133544420205124502 1202403236.165636
0141102620333544420205124502 1202403236.165751
0141102620433544420205124502 1202403236.165907
0141102620533544420205124502 1202403236.170022
0141102620633544420205124502 1202403236.170138
0141102620033554420205124502 1202403236.170253
0141102620133554420205124502 1202403236.170409
0141102620333554420205124502 1202403236.170525
0141102620433554420205124502 1202403236.170640
0141102620533554420205124502 1202403236.170913
0141102620633554420205124502 1202403236.171025
0141102620033564420205124502 1202403236.171128
0141102620133564420205124502 1202403236.171231
0141102620333564420205124502 1202403236.171334
0141102620433564420205124502 1202403236.171437
0141102620533564420205124502 1202403236.171540
0141102620633564420205124502 1202403236.171643
0141102620033515420205124502 1202403236.171746
0141102620033545420205124502 1202403236.171849
0141102620133545420205124502 1202403236.171951
0141102620333545420205124502 1202403236.172054
0141102620433545420205124502 1202403236.172157
0141102620533545420205124502 1202403236.172300
0141102620633545420205124502 1202403236.172402
0141102620033504420105224502 1202403236.172603
0141102620133504420105224502 1202403236.172706
0141102620333504420105224502 1202403236.172809
0141102620433504420105224502 1202403236.172912
0141102620533504420105224502 1202403236.173014
0141102620633504420105224502 1202403236.173117
0141102620033514420105224502 1202403236.173220
0141102620133514420105224502 1202403236.173323
0141102620333514420105224502 1202403236.173426
0141102620433514420105224502 1202403236.173529
0141102620533514420105224502 1202403236.173634
0141102620633514420105224502 1202403236.173752
0141102620033524420105224502 1202403236.173908
0141102620133524420105224502 1202403236.174024
0141102620333524420105224502 1202403236.174140
0141102620433524420105224502 1202403236.174256
0141102620533524420105224502 1202403236.174412
0141102620633524420105224502 1202403236.174521
0141102620033544420105224502 1202403236.174625
0141102620133544420105224502 1202403236.174728
0141102620333544420105224502 1202403236.174835
0141102620433544420105224502 1202403236.174941
0141102620533544420105224502 1202403236.175047
0141102620633544420105224502 1202403236.175153
0141102620033554420105224502 1202403236.175259
0141102620133554420105224502 1202403236.175406
0141102620333554420105224502 1202403236.175512
0141102620433554420105224502 1202403236.175618
0141102620533554420105224502 1202403236.175724
0141102620633554420105224502 1202403236.175830
0141102620033564420105224502 1202403236.175936
0141102620133564420105224502 1202403236.180042
0141102620333564420105224502 1202403236.180148
0141102620433564420105224502 1202403236.180254
0141102620533564420105224502 1202403236.180401
0141102620633564420105224502 1202403236.180507
0141102620033540420205224502 1202403236.180613
0141102620133540420205224502 1202403236.180719
0141102620333540420205224502 1202403236.180825
0141102620433540420205224502 1202403236.180931
0141102620533540420205224502 1202403236.181037
0141102620633540420205224502 1202403236.181144
0141102620033504420205224502 1202403236.181250
0141102620133504420205224502 1202403236.181356
0141102620333504420205224502 1202403236.181502
0141102620433504420205224502 1202403236.181608
0141102620533504420205224502 1202403236.181714
0141102620633504420205224502 1202403236.181820
0141102620033514420205224502 1202403236.181927
0141102620133514420205224502 1202403236.182033
0141102620333514420205224502 1202403236.182139
0141102620433514420205224502 1202403236.182245
0141102620533514420205224502 1202403236.182351
0141102620633514420205224502 1202403236.182458
0141102620033524420205224502 1202403236.182604
0141102620133524420205224502 1202403236.182710
0141102620333524420205224502 1202403236.182816
0141102620433524420205224502 1202403236.182922
0141102620533524420205224502 1202403236.183029
0141102620633524420205224502 1202403236.183135
0141102620033544420205224502 1202403236.183241
0141102620133544420205224502 1202403236.183347
0141102620333544420205224502 1202403236.183454
0141102620433544420205224502 1202403236.183600
0141102620533544420205224502 1202403236.183706
0141102620633544420205224502 1202403236.183812
0141102620033554420205224502 1202403236.183919
0141102620133554420205224502 1202403236.184025
0141102620333554420205224502 1202403236.184131
0141102620433554420205224502 1202403236.184237
0141102620533554420205224502 1202403236.184343
0141102620633554420205224502 1202403236.184450
0141102620033564420205224502 1202403236.184556
0141102620133564420205224502 1202403236.184702
0141102620333564420205224502 1202403236.184808
0141102620433564420205224502 1202403236.184914
0141102620533564420205224502 1202403236.185021
0141102620633564420205224502 1202403236.185127
0141102620033515420205224502 1202403236.185233
0141102620033545420205224502 1202403236.185339
0141102620133545420205224502 1202403236.185446
0141102620333545420205224502 1202403236.185552
0141102620433545420205224502 1202403236.185658
0141102620533545420205224502 1202403236.185804
0141102620633545420205224502 1202403236.185910
0141102620033504420105424502 1202403236.190017
0141102620133504420105424502 1202403236.190123
0141102620333504420105424502 1202403236.190229
0141102620433504420105424502 1202403236.190335
0141102620533504420105424502 1202403236.190442
0141102620633504420105424502 1202403236.190548
0141102620033514420105424502 1202403236.190654
0141102620133514420105424502 1202403236.190800
0141102620333514420105424502 1202403236.190906
0141102620433514420105424502 1202403236.191012
0141102620533514420105424502 1202403236.191118
0141102620633514420105424502 1202403236.191224
0141102620033524420105424502 1202403236.191329
0141102620133524420105424502 1202403236.191434
0141102620333524420105424502 1202403236.191540
0141102620433524420105424502 1202403236.191645
0141102620533524420105424502 1202403236.191751
0141102620633524420105424502 1202403236.191856
0141102620033544420105424502 1202403236.192002
0141102620133544420105424502 1202403236.192107
0141102620333544420105424502 1202403236.192213
0141102620433544420105424502 1202403236.192318
0141102620533544420105424502 1202403236.192423
0141102620633544420105424502 1202403236.192529
0141102620033554420105424502 1202403236.192634
0141102620133554420105424502 1202403236.192740
0141102620333554420105424502 1202403236.192845
0141102620433554420105424502 1202403236.192951
0141102620533554420105424502 1202403236.193056
0141102620633554420105424502 1202403236.193202
0141102620033564420105424502 1202403236.193307
0141102620133564420105424502 1202403236.193413
0141102620333564420105424502 1202403236.193518
0141102620433564420105424502 1202403236.193624
0141102620533564420105424502 1202403236.193729
0141102620633564420105424502 1202403236.193835
0141102620033540420205424502 1202403236.193940
0141102620133540420205424502 1202403236.194046
0141102620333540420205424502 1202403236.194151
0141102620433540420205424502 1202403236.194256
0141102620533540420205424502 1202403236.194402
0141102620633540420205424502 1202403236.194508
0141102620033504420205424502 1202403236.194613
0141102620133504420205424502 1202403236.194719
0141102620333504420205424502 1202403236.194824
0141102620433504420205424502 1202403236.194930
0141102620533504420205424502 1202403236.195035
0141102620633504420205424502 1202403236.195141
0141102620033514420205424502 1202403236.195246
0141102620133514420205424502 1202403236.195352
0141102620333514420205424502 1202403236.195457
0141102620433514420205424502 1202403236.195603
0141102620533514420205424502 1202403236.195708
0141102620633514420205424502 1202403236.195813
0141102620033524420205424502 1202403236.195919
0141102620133524420205424502 1202403236.200024
0141102620333524420205424502 1202403236.200130
0141102620433524420205424502 1202403236.200235
0141102620533524420205424502 1202403236.200341
0141102620633524420205424502 1202403236.200446
0141102620033544420205424502 1202403236.200551
0141102620133544420205424502 1202403236.200657
0141102620333544420205424502 1202403236.200802
0141102620433544420205424502 1202403236.200908
0141102620533544420205424502 1202403236.201013
0141102620633544420205424502 1202403236.201118
0141102620033554420205424502 1202403236.201223
0141102620133554420205424502 1202403236.201329
0141102620333554420205424502 1202403236.201434
0141102620433554420205424502 1202403236.201539
0141102620533554420205424502 1202403236.201645
0141102620633554420205424502 1202403236.201750
0141102620033564420205424502 1202403236.201855
0141102620133564420205424502 1202403236.202000
0141102620333564420205424502 1202403236.202106
0141102620433564420205424502 1202403236.202212
0141102620533564420205424502 1202403236.202328
0141102620633564420205424502 1202403236.202444
0141102620033515420205424502 1202403236.202600
0141102620533515420205424502 1202403236.202715
0141102620033545420205424502 1202403236.202832
0141102620133545420205424502 1202403236.202948
0141102620333545420205424502 1202403236.203104
0141102620433545420205424502 1202403236.203220
0141102620533545420205424502 1202403236.203336
0141102620633545420205424502 1202403236.203452
0141102620033504420105624502 1202403236.203626
0141102620133504420105624502 1202403236.203742
0141102620333504420105624502 1202403236.203858
0141102620433504420105624502 1202403236.204014
0141102620533504420105624502 1202403236.204130
0141102620633504420105624502 1202403236.204246
0141102620033514420105624502 1202403236.204402
0141102620133514420105624502 1202403236.204518
0141102620333514420105624502 1202403236.204634
0141102620433514420105624502 1202403236.204750
0141102620533514420105624502 1202403236.204906
0141102620633514420105624502 1202403236.205022
0141102620033524420105624502 1202403236.205138
0141102620133524420105624502 1202403236.205253
0141102620333524420105624502 1202403236.205409
0141102620433524420105624502 1202403236.205525
0141102620533524420105624502 1202403236.205640
0141102620633524420105624502 1202403236.205756
0141102620033544420105624502 1202403236.205912
0141102620133544420105624502 1202403236.210027
0141102620333544420105624502 1202403236.210143
0141102620433544420105624502 1202403236.210259
0141102620533544420105624502 1202403236.210415
0141102620633544420105624502 1202403236.210531
0141102620033554420105624502 1202403236.210646
0141102620133554420105624502 1202403236.210802
0141102620333554420105624502 1202403236.210918
0141102620433554420105624502 1202403236.211034
0141102620533554420105624502 1202403236.211149
0141102620633554420105624502 1202403236.211305
0141102620033564420105624502 1202403236.211421
0141102620133564420105624502 1202403236.211537
0141102620333564420105624502 1202403236.211652
0141102620433564420105624502 1202403236.211808
0141102620533564420105624502 1202403236.211924
0141102620633564420105624502 1202403236.212040
0141102620033540420205624502 1202403236.212155
0141102620133540420205624502 1202403236.212311
0141102620333540420205624502 1202403236.212427
0141102620433540420205624502 1202403236.212543
0141102620533540420205624502 1202403236.212658
0141102620633540420205624502 1202403236.212814
0141102620033504420205624502 1202403236.212930
0141102620133504420205624502 1202403236.213046
0141102620333504420205624502 1202403236.213201
0141102620433504420205624502 1202403236.213317
0141102620533504420205624502 1202403236.213433
0141102620633504420205624502 1202403236.213549
0141102620033514420205624502 1202403236.213704
0141102620133514420205624502 1202403236.213820
0141102620333514420205624502 1202403236.213936
0141102620433514420205624502 1202403236.214052
0141102620533514420205624502 1202403236.214207
0141102620633514420205624502 1202403236.214323
0141102620033524420205624502 1202403236.214439
0141102620133524420205624502 1202403236.214555
0141102620333524420205624502 1202403236.214710
0141102620433524420205624502 1202403236.214826
0141102620533524420205624502 1202403236.214942
0141102620633524420205624502 1202403236.215058
0141102620033544420205624502 1202403236.215213
0141102620133544420205624502 1202403236.215329
0141102620333544420205624502 1202403236.215445
0141102620433544420205624502 1202403236.215601
0141102620533544420205624502 1202403236.215716
0141102620633544420205624502 1202403236.215832
0141102620033554420205624502 1202403236.215948
0141102620133554420205624502 1202403236.220104
0141102620333554420205624502 1202403236.220219
0141102620433554420205624502 1202403236.220335
0141102620533554420205624502 1202403236.220451
0141102620633554420205624502 1202403236.220607
0141102620033564420205624502 1202403236.220722
0141102620133564420205624502 1202403236.220838
0141102620333564420205624502 1202403236.220954
0141102620433564420205624502 1202403236.221109
0141102620533564420205624502 1202403236.221225
0141102620633564420205624502 1202403236.221341
0141102620033515420205624502 1202403236.221457
0141102620033545420205624502 1202403236.221613
0141102620133545420205624502 1202403236.221729
0141102620333545420205624502 1202403236.221844
0141102620433545420205624502 1202403236.222000
0141102620533545420205624502 1202403236.222116
0141102620633545420205624502 1202403236.222232
0141102620033504420105024501 1202403236.222348
0141102620133504420105024501 1202403236.222504
0141102620333504420105024501 1202403236.222619
0141102620433504420105024501 1202403236.222735
0141102620533504420105024501 1202403236.222851
0141102620633504420105024501 1202403236.223006
0141102620033514420105024501 1202403236.223122
0141102620133514420105024501 1202403236.223238
0141102620333514420105024501 1202403236.223353
0141102620433514420105024501 1202403236.223509
0141102620533514420105024501 1202403236.223625
0141102620633514420105024501 1202403236.223741
0141102620033524420105024501 1202403236.223856
0141102620133524420105024501 1202403236.224012
0141102620333524420105024501 1202403236.224128
0141102620433524420105024501 1202403236.224243
0141102620533524420105024501 1202403236.224359
0141102620633524420105024501 1202403236.224515
0141102620033544420105024501 1202403236.224630
0141102620133544420105024501 1202403236.224746
0141102620333544420105024501 1202403236.224902
0141102620433544420105024501 1202403236.225017
0141102620533544420105024501 1202403236.225133
0141102620633544420105024501 1202403236.225249
0141102620033554420105024501 1202403236.225404
0141102620133554420105024501 1202403236.225520
0141102620333554420105024501 1202403236.225636
0141102620433554420105024501 1202403236.225751
0141102620533554420105024501 1202403236.225907
0141102620633554420105024501 1202403236.230023
0141102620033564420105024501 1202403236.230139
0141102620133564420105024501 1202403236.230255
0141102620333564420105024501 1202403236.230410
0141102620433564420105024501 1202403236.230526
0141102620533564420105024501 1202403236.230642
0141102620633564420105024501 1202403236.230757
0141102620533510420205024501 1202403236.230913
0141102620033540420205024501 1202403236.231029
0141102620133540420205024501 1202403236.231144
0141102620333540420205024501 1202403236.231300
0141102620433540420205024501 1202403236.231416
0141102620533540420205024501 1202403236.231531
0141102620633540420205024501 1202403236.231647
0141102620033504420205024501 1202403236.231803
0141102620133504420205024501 1202403236.231918
0141102620333504420205024501 1202403236.232034
0141102620433504420205024501 1202403236.232150
0141102620533504420205024501 1202403236.232305
0141102620633504420205024501 1202403236.232421
0141102620033514420205024501 1202403236.232537
0141102620133514420205024501 1202403236.232652
0141102620333514420205024501 1202403236.232808
0141102620433514420205024501 1202403236.232924
0141102620533514420205024501 1202403236.233039
0141102620633514420205024501 1202403236.233155
0141102620033524420205024501 1202403236.233311
0141102620133524420205024501 1202403236.233427
0141102620333524420205024501 1202403236.233542
0141102620433524420205024501 1202403236.233658
0141102620533524420205024501 1202403236.233814
0141102620633524420205024501 1202403236.233930
0141102620033544420205024501 1202403236.234045
0141102620133544420205024501 1202403236.234201
0141102620333544420205024501 1202403236.234317
0141102620433544420205024501 1202403236.234432
0141102620533544420205024501 1202403236.234548
0141102620633544420205024501 1202403236.234704
0141102620033554420205024501 1202403236.234819
0141102620133554420205024501 1202403236.234935
0141102620333554420205024501 1202403236.235051
0141102620433554420205024501 1202403236.235206
0141102620533554420205024501 1202403236.235322
0141102620633554420205024501 1202403236.235438
0141102620033564420205024501 1202403236.235553
0141102620133564420205024501 1202403236.235709
0141102620333564420205024501 1202403236.235825
0141102620433564420205024501 1202403236.235940
0141102620533564420205024501 1202403247.000056
0141102620633564420205024501 1202403247.000212
0141102620033515420205024501 1202403247.000327
0141102620533515420205024501 1202403247.000444
0141102620033545420205024501 1202403247.000600
0141102620133545420205024501 1202403247.000716
0141102620333545420205024501 1202403247.000832
0141102620433545420205024501 1202403247.000948
0141102620533545420205024501 1202403247.001104
0141102620633545420205024501 1202403247.001220
0141102620033504420105124501 1202403247.001336
0141102620133504420105124501 1202403247.001452
0141102620333504420105124501 1202403247.001608
0141102620433504420105124501 1202403247.001724
0141102620533504420105124501 1202403247.001840
0141102620633504420105124501 1202403247.001956
0141102620033514420105124501 1202403247.002112
0141102620133514420105124501 1202403247.002228
0141102620333514420105124501 1202403247.002344
0141102620433514420105124501 1202403247.002500
0141102620533514420105124501 1202403247.002616
0141102620633514420105124501 1202403247.002732
0141102620033524420105124501 1202403247.002848
0141102620133524420105124501 1202403247.003005
0141102620333524420105124501 1202403247.003121
0141102620433524420105124501 1202403247.003237
0141102620533524420105124501 1202403247.003353
0141102620633524420105124501 1202403247.003509
0141102620033544420105124501 1202403247.003625
0141102620133544420105124501 1202403247.003741
0141102620333544420105124501 1202403247.003857
0141102620433544420105124501 1202403247.004013
0141102620533544420105124501 1202403247.004129
0141102620633544420105124501 1202403247.004245
0141102620033554420105124501 1202403247.004401
0141102620133554420105124501 1202403247.004517
0141102620333554420105124501 1202403247.004633
0141102620433554420105124501 1202403247.004749
0141102620533554420105124501 1202403247.004906
0141102620633554420105124501 1202403247.005022
0141102620033564420105124501 1202403247.005138
0141102620133564420105124501 1202403247.005254
0141102620333564420105124501 1202403247.005410
0141102620433564420105124501 1202403247.005526
0141102620533564420105124501 1202403247.005642
0141102620633564420105124501 1202403247.005758
0141102620033540420205124501 1202403247.005914
0141102620133540420205124501 1202403247.010030
0141102620333540420205124501 1202403247.010147
0141102620433540420205124501 1202403247.010303
0141102620533540420205124501 1202403247.010419
0141102620633540420205124501 1202403247.010535
0141102620033504420205124501 1202403247.010651
0141102620133504420205124501 1202403247.010807
0141102620333504420205124501 1202403247.010923
0141102620433504420205124501 1202403247.011039
0141102620533504420205124501 1202403247.011155
0141102620633504420205124501 1202403247.011311
0141102620033514420205124501 1202403247.011427
0141102620133514420205124501 1202403247.011543
0141102620333514420205124501 1202403247.011659
0141102620433514420205124501 1202403247.011815
0141102620533514420205124501 1202403247.011922
0141102620633514420205124501 1202403247.012029
0141102620033524420205124501 1202403247.012138
0141102620133524420205124501 1202403247.012243
0141102620333524420205124501 1202403247.012348
0141102620433524420205124501 1202403247.012454
0141102620533524420205124501 1202403247.012559
0141102620633524420205124501 1202403247.012704
0141102620033544420205124501 1202403247.012809
0141102620133544420205124501 1202403247.012915
0141102620333544420205124501 1202403247.013020
0141102620433544420205124501 1202403247.013125
0141102620533544420205124501 1202403247.013230
0141102620633544420205124501 1202403247.013336
0141102620033554420205124501 1202403247.013441
0141102620133554420205124501 1202403247.013546
0141102620333554420205124501 1202403247.013651
0141102620433554420205124501 1202403247.013757
0141102620533554420205124501 1202403247.013902
0141102620633554420205124501 1202403247.014007
0141102620033564420205124501 1202403247.014112
0141102620133564420205124501 1202403247.014217
0141102620333564420205124501 1202403247.014323
0141102620433564420205124501 1202403247.014428
0141102620533564420205124501 1202403247.014533
0141102620633564420205124501 1202403247.014638
0141102620033515420205124501 1202403247.014743
0141102620033545420205124501 1202403247.014848
0141102620133545420205124501 1202403247.014954
0141102620333545420205124501 1202403247.015059
0141102620433545420205124501 1202403247.015204
0141102620533545420205124501 1202403247.015309
0141102620633545420205124501 1202403247.015414
0141102620033504420105224501 1202403247.015620
0141102620133504420105224501 1202403247.015725
0141102620333504420105224501 1202403247.015830
0141102620433504420105224501 1202403247.015936
0141102620533504420105224501 1202403247.020041
0141102620633504420105224501 1202403247.020146
0141102620033514420105224501 1202403247.020251
0141102620133514420105224501 1202403247.020356
0141102620333514420105224501 1202403247.020501
0141102620433514420105224501 1202403247.020606
0141102620533514420105224501 1202403247.020712
0141102620633514420105224501 1202403247.020817
0141102620033524420105224501 1202403247.020922
0141102620133524420105224501 1202403247.021027
0141102620333524420105224501 1202403247.021133
0141102620433524420105224501 1202403247.021238
0141102620533524420105224501 1202403247.021343
0141102620633524420105224501 1202403247.021448
0141102620033544420105224501 1202403247.021554
0141102620133544420105224501 1202403247.021659
0141102620333544420105224501 1202403247.021804
0141102620433544420105224501 1202403247.021909
0141102620533544420105224501 1202403247.022014
0141102620633544420105224501 1202403247.022120
0141102620033554420105224501 1202403247.022225
0141102620133554420105224501 1202403247.022330
0141102620333554420105224501 1202403247.022435
0141102620433554420105224501 1202403247.022541
0141102620533554420105224501 1202403247.022646
0141102620633554420105224501 1202403247.022751
0141102620033564420105224501 1202403247.022857
0141102620133564420105224501 1202403247.023002
0141102620333564420105224501 1202403247.023107
0141102620433564420105224501 1202403247.023212
0141102620533564420105224501 1202403247.023318
0141102620633564420105224501 1202403247.023423
0141102620033540420205224501 1202403247.023528
0141102620133540420205224501 1202403247.023633
0141102620333540420205224501 1202403247.023738
0141102620433540420205224501 1202403247.023844
0141102620533540420205224501 1202403247.023949
0141102620633540420205224501 1202403247.024054
0141102620033504420205224501 1202403247.024159
0141102620133504420205224501 1202403247.024305
0141102620333504420205224501 1202403247.024410
0141102620433504420205224501 1202403247.024515
0141102620533504420205224501 1202403247.024620
0141102620633504420205224501 1202403247.024725
0141102620033514420205224501 1202403247.024831
0141102620133514420205224501 1202403247.024936
0141102620333514420205224501 1202403247.025041
0141102620433514420205224501 1202403247.025146
0141102620533514420205224501 1202403247.025251
0141102620633514420205224501 1202403247.025356
0141102620033524420205224501 1202403247.025501
0141102620133524420205224501 1202403247.025606
0141102620333524420205224501 1202403247.025711
0141102620433524420205224501 1202403247.025817
0141102620533524420205224501 1202403247.025922
0141102620633524420205224501 1202403247.030027
0141102620033544420205224501 1202403247.030132
0141102620133544420205224501 1202403247.030237
0141102620333544420205224501 1202403247.030342
0141102620433544420205224501 1202403247.030448
0141102620533544420205224501 1202403247.030553
0141102620633544420205224501 1202403247.030658
0141102620033554420205224501 1202403247.030803
0141102620133554420205224501 1202403247.030908
0141102620333554420205224501 1202403247.031014
0141102620433554420205224501 1202403247.031119
0141102620533554420205224501 1202403247.031224
0141102620633554420205224501 1202403247.031329
0141102620033564420205224501 1202403247.031434
0141102620133564420205224501 1202403247.031540
0141102620333564420205224501 1202403247.031645
0141102620433564420205224501 1202403247.031750
0141102620533564420205224501 1202403247.031855
0141102620633564420205224501 1202403247.032000
0141102620033515420205224501 1202403247.032106
0141102620033545420205224501 1202403247.032211
0141102620133545420205224501 1202403247.032316
0141102620333545420205224501 1202403247.032421
0141102620433545420205224501 1202403247.032526
0141102620533545420205224501 1202403247.032632
0141102620633545420205224501 1202403247.032737
0141102620033504420105424501 1202403247.032842
0141102620133504420105424501 1202403247.032947
0141102620333504420105424501 1202403247.033052
0141102620433504420105424501 1202403247.033157
0141102620533504420105424501 1202403247.033303
0141102620633504420105424501 1202403247.033408
0141102620033514420105424501 1202403247.033513
0141102620133514420105424501 1202403247.033618
0141102620333514420105424501 1202403247.033723
0141102620433514420105424501 1202403247.033828
0141102620533514420105424501 1202403247.033934
0141102620633514420105424501 1202403247.034039
0141102620033524420105424501 1202403247.034144
0141102620133524420105424501 1202403247.034249
0141102620333524420105424501 1202403247.034354
0141102620433524420105424501 1202403247.034500
0141102620533524420105424501 1202403247.034605
0141102620633524420105424501 1202403247.034711
0141102620033544420105424501 1202403247.034816
0141102620133544420105424501 1202403247.034922
0141102620333544420105424501 1202403247.035028
0141102620433544420105424501 1202403247.035133
0141102620533544420105424501 1202403247.035239
0141102620633544420105424501 1202403247.035344
0141102620033554420105424501 1202403247.035450
0141102620133554420105424501 1202403247.035556
0141102620333554420105424501 1202403247.035701
0141102620433554420105424501 1202403247.035807
0141102620533554420105424501 1202403247.035913
0141102620633554420105424501 1202403247.040019
0141102620033564420105424501 1202403247.040124
0141102620133564420105424501 1202403247.040230
0141102620333564420105424501 1202403247.040335
0141102620433564420105424501 1202403247.040440
0141102620533564420105424501 1202403247.040546
0141102620633564420105424501 1202403247.040651
0141102620033540420205424501 1202403247.040756
0141102620133540420205424501 1202403247.040901
0141102620333540420205424501 1202403247.041006
0141102620433540420205424501 1202403247.041111
0141102620533540420205424501 1202403247.041217
0141102620633540420205424501 1202403247.041322
0141102620033504420205424501 1202403247.041427
0141102620133504420205424501 1202403247.041532
0141102620333504420205424501 1202403247.041638
0141102620433504420205424501 1202403247.041743
0141102620533504420205424501 1202403247.041848
0141102620633504420205424501 1202403247.041953
0141102620033514420205424501 1202403247.042058
0141102620133514420205424501 1202403247.042204
0141102620333514420205424501 1202403247.042309
0141102620433514420205424501 1202403247.042421
0141102620533514420205424501 1202403247.042537
0141102620633514420205424501 1202403247.042652
0141102620033524420205424501 1202403247.042808
0141102620133524420205424501 1202403247.042924
0141102620333524420205424501 1202403247.043039
0141102620433524420205424501 1202403247.043155
0141102620533524420205424501 1202403247.043311
0141102620633524420205424501 1202403247.043427
0141102620033544420205424501 1202403247.043543
0141102620133544420205424501 1202403247.043659
0141102620333544420205424501 1202403247.043815
0141102620433544420205424501 1202403247.043932
0141102620533544420205424501 1202403247.044048
0141102620633544420205424501 1202403247.044204
0141102620033554420205424501 1202403247.044321
0141102620133554420205424501 1202403247.044437
0141102620333554420205424501 1202403247.044554
0141102620433554420205424501 1202403247.044710
0141102620533554420205424501 1202403247.044826
0141102620633554420205424501 1202403247.044942
0141102620033564420205424501 1202403247.045058
0141102620133564420205424501 1202403247.045215
0141102620333564420205424501 1202403247.045331
0141102620433564420205424501 1202403247.045447
0141102620533564420205424501 1202403247.045603
0141102620633564420205424501 1202403247.045720
0141102620033515420205424501 1202403247.045836
0141102620533515420205424501 1202403247.045952
0141102620033545420205424501 1202403247.050108
0141102620133545420205424501 1202403247.050224
0141102620333545420205424501 1202403247.050341
0141102620433545420205424501 1202403247.050457
0141102620533545420205424501 1202403247.050613
0141102620633545420205424501 1202403247.050730
0141102620033504420105024502 1202403247.051758
0141102620133504420105024502 1202403247.051913
0141102620333504420105024502 1202403247.070526
0141102620433504420105024502 1202403247.075453
0141102620533504420105024502 1202403247.100742
0141102620633504420105024502 1202403247.125212
0141102620033514420105024502 1202403247.131625
0141102620133514420105024502 1202403247.131740
0141102620333514420105024502 1202403247.131856
0141102620433514420105024502 1202403247.132012
0141102620533514420105024502 1202403247.132127
0141102620633514420105024502 1202403247.132243
0141102620033524420105024502 1202403247.132359
0141102620133524420105024502 1202403247.132515
0141102620333524420105024502 1202403247.132631
0141102620433524420105024502 1202403247.132746
0141102620533524420105024502 1202403247.132902
0141102620633524420105024502 1202403247.133018
0141102620033544420105024502 1202403247.133133
0141102620133544420105024502 1202403247.133249
0141102620333544420105024502 1202403247.133404
0141102620433544420105024502 1202403247.133520
0141102620533544420105024502 1202403247.133635
0141102620633544420105024502 1202403247.133751
0141102620033554420105024502 1202403247.133906
0141102620133554420105024502 1202403247.134022
0141102620333554420105024502 1202403247.134138
0141102620433554420105024502 1202403247.134253
0141102620533554420105024502 1202403247.134409
0141102620633554420105024502 1202403247.134524
0141102620033564420105024502 1202403247.134640
0141102620133564420105024502 1202403247.134756
0141102620333564420105024502 1202403247.134911
0141102620433564420105024502 1202403247.135027
0141102620533564420105024502 1202403247.135143
0141102620633564420105024502 1202403247.135258
0141102620533510420205024502 1202403247.135414
0141102620033540420205024502 1202403247.135529
0141102620133540420205024502 1202403247.135645
0141102620333540420205024502 1202403247.135801
0141102620433540420205024502 1202403247.135916
0141102620533540420205024502 1202403247.140032
0141102620633540420205024502 1202403247.140148
0141102620033504420205024502 1202403247.140303
0141102620133504420205024502 1202403247.140419
0141102620333504420205024502 1202403247.140534
0141102620433504420205024502 1202403247.140650
0141102620533504420205024502 1202403247.140806
0141102620633504420205024502 1202403247.140921
0141102620033514420205024502 1202403247.141037
0141102620133514420205024502 1202403247.141153
0141102620333514420205024502 1202403247.141308
0141102620433514420205024502 1202403247.141424
0141102620533514420205024502 1202403247.141539
0141102620633514420205024502 1202403247.141655
0141102620033524420205024502 1202403247.141811
0141102620133524420205024502 1202403247.141926
0141102620333524420205024502 1202403247.142042
0141102620433524420205024502 1202403247.142158
0141102620533524420205024502 1202403247.142313
0141102620633524420205024502 1202403247.142429
0141102620033544420205024502 1202403247.142544
0141102620133544420205024502 1202403247.142700
0141102620333544420205024502 1202403247.142816
0141102620433544420205024502 1202403247.142931
0141102620533544420205024502 1202403247.143047
0141102620633544420205024502 1202403247.143203
0141102620033554420205024502 1202403247.143318
0141102620133554420205024502 1202403247.143434
0141102620333554420205024502 1202403247.143549
0141102620433554420205024502 1202403247.143705
0141102620533554420205024502 1202403247.143821
0141102620633554420205024502 1202403247.143936
0141102620033564420205024502 1202403247.144052
0141102620133564420205024502 1202403247.144208
0141102620333564420205024502 1202403247.144323
0141102620433564420205024502 1202403247.144439
0141102620533564420205024502 1202403247.144554
0141102620633564420205024502 1202403247.144710
0141102620033515420205024502 1202403247.144825
0141102620533515420205024502 1202403247.144942
0141102620033545420205024502 1202403247.145058
0141102620133545420205024502 1202403247.145213
0141102620333545420205024502 1202403247.145329
0141102620433545420205024502 1202403247.145445
0141102620533545420205024502 1202403247.145600
0141102620633545420205024502 1202403247.145716
