0141102620033504420105024502 1202403122.181535
0141102620133504420105024502 1202403122.181558
0141102620333504420105024502 1202403122.181620
0141102620433504420105024502 1202403122.181642
0141102620533504420105024502 1202403122.181704
0141102620633504420105024502 1202403122.181727
0141102620033514420105024502 1202403122.181749
0141102620133514420105024502 1202403122.181811
0141102620333514420105024502 1202403122.181834
0141102620433514420105024502 1202403122.181856
0141102620533514420105024502 1202403122.181918
0141102620633514420105024502 1202403122.181941
0141102620033524420105024502 1202403122.182003
0141102620133524420105024502 1202403122.182025
0141102620333524420105024502 1202403122.182048
0141102620433524420105024502 1202403122.182110
0141102620533524420105024502 1202403122.182132
0141102620633524420105024502 1202403122.182154
0141102620033544420105024502 1202403122.182217
0141102620133544420105024502 1202403122.182239
0141102620333544420105024502 1202403122.182301
0141102620433544420105024502 1202403122.182324
0141102620533544420105024502 1202403122.182346
0141102620633544420105024502 1202403122.182408
0141102620033554420105024502 1202403122.182431
0141102620133554420105024502 1202403122.182453
0141102620333554420105024502 1202403122.182515
0141102620433554420105024502 1202403122.182538
0141102620533554420105024502 1202403122.182600
0141102620633554420105024502 1202403122.182622
0141102620033564420105024502 1202403122.182645
0141102620133564420105024502 1202403122.182707
0141102620333564420105024502 1202403122.182729
0141102620433564420105024502 1202403122.182752
0141102620533564420105024502 1202403122.182814
0141102620633564420105024502 1202403122.182836
0141102620533510420205024502 1202403122.182901
0141102620033540420205024502 1202403122.182958
0141102620133540420205024502 1202403122.183020
0141102620333540420205024502 1202403122.183042
0141102620433540420205024502 1202403122.183105
0141102620533540420205024502 1202403122.183127
0141102620633540420205024502 1202403122.183153
0141102620033504420205024502 1202403122.183216
0141102620133504420205024502 1202403122.183238
0141102620333504420205024502 1202403122.183301
0141102620433504420205024502 1202403122.183323
0141102620533504420205024502 1202403122.183345
0141102620633504420205024502 1202403122.183408
0141102620033514420205024502 1202403122.183430
0141102620133514420205024502 1202403122.183452
0141102620333514420205024502 1202403122.183515
0141102620433514420205024502 1202403122.183537
0141102620533514420205024502 1202403122.183559
0141102620633514420205024502 1202403122.183622
0141102620033524420205024502 1202403122.183644
0141102620133524420205024502 1202403122.183706
0141102620333524420205024502 1202403122.183728
0141102620433524420205024502 1202403122.183751
0141102620533524420205024502 1202403122.183813
0141102620633524420205024502 1202403122.183835
0141102620033544420205024502 1202403122.183858
0141102620133544420205024502 1202403122.183920
0141102620333544420205024502 1202403122.183942
0141102620433544420205024502 1202403122.184005
0141102620533544420205024502 1202403122.184027
0141102620633544420205024502 1202403122.184049
0141102620033554420205024502 1202403122.184112
0141102620133554420205024502 1202403122.184134
0141102620333554420205024502 1202403122.184156
0141102620433554420205024502 1202403122.184218
0141102620533554420205024502 1202403122.184241
0141102620633554420205024502 1202403122.184303
0141102620033564420205024502 1202403122.184326
0141102620133564420205024502 1202403122.184348
0141102620333564420205024502 1202403122.184411
0141102620433564420205024502 1202403122.184433
0141102620533564420205024502 1202403122.184455
0141102620633564420205024502 1202403122.184517
0141102620033515420205024502 1202403122.184540
0141102620533515420205024502 1202403122.184603
0141102620033545420205024502 1202403122.184659
0141102620133545420205024502 1202403122.184721
0141102620333545420205024502 1202403122.184744
0141102620433545420205024502 1202403122.184806
0141102620533545420205024502 1202403122.184828
0141102620633545420205024502 1202403122.184851
