0122106521433010400106264201 1202403122.045159
0122100521433060400106264201 1202403122.045222
0122102521433060400106264201 1202403122.045244
0122103521433060400106264201 1202403122.045307
0122104521433060400106264201 1202403122.045329
0122105521433060400106264201 1202403122.045352
0122106521433060400106264201 1202403122.045414
0122106521433001400106264201 1202403122.045438
0122106521433011400106264201 1202403122.045501
0122106521433041400106264201 1202403122.045525
0122106521433051400106264201 1202403122.045549
0122104521433061400106264201 1202403122.045612
0122106521433061400106264201 1202403122.045636
0122102521433014400106264201 1202403122.045700
0122106521433014400106264201 1202403122.045724
0122100521433064400106264201 1202403122.045748
0122102521433064400106264201 1202403122.045811
0122103521433064400106264201 1202403122.045835
0122104521433064400106264201 1202403122.045859
0122105521433064400106264201 1202403122.045922
0122106521433064400106264201 1202403122.045946
0122100521433006400106264201 1202403122.050010
0122102521433006400106264201 1202403122.050033
0122103521433006400106264201 1202403122.050056
0122104521433006400106264201 1202403122.050119
0122105521433006400106264201 1202403122.050143
0122106521433006400106264201 1202403122.050206
0122102521433016400106264201 1202403122.050229
0122104521433016400106264201 1202403122.050253
0122106521433016400106264201 1202403122.050316
0122100521433046400106264201 1202403122.050339
0122102521433046400106264201 1202403122.050402
0122103521433046400106264201 1202403122.050425
0122104521433046400106264201 1202403122.050448
0122105521433046400106264201 1202403122.050511
0122106521433046400106264201 1202403122.050534
0122100521433056400106264201 1202403122.050557
0122102521433056400106264201 1202403122.050619
0122103521433056400106264201 1202403122.050642
0122104521433056400106264201 1202403122.050704
0122105521433056400106264201 1202403122.050727
0122106521433056400106264201 1202403122.050749
0122100521433066400106264201 1202403122.050812
0122102521433066400106264201 1202403122.050834
0122103521433066400106264201 1202403122.050857
0122104521433066400106264201 1202403122.050919
0122105521433066400106264201 1202403122.050941
0122106521433066400106264201 1202403122.051004
0122106521433010400206264201 1202403122.051026
0122100521433060400206264201 1202403122.051049
0122102521433060400206264201 1202403122.051111
0122103521433060400206264201 1202403122.051133
0122104521433060400206264201 1202403122.051156
0122105521433060400206264201 1202403122.051218
0122106521433060400206264201 1202403122.051240
0122106521433001400206264201 1202403122.051303
0122106521433011400206264201 1202403122.051325
0122106521433041400206264201 1202403122.051348
0122106521433051400206264201 1202403122.051410
0122104521433061400206264201 1202403122.051433
0122106521433061400206264201 1202403122.051455
0122102521433014400206264201 1202403122.051518
0122106521433014400206264201 1202403122.051540
0122100521433064400206264201 1202403122.051603
0122102521433064400206264201 1202403122.051626
0122103521433064400206264201 1202403122.051648
0122104521433064400206264201 1202403122.051711
0122105521433064400206264201 1202403122.051734
0122106521433064400206264201 1202403122.051756
0122100521433006400206264201 1202403122.051819
0122102521433006400206264201 1202403122.051841
0122103521433006400206264201 1202403122.051904
0122104521433006400206264201 1202403122.051926
0122105521433006400206264201 1202403122.051948
0122106521433006400206264201 1202403122.052010
0122102521433016400206264201 1202403122.052033
0122104521433016400206264201 1202403122.052056
0122106521433016400206264201 1202403122.052119
0122100521433046400206264201 1202403122.052142
0122102521433046400206264201 1202403122.052204
0122103521433046400206264201 1202403122.052227
0122104521433046400206264201 1202403122.052250
0122105521433046400206264201 1202403122.052313
0122106521433046400206264201 1202403122.052336
0122100521433056400206264201 1202403122.052359
0122102521433056400206264201 1202403122.052422
0122103521433056400206264201 1202403122.052445
0122104521433056400206264201 1202403122.052509
0122105521433056400206264201 1202403122.052532
0122106521433056400206264201 1202403122.052555
0122100521433066400206264201 1202403122.052619
0122102521433066400206264201 1202403122.052642
0122103521433066400206264201 1202403122.052705
0122104521433066400206264201 1202403122.052728
0122105521433066400206264201 1202403122.052752
0122106521433066400206264201 1202403122.052815
