0121102621433010400102014501 1202403122.045013
0121102621433110400102014501 1202403122.045038
0121102621433102400102014501 1202403122.045104
0121102621433012400102014501 1202403122.045130
0121102621433112400102014501 1202403122.045154
0121102621433122400102014501 1202403122.045219
0121102621433042400102014501 1202403122.045243
0121102621433142400102014501 1202403122.045308
0121102621433152400102014501 1202403122.045332
0121102621433062400102014501 1202403122.045359
0121102621433162400102014501 1202403122.045423
0121102621433014400102014501 1202403122.045448
0121102621433114400102014501 1202403122.045511
0121102621433015400102014501 1202403122.045538
0121102621433115400102014501 1202403122.045604
0121102621433016400102014501 1202403122.045628
0121102621433010400202014501 1202403122.045655
0121102621433110400202014501 1202403122.045720
0121102621433102400202014501 1202403122.045746
0121102621433012400202014501 1202403122.045812
0121102621433112400202014501 1202403122.045836
0121102621433122400202014501 1202403122.045901
0121102621433042400202014501 1202403122.045926
0121102621433142400202014501 1202403122.045950
0121102621433152400202014501 1202403122.050015
0121102621433062400202014501 1202403122.050041
0121102621433162400202014501 1202403122.050105
0121102621433014400202014501 1202403122.050130
0121102621433114400202014501 1202403122.050153
0121102621433015400202014501 1202403122.050220
0121102621433115400202014501 1202403122.050245
0121102621433016400202014501 1202403122.050310
0122102621433515400105014501 1202403122.050954
0126102621433515400105014501 1202403122.051016
0126102625433515400105014501 1202403122.051039
0122102621433515400205014501 1202403122.051538
0126102621433515400205014501 1202403122.051601
0126102625433515400205014501 1202403122.051624
0121102621433010400102114501 1202403122.052149
0121102621433110400102114501 1202403122.052213
0121102621433102400102114501 1202403122.052240
0121102621433012400102114501 1202403122.052305
0121102621433112400102114501 1202403122.052329
0121102621433122400102114501 1202403122.052354
0121102621433042400102114501 1202403122.052419
0121102621433142400102114501 1202403122.052443
0121102621433052400102114501 1202403122.052510
0121102621433152400102114501 1202403122.052534
0121102621433062400102114501 1202403122.052600
0121102621433162400102114501 1202403122.052624
0121102621433014400102114501 1202403122.052648
0121102621433114400102114501 1202403122.052712
0121102621433015400102114501 1202403122.052739
0121102621433115400102114501 1202403122.052804
0121102621433016400102114501 1202403122.052829
0121102621433010400202114501 1202403122.052856
0121102621433110400202114501 1202403122.052921
0121102621433102400202114501 1202403122.052947
0121102621433012400202114501 1202403122.053012
0121102621433112400202114501 1202403122.053036
0121102621433122400202114501 1202403122.053101
0121102621433042400202114501 1202403122.053125
0121102621433142400202114501 1202403122.053149
0121102621433052400202114501 1202403122.053216
0121102621433152400202114501 1202403122.053239
0121102621433062400202114501 1202403122.053306
0121102621433162400202114501 1202403122.053330
0121102621433014400202114501 1202403122.053354
0121102621433114400202114501 1202403122.053418
0121102621433015400202114501 1202403122.053445
0121102621433115400202114501 1202403122.053510
0121102621433016400202114501 1202403122.053535
0122102621433515400105114501 1202403122.054315
0126102621433515400105114501 1202403122.054338
0126102625433515400105114501 1202403122.054400
0122102621433515400205114501 1202403122.054900
0126102621433515400205114501 1202403122.054922
0126102625433515400205114501 1202403122.054945
0121102621433010400102214501 1202403122.055618
0121102621433110400102214501 1202403122.055644
0121102621433102400102214501 1202403122.055711
0121102621433012400102214501 1202403122.055737
0121102621433112400102214501 1202403122.055801
0121102621433122400102214501 1202403122.055826
0121102621433042400102214501 1202403122.055851
0121102621433142400102214501 1202403122.055915
0121102621433152400102214501 1202403122.055940
0121102621433062400102214501 1202403122.060007
0121102621433162400102214501 1202403122.060031
0121102621433014400102214501 1202403122.060055
0121102621433114400102214501 1202403122.060118
0121102621433015400102214501 1202403122.060145
0121102621433115400102214501 1202403122.060210
0121102621433016400102214501 1202403122.060235
0121102621433010400202214501 1202403122.060302
0121102621433110400202214501 1202403122.060327
0121102621433102400202214501 1202403122.060353
0121102621433012400202214501 1202403122.060419
0121102621433112400202214501 1202403122.060443
0121102621433122400202214501 1202403122.060508
0121102621433042400202214501 1202403122.060533
0121102621433142400202214501 1202403122.060557
0121102621433152400202214501 1202403122.060622
0121102621433062400202214501 1202403122.060648
0121102621433162400202214501 1202403122.060712
0121102621433014400202214501 1202403122.060736
0121102621433114400202214501 1202403122.060759
0121102621433015400202214501 1202403122.060826
0121102621433115400202214501 1202403122.060851
0121102621433016400202214501 1202403122.060915
0122102621433515400105214501 1202403122.061717
0126102621433515400105214501 1202403122.061740
0126102625433515400105214501 1202403122.061803
0122102621433515400205214501 1202403122.062302
0126102621433515400205214501 1202403122.062325
0126102625433515400205214501 1202403122.062348
0121102621433010400102414501 1202403122.064122
0121102621433110400102414501 1202403122.064147
0121102621433102400102414501 1202403122.064214
0121102621433012400102414501 1202403122.064240
0121102621433112400102414501 1202403122.064304
0121102621433122400102414501 1202403122.064329
0121102621433042400102414501 1202403122.064354
0121102621433142400102414501 1202403122.064418
0121102621433052400102414501 1202403122.064443
0121102621433152400102414501 1202403122.064507
0121102621433062400102414501 1202403122.064533
0121102621433162400102414501 1202403122.064558
0121102621433014400102414501 1202403122.064622
0121102621433114400102414501 1202403122.064646
0121102621433015400102414501 1202403122.064713
0121102621433115400102414501 1202403122.064738
0121102621433016400102414501 1202403122.064803
0121102621433010400202414501 1202403122.064830
0121102621433110400202414501 1202403122.064855
0121102621433102400202414501 1202403122.064922
0121102621433012400202414501 1202403122.064948
0121102621433112400202414501 1202403122.065012
0121102621433122400202414501 1202403122.065037
0121102621433042400202414501 1202403122.065102
0121102621433142400202414501 1202403122.065126
0121102621433052400202414501 1202403122.065150
0121102621433152400202414501 1202403122.065215
0121102621433062400202414501 1202403122.065241
0121102621433162400202414501 1202403122.065305
0121102621433014400202414501 1202403122.065330
0121102621433114400202414501 1202403122.065353
0121102621433015400202414501 1202403122.065421
0121102621433115400202414501 1202403122.065446
0121102621433016400202414501 1202403122.065511
0122102621433515400105414501 1202403122.070231
0126102621433515400105414501 1202403122.070254
0126102625433515400105414501 1202403122.070317
0122102621433515400205414501 1202403122.070816
0126102621433515400205414501 1202403122.070839
0126102625433515400205414501 1202403122.070902
0121102621433010400102614501 1202403122.071516
0121102621433110400102614501 1202403122.071541
0121102621433102400102614501 1202403122.071608
0121102621433012400102614501 1202403122.071634
0121102621433112400102614501 1202403122.071658
0121102621433122400102614501 1202403122.071723
0121102621433042400102614501 1202403122.071748
0121102621433142400102614501 1202403122.071812
0121102621433052400102614501 1202403122.071837
0121102621433152400102614501 1202403122.071901
0121102621433062400102614501 1202403122.071927
0121102621433162400102614501 1202403122.071951
0121102621433014400102614501 1202403122.072015
0121102621433114400102614501 1202403122.072039
0121102621433015400102614501 1202403122.072107
0121102621433115400102614501 1202403122.072132
0121102621433016400102614501 1202403122.072157
0121102621433010400202614501 1202403122.072224
0121102621433110400202614501 1202403122.072250
0121102621433102400202614501 1202403122.072316
0121102621433012400202614501 1202403122.072342
0121102621433112400202614501 1202403122.072406
0121102621433122400202614501 1202403122.072431
0121102621433042400202614501 1202403122.072456
0121102621433142400202614501 1202403122.072520
0121102621433052400202614501 1202403122.072545
0121102621433152400202614501 1202403122.072610
0121102621433062400202614501 1202403122.072636
0121102621433162400202614501 1202403122.072701
0121102621433014400202614501 1202403122.072725
0121102621433114400202614501 1202403122.072749
0121102621433015400202614501 1202403122.072816
0121102621433115400202614501 1202403122.072842
0121102621433016400202614501 1202403122.072907
0122102621433515400105614501 1202403122.073732
0126102621433515400105614501 1202403122.073755
0126102225433515400105614501 1202403122.073817
0126102625433515400105614501 1202403122.073840
0122102621433515400205614501 1202403122.074342
0126102621433515400205614501 1202403122.074404
0126102225433515400205614501 1202403122.074427
0126102625433515400205614501 1202403122.074450
