0141102520633116420102624501 1202403122.143749
0141102620033504420105624501 1202403122.144747
0141102620133504420105624501 1202403122.144810
0141102620333504420105624501 1202403122.144832
0141102620433504420105624501 1202403122.144854
0141102620533504420105624501 1202403122.144917
0141102620633504420105624501 1202403122.144939
0141102620033514420105624501 1202403122.145002
0141102620133514420105624501 1202403122.145024
0141102620333514420105624501 1202403122.145046
0141102620433514420105624501 1202403122.145109
0141102620533514420105624501 1202403122.145131
0141102620633514420105624501 1202403122.145153
0141102620033524420105624501 1202403122.145216
0141102620133524420105624501 1202403122.145238
0141102620333524420105624501 1202403122.145300
0141102620433524420105624501 1202403122.145323
0141102620533524420105624501 1202403122.145345
0141102620633524420105624501 1202403122.145407
0141102620033544420105624501 1202403122.145431
0141102620133544420105624501 1202403122.145453
0141102620333544420105624501 1202403122.145515
0141102620433544420105624501 1202403122.145538
0141102620533544420105624501 1202403122.145600
0141102620633544420105624501 1202403122.145622
0141102620033554420105624501 1202403122.145645
0141102620133554420105624501 1202403122.145707
0141102620333554420105624501 1202403122.145730
0141102620433554420105624501 1202403122.145753
0141102620533554420105624501 1202403122.145815
0141102620633554420105624501 1202403122.145838
0141102620033564420105624501 1202403122.145901
0141102620133564420105624501 1202403122.145923
0141102620333564420105624501 1202403122.145945
0141102620433564420105624501 1202403122.150008
0141102620533564420105624501 1202403122.150030
0141102620633564420105624501 1202403122.150052
0141102620033540420205624501 1202403122.150238
0141102620133540420205624501 1202403122.150305
0141102620333540420205624501 1202403122.150332
0141102620433540420205624501 1202403122.150359
0141102620533540420205624501 1202403122.150427
0141102620633540420205624501 1202403122.150454
0141102620033504420205624501 1202403122.150525
0141102620133504420205624501 1202403122.150552
0141102620333504420205624501 1202403122.150620
0141102620433504420205624501 1202403122.150647
0141102620533504420205624501 1202403122.150715
0141102620633504420205624501 1202403122.150743
0141102620033514420205624501 1202403122.150811
0141102620133514420205624501 1202403122.150838
0141102620333514420205624501 1202403122.150906
0141102620433514420205624501 1202403122.150933
0141102620533514420205624501 1202403122.151001
0141102620633514420205624501 1202403122.151028
0141102620033524420205624501 1202403122.151056
0141102620133524420205624501 1202403122.151123
0141102620333524420205624501 1202403122.151151
0141102620433524420205624501 1202403122.151218
0141102620533524420205624501 1202403122.151246
0141102620633524420205624501 1202403122.151313
0141102620033544420205624501 1202403122.151341
0141102620133544420205624501 1202403122.151409
0141102620333544420205624501 1202403122.151436
0141102620433544420205624501 1202403122.151504
0141102620533544420205624501 1202403122.151531
0141102620633544420205624501 1202403122.151559
0141102620033554420205624501 1202403122.151626
0141102620133554420205624501 1202403122.151654
0141102620333554420205624501 1202403122.151721
0141102620433554420205624501 1202403122.151749
0141102620533554420205624501 1202403122.151816
0141102620633554420205624501 1202403122.151844
0141102620033564420205624501 1202403122.151912
0141102620133564420205624501 1202403122.151939
0141102620333564420205624501 1202403122.152007
0141102620433564420205624501 1202403122.152034
0141102620533564420205624501 1202403122.152102
0141102620633564420205624501 1202403122.152129
0141102620033515420205624501 1202403122.152153
0141102620033545420205624501 1202403122.152330
0141102620133545420205624501 1202403122.152358
0141102620333545420205624501 1202403122.152425
0141102620433545420205624501 1202403122.152452
0141102620533545420205624501 1202403122.152520
0141102620633545420205624501 1202403122.152547
