0621155021333154424201441501 2 1331
0124160526303145424201441501 2 1332
0424160121313145424201441501 2 1333
0420156121313145424201441501 2 1334
0021155621313145424201441501 2 1335
0421155621313145424201441501 2 1336
0521155621313145424201441501 2 1337
0422155621313145424201441501 2 1338
0424155621313145424201441501 2 1339
0524155621313145424201441501 2 1340
0422156621313145424201441501 2 1341
0424166526313145424201441501 2 1342
0624166526313145424201441501 2 1343
0422156626313145424201441501 2 1344
0424166626313145424201441501 2 1345
0124153621133145424201441501 2 1346
0424153621133145424201441501 2 1347
0614152021333145424201441501 2 1348
0524156121333145424201441501 2 1349
0422150621333145424201441501 2 1350
0424150621333145424201441501 2 1351
0511152621333145424201441501 2 1352
0611152621333145424201441501 2 1353
0621152621333145424201441501 2 1354
0612152621333145424201441501 2 1355
0622152621333145424201441501 2 1356
0624152621333145424201441501 2 1357
0121155621333145424201441501 2 1358
0521155621333145424201441501 2 1359
0621155621333145424201441501 2 1360
0624155621333145424201441501 2 1361
0622156621333145424201441501 2 1362
0422166621333145424201441501 2 1363
0424166126333145424201441501 2 1364
0422160526333145424201441501 2 1365
0624166526333145424201441501 2 1366
0026166526333145424201441501 2 1367
0126166526333145424201441501 2 1368
0426166526333145424201441501 2 1369
0124156626333145424201441501 2 1370
0424156626333145424201441501 2 1371
0120156121353145424201441501 2 1372
0021156121353145424201441501 2 1373
0422156121353145424201441501 2 1374
0522156121353145424201441501 2 1375
0424156121353145424201441501 2 1376
0420166121353145424201441501 2 1377
0422150621353145424201441501 2 1378
0424150621353145424201441501 2 1379
0111152621353145424201441501 1 1380
0411152621353145424201441501 2 1381
0611152621353145424201441501 1 1382
0621152621353145424201441501 2 1383
0422152621353145424201441501 1 1384
0622152621353145424201441501 2 1385
0424152621353145424201441501 1 1386
0624152621353145424201441501 1 1387
0021155621353145424201441501 2 1388
0421155621353145424201441501 2 1389
0521155621353145424201441501 2 1390
0621155621353145424201441501 2 1391
0424160126353145424201441501 2 1392
0420160526353145424201441501 2 1393
0422160526353145424201441501 2 1394
0124160526353145424201441501 2 1395
0424160526353145424201441501 2 1396
0524160526353145424201441501 2 1397
0420166526353145424201441501 2 1398
0422166526353145424201441501 2 1399
0424166526353145424201441501 2 1400
0624166526353145424201441501 2 1401
0221156626353145424201441501 2 1402
0521156626353145424201441501 2 1403
0424166626353145424201441501 2 1404
0424153621163145424201441501 2 1405
0412152021363145424201441501 1 1406
0414152021363145424201441501 1 1407
0415152021363145424201441501 1 1408
0422166021363145424201441501 2 1409
0524156121363145424201441501 2 1410
0424166121363145424201441501 2 1411
0421155621363145424201441501 2 1412
0624155621363145424201441501 2 1413
0624156621363145424201441501 2 1414
0424166621363145424201441501 2 1415
0424156626363145424201441501 2 1416
0614152621303645424201441501 1 1417
0124166226303645424201441501 2 1418
0425166021313645424201441501 2 1419
0422156621313645424201441501 2 1420
0424156621313645424201441501 2 1421
0425150026313645424201441501 2 1422
0424160026313645424201441501 2 1423
0425160026313645424201441501 2 1424
0422156026313645424201441501 2 1425
0424156026313645424201441501 2 1426
0425156026313645424201441501 2 1427
0424166026313645424201441501 2 1428
0422166126313645424201441501 2 1429
0424166526313645424201441501 2 1430
0422156626313645424201441501 2 1431
0422156621333645424201441501 2 1432
0124156621333645424201441501 2 1433
0424156621333645424201441501 2 1434
0422150026333645424201441501 2 1435
0425150026333645424201441501 2 1436
0221156026333645424201441501 2 1437
0624156026333645424201441501 2 1438
0425156026333645424201441501 2 1439
0422160126333645424201441501 2 1440
0424166226333645424201441501 2 1441
0524166226333645424201441501 2 1442
0424160526333645424201441501 2 1443
0524160526333645424201441501 2 1444
0124166526333645424201441501 2 1445
0424166526333645424201441501 2 1446
0624166526333645424201441501 2 1447
0025166526333645424201441501 2 1448
0526166526333645424201441501 2 1449
0626166526333645424201441501 2 1450
0424156626333645424201441501 2 1451
0624156626333645424201441501 2 1452
0422156621353645424201441501 2 1453
0622156621353645424201441501 2 1454
0424166621353645424201441501 2 1455
0221150026353645424201441501 2 1456
0422160026353645424201441501 2 1457
0425160026353645424201441501 2 1458
0421156026353645424201441501 2 1459
0422156026353645424201441501 2 1460
0425156026353645424201441501 2 1461
0426156026353645424201441501 2 1462
0424166026353645424201441501 2 1463
0420160526353645424201441501 2 1464
0422160526353645424201441501 2 1465
0124160526353645424201441501 2 1466
0424160526353645424201441501 2 1467
0420166526353645424201441501 2 1468
0426166526353645424201441501 2 1469
0421156626353645424201441501 2 1470
0521156626353645424201441501 2 1471
0422156626353645424201441501 2 1472
0124156626353645424201441501 2 1473
0424156626353645424201441501 2 1474
0411152021363645424201441501 1 1475
0415152021363645424201441501 1 1476
0425166021363645424201441501 2 1477
0422156621363645424201441501 2 1478
0424156621363645424201441501 2 1479
0624156621363645424201441501 2 1480
0422166621363645424201441501 2 1481
0424166621363645424201441501 2 1482
0424156026363645424201441501 2 1483
0425156026363645424201441501 2 1484
0424166026363645424201441501 2 1485
0425166026363645424201441501 2 1486
0421156626363645424201441501 2 1487
0624156626363645424201441501 2 1488
0614152621303146424201441501 1 1489
0422166126303146424201441501 2 1490
0424156121313146424201441501 2 1491
0524156121313146424201441501 2 1492
0025156121313146424201441501 2 1493
0421155621313146424201441501 2 1494
0621155621313146424201441501 2 1495
0422156621313146424201441501 2 1496
0424156621313146424201441501 2 1497
0624156621313146424201441501 2 1498
0422156626313146424201441501 2 1499
0524156626313146424201441501 2 1500
0422153621133146424201441501 2 1501
0424153621133146424201441501 2 1502
0524153621133146424201441501 2 1503
0612152021333146424201441501 2 1504
0522156121333146424201441501 2 1505
0124156121333146424201441501 2 1506
0424156121333146424201441501 2 1507
0524156121333146424201441501 2 1508
0025156121333146424201441501 2 1509
0026156121333146424201441501 2 1510
0124166121333146424201441501 2 1511
0411152621333146424201441501 2 1512
0511152621333146424201441501 2 1513
0611152621333146424201441501 2 1514
0421152621333146424201441501 2 1515
0621152621333146424201441501 2 1516
0612152621333146424201441501 2 1517
0622152621333146424201441501 2 1518
0614152621333146424201441501 2 1519
0624152621333146424201441501 2 1520
0121155621333146424201441501 2 1521
0421155621333146424201441501 2 1522
0521155621333146424201441501 2 1523
0422166126333146424201441501 2 1524
0124166126333146424201441501 2 1525
0524166126333146424201441501 2 1526
0524166226333146424201441501 2 1527
0422166526333146424201441501 2 1528
0124166526333146424201441501 2 1529
0424166526333146424201441501 2 1530
0624166526333146424201441501 2 1531
0126166526333146424201441501 2 1532
0221156626333146424201441501 2 1533
0422156626333146424201441501 2 1534
0412152021353146424201441501 1 1535
0415152021353146424201441501 1 1536
0021156121353146424201441501 2 1537
0121156121353146424201441501 2 1538
0221156121353146424201441501 2 1539
0421156121353146424201441501 2 1540
0522156121353146424201441501 2 1541
0225156121353146424201441501 2 1542
0111152621353146424201441501 1 1543
0611152621353146424201441501 2 1544
0512152621353146424201441501 1 1545
0612152621353146424201441501 1 1546
0114152621353146424201441501 1 1547
0121155621353146424201441501 2 1548
0421155621353146424201441501 2 1549
0521155621353146424201441501 2 1550
0221156621353146424201441501 2 1551
0624166126353146424201441501 2 1552
0420166526353146424201441501 2 1553
0521166526353146424201441501 2 1554
0424166526353146424201441501 2 1555
0624166526353146424201441501 2 1556
0426166526353146424201441501 2 1557
0420156626353146424201441501 2 1558
0122156626353146424201441501 2 1559
0422156626353146424201441501 2 1560
0522156626353146424201441501 2 1561
0424166626353146424201441501 2 1562
0424153621163146424201441501 2 1563
0411152021363146424201441501 1 1564
0614152021363146424201441501 1 1565
0415152021363146424201441501 1 1566
0524156121363146424201441501 2 1567
0424166526363146424201441501 2 1568
0424166626363146424201441501 2 1569
0411152621303546424201441501 1 1570
0422153021313546424201441501 2 1571
0424153021313546424201441501 2 1572
0425153021313546424201441501 2 1573
0424166021313546424201441501 2 1574
0124156121313546424201441501 2 1575
0025156121313546424201441501 2 1576
0422166121313546424201441501 2 1577
0121155621313546424201441501 2 1578
0421155621313546424201441501 2 1579
0521155621313546424201441501 2 1580
0621155621313546424201441501 2 1581
0424156621313546424201441501 2 1582
0624156621313546424201441501 2 1583
0424156026313546424201441501 2 1584
0425156026313546424201441501 2 1585
0424166026313546424201441501 2 1586
0424166126313546424201441501 2 1587
0524156626313546424201441501 2 1588
0624156626313546424201441501 2 1589
0511152021333546424201441501 2 1590
0424156121333546424201441501 2 1591
0524156121333546424201441501 2 1592
0411152621333546424201441501 2 1593
0611152621333546424201441501 2 1594
0121152621333546424201441501 2 1595
0421152621333546424201441501 2 1596
0621152621333546424201441501 2 1597
0612152621333546424201441501 2 1598
0622152621333546424201441501 2 1599
0614152621333546424201441501 2 1600
0624152621333546424201441501 2 1601
0121155621333546424201441501 2 1602
0421155621333546424201441501 2 1603
0624155621333546424201441501 2 1604
0622156621333546424201441501 2 1605
0624156621333546424201441501 2 1606
0422156026333546424201441501 2 1607
0524166126333546424201441501 2 1608
0422166226333546424201441501 2 1609
0422166526333546424201441501 2 1610
0624166526333546424201441501 2 1611
0126166526333546424201441501 2 1612
0626166526333546424201441501 2 1613
0624156626333546424201441501 2 1614
0424153621153546424201441501 2 1615
0411152021353546424201441501 1 1616
0412152021353546424201441501 1 1617
0415152021353546424201441501 1 1618
0021156121353546424201441501 2 1619
0522156121353546424201441501 2 1620
0026156121353546424201441501 2 1621
0126156121353546424201441501 2 1622
0526156121353546424201441501 2 1623
0412152621353546424201441501 1 1624
0512152621353546424201441501 1 1625
0612152621353546424201441501 2 1626
0021155621353546424201441501 2 1627
0521155621353546424201441501 2 1628
0521156621353546424201441501 2 1629
0121156026353546424201441501 2 1630
0221156026353546424201441501 2 1631
0422156026353546424201441501 2 1632
0624156026353546424201441501 2 1633
0425166026353546424201441501 2 1634
0420166526353546424201441501 2 1635
0424166526353546424201441501 2 1636
0624166526353546424201441501 2 1637
0426166526353546424201441501 2 1638
0421156626353546424201441501 2 1639
0521156626353546424201441501 2 1640
0422156626353546424201441501 2 1641
0411152021363546424201441501 1 1642
0412152021363546424201441501 1 1643
0415152021363546424201441501 1 1644
0424166021363546424201441501 2 1645
0124156121363546424201441501 2 1646
0124166621363546424201441501 2 1647
0422156026363546424201441501 2 1648
0424156626363546424201441501 2 1649
0412152621303646424201441501 1 1650
0414152621303646424201441501 1 1651
0614152621303646424201441501 1 1652
0015152621303646424201441501 1 1653
0424166026303646424201441501 2 1654
0424166021313646424201441501 2 1655
0421155621313646424201441501 2 1656
0521155621313646424201441501 2 1657
0621155621313646424201441501 2 1658
0422166621313646424201441501 2 1659
0424166621313646424201441501 2 1660
0422156026313646424201441501 2 1661
0424156026313646424201441501 2 1662
0425156026313646424201441501 2 1663
0625156026313646424201441501 2 1664
0422166126313646424201441501 2 1665
0424166126313646424201441501 2 1666
0424166526313646424201441501 2 1667
0424156626313646424201441501 2 1668
0524156626313646424201441501 2 1669
0025156626313646424201441501 2 1670
0021155621333646424201441501 2 1671
0121155621333646424201441501 2 1672
0624155621333646424201441501 2 1673
0422156026333646424201441501 2 1674
0425156026333646424201441501 2 1675
0424166026333646424201441501 2 1676
0422166126333646424201441501 2 1677
0624166226333646424201441501 2 1678
0424166526333646424201441501 2 1679
0624166526333646424201441501 2 1680
0025166526333646424201441501 2 1681
0126166526333646424201441501 2 1682
0526166526333646424201441501 2 1683
0221156626333646424201441501 2 1684
0422156626333646424201441501 2 1685
0411152021353646424201441501 2 1686
0412152021353646424201441501 1 1687
0414152021353646424201441501 1 1688
0415152021353646424201441501 1 1689
0111152621353646424201441501 1 1690
0411152621353646424201441501 1 1691
0512152621353646424201441501 1 1692
0514152621353646424201441501 1 1693
0614152621353646424201441501 1 1694
0015152621353646424201441501 1 1695
0016152621353646424201441501 2 1696
0021155621353646424201441501 2 1697
0121155621353646424201441501 2 1698
0421156621353646424201441501 2 1699
0521156621353646424201441501 2 1700
0221156026353646424201441501 2 1701
0422156026353646424201441501 2 1702
0625156026353646424201441501 2 1703
0425166026353646424201441501 2 1704
0422166126353646424201441501 2 1705
0420166526353646424201441501 2 1706
0422166526353646424201441501 2 1707
0624166526353646424201441501 2 1708
0426166526353646424201441501 2 1709
0221156626353646424201441501 2 1710
0422156626353646424201441501 2 1711
0611152620363646424201441501 2 1712
0411152021363646424201441501 1 1713
0412152021363646424201441501 1 1714
0424166021363646424201441501 2 1715
0624166021363646424201441501 2 1716
0524155621363646424201441501 2 1717
0624155621363646424201441501 2 1718
0422156621363646424201441501 2 1719
0422156026363646424201441501 2 1720
0424166126363646424201441501 2 1721
0424166526363646424201441501 2 1722
0422156626363646424201441501 2 1723
0424156626363646424201441501 2 1724
0624156626363646424201441501 2 1725
0626152020433112454110001511 6 1726
0626152220433112454110001511 6 1727
0626152520433112454110001511 6 1728
0626152020433162454110001511 6 1729
0626152220433162454110001511 6 1730
0626152520433162454110001511 6 1731
0514152020603144464110001231 1 1732
0111152021363120404200000041 1 1733
0111152021363520404200000041 2 1734
0111152021363121404200000041 1 1735
0021150121353042424600022541 2 1736
0124106526353645424112001151 2 1737
0524153525313644424110001132 2 1738
0524156021613644424110001132 2 1739
0524156521613644424110001132 2 1740
0524156525613644424110001132 2 1741
0124156021153644424110001132 2 1742
0516162021303641424104050144 1 1743
0516162021303144424104050144 1 1744
0225160121313141424204050144 2 1745
0416162021353141424204050144 2 1746
0524160121313641424204050144 2 1747
0516162021363142424204050144 1 1748
0522160121363142424204050144 2 1749
0524160121363142424204050144 2 1750
0522160121363642424204050144 2 1751
0524160121363144424204050144 2 1752
0125160121363144424204050144 2 1753
0625160121363144424204050144 2 1754
0522160121363146424204050144 2 1755
0524160121363146424204050144 2 1756
0425160121363146424204050144 2 1757
0122153025163004424110003444 2 1758
0122156021313555424110003444 2 1759
0162153224453026414110002515 6 1760
0144102621353141424200000410 2 1761
0510102520343021464601221030 1 1762
0115152020343121464601221030 1 1763
0654126520103644454111221030 5 1764
0151105224343522464111221030 5 1765
0151105524343522464111221030 5 1766
0151105224343525464111221030 5 1767
0151105524343525464111221030 5 1768
0522100121343162404111652104 5 1769
0526100120343166404111652104 2 1770
0011162021353046424105610014 2 1771
0565106524403020404511122034 1 1772
0565106524403021404511122034 1 1773
0565106124403521404511122034 1 1774
0565106224403521404511122034 1 1775
0565106624403521404511122034 1 1776
0565106624443521404511122034 1 1777
0565106524403022404511122034 1 1778
0565106124403522404511122034 1 1779
0565106224403522404511122034 1 1780
0565106624403522404511122034 1 1781
0565106624443522404511122034 1 1782
0565106524403024404511122034 1 1783
0525106524043026404511122034 1 1784
0565106624043526404511122034 1 1785
0565106624443526404511122034 1 1786
0565102524303066404511122034 6 1787
0115106124043521414511122034 6 1788
0115106224043521414511122034 6 1789
0155106124443521414511122034 6 1790
0155106224443521414511122034 6 1791
0115106124043522414511122034 6 1792
0115106224043522414511122034 6 1793
0155106124443522414511122034 6 1794
0155106224443522414511122034 6 1795
0565106024003020454511122034 6 1796
0565106024043520454511122034 6 1797
0565106024003024454511122034 6 1798
0565106024003026454511122034 6 1799
0161105121343021414602212444 2 1800
0161105121343121414602212444 2 1801
0161105121343022414602212444 2 1802
0161105121343122414602212444 2 1803
0161105121343126414602212444 2 1804
0025106521503042424602152530 2 1805
0041105121333160424200202540 2 1806
0041155121333160424200202540 2 1807
0041105121333161424200202540 2 1808
0041155121333161424200202540 2 1809
0041105121333162424200202540 2 1810
0041155121333162424200202540 2 1811
0041105121333164424200202540 2 1812
0041155121333164424200202540 2 1813
0041105121333165424200202540 2 1814
0041155121333165424200202540 2 1815
0121155520343062414110202540 2 1816
0121155520433062454110202540 1 1817
0122153524413556454110202540 6 1818
0524165121333141424110001001 2 1819
0524165121333145424110001001 2 1820
0124103021313146424606442511 2 1821
0521166021333144424200000141 2 1822
0624160021333154424200000141 2 1823
0521166021333164424200000141 2 1824
0524166121333141424110001051 2 1825
0524166521333141424110001051 2 1826
0524166621333141424110001051 2 1827
0524166121333145424110001051 2 1828
0524166521333145424110001051 2 1829
0524166621333145424110001051 2 1830
0524166121333146424110001051 2 1831
0524166521333146424110001051 2 1832
0524166621333146424110001051 2 1833
0111102524343621414605121102 1 1834
0112102524343621414605121102 1 1835
0026122120353541414605121102 1 1836
0125102520343622414605121102 1 1837
0111102524343622414605121102 1 1838
0112102524343622414605121102 1 1839
0625152520353046424605121102 1 1840
0625152620363046424605121102 1 1841
0620152620343122414201261502 1 1842
0021152621343122414201261502 1 1843
0620150121343522414201261502 2 1844
0620152621343522414201261502 1 1845
0021152620343126414201261502 2 1846
0620152623343526414201261502 1 1847
0222152623343526414201261502 1 1848
0022152625343526414201261502 1 1849
0141105121363620424201261502 2 1850
0146105121303140424201261502 2 1851
0146105121363140424201261502 2 1852
0141105121333041424201261502 2 1853
0146105121363041424201261502 2 1854
0146105121303141424201261502 2 1855
0145105121333141424201261502 2 1856
0141105121363141424201261502 2 1857
0146105121363141424201261502 2 1858
0141105121363022424201261502 2 1859
0145105121363022424201261502 2 1860
0045105121303622424201261502 2 1861
0141105121363622424201261502 2 1862
0146105121303042424201261502 2 1863
0145103521113042424201261502 2 1864
0146105121363042424201261502 2 1865
0145105121303142424201261502 2 1866
0146105121303142424201261502 2 1867
0045103521113142424201261502 2 1868
0145103521113142424201261502 2 1869
0145105121333142424201261502 2 1870
0146105121333142424201261502 2 1871
0141105121363142424201261502 2 1872
0145103521133104424201261502 2 1873
0145100521333104424201261502 2 1874
0141106521333114424201261502 2 1875
0145105121303144424201261502 2 1876
0146105121303144424201261502 2 1877
0045103521113144424201261502 2 1878
0045105521313144424201261502 2 1879
0145105121333144424201261502 2 1880
0145103521113045424201261502 2 1881
0045103521113145424201261502 2 1882
0145103521113145424201261502 2 1883
0145103521313145424201261502 2 1884
0440153521313145424201261502 2 1885
0146105121303146424201261502 2 1886
0146105121363146424201261502 2 1887
0124106625313641424111261502 2 1888
0124106621363641424111261502 2 1889
0610152021303140424100000122 1 1890
0616152521303140424100000122 1 1891
0610152621303140424100000122 2 1892
0611152621303140424100000122 1 1893
0612152621303140424100000122 1 1894
0620153021313140424100000122 2 1895
0622153021313140424100000122 2 1896
0626153021313140424100000122 2 1897
0620150121313140424100000122 2 1898
0612152021333140424100000122 2 1899
0611152021363140424100000122 2 1900
0610152021303540424100000122 1 1901
0612152621303540424100000122 2 1902
0626153621313540424100000122 2 1903
0622150021313141424100000122 2 1904
0620156121313141424100000122 2 1905
0625156121313141424100000122 2 1906
0621150621313141424100000122 2 1907
0626150621313141424100000122 2 1908
0620156121313142424100000122 2 1909
0625156121313142424100000122 2 1910
0620150021333104424100000122 2 1911
0611152621333104424100000122 2 1912
0612152621333104424100000122 2 1913
0610152021303144424100000122 1 1914
0611152621303144424100000122 2 1915
0612152621303144424100000122 1 1916
0620153021313144424100000122 2 1917
0622153021313144424100000122 2 1918
0626153021313144424100000122 2 1919
0620156121313144424100000122 2 1920
0625156121313144424100000122 2 1921
0612152021333144424100000122 2 1922
0611152021363144424100000122 2 1923
0620150121313145424100000122 2 1924
0045106121353046424601161123 6 1925
0561106020343120464601161123 2 1926
0561106020343126464601161123 2 1927
0561106025343126464601161123 2 1928
0060156021343526464601161123 2 1929
0060156025343526464601161123 2 1930
0124153026103142424110001505 2 1931
0624153621103146424110001550 2 1932
0624163621103146424110001550 2 1933
0524163621153146424110001550 2 1934
0012152621353640424100000011 2 1935
0012102621353644424100000011 2 1936
0126102521343122414205110211 1 1937
0126102523343025414205110211 1 1938
0126102524343025414205110211 1 1939
0125102624343025414205110211 1 1940
0126102525343025414205110211 1 1941
0126102520343125414205110211 1 1942
0126102521343125414205110211 1 1943
0126102523343125414205110211 1 1944
0126102623343125414205110211 1 1945
0126102525343125414205110211 1 1946
0144102521303144424206102311 1 1947
0524165121363141424110001531 2 1948
0524165125363141424110001531 2 1949
0524165126363141424110001531 2 1950
0524105126363142424110001531 2 1951
0524105526363142424110001531 2 1952
0524105121363642424110001531 2 1953
0524105521363642424110001531 2 1954
0524165121363144424110001531 2 1955
0524165125363144424110001531 2 1956
0524165126363144424110001531 2 1957
0524155526363144424110001531 2 1958
0114102521363144424205113042 2 1959
0524125226353646414110001015 2 1960
0524165621333141424110001015 2 1961
0524165621353641424110001015 2 1962
0564162521313145424110001015 2 1963
0524165621333145424110001015 2 1964
0524165121333146424110001015 2 1965
0524165521333146424110001015 2 1966
0524165621333146424110001015 2 1967
0524165121353646424110001015 2 1968
0524165621353646424110001015 2 1969
0121166625343022404100001021 6 1970
0122160121313141424100000521 2 1971
0120166621313141424100000521 2 1972
0122166621313141424100000521 2 1973
0126166621313141424100000521 2 1974
0122160121313142424100000521 2 1975
0126160121313142424100000521 2 1976
0125166121313142424100000521 2 1977
0126166121313142424100000521 2 1978
0126160021313144424100000521 2 1979
0110162021363144424100000521 2 1980
0111162021363144424100000521 2 1981
0641106121363642424200000521 2 1982
0164105121333040424606251621 2 1983
0164105121333041424606251621 2 1984
0164105121333141424606251621 2 1985
0164105121333144424606251621 2 1986
0524103521313142464110601202 2 1987
0425160021313641424200000142 2 1988
0425160121313144424200000142 2 1989
0124105521313141424604201252 2 1990
0124100521313146464604201252 2 1991
0125102520343101414602652333 1 1992
0125102524343102414602652333 1 1993
0124105121353141424602652333 2 1994
0025100121303124424602652333 2 1995
0025105121503124424602652333 2 1996
