0120156121353541424201441501 2 665
0422156121353541424201441501 2 666
0522156121353541424201441501 2 667
0422156621353541424201441501 2 668
0622156621353541424201441501 2 669
0424156621353541424201441501 2 670
0425150026353541424201441501 2 671
0621156026353541424201441501 2 672
0422156026353541424201441501 2 673
0624156026353541424201441501 2 674
0422166026353541424201441501 2 675
0424166026353541424201441501 2 676
0425166026353541424201441501 2 677
0420166526353541424201441501 2 678
0422166526353541424201441501 2 679
0424166526353541424201441501 2 680
0624166526353541424201441501 2 681
0426166526353541424201441501 2 682
0421156626353541424201441501 2 683
0124156626353541424201441501 2 684
0611152620363541424201441501 2 685
0411152021363541424201441501 1 686
0412152021363541424201441501 1 687
0415152021363541424201441501 1 688
0424166021363541424201441501 2 689
0422156121363541424201441501 2 690
0124156121363541424201441501 2 691
0424156121363541424201441501 2 692
0424156621363541424201441501 2 693
0624156621363541424201441501 2 694
0424166621363541424201441501 2 695
0422156026363541424201441501 2 696
0424156026363541424201441501 2 697
0425156026363541424201441501 2 698
0422166026363541424201441501 2 699
0424156626363541424201441501 2 700
0422166626363541424201441501 2 701
0424166626363541424201441501 2 702
0411152621303641424201441501 1 703
0614152621303641424201441501 1 704
0015152621303641424201441501 1 705
0422166021313641424201441501 2 706
0425166021313641424201441501 2 707
0424156621313641424201441501 2 708
0422150026313641424201441501 2 709
0424150026313641424201441501 2 710
0524150026313641424201441501 2 711
0425150026313641424201441501 2 712
0424160026313641424201441501 2 713
0425160026313641424201441501 2 714
0424156026313641424201441501 2 715
0624156026313641424201441501 2 716
0425156026313641424201441501 2 717
0422160126313641424201441501 2 718
0424160126313641424201441501 2 719
0424166526313641424201441501 2 720
0422156026333641424201441501 2 721
0425156026333641424201441501 2 722
0424166026333641424201441501 2 723
0422166126333641424201441501 2 724
0624166226333641424201441501 2 725
0422160526333641424201441501 2 726
0524160526333641424201441501 2 727
0424166526333641424201441501 2 728
0624166526333641424201441501 2 729
0025166526333641424201441501 2 730
0126166526333641424201441501 2 731
0526166526333641424201441501 2 732
0221156626333641424201441501 2 733
0422156626333641424201441501 2 734
0420156621353641424201441501 2 735
0521156621353641424201441501 2 736
0422156621353641424201441501 2 737
0622156621353641424201441501 2 738
0422166621353641424201441501 2 739
0425150026353641424201441501 2 740
0421156026353641424201441501 2 741
0422156026353641424201441501 2 742
0425156026353641424201441501 2 743
0424166126353641424201441501 2 744
0420166526353641424201441501 2 745
0422166526353641424201441501 2 746
0424166526353641424201441501 2 747
0624166526353641424201441501 2 748
0025166526353641424201441501 2 749
0220156626353641424201441501 2 750
0421156626353641424201441501 2 751
0521156626353641424201441501 2 752
0424156626353641424201441501 2 753
0411152021363641424201441501 1 754
0412152021363641424201441501 1 755
0415152021363641424201441501 1 756
0615152021363641424201441501 1 757
0424166021363641424201441501 2 758
0424166621363641424201441501 2 759
0422156026363641424201441501 2 760
0424156026363641424201441501 2 761
0425156026363641424201441501 2 762
0422166026363641424201441501 2 763
0424166026363641424201441501 2 764
0425166026363641424201441501 2 765
0424166126363641424201441501 2 766
0421156626363641424201441501 2 767
0424156626363641424201441501 2 768
0424160121303142424201441501 2 769
0424166121303142424201441501 2 770
0614152621303142424201441501 1 771
0424166626303142424201441501 2 772
0524156121313142424201441501 2 773
0025156121313142424201441501 2 774
0424166121313142424201441501 2 775
0422153621313142424201441501 2 776
0522153621313142424201441501 2 777
0424153621313142424201441501 2 778
0524153621313142424201441501 2 779
0021155621313142424201441501 2 780
0621155621313142424201441501 2 781
0422155621313142424201441501 2 782
0422156621313142424201441501 2 783
0424156621313142424201441501 2 784
0424166621313142424201441501 2 785
0422160026313142424201441501 2 786
0424160026313142424201441501 2 787
0422156026313142424201441501 2 788
0425156026313142424201441501 2 789
0424166026313142424201441501 2 790
0425166026313142424201441501 2 791
0424166526313142424201441501 2 792
0426166526313142424201441501 2 793
0422156626313142424201441501 2 794
0624166626313142424201441501 2 795
0220153621133142424201441501 2 796
0124153621133142424201441501 2 797
0524153621133142424201441501 2 798
0611152021333142424201441501 2 799
0422160121333142424201441501 2 800
0522156121333142424201441501 2 801
0524156121333142424201441501 2 802
0025156121333142424201441501 2 803
0026156121333142424201441501 2 804
0524166121333142424201441501 2 805
0422150621333142424201441501 2 806
0424150621333142424201441501 2 807
0524150621333142424201441501 2 808
0511152621333142424201441501 2 809
0611152621333142424201441501 2 810
0121152621333142424201441501 2 811
0621152621333142424201441501 2 812
0612152621333142424201441501 2 813
0622152621333142424201441501 2 814
0121155621333142424201441501 2 815
0421155621333142424201441501 2 816
0521155621333142424201441501 2 817
0621155621333142424201441501 2 818
0624155621333142424201441501 2 819
0221156621333142424201441501 2 820
0521156621333142424201441501 2 821
0622156621333142424201441501 2 822
0425150026333142424201441501 2 823
0124160026333142424201441501 2 824
0422156026333142424201441501 2 825
0425156026333142424201441501 2 826
0422166026333142424201441501 2 827
0424166026333142424201441501 2 828
0124160126333142424201441501 2 829
0124166126333142424201441501 2 830
0524166126333142424201441501 2 831
0424160226333142424201441501 2 832
0124166226333142424201441501 2 833
0422160526333142424201441501 2 834
0424160526333142424201441501 2 835
0524160526333142424201441501 2 836
0024166526333142424201441501 2 837
0124166526333142424201441501 2 838
0424166526333142424201441501 2 839
0524166526333142424201441501 2 840
0624166526333142424201441501 2 841
0126166526333142424201441501 2 842
0221156626333142424201441501 2 843
0422156626333142424201441501 2 844
0424166626333142424201441501 2 845
0524166626333142424201441501 2 846
0614152021353142424201441501 2 847
0420156121353142424201441501 2 848
0021156121353142424201441501 2 849
0522156121353142424201441501 2 850
0025156121353142424201441501 2 851
0611152621353142424201441501 1 852
0421152621353142424201441501 1 853
0621152621353142424201441501 1 854
0422152621353142424201441501 1 855
0622152621353142424201441501 1 856
0114152621353142424201441501 1 857
0624152621353142424201441501 2 858
0015152621353142424201441501 1 859
0121155621353142424201441501 2 860
0421155621353142424201441501 2 861
0621155621353142424201441501 2 862
0421156621353142424201441501 2 863
0521156621353142424201441501 2 864
0422166621353142424201441501 2 865
0124160026353142424201441501 2 866
0424160026353142424201441501 2 867
0624160026353142424201441501 2 868
0425160026353142424201441501 2 869
0624156026353142424201441501 2 870
0425166026353142424201441501 2 871
0420160526353142424201441501 2 872
0422160526353142424201441501 2 873
0124160526353142424201441501 2 874
0424160526353142424201441501 2 875
0524160526353142424201441501 2 876
0420166526353142424201441501 2 877
0422166526353142424201441501 2 878
0424166526353142424201441501 2 879
0624166526353142424201441501 2 880
0426166526353142424201441501 2 881
0521156626353142424201441501 2 882
0422156626353142424201441501 2 883
0424156626353142424201441501 2 884
0424166626353142424201441501 2 885
0424153621163142424201441501 2 886
0411152021363142424201441501 1 887
0414152021363142424201441501 1 888
0415152021363142424201441501 1 889
0124156121363142424201441501 2 890
0524156121363142424201441501 2 891
0424166121363142424201441501 2 892
0424156026363142424201441501 2 893
0425156026363142424201441501 2 894
0424166126363142424201441501 2 895
0424166226363142424201441501 2 896
0422156626363142424201441501 2 897
0422156121303542424201441501 2 898
0422166026303542424201441501 2 899
0422160121313542424201441501 2 900
0124156121313542424201441501 2 901
0524156121313542424201441501 2 902
0025156121313542424201441501 2 903
0021155621313542424201441501 2 904
0121155621313542424201441501 2 905
0421155621313542424201441501 2 906
0521155621313542424201441501 2 907
0621155621313542424201441501 2 908
0422155621313542424201441501 2 909
0524155621313542424201441501 2 910
0624155621313542424201441501 2 911
0422156621313542424201441501 2 912
0424156621313542424201441501 2 913
0624156621313542424201441501 2 914
0221156026313542424201441501 2 915
0422156026313542424201441501 2 916
0424156026313542424201441501 2 917
0624156026313542424201441501 2 918
0425156026313542424201441501 2 919
0424166026313542424201441501 2 920
0425166026313542424201441501 2 921
0422160126313542424201441501 2 922
0424166526313542424201441501 2 923
0624166526313542424201441501 2 924
0426166526313542424201441501 2 925
0424156626313542424201441501 2 926
0424153621133542424201441501 2 927
0614152021333542424201441501 2 928
0021156121333542424201441501 2 929
0522156121333542424201441501 2 930
0124156121333542424201441501 2 931
0424156121333542424201441501 2 932
0524156121333542424201441501 2 933
0025156121333542424201441501 2 934
0411152621333542424201441501 2 935
0511152621333542424201441501 2 936
0611152621333542424201441501 2 937
0421152621333542424201441501 2 938
0621152621333542424201441501 2 939
0622152621333542424201441501 2 940
0614152621333542424201441501 2 941
0624152621333542424201441501 2 942
0021155621333542424201441501 2 943
0121155621333542424201441501 2 944
0421155621333542424201441501 2 945
0521155621333542424201441501 2 946
0624156621333542424201441501 2 947
0422150026333542424201441501 2 948
0425150026333542424201441501 2 949
0422156026333542424201441501 2 950
0425156026333542424201441501 2 951
0424160226333542424201441501 2 952
0524160526333542424201441501 2 953
0424166526333542424201441501 2 954
0624166526333542424201441501 2 955
0626166526333542424201441501 2 956
0221156626333542424201441501 2 957
0422156626333542424201441501 2 958
0424156626333542424201441501 2 959
0524156626333542424201441501 2 960
0624156626333542424201441501 2 961
0424166626333542424201441501 2 962
0422153621153542424201441501 2 963
0124153621153542424201441501 2 964
0424153621153542424201441501 2 965
0021156121353542424201441501 2 966
0522156121353542424201441501 2 967
0424150621353542424201441501 2 968
0111152621353542424201441501 1 969
0611152621353542424201441501 2 970
0421152621353542424201441501 2 971
0621152621353542424201441501 1 972
0422152621353542424201441501 1 973
0622152621353542424201441501 1 974
0424152621353542424201441501 1 975
0624152621353542424201441501 1 976
0021155621353542424201441501 2 977
0121155621353542424201441501 2 978
0421155621353542424201441501 2 979
0521155621353542424201441501 2 980
0621155621353542424201441501 2 981
0624155621353542424201441501 2 982
0422166621353542424201441501 2 983
0221150026353542424201441501 2 984
0121156026353542424201441501 2 985
0422156026353542424201441501 2 986
0425166026353542424201441501 2 987
0422160526353542424201441501 2 988
0124160526353542424201441501 2 989
0424160526353542424201441501 2 990
0524160526353542424201441501 2 991
0420166526353542424201441501 2 992
0021166526353542424201441501 2 993
0422166526353542424201441501 2 994
0424166526353542424201441501 2 995
0624166526353542424201441501 2 996
0426166526353542424201441501 2 997
0221156626353542424201441501 2 998
0624156626353542424201441501 2 999
0424166626353542424201441501 2 1000
0424153621163542424201441501 2 1001
0411152021363542424201441501 1 1002
0412152021363542424201441501 1 1003
0415152021363542424201441501 1 1004
0124156121363542424201441501 2 1005
0425156026363542424201441501 2 1006
0422166026363542424201441501 2 1007
0425166026363542424201441501 2 1008
0124166126363542424201441501 2 1009
0424166126363542424201441501 2 1010
0422166226363542424201441501 2 1011
0411152621303642424201441501 1 1012
0614152621303642424201441501 1 1013
0015152621303642424201441501 1 1014
0422160026303642424201441501 2 1015
0424166026303642424201441501 2 1016
0424160121313642424201441501 2 1017
0021155621313642424201441501 2 1018
0121155621313642424201441501 2 1019
0521155621313642424201441501 2 1020
0422155621313642424201441501 2 1021
0124155621313642424201441501 2 1022
0424155621313642424201441501 2 1023
0524155621313642424201441501 2 1024
0422156621313642424201441501 2 1025
0624156621313642424201441501 2 1026
0425150026313642424201441501 2 1027
0424160026313642424201441501 2 1028
0422156026313642424201441501 2 1029
0225156026313642424201441501 2 1030
0425156026313642424201441501 2 1031
0422166026313642424201441501 2 1032
0425166026313642424201441501 2 1033
0422166526313642424201441501 2 1034
0426166526313642424201441501 2 1035
0422156626313642424201441501 2 1036
0424166626313642424201441501 2 1037
0021155621333642424201441501 2 1038
0521155621333642424201441501 2 1039
0422155621333642424201441501 2 1040
0522155621333642424201441501 2 1041
0424155621333642424201441501 2 1042
0524155621333642424201441501 2 1043
0624155621333642424201441501 2 1044
0221156621333642424201441501 2 1045
0521156621333642424201441501 2 1046
0422156621333642424201441501 2 1047
0622156621333642424201441501 2 1048
0424156621333642424201441501 2 1049
0524156621333642424201441501 2 1050
0422150026333642424201441501 2 1051
0425150026333642424201441501 2 1052
0422160026333642424201441501 2 1053
0425160026333642424201441501 2 1054
0422156026333642424201441501 2 1055
0425156026333642424201441501 2 1056
0624166026333642424201441501 2 1057
0422160126333642424201441501 2 1058
0422160526333642424201441501 2 1059
0124160526333642424201441501 2 1060
0424160526333642424201441501 2 1061
0422166526333642424201441501 2 1062
0024166526333642424201441501 2 1063
0124166526333642424201441501 2 1064
0424166526333642424201441501 2 1065
0524166526333642424201441501 2 1066
0624166526333642424201441501 2 1067
0026166526333642424201441501 2 1068
0126166526333642424201441501 2 1069
0526166526333642424201441501 2 1070
0626166526333642424201441501 2 1071
0221156626333642424201441501 2 1072
0422156626333642424201441501 2 1073
0422166626333642424201441501 2 1074
0411152021353642424201441501 1 1075
0414152021353642424201441501 2 1076
0415152021353642424201441501 1 1077
0426166121353642424201441501 2 1078
0111152621353642424201441501 1 1079
0411152621353642424201441501 1 1080
0611152621353642424201441501 1 1081
0421152621353642424201441501 1 1082
0621152621353642424201441501 2 1083
0412152621353642424201441501 1 1084
0612152621353642424201441501 2 1085
0422152621353642424201441501 2 1086
0514152621353642424201441501 2 1087
0614152621353642424201441501 1 1088
0424152621353642424201441501 1 1089
0624152621353642424201441501 1 1090
0015152621353642424201441501 1 1091
0021155621353642424201441501 2 1092
0421155621353642424201441501 2 1093
0521155621353642424201441501 2 1094
0424155621353642424201441501 2 1095
0624155621353642424201441501 2 1096
0221156621353642424201441501 2 1097
0422156621353642424201441501 2 1098
0422166621353642424201441501 2 1099
0624150026353642424201441501 2 1100
0425160026353642424201441501 2 1101
0421156026353642424201441501 2 1102
0422156026353642424201441501 2 1103
0624156026353642424201441501 2 1104
0424166026353642424201441501 2 1105
0624166026353642424201441501 2 1106
0425166026353642424201441501 2 1107
0422160126353642424201441501 2 1108
0420166126353642424201441501 2 1109
0422166126353642424201441501 2 1110
0424166226353642424201441501 2 1111
0420160526353642424201441501 2 1112
0124160526353642424201441501 2 1113
0424160526353642424201441501 2 1114
0420166526353642424201441501 2 1115
0424166526353642424201441501 2 1116
0624166526353642424201441501 2 1117
0521156626353642424201441501 2 1118
0424156626353642424201441501 2 1119
0424166626353642424201441501 2 1120
0411152021363642424201441501 1 1121
0412152021363642424201441501 1 1122
0415152021363642424201441501 1 1123
0615152021363642424201441501 1 1124
0424155621363642424201441501 2 1125
0524156621363642424201441501 2 1126
0624156621363642424201441501 2 1127
0025106026363642424201441501 2 1128
0422156026363642424201441501 2 1129
0424156626363642424201441501 2 1130
0422166626363642424201441501 2 1131
0124166626363642424201441501 2 1132
0424160121303144424201441501 2 1133
0424156121303144424201441501 2 1134
0411152621303144424201441501 1 1135
0614152621303144424201441501 1 1136
0424166621303144424201441501 2 1137
0424166026303144424201441501 2 1138
0424166126303144424201441501 2 1139
0424166021313144424201441501 2 1140
0424160121313144424201441501 2 1141
0124156121313144424201441501 2 1142
0422153621313144424201441501 2 1143
0424153621313144424201441501 2 1144
0524153621313144424201441501 2 1145
0021155621313144424201441501 2 1146
0121155621313144424201441501 2 1147
0421155621313144424201441501 2 1148
0424155621313144424201441501 2 1149
0524155621313144424201441501 2 1150
0624155621313144424201441501 2 1151
0422156621313144424201441501 2 1152
0424156621313144424201441501 2 1153
0624156621313144424201441501 2 1154
0422166621313144424201441501 2 1155
0424160026313144424201441501 2 1156
0425160026313144424201441501 2 1157
0422156026313144424201441501 2 1158
0424156026313144424201441501 2 1159
0624156026313144424201441501 2 1160
0425156026313144424201441501 2 1161
0426156026313144424201441501 2 1162
0422166526313144424201441501 2 1163
0424166526313144424201441501 2 1164
0424156626313144424201441501 2 1165
0624156626313144424201441501 2 1166
0524153621133144424201441501 2 1167
0611152020333144424201441501 2 1168
0611152620333144424201441501 2 1169
0621152620333144424201441501 2 1170
0614152021333144424201441501 2 1171
0624155021333144424201441501 2 1172
0522156121333144424201441501 2 1173
0524156121333144424201441501 2 1174
0524150621333144424201441501 2 1175
0025150621333144424201441501 2 1176
0511152621333144424201441501 2 1177
0611152621333144424201441501 2 1178
0421152621333144424201441501 2 1179
0621152621333144424201441501 2 1180
0612152621333144424201441501 2 1181
0622152621333144424201441501 2 1182
0614152621333144424201441501 2 1183
0021155621333144424201441501 2 1184
0121155621333144424201441501 2 1185
0421155621333144424201441501 2 1186
0624155621333144424201441501 2 1187
0422166621333144424201441501 2 1188
0425150026333144424201441501 2 1189
0422156026333144424201441501 2 1190
0425156026333144424201441501 2 1191
0422166026333144424201441501 2 1192
0524160226333144424201441501 2 1193
0124166226333144424201441501 2 1194
0422160526333144424201441501 2 1195
0524160526333144424201441501 2 1196
0422166526333144424201441501 2 1197
0124166526333144424201441501 2 1198
0524166526333144424201441501 2 1199
0624166526333144424201441501 2 1200
0126166526333144424201441501 2 1201
0526166526333144424201441501 2 1202
0422156626333144424201441501 2 1203
0524156626333144424201441501 2 1204
0624156626333144424201441501 2 1205
0422153621153144424201441501 2 1206
0021156121353144424201441501 2 1207
0522156121353144424201441501 2 1208
0424156121353144424201441501 2 1209
0424150621353144424201441501 2 1210
0111152621353144424201441501 1 1211
0411152621353144424201441501 2 1212
0611152621353144424201441501 2 1213
0412152621353144424201441501 1 1214
0612152621353144424201441501 2 1215
0422152621353144424201441501 1 1216
0622152621353144424201441501 1 1217
0414152621353144424201441501 1 1218
0424152621353144424201441501 1 1219
0624152621353144424201441501 1 1220
0021155621353144424201441501 2 1221
0121155621353144424201441501 2 1222
0421155621353144424201441501 2 1223
0521155621353144424201441501 2 1224
0624155621353144424201441501 2 1225
0221156621353144424201441501 2 1226
0521156621353144424201441501 2 1227
0622156621353144424201441501 2 1228
0624150026353144424201441501 2 1229
0625150026353144424201441501 2 1230
0422160026353144424201441501 2 1231
0124160026353144424201441501 2 1232
0422156026353144424201441501 2 1233
0624156026353144424201441501 2 1234
0425156026353144424201441501 2 1235
0424166026353144424201441501 2 1236
0425166026353144424201441501 2 1237
0420160526353144424201441501 2 1238
0422160526353144424201441501 2 1239
0424160526353144424201441501 2 1240
0624160526353144424201441501 2 1241
0420166526353144424201441501 2 1242
0524166526353144424201441501 2 1243
0221156626353144424201441501 2 1244
0424156626353144424201441501 2 1245
0424166626353144424201441501 2 1246
0424153621163144424201441501 2 1247
0411152021363144424201441501 1 1248
0414152021363144424201441501 1 1249
0415152021363144424201441501 1 1250
0424166021363144424201441501 2 1251
0422156121363144424201441501 2 1252
0124156121363144424201441501 2 1253
0424156121363144424201441501 2 1254
0524156121363144424201441501 2 1255
0424166621363144424201441501 2 1256
0424156026363144424201441501 2 1257
0422166026363144424201441501 2 1258
0424166526363144424201441501 2 1259
0422156626363144424201441501 2 1260
0424156626363144424201441501 2 1261
0514152621303644424201441501 1 1262
0015152621303644424201441501 1 1263
0422160026303644424201441501 2 1264
0422166121313644424201441501 2 1265
0422156621313644424201441501 2 1266
0424156621313644424201441501 2 1267
0425156026313644424201441501 2 1268
0425166026313644424201441501 2 1269
0422160126313644424201441501 2 1270
0420166526313644424201441501 2 1271
0424166526313644424201441501 2 1272
0524156626313644424201441501 2 1273
0422150021333644424201441501 2 1274
0425150021333644424201441501 2 1275
0422160021333644424201441501 2 1276
0424160021333644424201441501 2 1277
0425160021333644424201441501 2 1278
0421156021333644424201441501 2 1279
0422156021333644424201441501 2 1280
0425156021333644424201441501 2 1281
0425166021333644424201441501 2 1282
0524156621333644424201441501 2 1283
0025156621333644424201441501 2 1284
0422150026333644424201441501 2 1285
0425150026333644424201441501 2 1286
0421156026333644424201441501 2 1287
0425156026333644424201441501 2 1288
0424166026333644424201441501 2 1289
0422160526333644424201441501 2 1290
0124160526333644424201441501 2 1291
0524160526333644424201441501 2 1292
0422166526333644424201441501 2 1293
0424166526333644424201441501 2 1294
0624166526333644424201441501 2 1295
0026166526333644424201441501 2 1296
0126166526333644424201441501 2 1297
0626166526333644424201441501 2 1298
0422156626333644424201441501 2 1299
0524156626333644424201441501 2 1300
0624156626333644424201441501 2 1301
0424166121353644424201441501 2 1302
0521156621353644424201441501 2 1303
0424156621353644424201441501 2 1304
0624150026353644424201441501 2 1305
0424160026353644424201441501 2 1306
0221156026353644424201441501 2 1307
0422156026353644424201441501 2 1308
0421166026353644424201441501 2 1309
0424166026353644424201441501 2 1310
0624166026353644424201441501 2 1311
0424160226353644424201441501 2 1312
0420160526353644424201441501 2 1313
0424160526353644424201441501 2 1314
0422166526353644424201441501 2 1315
0424166526353644424201441501 2 1316
0624166526353644424201441501 2 1317
0426166526353644424201441501 2 1318
0521156626353644424201441501 2 1319
0424166626353644424201441501 2 1320
0426166626353644424201441501 2 1321
0411152021363644424201441501 1 1322
0412152021363644424201441501 1 1323
0414152021363644424201441501 1 1324
0415152021363644424201441501 1 1325
0421156621363644424201441501 2 1326
0422156621363644424201441501 2 1327
0424156621363644424201441501 2 1328
0425156026363644424201441501 2 1329
0422166026363644424201441501 2 1330
