0645105121333141424606641025 2 5327
0641165121333141424606641025 2 5328
0645165121333141424606641025 2 5329
0541160521333141424606641025 2 5330
0645160521333141424606641025 2 5331
0641165521333141424606641025 2 5332
0645165521333141424606641025 2 5333
0645160026333141424606641025 2 5334
0641105026333141424606641025 2 5335
0645105026333141424606641025 2 5336
0641165026333141424606641025 2 5337
0645165026333141424606641025 2 5338
0645160126333141424606641025 2 5339
0141165126333141424606641025 2 5340
0641165126333141424606641025 2 5341
0542165126333141424606641025 2 5342
0645165126333141424606641025 2 5343
0641100226333141424606641025 2 5344
0641105226333141424606641025 2 5345
0645105226333141424606641025 2 5346
0641165226333141424606641025 2 5347
0645165226333141424606641025 2 5348
0641160526333141424606641025 2 5349
0645160526333141424606641025 2 5350
0641165526333141424606641025 2 5351
0542165526333141424606641025 2 5352
0645165526333141424606641025 2 5353
0646160120353141424606641025 2 5354
0646160220353141424606641025 2 5355
0641160021353141424606641025 6 5356
0640152021353141424606641025 2 5357
0645152021353141424606641025 2 5358
0645162021353141424606641025 1 5359
0641105021353141424606641025 2 5360
0645105021353141424606641025 2 5361
0641165021353141424606641025 2 5362
0645165021353141424606641025 2 5363
0640152121353141424606641025 1 5364
0645152121353141424606641025 1 5365
0145162121353141424606641025 1 5366
0645162121353141424606641025 1 5367
0141105121353141424606641025 2 5368
0641105121353141424606641025 2 5369
0145105121353141424606641025 2 5370
0645105121353141424606641025 2 5371
0141165121353141424606641025 2 5372
0641165121353141424606641025 2 5373
0542165121353141424606641025 2 5374
0645165121353141424606641025 2 5375
0645160621353141424606641025 6 5376
0641165621353141424606641025 6 5377
0645165621353141424606641025 6 5378
0146165120313641424606641025 6 5379
0641105021313641424606641025 2 5380
0645105021313641424606641025 2 5381
0645155021313641424606641025 2 5382
0641165021313641424606641025 2 5383
0645165021313641424606641025 2 5384
0146155521313641424606641025 2 5385
0142155526313641424606641025 2 5386
0141105121333641424606641025 2 5387
0145105121333641424606641025 2 5388
0142150521333641424606641025 2 5389
0142155521333641424606641025 2 5390
0146155120353641424606641025 6 5391
0141152520353641424606641025 2 5392
0645150021353641424606641025 2 5393
0641105021353641424606641025 2 5394
0645105021353641424606641025 2 5395
0641155021353641424606641025 2 5396
0645155021353641424606641025 2 5397
0641165021353641424606641025 2 5398
0645165021353641424606641025 2 5399
0645150121353641424606641025 2 5400
0141105121353641424606641025 2 5401
0641105121353641424606641025 2 5402
0144105121353641424606641025 2 5403
0145105121353641424606641025 2 5404
0645105121353641424606641025 2 5405
0640155121353641424606641025 2 5406
0641155121353641424606641025 2 5407
0645155121353641424606641025 2 5408
0641165121353641424606641025 2 5409
0645165121353641424606641025 2 5410
0142153521113042424606641025 2 5411
0145163226113042424606641025 2 5412
0141165126313042424606641025 2 5413
0145163226313042424606641025 2 5414
0145165226313042424606641025 2 5415
0145165526313042424606641025 2 5416
0145105121333042424606641025 2 5417
0145105126333042424606641025 2 5418
0141105121353042424606641025 2 5419
0641105121353042424606641025 2 5420
0145105121353042424606641025 2 5421
0645105121353042424606641025 2 5422
0645155121353042424606641025 2 5423
0641165121353042424606641025 2 5424
0645165121353042424606641025 2 5425
0145153021113142424606641025 2 5426
0545153021113142424606641025 2 5427
0645153021113142424606641025 2 5428
0645163021113142424606641025 2 5429
0142153521113142424606641025 2 5430
0645153521113142424606641025 2 5431
0645163521113142424606641025 2 5432
0645103026113142424606641025 2 5433
0645163026113142424606641025 2 5434
0645103226113142424606641025 2 5435
0642153226113142424606641025 2 5436
0645153226113142424606641025 2 5437
0645163226113142424606641025 2 5438
0645153526113142424606641025 2 5439
0645163526113142424606641025 2 5440
0645163021313142424606641025 2 5441
0645155021313142424606641025 6 5442
0641165021313142424606641025 2 5443
0645165021313142424606641025 2 5444
0542163521313142424606641025 2 5445
0645163521313142424606641025 2 5446
0645155521313142424606641025 2 5447
0141165521313142424606641025 2 5448
0641165521313142424606641025 2 5449
0645165521313142424606641025 2 5450
0645103026313142424606641025 2 5451
0645153026313142424606641025 2 5452
0645163026313142424606641025 2 5453
0141105026313142424606641025 2 5454
0641105026313142424606641025 2 5455
0645105026313142424606641025 2 5456
0541155026313142424606641025 2 5457
0641165026313142424606641025 2 5458
0645165026313142424606641025 2 5459
0541165126313142424606641025 2 5460
0145165126313142424606641025 2 5461
0645165126313142424606641025 2 5462
0546165126313142424606641025 2 5463
0542103226313142424606641025 2 5464
0645103226313142424606641025 2 5465
0645153226313142424606641025 2 5466
0645163226313142424606641025 2 5467
0641105226313142424606641025 2 5468
0645105226313142424606641025 2 5469
0641155226313142424606641025 2 5470
0645155226313142424606641025 2 5471
0641165226313142424606641025 2 5472
0145165226313142424606641025 2 5473
0645165226313142424606641025 2 5474
0645153526313142424606641025 2 5475
0645163526313142424606641025 2 5476
0645155526313142424606641025 2 5477
0541165526313142424606641025 2 5478
0645165526313142424606641025 2 5479
0546165526313142424606641025 2 5480
0641105626313142424606641025 2 5481
0645105626313142424606641025 2 5482
0641155626313142424606641025 2 5483
0645155626313142424606641025 2 5484
0641165626313142424606641025 2 5485
0645165626313142424606641025 2 5486
0645163021133142424606641025 2 5487
0545163521133142424606641025 2 5488
0645163521133142424606641025 2 5489
0645103026133142424606641025 2 5490
0645163026133142424606641025 2 5491
0642103226133142424606641025 2 5492
0645103226133142424606641025 2 5493
0645153226133142424606641025 2 5494
0542163226133142424606641025 2 5495
0645163226133142424606641025 2 5496
0645163526133142424606641025 2 5497
0641150021333142424606641025 2 5498
0641160021333142424606641025 2 5499
0645160021333142424606641025 2 5500
0641165021333142424606641025 2 5501
0645160121333142424606641025 2 5502
0141105121333142424606641025 2 5503
0641105121333142424606641025 2 5504
0145105121333142424606641025 2 5505
0645105121333142424606641025 2 5506
0641155121333142424606641025 2 5507
0645155121333142424606641025 2 5508
0641165121333142424606641025 2 5509
0645165121333142424606641025 2 5510
0645150521333142424606641025 2 5511
0642160521333142424606641025 2 5512
0645160521333142424606641025 2 5513
0641155521333142424606641025 2 5514
0141165521333142424606641025 2 5515
0641165521333142424606641025 2 5516
0645100026333142424606641025 2 5517
0641160026333142424606641025 2 5518
0645160026333142424606641025 2 5519
0641105026333142424606641025 2 5520
0641165026333142424606641025 2 5521
0641100126333142424606641025 2 5522
0645100126333142424606641025 2 5523
0641160126333142424606641025 2 5524
0545160126333142424606641025 2 5525
0645160126333142424606641025 2 5526
0141105126333142424606641025 2 5527
0641105126333142424606641025 2 5528
0145105126333142424606641025 2 5529
0645105126333142424606641025 2 5530
0641155126333142424606641025 2 5531
0645155126333142424606641025 2 5532
0641165126333142424606641025 2 5533
0645165126333142424606641025 2 5534
0642100226333142424606641025 2 5535
0645100226333142424606641025 2 5536
0641150226333142424606641025 2 5537
0645150226333142424606641025 2 5538
0645160226333142424606641025 2 5539
0641105226333142424606641025 2 5540
0641155226333142424606641025 2 5541
0641165226333142424606641025 2 5542
0641160526333142424606641025 2 5543
0645160526333142424606641025 2 5544
0641155526333142424606641025 2 5545
0641165526333142424606641025 2 5546
0146153520153142424606641025 2 5547
0645153021153142424606641025 2 5548
0646153021153142424606641025 2 5549
0645163021153142424606641025 2 5550
0646160020353142424606641025 2 5551
0146155120353142424606641025 6 5552
0646150220353142424606641025 6 5553
0645160021353142424606641025 2 5554
0546160021353142424606641025 2 5555
0645162021353142424606641025 1 5556
0641165021353142424606641025 2 5557
0641160121353142424606641025 2 5558
0645160121353142424606641025 2 5559
0141105121353142424606641025 2 5560
0641105121353142424606641025 2 5561
0645105121353142424606641025 2 5562
0641155121353142424606641025 2 5563
0545155121353142424606641025 2 5564
0641165121353142424606641025 2 5565
0645165121353142424606641025 2 5566
0645103021153542424606641025 2 5567
0645153021153542424606641025 2 5568
0645105121353542424606641025 2 5569
0645165121353542424606641025 2 5570
0140153521113642424606641025 2 5571
0142153521113642424606641025 2 5572
0145153026113642424606641025 2 5573
0142153526113642424606641025 2 5574
0645105021313642424606641025 2 5575
0641155021313642424606641025 2 5576
0645155021313642424606641025 2 5577
0645165021313642424606641025 2 5578
0142153521313642424606641025 2 5579
0144165026313642424606641025 2 5580
0145163526313642424606641025 2 5581
0141165626313642424606641025 2 5582
0142163521133642424606641025 2 5583
0142153526133642424606641025 2 5584
0141105121333642424606641025 2 5585
0145105121333642424606641025 2 5586
0142150521333642424606641025 2 5587
0145150126333642424606641025 2 5588
0141105126333642424606641025 2 5589
0145105126333642424606641025 2 5590
0142155126333642424606641025 2 5591
0141165226333642424606641025 2 5592
0146153520153642424606641025 2 5593
0645103021153642424606641025 2 5594
0145153021153642424606641025 2 5595
0645153021153642424606641025 2 5596
0645163021153642424606641025 2 5597
0146155120353642424606641025 2 5598
0641105021353642424606641025 2 5599
0641155021353642424606641025 2 5600
0641165021353642424606641025 2 5601
0645100121353642424606641025 2 5602
0645150121353642424606641025 2 5603
0645160121353642424606641025 2 5604
0141105121353642424606641025 2 5605
0641105121353642424606641025 2 5606
0645105121353642424606641025 2 5607
0641155121353642424606641025 2 5608
0645155121353642424606641025 2 5609
0641165121353642424606641025 2 5610
0142165121353642424606641025 2 5611
0645165121353642424606641025 2 5612
0641150121333104424606641025 2 5613
0545163021113144424606641025 2 5614
0645163021113144424606641025 2 5615
0645163521113144424606641025 2 5616
0645163026113144424606641025 2 5617
0645103226113144424606641025 2 5618
0145163226113144424606641025 2 5619
0645163226113144424606641025 2 5620
0545153526113144424606641025 2 5621
0645163526113144424606641025 2 5622
0641165021313144424606641025 2 5623
0645165021313144424606641025 2 5624
0645163521313144424606641025 2 5625
0641165521313144424606641025 2 5626
0645165521313144424606641025 2 5627
0641105621313144424606641025 6 5628
0645105621313144424606641025 6 5629
0546105621313144424606641025 6 5630
0641155621313144424606641025 6 5631
0141165621313144424606641025 6 5632
0641165621313144424606641025 6 5633
0645165621313144424606641025 6 5634
0645163026313144424606641025 2 5635
0641165026313144424606641025 2 5636
0642165026313144424606641025 2 5637
0645165026313144424606641025 2 5638
0641165126313144424606641025 2 5639
0645165126313144424606641025 2 5640
0542103226313144424606641025 2 5641
0645103226313144424606641025 2 5642
0645153226313144424606641025 2 5643
0145163226313144424606641025 2 5644
0645163226313144424606641025 2 5645
0641105226313144424606641025 2 5646
0645105226313144424606641025 2 5647
0546105226313144424606641025 2 5648
0141165226313144424606641025 2 5649
0641165226313144424606641025 2 5650
0645165226313144424606641025 2 5651
0645163526313144424606641025 2 5652
0641165526313144424606641025 2 5653
0645165526313144424606641025 2 5654
0641165626313144424606641025 2 5655
0645165626313144424606641025 2 5656
0645163021133144424606641025 2 5657
0545163521133144424606641025 2 5658
0645163521133144424606641025 2 5659
0545153026133144424606641025 2 5660
0645163026133144424606641025 2 5661
0645103226133144424606641025 2 5662
0645163226133144424606641025 2 5663
0645163526133144424606641025 2 5664
0641165021333144424606641025 2 5665
0141105121333144424606641025 2 5666
0641105121333144424606641025 2 5667
0641165121333144424606641025 2 5668
0645165121333144424606641025 2 5669
0641160521333144424606641025 2 5670
0645160521333144424606641025 2 5671
0641165521333144424606641025 2 5672
0641160026333144424606641025 2 5673
0645160026333144424606641025 2 5674
0641165026333144424606641025 2 5675
0641165126333144424606641025 2 5676
0545165126333144424606641025 2 5677
0645165126333144424606641025 2 5678
0645100226333144424606641025 2 5679
0641150226333144424606641025 2 5680
0645150226333144424606641025 2 5681
0641160226333144424606641025 2 5682
0542160226333144424606641025 2 5683
0645160226333144424606641025 2 5684
0641105226333144424606641025 2 5685
0141165226333144424606641025 2 5686
0641165226333144424606641025 2 5687
0641160526333144424606641025 2 5688
0545160526333144424606641025 2 5689
0645160526333144424606641025 2 5690
0641165526333144424606641025 2 5691
0546153021153144424606641025 6 5692
0645163021153144424606641025 2 5693
0546163021153144424606641025 6 5694
0645163621153144424606641025 6 5695
0641160021353144424606641025 2 5696
0645160021353144424606641025 2 5697
0645162021353144424606641025 1 5698
0641165021353144424606641025 2 5699
0641160121353144424606641025 2 5700
0645160121353144424606641025 2 5701
0640152121353144424606641025 1 5702
0541152121353144424606641025 1 5703
0645152121353144424606641025 1 5704
0645162121353144424606641025 1 5705
0141105121353144424606641025 2 5706
0641105121353144424606641025 2 5707
0145105121353144424606641025 2 5708
0645105121353144424606641025 2 5709
0641165121353144424606641025 2 5710
0641155621353144424606641025 6 5711
0641165621353144424606641025 6 5712
0142153521113644424606641025 2 5713
0142153526113644424606641025 2 5714
0641105021313644424606641025 2 5715
0645105021313644424606641025 2 5716
0641155021313644424606641025 2 5717
0645155021313644424606641025 2 5718
0641165021313644424606641025 2 5719
0142163521313644424606641025 2 5720
0146155521313644424606641025 2 5721
0142153521133644424606641025 2 5722
0141105121333644424606641025 2 5723
0146153520153644424606641025 2 5724
0645103021153644424606641025 2 5725
0645163021153644424606641025 2 5726
0146165120353644424606641025 2 5727
0146150520353644424606641025 6 5728
0144150021353644424606641025 6 5729
0641105021353644424606641025 2 5730
0641155021353644424606641025 2 5731
0641165021353644424606641025 2 5732
0645100121353644424606641025 2 5733
0645150121353644424606641025 2 5734
0141105121353644424606641025 2 5735
0641105121353644424606641025 2 5736
0144105121353644424606641025 2 5737
0145105121353644424606641025 2 5738
0645105121353644424606641025 2 5739
0641155121353644424606641025 2 5740
0645155121353644424606641025 2 5741
0646155121353644424606641025 2 5742
0641165121353644424606641025 2 5743
0645105021313045424606641025 2 5744
0645165021313045424606641025 2 5745
0142155521313045424606641025 2 5746
0145165521313045424606641025 2 5747
0145163226313045424606641025 2 5748
0145163526313045424606641025 2 5749
0145165526313045424606641025 2 5750
0142153521133045424606641025 2 5751
0141105121333045424606641025 2 5752
0145105121333045424606641025 2 5753
0145160226333045424606641025 2 5754
0146153520153045424606641025 6 5755
0645103021153045424606641025 2 5756
0144153021153045424606641025 6 5757
0645153021153045424606641025 2 5758
0146150520353045424606641025 6 5759
0641100021353045424606641025 2 5760
0641105021353045424606641025 2 5761
0641100121353045424606641025 2 5762
0645100121353045424606641025 2 5763
0645160121353045424606641025 2 5764
0141105121353045424606641025 2 5765
0641105121353045424606641025 2 5766
0145105121353045424606641025 2 5767
0645105121353045424606641025 2 5768
0146105121353045424606641025 2 5769
0641155121353045424606641025 2 5770
0645165121353045424606641025 2 5771
0645103021113145424606641025 2 5772
0645163021113145424606641025 2 5773
0542163521113145424606641025 2 5774
0545163521113145424606641025 2 5775
0645163521113145424606641025 2 5776
0645153026113145424606641025 2 5777
0645163026113145424606641025 2 5778
0645103226113145424606641025 2 5779
0645163526113145424606641025 2 5780
0645163021313145424606641025 2 5781
0641105021313145424606641025 6 5782
0645105021313145424606641025 6 5783
0641165021313145424606641025 2 5784
0645165021313145424606641025 2 5785
0645163521313145424606641025 2 5786
0141165521313145424606641025 2 5787
0641165521313145424606641025 2 5788
0645165521313145424606641025 2 5789
0641105621313145424606641025 6 5790
0645105621313145424606641025 6 5791
0641165621313145424606641025 6 5792
0645165621313145424606641025 6 5793
0645163026313145424606641025 2 5794
0641165026313145424606641025 2 5795
0645165026313145424606641025 2 5796
0641165126313145424606641025 2 5797
0645165126313145424606641025 2 5798
0645103226313145424606641025 2 5799
0645163226313145424606641025 2 5800
0641105226313145424606641025 2 5801
0645105226313145424606641025 2 5802
0641165226313145424606641025 2 5803
0645165226313145424606641025 2 5804
0542163526313145424606641025 2 5805
0645163526313145424606641025 2 5806
0141165526313145424606641025 2 5807
0641165526313145424606641025 2 5808
0645165526313145424606641025 2 5809
0641165626313145424606641025 2 5810
0645165626313145424606641025 2 5811
0645103026133145424606641025 2 5812
0645163026133145424606641025 2 5813
0645103226133145424606641025 2 5814
0645163226133145424606641025 2 5815
0645163526133145424606641025 2 5816
0141105121333145424606641025 2 5817
0641105121333145424606641025 2 5818
0145105121333145424606641025 2 5819
0645105121333145424606641025 2 5820
0641165121333145424606641025 2 5821
0645165121333145424606641025 2 5822
0641160521333145424606641025 2 5823
0645160521333145424606641025 2 5824
0641155521333145424606641025 2 5825
0641165521333145424606641025 2 5826
0645160026333145424606641025 2 5827
0641105026333145424606641025 2 5828
0641165026333145424606641025 2 5829
0641160126333145424606641025 2 5830
0645160126333145424606641025 2 5831
0141165126333145424606641025 2 5832
0641165126333145424606641025 2 5833
0542165126333145424606641025 2 5834
0645165126333145424606641025 2 5835
0645100226333145424606641025 2 5836
0641160226333145424606641025 2 5837
0645160226333145424606641025 2 5838
0641105226333145424606641025 2 5839
0641165226333145424606641025 2 5840
0542160526333145424606641025 2 5841
0645160526333145424606641025 2 5842
0641165526333145424606641025 2 5843
0645103021153145424606641025 2 5844
0645153021153145424606641025 2 5845
0645163021153145424606641025 2 5846
0545163621153145424606641025 6 5847
0645163621153145424606641025 6 5848
0645160021353145424606641025 2 5849
0645162021353145424606641025 1 5850
0641165021353145424606641025 2 5851
0641100121353145424606641025 2 5852
0641160121353145424606641025 6 5853
0645160121353145424606641025 2 5854
0645162121353145424606641025 1 5855
0141105121353145424606641025 2 5856
0641105121353145424606641025 2 5857
0145105121353145424606641025 2 5858
0645105121353145424606641025 2 5859
0141165121353145424606641025 2 5860
0641165121353145424606641025 2 5861
0542165121353145424606641025 2 5862
0645165121353145424606641025 2 5863
0641160621353145424606641025 6 5864
0641165621353145424606641025 6 5865
0145163226113645424606641025 2 5866
0142153526113645424606641025 2 5867
0146165120313645424606641025 6 5868
0641105021313645424606641025 2 5869
0645105021313645424606641025 2 5870
0641155021313645424606641025 2 5871
0645155021313645424606641025 2 5872
0641165021313645424606641025 2 5873
0645165021313645424606641025 2 5874
0142153521313645424606641025 2 5875
0142155521313645424606641025 2 5876
0142153526313645424606641025 2 5877
0145163526313645424606641025 2 5878
0142153521133645424606641025 2 5879
0141105121333645424606641025 2 5880
0145105121333645424606641025 2 5881
0142150521333645424606641025 2 5882
0142150526333645424606641025 2 5883
0146153520153645424606641025 6 5884
0645153021153645424606641025 2 5885
0146150520353645424606641025 2 5886
0641150021353645424606641025 2 5887
0641105021353645424606641025 2 5888
0641155021353645424606641025 2 5889
0641165021353645424606641025 2 5890
0645100121353645424606641025 2 5891
0641150121353645424606641025 2 5892
0645150121353645424606641025 2 5893
0645160121353645424606641025 2 5894
0141105121353645424606641025 2 5895
0641105121353645424606641025 2 5896
0145105121353645424606641025 2 5897
0645105121353645424606641025 2 5898
0640155121353645424606641025 2 5899
0641155121353645424606641025 2 5900
0645155121353645424606641025 2 5901
0641165121353645424606641025 2 5902
0645165121353645424606641025 2 5903
0146165120313046424606641025 6 5904
0641105021313046424606641025 2 5905
0645105021313046424606641025 2 5906
0641155021313046424606641025 2 5907
0645155021313046424606641025 2 5908
0645165021313046424606641025 2 5909
0141165126313046424606641025 2 5910
0145165226313046424606641025 2 5911
0145165526313046424606641025 2 5912
0146153520153046424606641025 2 5913
0645103021153046424606641025 2 5914
0645153021153046424606641025 2 5915
0145163621153046424606641025 6 5916
0641165021353046424606641025 2 5917
0645100121353046424606641025 2 5918
0645150121353046424606641025 2 5919
0141105121353046424606641025 2 5920
0641105121353046424606641025 2 5921
0145105121353046424606641025 2 5922
0645105121353046424606641025 2 5923
0645155121353046424606641025 2 5924
0641165121353046424606641025 2 5925
0645165121353046424606641025 2 5926
0141105021313146424606641025 2 5927
0641105021313146424606641025 2 5928
0645105021313146424606641025 2 5929
0641155021313146424606641025 6 5930
0645155021313146424606641025 2 5931
0641165021313146424606641025 2 5932
0645165021313146424606641025 2 5933
0641155521313146424606641025 2 5934
0141165521313146424606641025 2 5935
0641165521313146424606641025 2 5936
0645165521313146424606641025 2 5937
0641105621313146424606641025 6 5938
0645105621313146424606641025 6 5939
0640155621313146424606641025 6 5940
0645155621313146424606641025 6 5941
0641165621313146424606641025 6 5942
0645165621313146424606641025 6 5943
0141105026313146424606641025 2 5944
0641105026313146424606641025 2 5945
0645105026313146424606641025 2 5946
0541155026313146424606641025 2 5947
0641165026313146424606641025 2 5948
0645165026313146424606641025 2 5949
0541165126313146424606641025 2 5950
0145165126313146424606641025 2 5951
0645165126313146424606641025 2 5952
0546165126313146424606641025 2 5953
0641105226313146424606641025 2 5954
0645105226313146424606641025 2 5955
0641155226313146424606641025 2 5956
0645155226313146424606641025 2 5957
0641165226313146424606641025 2 5958
0145165226313146424606641025 2 5959
0645165226313146424606641025 2 5960
0645155526313146424606641025 2 5961
0541165526313146424606641025 2 5962
0645165526313146424606641025 2 5963
0546165526313146424606641025 2 5964
0641155626313146424606641025 2 5965
0645155626313146424606641025 2 5966
0641165626313146424606641025 2 5967
0645165626313146424606641025 2 5968
0645103021153146424606641025 2 5969
0145153021153146424606641025 6 5970
0640163021153146424606641025 6 5971
0144163021153146424606641025 6 5972
0645163021153146424606641025 2 5973
0645153621153146424606641025 6 5974
0645163621153146424606641025 6 5975
0641160021353146424606641025 6 5976
0645160021353146424606641025 2 5977
0641155021353146424606641025 2 5978
0641165021353146424606641025 2 5979
0645100121353146424606641025 2 5980
0645150121353146424606641025 2 5981
0641160121353146424606641025 6 5982
0645160121353146424606641025 2 5983
0141105121353146424606641025 2 5984
0641105121353146424606641025 2 5985
0645105121353146424606641025 2 5986
0641155121353146424606641025 2 5987
0545155121353146424606641025 2 5988
0641165121353146424606641025 2 5989
0645165121353146424606641025 2 5990
0641150621353146424606641025 6 5991
0641160621353146424606641025 6 5992
