014410252103315442410424 2 1202604164.201232
014410252133315442410424 2 1202604164.201232
014110212004300145411023 2 1202604164.201330
014510212004300145411023 2 1202604164.201331
014110212034300145411023 2 1202604164.201331
014510212034300145411023 2 1202604164.201332
014110212004340145411023 2 1202604164.201332
014510212004340145411023 2 1202604164.201333
014110212034340145411023 2 1202604164.201333
014510212034340145411023 2 1202604164.201333
014110212004302145411023 2 1202604164.201334
014510212004302145411023 2 1202604164.201334
014110212034302145411023 2 1202604164.201335
014510212034302145411023 2 1202604164.201335
014110212004342145411023 2 1202604164.201335
014510212004342145411023 2 1202604164.201336
014110212034342145411023 2 1202604164.201336
014510212034342145411023 2 1202604164.201337
014110212004304145411023 2 1202604164.201337
014510212004304145411023 2 1202604164.201337
014110212034304145411023 2 1202604164.201338
014510212034304145411023 2 1202604164.201338
014110212004344145411023 2 1202604164.201339
014510212004344145411023 2 1202604164.201339
014110212034344145411023 2 1202604164.201339
014510212034344145411023 2 1202604164.201340
014110212004300245411023 2 1202604164.201340
014510212004300245411023 2 1202604164.201341
014110212034300245411023 2 1202604164.201341
014510212034300245411023 2 1202604164.201341
014110212004340245411023 2 1202604164.201342
014510212004340245411023 2 1202604164.201342
014110212034340245411023 2 1202604164.201343
014510212034340245411023 2 1202604164.201343
014110212004302245411023 2 1202604164.201343
014510212004302245411023 2 1202604164.201344
014110212034302245411023 2 1202604164.201344
014510212034302245411023 2 1202604164.201345
014110212004342245411023 2 1202604164.201345
014510212004342245411023 2 1202604164.201345
014110212034342245411023 2 1202604164.201346
014510212034342245411023 2 1202604164.201346
014110212004304245411023 2 1202604164.201347
014510212004304245411023 2 1202604164.201347
014110212034304245411023 2 1202604164.201347
014510212034304245411023 2 1202604164.201348
014110212004344245411023 2 1202604164.201348
014510212004344245411023 2 1202604164.201349
014110212034344245411023 2 1202604164.201349
014510212034344245411023 2 1202604164.201350
014110212004300545411023 2 1202604164.201350
014510212004300545411023 2 1202604164.201350
014110212034300545411023 2 1202604164.201351
014510212034300545411023 2 1202604164.201351
014110212004340545411023 2 1202604164.201352
014510212004340545411023 2 1202604164.201352
014110212034340545411023 2 1202604164.201352
014510212034340545411023 2 1202604164.201353
014110212004302545411023 2 1202604164.201353
014510212004302545411023 2 1202604164.201354
014110212034302545411023 2 1202604164.201354
014510212034302545411023 2 1202604164.201354
014110212004342545411023 2 1202604164.201355
014510212004342545411023 2 1202604164.201355
014110212034342545411023 2 1202604164.201356
014510212034342545411023 2 1202604164.201356
014110212004304545411023 2 1202604164.201356
014510212004304545411023 2 1202604164.201357
014110212034304545411023 2 1202604164.201357
014510212034304545411023 2 1202604164.201357
014110212004344545411023 2 1202604164.201358
014510212004344545411023 2 1202604164.201358
014110212034344545411023 2 1202604164.201359
014510212034344545411023 2 1202604164.201359
014210022503300240451120 2 1202604164.201600
014210222503300240451120 2 1202604164.201600
014210322503300240451120 2 1202604164.201600
014210022533300240451120 2 1202604164.201601
014210222533300240451120 2 1202604164.201601
014210322533300240451120 2 1202604164.201602
014210022543300240451120 2 1202604164.201602
014210222543300240451120 2 1202604164.201602
014210322543300240451120 2 1202604164.201603
014210022503310240451120 2 1202604164.201603
014210222503310240451120 2 1202604164.201604
014210322503310240451120 2 1202604164.201604
014210022533310240451120 2 1202604164.201604
014210222533310240451120 2 1202604164.201605
014210322533310240451120 2 1202604164.201605
014210022543310240451120 2 1202604164.201606
014210222543310240451120 2 1202604164.201606
014210322543310240451120 2 1202604164.201606
014210022503340240451120 2 1202604164.201607
014210222503340240451120 2 1202604164.201607
014210322503340240451120 2 1202604164.201608
014210022533340240451120 2 1202604164.201608
014210222533340240451120 2 1202604164.201608
014210322533340240451120 2 1202604164.201609
014210022543340240451120 2 1202604164.201609
014210222543340240451120 2 1202604164.201609
014210322543340240451120 2 1202604164.201610
014210022503350240451120 2 1202604164.201610
014210222503350240451120 2 1202604164.201611
014210322503350240451120 2 1202604164.201611
014210022533350240451120 2 1202604164.201611
014210222533350240451120 2 1202604164.201612
014210322533350240451120 2 1202604164.201612
014210022543350240451120 2 1202604164.201613
014210222543350240451120 2 1202604164.201613
014210322543350240451120 2 1202604164.201613
014210022503302240451120 2 1202604164.201614
014210222503302240451120 2 1202604164.201614
014210322503302240451120 2 1202604164.201615
014210022533302240451120 2 1202604164.201615
014210222533302240451120 2 1202604164.201615
014210322533302240451120 2 1202604164.201616
014210022543302240451120 2 1202604164.201616
014210222543302240451120 2 1202604164.201616
014210322543302240451120 2 1202604164.201617
014210022503312240451120 2 1202604164.201617
014210222503312240451120 2 1202604164.201618
014210322503312240451120 2 1202604164.201618
014210022533312240451120 2 1202604164.201618
014210222533312240451120 2 1202604164.201619
014210322533312240451120 2 1202604164.201619
014210022543312240451120 2 1202604164.201620
014210222543312240451120 2 1202604164.201620
014210322543312240451120 2 1202604164.201620
014210022503342240451120 2 1202604164.201621
014210222503342240451120 2 1202604164.201621
014210322503342240451120 2 1202604164.201622
014210022533342240451120 2 1202604164.201622
014210222533342240451120 2 1202604164.201622
014210322533342240451120 2 1202604164.201623
014210022543342240451120 2 1202604164.201623
014210222543342240451120 2 1202604164.201623
014210322543342240451120 2 1202604164.201624
014210022503352240451120 2 1202604164.201624
014210222503352240451120 2 1202604164.201625
014210322503352240451120 2 1202604164.201625
014210022533352240451120 2 1202604164.201625
014210222533352240451120 2 1202604164.201626
014210322533352240451120 2 1202604164.201626
014210022543352240451120 2 1202604164.201627
014210222543352240451120 2 1202604164.201627
014210322543352240451120 2 1202604164.201627
014210022503304240451120 2 1202604164.201628
014210222503304240451120 2 1202604164.201628
014210322503304240451120 2 1202604164.201628
014210022533304240451120 2 1202604164.201629
014210222533304240451120 2 1202604164.201629
014210322533304240451120 2 1202604164.201630
014210022543304240451120 2 1202604164.201630
014210222543304240451120 2 1202604164.201630
014210322543304240451120 2 1202604164.201631
014210022503314240451120 2 1202604164.201631
014210222503314240451120 2 1202604164.201632
014210322503314240451120 2 1202604164.201632
014210022533314240451120 2 1202604164.201632
014210222533314240451120 2 1202604164.201633
014210322533314240451120 2 1202604164.201633
014210022543314240451120 2 1202604164.201633
014210222543314240451120 2 1202604164.201634
014210322543314240451120 2 1202604164.201634
014210022503344240451120 2 1202604164.201635
014210222503344240451120 2 1202604164.201635
014210322503344240451120 2 1202604164.201635
014210022533344240451120 2 1202604164.201636
014210222533344240451120 2 1202604164.201636
014210322533344240451120 2 1202604164.201637
014210022543344240451120 2 1202604164.201637
014210222543344240451120 2 1202604164.201637
014210322543344240451120 2 1202604164.201638
014210022503354240451120 2 1202604164.201638
014210222503354240451120 2 1202604164.201638
014210322503354240451120 2 1202604164.201639
014210022533354240451120 2 1202604164.201639
014210222533354240451120 2 1202604164.201640
014210322533354240451120 2 1202604164.201640
014210022543354240451120 2 1202604164.201640
014210222543354240451120 2 1202604164.201641
014210322543354240451120 2 1202604164.201641
014210322501304041451120 2 1202604164.201642
014210322531304041451120 2 1202604164.201643
014210322541304041451120 2 1202604164.201643
014210322501314041451120 2 1202604164.201643
014210322531314041451120 2 1202604164.201644
014210322541314041451120 2 1202604164.201644
014210322501324041451120 2 1202604164.201645
014210322531324041451120 2 1202604164.201645
014210322541324041451120 2 1202604164.201645
014210322501344041451120 2 1202604164.201646
014210322531344041451120 2 1202604164.201646
014210322541344041451120 2 1202604164.201646
014210322501354041451120 2 1202604164.201647
014210322531354041451120 2 1202604164.201647
014210322541354041451120 2 1202604164.201648
014210022503300241451120 2 1202604164.201648
014210222503300241451120 2 1202604164.201649
014210322503300241451120 2 1202604164.201649
014210022533300241451120 2 1202604164.201649
014210222533300241451120 2 1202604164.201650
014210322533300241451120 2 1202604164.201650
014210022543300241451120 2 1202604164.201651
014210222543300241451120 2 1202604164.201651
014210322543300241451120 2 1202604164.201651
014210022503310241451120 2 1202604164.201652
014210222503310241451120 2 1202604164.201652
014210322503310241451120 2 1202604164.201653
014210022533310241451120 2 1202604164.201653
014210222533310241451120 2 1202604164.201653
014210322533310241451120 2 1202604164.201654
014210022543310241451120 2 1202604164.201654
014210222543310241451120 2 1202604164.201655
014210322543310241451120 2 1202604164.201655
014210022503340241451120 2 1202604164.201656
014210222503340241451120 2 1202604164.201656
014210322503340241451120 2 1202604164.201656
014210022533340241451120 2 1202604164.201657
014210222533340241451120 2 1202604164.201657
014210322533340241451120 2 1202604164.201657
014210022543340241451120 2 1202604164.201658
014210222543340241451120 2 1202604164.201658
014210322543340241451120 2 1202604164.201658
014210022503350241451120 2 1202604164.201659
014210222503350241451120 2 1202604164.201659
014210322503350241451120 2 1202604164.201700
014210022533350241451120 2 1202604164.201700
014210222533350241451120 2 1202604164.201700
014210322533350241451120 2 1202604164.201701
014210022543350241451120 2 1202604164.201701
014210222543350241451120 2 1202604164.201701
014210322543350241451120 2 1202604164.201702
014210022503302241451120 2 1202604164.201702
014210222503302241451120 2 1202604164.201702
014210322503302241451120 2 1202604164.201703
014210022533302241451120 2 1202604164.201703
014210222533302241451120 2 1202604164.201704
014210322533302241451120 2 1202604164.201704
014210022543302241451120 2 1202604164.201704
014210222543302241451120 2 1202604164.201705
014210322543302241451120 2 1202604164.201705
014210022503312241451120 2 1202604164.201705
014210222503312241451120 2 1202604164.201706
014210322503312241451120 2 1202604164.201706
014210022533312241451120 2 1202604164.201707
014210222533312241451120 2 1202604164.201707
014210322533312241451120 2 1202604164.201707
014210022543312241451120 2 1202604164.201708
014210222543312241451120 2 1202604164.201708
014210322543312241451120 2 1202604164.201708
014210022503342241451120 2 1202604164.201709
014210222503342241451120 2 1202604164.201709
014210322503342241451120 2 1202604164.201709
014210022533342241451120 2 1202604164.201710
014210222533342241451120 2 1202604164.201710
014210322533342241451120 2 1202604164.201711
014210022543342241451120 2 1202604164.201711
014210222543342241451120 2 1202604164.201711
014210322543342241451120 2 1202604164.201712
014210022503352241451120 2 1202604164.201712
014210222503352241451120 2 1202604164.201712
014210322503352241451120 2 1202604164.201713
014210022533352241451120 2 1202604164.201713
014210222533352241451120 2 1202604164.201713
014210322533352241451120 2 1202604164.201714
014210022543352241451120 2 1202604164.201714
014210222543352241451120 2 1202604164.201715
014210322543352241451120 2 1202604164.201715
014210322501304241451120 2 1202604164.201715
014210322531304241451120 2 1202604164.201716
014210322541304241451120 2 1202604164.201716
014210022503304241451120 2 1202604164.201716
014210222503304241451120 2 1202604164.201717
014210322503304241451120 2 1202604164.201717
014210022533304241451120 2 1202604164.201718
014210222533304241451120 2 1202604164.201718
014210322533304241451120 2 1202604164.201718
014210022543304241451120 2 1202604164.201719
014210222543304241451120 2 1202604164.201719
014210322543304241451120 2 1202604164.201719
014210322501314241451120 2 1202604164.201720
014210322531314241451120 2 1202604164.201720
014210322541314241451120 2 1202604164.201720
014210022503314241451120 2 1202604164.201721
014210222503314241451120 2 1202604164.201721
014210322503314241451120 2 1202604164.201722
014210022533314241451120 2 1202604164.201722
014210222533314241451120 2 1202604164.201722
014210322533314241451120 2 1202604164.201723
014210022543314241451120 2 1202604164.201723
014210222543314241451120 2 1202604164.201723
014210322543314241451120 2 1202604164.201724
014210322501344241451120 2 1202604164.201724
014210322531344241451120 2 1202604164.201724
014210322541344241451120 2 1202604164.201725
014210022503344241451120 2 1202604164.201725
014210222503344241451120 2 1202604164.201726
014210322503344241451120 2 1202604164.201726
014210022533344241451120 2 1202604164.201726
014210222533344241451120 2 1202604164.201727
014210322533344241451120 2 1202604164.201727
014210022543344241451120 2 1202604164.201727
014210222543344241451120 2 1202604164.201728
014210322543344241451120 2 1202604164.201728
014210322501354241451120 2 1202604164.201729
014210322531354241451120 2 1202604164.201729
014210322541354241451120 2 1202604164.201729
014210022503354241451120 2 1202604164.201730
014210222503354241451120 2 1202604164.201730
014210322503354241451120 2 1202604164.201730
014210022533354241451120 2 1202604164.201731
014210222533354241451120 2 1202604164.201731
014210322533354241451120 2 1202604164.201731
014210022543354241451120 2 1202604164.201732
014210222543354241451120 2 1202604164.201732
014210322543354241451120 2 1202604164.201733
014210022503300441451120 2 1202604164.201733
014210222503300441451120 2 1202604164.201733
014210322503300441451120 2 1202604164.201734
014210022533300441451120 2 1202604164.201734
014210222533300441451120 2 1202604164.201734
014210322533300441451120 2 1202604164.201735
014210022543300441451120 2 1202604164.201735
014210222543300441451120 2 1202604164.201735
014210322543300441451120 2 1202604164.201736
014210022503310441451120 2 1202604164.201736
014210222503310441451120 2 1202604164.201737
014210322503310441451120 2 1202604164.201737
014210022533310441451120 2 1202604164.201737
014210222533310441451120 2 1202604164.201738
014210322533310441451120 2 1202604164.201738
014210022543310441451120 2 1202604164.201738
014210222543310441451120 2 1202604164.201739
014210322543310441451120 2 1202604164.201739
014210022503340441451120 2 1202604164.201739
014210222503340441451120 2 1202604164.201740
014210322503340441451120 2 1202604164.201740
014210022533340441451120 2 1202604164.201741
014210222533340441451120 2 1202604164.201741
014210322533340441451120 2 1202604164.201741
014210022543340441451120 2 1202604164.201742
014210222543340441451120 2 1202604164.201742
014210322543340441451120 2 1202604164.201742
014210022503350441451120 2 1202604164.201743
014210222503350441451120 2 1202604164.201743
014210322503350441451120 2 1202604164.201743
014210022533350441451120 2 1202604164.201744
014210222533350441451120 2 1202604164.201744
014210322533350441451120 2 1202604164.201744
014210022543350441451120 2 1202604164.201745
014210222543350441451120 2 1202604164.201745
014210322543350441451120 2 1202604164.201746
014210022503302441451120 2 1202604164.201746
014210222503302441451120 2 1202604164.201746
014210322503302441451120 2 1202604164.201747
014210022533302441451120 2 1202604164.201747
014210222533302441451120 2 1202604164.201747
014210322533302441451120 2 1202604164.201748
014210022543302441451120 2 1202604164.201748
014210222543302441451120 2 1202604164.201748
014210322543302441451120 2 1202604164.201749
014210022503312441451120 2 1202604164.201749
014210222503312441451120 2 1202604164.201750
014210322503312441451120 2 1202604164.201750
014210022533312441451120 2 1202604164.201750
014210222533312441451120 2 1202604164.201751
014210322533312441451120 2 1202604164.201751
014210022543312441451120 2 1202604164.201751
014210222543312441451120 2 1202604164.201752
014210322543312441451120 2 1202604164.201752
014210022503342441451120 2 1202604164.201752
014210222503342441451120 2 1202604164.201753
014210322503342441451120 2 1202604164.201753
014210022533342441451120 2 1202604164.201754
014210222533342441451120 2 1202604164.201754
014210322533342441451120 2 1202604164.201754
014210022543342441451120 2 1202604164.201755
014210222543342441451120 2 1202604164.201755
014210322543342441451120 2 1202604164.201755
014210022503352441451120 2 1202604164.201756
014210222503352441451120 2 1202604164.201756
014210322503352441451120 2 1202604164.201756
014210022533352441451120 2 1202604164.201757
014210222533352441451120 2 1202604164.201757
014210322533352441451120 2 1202604164.201758
014210022543352441451120 2 1202604164.201758
014210222543352441451120 2 1202604164.201758
014210322543352441451120 2 1202604164.201759
014210322501304441451120 2 1202604164.201759
014210322531304441451120 2 1202604164.201759
014210322541304441451120 2 1202604164.201800
014210022503304441451120 2 1202604164.201800
014210222503304441451120 2 1202604164.201800
014210322503304441451120 2 1202604164.201801
014210022533304441451120 2 1202604164.201801
014210222533304441451120 2 1202604164.201801
014210322533304441451120 2 1202604164.201802
014210022543304441451120 2 1202604164.201802
014210222543304441451120 2 1202604164.201803
014210322543304441451120 2 1202604164.201803
014210322501314441451120 2 1202604164.201803
014210322531314441451120 2 1202604164.201804
014210322541314441451120 2 1202604164.201804
014210022503314441451120 2 1202604164.201804
014210222503314441451120 2 1202604164.201805
014210322503314441451120 2 1202604164.201805
014210022533314441451120 2 1202604164.201805
014210222533314441451120 2 1202604164.201806
014210322533314441451120 2 1202604164.201806
014210022543314441451120 2 1202604164.201807
014210222543314441451120 2 1202604164.201807
014210322543314441451120 2 1202604164.201807
014210322501324441451120 2 1202604164.201808
014210322531324441451120 2 1202604164.201808
014210322541324441451120 2 1202604164.201808
014210322501344441451120 2 1202604164.201809
014210322531344441451120 2 1202604164.201809
014210322541344441451120 2 1202604164.201809
014210022503344441451120 2 1202604164.201810
014210222503344441451120 2 1202604164.201810
014210322503344441451120 2 1202604164.201811
014210022533344441451120 2 1202604164.201811
014210222533344441451120 2 1202604164.201811
014210322533344441451120 2 1202604164.201812
014210022543344441451120 2 1202604164.201812
014210222543344441451120 2 1202604164.201812
014210322543344441451120 2 1202604164.201813
014210322501354441451120 2 1202604164.201813
014210322531354441451120 2 1202604164.201813
014210322541354441451120 2 1202604164.201814
014210022503354441451120 2 1202604164.201814
014210222503354441451120 2 1202604164.201814
014210322503354441451120 2 1202604164.201815
014210022533354441451120 2 1202604164.201815
014210222533354441451120 2 1202604164.201816
014210322533354441451120 2 1202604164.201816
014210022543354441451120 2 1202604164.201816
014210222543354441451120 2 1202604164.201817
014210322543354441451120 2 1202604164.201817
