014110212004312145411035 2 1202604164.201125
014110212034312145411035 2 1202604164.201126
014110212044312145411035 2 1202604164.201126
014110212004342145411035 2 1202604164.201127
014110212034342145411035 2 1202604164.201127
014110212044342145411035 2 1202604164.201127
014110212004312245411035 2 1202604164.201128
014110212034312245411035 2 1202604164.201128
014110212004342245411035 2 1202604164.201129
014110212034342245411035 2 1202604164.201129
014110212004302445411035 2 1202604164.201130
014110212034302445411035 2 1202604164.201130
014110212004312445411035 2 1202604164.201131
014110212034312445411035 2 1202604164.201131
014110212004322445411035 2 1202604164.201131
014110212034322445411035 2 1202604164.201132
014110212004342445411035 2 1202604164.201132
014110212034342445411035 2 1202604164.201132
014110212004352445411035 2 1202604164.201133
014110212034352445411035 2 1202604164.201133
014110052133314442420124 2 1202604164.201232
014110552133314442420124 2 1202604164.201232
014210222503300240411130 2 1202604164.201552
014210222533300240411130 2 1202604164.201553
014210222543300240411130 2 1202604164.201553
014210222503310240411130 2 1202604164.201553
014210222533310240411130 2 1202604164.201554
014210222543310240411130 2 1202604164.201554
014210222503340240411130 2 1202604164.201555
014210222533340240411130 2 1202604164.201555
014210222543340240411130 2 1202604164.201556
014210222503350240411130 2 1202604164.201556
014210222533350240411130 2 1202604164.201556
014210222543350240411130 2 1202604164.201557
014210222503302240411130 2 1202604164.201557
014210222533302240411130 2 1202604164.201557
014210222543302240411130 2 1202604164.201558
014210222503312240411130 2 1202604164.201558
014210222533312240411130 2 1202604164.201559
014210222543312240411130 2 1202604164.201559
014210222503342240411130 2 1202604164.201600
014210222533342240411130 2 1202604164.201600
014210222543342240411130 2 1202604164.201600
014210222503352240411130 2 1202604164.201601
014210222533352240411130 2 1202604164.201601
014210222543352240411130 2 1202604164.201602
014210222503304240411130 2 1202604164.201602
014210222533304240411130 2 1202604164.201602
014210222543304240411130 2 1202604164.201603
014210222503314240411130 2 1202604164.201603
014210222533314240411130 2 1202604164.201604
014210222543314240411130 2 1202604164.201604
014210222503344240411130 2 1202604164.201604
014210222533344240411130 2 1202604164.201605
014210222543344240411130 2 1202604164.201605
014210222503354240411130 2 1202604164.201606
014210222533354240411130 2 1202604164.201606
014210222543354240411130 2 1202604164.201606
014210222505304041411130 2 1202604164.201607
014210222535304041411130 2 1202604164.201607
014210222545304041411130 2 1202604164.201608
014210222505314041411130 2 1202604164.201608
014210222535314041411130 2 1202604164.201609
014210222545314041411130 2 1202604164.201609
014210222505324041411130 2 1202604164.201609
014210222535324041411130 2 1202604164.201610
014210222545324041411130 2 1202604164.201610
014210222505344041411130 2 1202604164.201611
014210222535344041411130 2 1202604164.201611
014210222545344041411130 2 1202604164.201611
014210222505354041411130 2 1202604164.201612
014210222535354041411130 2 1202604164.201612
014210222545354041411130 2 1202604164.201612
014210222503300241411130 2 1202604164.201613
014210222533300241411130 2 1202604164.201613
014210222543300241411130 2 1202604164.201614
014210222503310241411130 2 1202604164.201614
014210222533310241411130 2 1202604164.201615
014210222543310241411130 2 1202604164.201615
014210222503340241411130 2 1202604164.201615
014210222533340241411130 2 1202604164.201616
014210222543340241411130 2 1202604164.201616
014210222503350241411130 2 1202604164.201616
014210222533350241411130 2 1202604164.201617
014210222543350241411130 2 1202604164.201617
014210222503302241411130 2 1202604164.201618
014210222533302241411130 2 1202604164.201618
014210222543302241411130 2 1202604164.201618
014210222503312241411130 2 1202604164.201619
014210222533312241411130 2 1202604164.201619
014210222543312241411130 2 1202604164.201620
014210222503342241411130 2 1202604164.201620
014210222533342241411130 2 1202604164.201620
014210222543342241411130 2 1202604164.201621
014210222503352241411130 2 1202604164.201621
014210222533352241411130 2 1202604164.201622
014210222543352241411130 2 1202604164.201622
014210222503304241411130 2 1202604164.201622
014210222533304241411130 2 1202604164.201623
014210222543304241411130 2 1202604164.201623
014210222505304241411130 2 1202604164.201623
014210222535304241411130 2 1202604164.201624
014210222545304241411130 2 1202604164.201624
014210222503314241411130 2 1202604164.201625
014210222533314241411130 2 1202604164.201625
014210222543314241411130 2 1202604164.201625
014210222505314241411130 2 1202604164.201626
014210222535314241411130 2 1202604164.201626
014210222545314241411130 2 1202604164.201627
014210222503344241411130 2 1202604164.201627
014210222533344241411130 2 1202604164.201627
014210222543344241411130 2 1202604164.201628
014210222505344241411130 2 1202604164.201628
014210222535344241411130 2 1202604164.201628
014210222545344241411130 2 1202604164.201629
014210222503354241411130 2 1202604164.201629
014210222533354241411130 2 1202604164.201630
014210222543354241411130 2 1202604164.201630
014210222505354241411130 2 1202604164.201630
014210222535354241411130 2 1202604164.201631
014210222545354241411130 2 1202604164.201631
014210222503300441411130 2 1202604164.201632
014210222533300441411130 2 1202604164.201632
014210222543300441411130 2 1202604164.201632
014210222503310441411130 2 1202604164.201633
014210222533310441411130 2 1202604164.201633
014210222543310441411130 2 1202604164.201633
014210222503340441411130 2 1202604164.201634
014210222533340441411130 2 1202604164.201634
014210222543340441411130 2 1202604164.201635
014210222503350441411130 2 1202604164.201635
014210222533350441411130 2 1202604164.201635
014210222543350441411130 2 1202604164.201636
014210222503302441411130 2 1202604164.201636
014210222533302441411130 2 1202604164.201637
014210222543302441411130 2 1202604164.201637
014210222503312441411130 2 1202604164.201637
014210222533312441411130 2 1202604164.201638
014210222543312441411130 2 1202604164.201638
014210222503342441411130 2 1202604164.201639
014210222533342441411130 2 1202604164.201639
014210222543342441411130 2 1202604164.201639
014210222503352441411130 2 1202604164.201640
014210222533352441411130 2 1202604164.201640
014210222543352441411130 2 1202604164.201641
014210222503304441411130 2 1202604164.201641
014210222533304441411130 2 1202604164.201641
014210222543304441411130 2 1202604164.201642
014210222505304441411130 2 1202604164.201642
014210222535304441411130 2 1202604164.201643
014210222545304441411130 2 1202604164.201643
014210222503314441411130 2 1202604164.201643
014210222533314441411130 2 1202604164.201644
014210222543314441411130 2 1202604164.201644
014210222505314441411130 2 1202604164.201644
014210222535314441411130 2 1202604164.201645
014210222545314441411130 2 1202604164.201645
014210222505324441411130 2 1202604164.201646
014210222535324441411130 2 1202604164.201646
014210222545324441411130 2 1202604164.201646
014210222503344441411130 2 1202604164.201647
014210222533344441411130 2 1202604164.201647
014210222543344441411130 2 1202604164.201648
014210222505344441411130 2 1202604164.201648
014210222535344441411130 2 1202604164.201648
014210222545344441411130 2 1202604164.201649
014210222503354441411130 2 1202604164.201649
014210222533354441411130 2 1202604164.201650
014210222543354441411130 2 1202604164.201650
014210222505354441411130 2 1202604164.201650
014210222535354441411130 2 1202604164.201651
014210222545354441411130 2 1202604164.201651
014210222503300240411100 2 1202604164.201654
014210222533300240411100 2 1202604164.201654
014210222543300240411100 2 1202604164.201655
014210222503310240411100 2 1202604164.201655
014210222533310240411100 2 1202604164.201655
014210222543310240411100 2 1202604164.201656
014210222503340240411100 2 1202604164.201656
014210222533340240411100 2 1202604164.201657
014210222543340240411100 2 1202604164.201657
014210222503350240411100 2 1202604164.201657
014210222533350240411100 2 1202604164.201658
014210222543350240411100 2 1202604164.201658
014210222503302240411100 2 1202604164.201659
014210222533302240411100 2 1202604164.201659
014210222543302240411100 2 1202604164.201659
014210222503312240411100 2 1202604164.201700
014210222533312240411100 2 1202604164.201700
014210222543312240411100 2 1202604164.201700
014210222503342240411100 2 1202604164.201701
014210222533342240411100 2 1202604164.201701
014210222543342240411100 2 1202604164.201701
014210222503352240411100 2 1202604164.201702
014210222533352240411100 2 1202604164.201702
014210222543352240411100 2 1202604164.201703
014210222503304240411100 2 1202604164.201703
014210222533304240411100 2 1202604164.201703
014210222543304240411100 2 1202604164.201704
014210222503314240411100 2 1202604164.201704
014210222533314240411100 2 1202604164.201704
014210222543314240411100 2 1202604164.201705
014210222503344240411100 2 1202604164.201705
014210222533344240411100 2 1202604164.201706
014210222543344240411100 2 1202604164.201706
014210222503354240411100 2 1202604164.201706
014210222533354240411100 2 1202604164.201707
014210222543354240411100 2 1202604164.201707
014210222503300241411100 2 1202604164.201708
014210222533300241411100 2 1202604164.201708
014210222543300241411100 2 1202604164.201709
014210222503310241411100 2 1202604164.201709
014210222533310241411100 2 1202604164.201709
014210222543310241411100 2 1202604164.201710
014210222503340241411100 2 1202604164.201710
014210222533340241411100 2 1202604164.201711
014210222543340241411100 2 1202604164.201711
014210222503350241411100 2 1202604164.201711
014210222533350241411100 2 1202604164.201712
014210222543350241411100 2 1202604164.201712
014210222503302241411100 2 1202604164.201712
014210222533302241411100 2 1202604164.201713
014210222543302241411100 2 1202604164.201713
014210222503312241411100 2 1202604164.201713
014210222533312241411100 2 1202604164.201714
014210222543312241411100 2 1202604164.201714
014210222503342241411100 2 1202604164.201715
014210222533342241411100 2 1202604164.201715
014210222543342241411100 2 1202604164.201715
014210222503352241411100 2 1202604164.201716
014210222533352241411100 2 1202604164.201716
014210222543352241411100 2 1202604164.201716
014210222503304241411100 2 1202604164.201717
014210222533304241411100 2 1202604164.201717
014210222543304241411100 2 1202604164.201718
014210222503314241411100 2 1202604164.201718
014210222533314241411100 2 1202604164.201718
014210222543314241411100 2 1202604164.201719
014210222503344241411100 2 1202604164.201719
014210222533344241411100 2 1202604164.201719
014210222543344241411100 2 1202604164.201720
014210222503354241411100 2 1202604164.201720
014210222533354241411100 2 1202604164.201720
014210222543354241411100 2 1202604164.201721
014210222503300441411100 2 1202604164.201721
014210222533300441411100 2 1202604164.201722
014210222543300441411100 2 1202604164.201722
014210222503310441411100 2 1202604164.201722
014210222533310441411100 2 1202604164.201723
014210222543310441411100 2 1202604164.201723
014210222503340441411100 2 1202604164.201723
014210222533340441411100 2 1202604164.201724
014210222543340441411100 2 1202604164.201724
014210222503350441411100 2 1202604164.201725
014210222533350441411100 2 1202604164.201725
014210222543350441411100 2 1202604164.201725
014210222503302441411100 2 1202604164.201726
014210222533302441411100 2 1202604164.201726
014210222543302441411100 2 1202604164.201726
014210222503312441411100 2 1202604164.201727
014210222533312441411100 2 1202604164.201727
014210222543312441411100 2 1202604164.201728
014210222503342441411100 2 1202604164.201728
014210222533342441411100 2 1202604164.201728
014210222543342441411100 2 1202604164.201729
014210222503352441411100 2 1202604164.201729
014210222533352441411100 2 1202604164.201729
014210222543352441411100 2 1202604164.201730
014210222503304441411100 2 1202604164.201730
014210222533304441411100 2 1202604164.201730
014210222543304441411100 2 1202604164.201731
014210222503314441411100 2 1202604164.201731
014210222533314441411100 2 1202604164.201732
014210222543314441411100 2 1202604164.201732
014210222503344441411100 2 1202604164.201732
014210222533344441411100 2 1202604164.201733
014210222543344441411100 2 1202604164.201733
014210222503354441411100 2 1202604164.201733
014210222533354441411100 2 1202604164.201734
014210222543354441411100 2 1202604164.201734
