014110052133314442420124 2 1202604164.200520
014110552133314442420124 2 1202604164.200521
012210252103340240410442 2 1202604164.200642
014210252103340240410442 2 1202604164.200642
012210252133340240410442 2 1202604164.200642
014210252133340240410442 2 1202604164.200643
012210252143340240410442 2 1202604164.200643
014210252143340240410442 2 1202604164.200644
012210252153340240410442 2 1202604164.200644
014210252153340240410442 2 1202604164.200644
012210252103350240410442 2 1202604164.200645
014210252103350240410442 2 1202604164.200645
012210252133350240410442 2 1202604164.200646
