014410252103310442410424 2 1202604164.200519
014410252103314442410424 2 1202604164.200520
014410252103315442410424 2 1202604164.200521
014410252133315442410424 2 1202604164.200521
014110212004300145411033 2 1202604164.200610
014110212034300145411033 2 1202604164.200610
014110212004340145411033 2 1202604164.200611
014110212034340145411033 2 1202604164.200611
014110212004302145411033 2 1202604164.200611
014110212034302145411033 2 1202604164.200612
014110212004342145411033 2 1202604164.200612
014110212034342145411033 2 1202604164.200612
014110212004304145411033 2 1202604164.200613
014110212034304145411033 2 1202604164.200613
014110212004344145411033 2 1202604164.200614
014110212034344145411033 2 1202604164.200614
014110212004300245411033 2 1202604164.200614
014110212034300245411033 2 1202604164.200615
014110212004340245411033 2 1202604164.200615
014110212034340245411033 2 1202604164.200615
014110212004302245411033 2 1202604164.200616
014110212034302245411033 2 1202604164.200616
014110212004342245411033 2 1202604164.200617
014110212034342245411033 2 1202604164.200617
014110212004304245411033 2 1202604164.200617
014110212034304245411033 2 1202604164.200618
014110212004344245411033 2 1202604164.200618
014110212034344245411033 2 1202604164.200618
014110212004300145411023 2 1202604164.200620
014510212004300145411023 2 1202604164.200620
014110212034300145411023 2 1202604164.200620
014510212034300145411023 2 1202604164.200621
014110212004340145411023 2 1202604164.200621
014510212004340145411023 2 1202604164.200622
014110212034340145411023 2 1202604164.200622
014510212034340145411023 2 1202604164.200622
014110212004302145411023 2 1202604164.200623
014510212004302145411023 2 1202604164.200623
014110212034302145411023 2 1202604164.200623
014510212034302145411023 2 1202604164.200624
014110212004342145411023 2 1202604164.200624
014510212004342145411023 2 1202604164.200625
014110212034342145411023 2 1202604164.200625
014510212034342145411023 2 1202604164.200625
014110212004304145411023 2 1202604164.200626
014510212004304145411023 2 1202604164.200626
014110212034304145411023 2 1202604164.200626
014510212034304145411023 2 1202604164.200627
014110212004344145411023 2 1202604164.200627
014510212004344145411023 2 1202604164.200628
014110212034344145411023 2 1202604164.200628
014510212034344145411023 2 1202604164.200628
014110212004300245411023 2 1202604164.200629
014510212004300245411023 2 1202604164.200629
014110212034300245411023 2 1202604164.200629
014510212034300245411023 2 1202604164.200630
014110212004340245411023 2 1202604164.200630
014510212004340245411023 2 1202604164.200631
014110212034340245411023 2 1202604164.200631
014510212034340245411023 2 1202604164.200631
014110212004302245411023 2 1202604164.200632
014510212004302245411023 2 1202604164.200632
014110212034302245411023 2 1202604164.200632
014510212034302245411023 2 1202604164.200633
014110212004342245411023 2 1202604164.200633
014510212004342245411023 2 1202604164.200634
014110212034342245411023 2 1202604164.200634
014510212034342245411023 2 1202604164.200634
014110212004304245411023 2 1202604164.200635
014510212004304245411023 2 1202604164.200635
014110212034304245411023 2 1202604164.200636
014510212034304245411023 2 1202604164.200636
014110212004344245411023 2 1202604164.200636
014510212004344245411023 2 1202604164.200637
014110212034344245411023 2 1202604164.200637
014510212034344245411023 2 1202604164.200637
014110212004300545411023 2 1202604164.200638
014510212004300545411023 2 1202604164.200638
014110212034300545411023 2 1202604164.200639
014510212034300545411023 2 1202604164.200639
014110212004340545411023 2 1202604164.200639
014510212004340545411023 2 1202604164.200640
014110212034340545411023 2 1202604164.200640
014510212034340545411023 2 1202604164.200641
014110212004302545411023 2 1202604164.200641
014510212004302545411023 2 1202604164.200641
014110212034302545411023 2 1202604164.200642
014510212034302545411023 2 1202604164.200642
014110212004342545411023 2 1202604164.200642
014510212004342545411023 2 1202604164.200643
014110212034342545411023 2 1202604164.200643
014510212034342545411023 2 1202604164.200644
014110212004304545411023 2 1202604164.200644
014510212004304545411023 2 1202604164.200644
014110212034304545411023 2 1202604164.200645
014510212034304545411023 2 1202604164.200645
014110212004344545411023 2 1202604164.200645
