014110052133314442420024 2 1202604164.201239
014110212004300145451023 2 1202604164.201328
014510212004300145451023 2 1202604164.201329
014110212034300145451023 2 1202604164.201329
014510212034300145451023 2 1202604164.201329
014110212004340145451023 2 1202604164.201330
014510212004340145451023 2 1202604164.201330
014110212034340145451023 2 1202604164.201331
014510212034340145451023 2 1202604164.201331
014110212004302145451023 2 1202604164.201332
014510212004302145451023 2 1202604164.201332
014110212034302145451023 2 1202604164.201332
014510212034302145451023 2 1202604164.201333
014110212004342145451023 2 1202604164.201333
014510212004342145451023 2 1202604164.201334
014110212034342145451023 2 1202604164.201334
014510212034342145451023 2 1202604164.201334
014110212004304145451023 2 1202604164.201335
014510212004304145451023 2 1202604164.201335
014110212034304145451023 2 1202604164.201336
014510212034304145451023 2 1202604164.201336
014110212004344145451023 2 1202604164.201337
014510212004344145451023 2 1202604164.201337
014110212034344145451023 2 1202604164.201337
014510212034344145451023 2 1202604164.201338
014110212004300245451023 2 1202604164.201338
014510212004300245451023 2 1202604164.201338
014110212034300245451023 2 1202604164.201339
014510212034300245451023 2 1202604164.201339
014110212004340245451023 2 1202604164.201340
014510212004340245451023 2 1202604164.201340
014110212034340245451023 2 1202604164.201341
014510212034340245451023 2 1202604164.201341
014110212004302245451023 2 1202604164.201341
014510212004302245451023 2 1202604164.201342
014110212034302245451023 2 1202604164.201342
014510212034302245451023 2 1202604164.201342
014110212004342245451023 2 1202604164.201343
014510212004342245451023 2 1202604164.201343
014110212034342245451023 2 1202604164.201344
014510212034342245451023 2 1202604164.201344
014110212004304245451023 2 1202604164.201344
014510212004304245451023 2 1202604164.201345
014110212034304245451023 2 1202604164.201345
014510212034304245451023 2 1202604164.201346
014110212004344245451023 2 1202604164.201346
014510212004344245451023 2 1202604164.201346
014110212034344245451023 2 1202604164.201347
014510212034344245451023 2 1202604164.201347
014110212004300545451023 2 1202604164.201348
014510212004300545451023 2 1202604164.201348
014110212034300545451023 2 1202604164.201349
014510212034300545451023 2 1202604164.201349
014110212004340545451023 2 1202604164.201349
014510212004340545451023 2 1202604164.201350
014110212034340545451023 2 1202604164.201350
014510212034340545451023 2 1202604164.201351
014110212004302545451023 2 1202604164.201351
014510212004302545451023 2 1202604164.201351
014110212034302545451023 2 1202604164.201352
014510212034302545451023 2 1202604164.201352
014110212004342545451023 2 1202604164.201353
014510212004342545451023 2 1202604164.201353
014110212034342545451023 2 1202604164.201353
014510212034342545451023 2 1202604164.201354
014110212004304545451023 2 1202604164.201354
014510212004304545451023 2 1202604164.201355
014110212034304545451023 2 1202604164.201355
014510212034304545451023 2 1202604164.201355
014110212004344545451023 2 1202604164.201356
014510212004344545451023 2 1202604164.201356
014110212034344545451023 2 1202604164.201357
014510212034344545451023 2 1202604164.201357
014410252103314442410421 2 1202604164.201518
014210222503300240411120 2 1202604164.201602
014210222533300240411120 2 1202604164.201602
014210222543300240411120 2 1202604164.201603
014210222503310240411120 2 1202604164.201603
014210222533310240411120 2 1202604164.201604
014210222543310240411120 2 1202604164.201604
014210222503340240411120 2 1202604164.201604
014210222533340240411120 2 1202604164.201605
014210222543340240411120 2 1202604164.201605
014210222503350240411120 2 1202604164.201606
014210222533350240411120 2 1202604164.201606
014210222543350240411120 2 1202604164.201606
014210222503302240411120 2 1202604164.201607
014210222533302240411120 2 1202604164.201607
014210222543302240411120 2 1202604164.201608
014210222503312240411120 2 1202604164.201608
014210222533312240411120 2 1202604164.201608
014210222543312240411120 2 1202604164.201609
014210222503342240411120 2 1202604164.201609
014210222533342240411120 2 1202604164.201610
014210222543342240411120 2 1202604164.201610
014210222503352240411120 2 1202604164.201610
014210222533352240411120 2 1202604164.201611
014210222543352240411120 2 1202604164.201611
014210222503304240411120 2 1202604164.201611
014210222533304240411120 2 1202604164.201612
014210222543304240411120 2 1202604164.201612
014210222503314240411120 2 1202604164.201613
014210222533314240411120 2 1202604164.201613
014210222543314240411120 2 1202604164.201613
014210222503344240411120 2 1202604164.201614
014210222533344240411120 2 1202604164.201614
014210222543344240411120 2 1202604164.201615
014210222503354240411120 2 1202604164.201615
014210222533354240411120 2 1202604164.201615
014210222543354240411120 2 1202604164.201616
014210222503300241411120 2 1202604164.201617
014210222533300241411120 2 1202604164.201617
014210222543300241411120 2 1202604164.201617
014210222503310241411120 2 1202604164.201618
014210222533310241411120 2 1202604164.201618
014210222543310241411120 2 1202604164.201619
014210222503340241411120 2 1202604164.201619
014210222533340241411120 2 1202604164.201619
014210222543340241411120 2 1202604164.201620
014210222503350241411120 2 1202604164.201620
014210222533350241411120 2 1202604164.201621
014210222543350241411120 2 1202604164.201621
014210222503302241411120 2 1202604164.201621
014210222533302241411120 2 1202604164.201622
014210222543302241411120 2 1202604164.201622
014210222503312241411120 2 1202604164.201622
014210222533312241411120 2 1202604164.201623
014210222543312241411120 2 1202604164.201623
014210222503342241411120 2 1202604164.201624
014210222533342241411120 2 1202604164.201624
014210222543342241411120 2 1202604164.201624
014210222503352241411120 2 1202604164.201625
014210222533352241411120 2 1202604164.201625
014210222543352241411120 2 1202604164.201625
014210222503304241411120 2 1202604164.201626
014210222533304241411120 2 1202604164.201626
014210222543304241411120 2 1202604164.201627
014210222503314241411120 2 1202604164.201627
014210222533314241411120 2 1202604164.201627
014210222543314241411120 2 1202604164.201628
014210222503344241411120 2 1202604164.201628
014210222533344241411120 2 1202604164.201629
014210222543344241411120 2 1202604164.201629
014210222503354241411120 2 1202604164.201629
014210222533354241411120 2 1202604164.201630
014210222543354241411120 2 1202604164.201630
014210222503300441411120 2 1202604164.201631
014210222533300441411120 2 1202604164.201631
014210222543300441411120 2 1202604164.201631
014210222503310441411120 2 1202604164.201632
014210222533310441411120 2 1202604164.201632
014210222543310441411120 2 1202604164.201632
014210222503340441411120 2 1202604164.201633
014210222533340441411120 2 1202604164.201633
014210222543340441411120 2 1202604164.201634
014210222503350441411120 2 1202604164.201634
014210222533350441411120 2 1202604164.201634
014210222543350441411120 2 1202604164.201635
014210222503302441411120 2 1202604164.201635
014210222533302441411120 2 1202604164.201636
014210222543302441411120 2 1202604164.201636
014210222503312441411120 2 1202604164.201636
014210222533312441411120 2 1202604164.201637
014210222543312441411120 2 1202604164.201637
014210222503342441411120 2 1202604164.201638
014210222533342441411120 2 1202604164.201638
014210222543342441411120 2 1202604164.201638
014210222503352441411120 2 1202604164.201639
014210222533352441411120 2 1202604164.201639
014210222543352441411120 2 1202604164.201639
014210222503304441411120 2 1202604164.201640
014210222533304441411120 2 1202604164.201640
014210222543304441411120 2 1202604164.201641
014210222503314441411120 2 1202604164.201641
014210222533314441411120 2 1202604164.201641
014210222543314441411120 2 1202604164.201642
014210222503344441411120 2 1202604164.201642
014210222533344441411120 2 1202604164.201643
014210222543344441411120 2 1202604164.201643
014210222503354441411120 2 1202604164.201643
014210222533354441411120 2 1202604164.201644
014210222543354441411120 2 1202604164.201644
014210222503300240411300 2 1202604164.201647
014210222533300240411300 2 1202604164.201647
014210222543300240411300 2 1202604164.201647
014210222503310240411300 2 1202604164.201648
014210222533310240411300 2 1202604164.201648
014210222543310240411300 2 1202604164.201649
014210222503340240411300 2 1202604164.201649
014210222533340240411300 2 1202604164.201649
014210222543340240411300 2 1202604164.201650
014210222503350240411300 2 1202604164.201650
014210222533350240411300 2 1202604164.201651
014210222543350240411300 2 1202604164.201651
014210222503302240411300 2 1202604164.201651
014210222533302240411300 2 1202604164.201652
014210222543302240411300 2 1202604164.201652
014210222503312240411300 2 1202604164.201653
014210222533312240411300 2 1202604164.201653
014210222543312240411300 2 1202604164.201653
014210222503342240411300 2 1202604164.201654
014210222533342240411300 2 1202604164.201654
014210222543342240411300 2 1202604164.201655
014210222503352240411300 2 1202604164.201655
014210222533352240411300 2 1202604164.201655
014210222543352240411300 2 1202604164.201656
014210222503304240411300 2 1202604164.201656
014210222533304240411300 2 1202604164.201657
014210222543304240411300 2 1202604164.201657
014210222503314240411300 2 1202604164.201657
014210222533314240411300 2 1202604164.201658
014210222543314240411300 2 1202604164.201658
014210222503344240411300 2 1202604164.201659
014210222533344240411300 2 1202604164.201659
014210222543344240411300 2 1202604164.201659
014210222503354240411300 2 1202604164.201700
014210222533354240411300 2 1202604164.201700
014210222543354240411300 2 1202604164.201700
014210222503300241411300 2 1202604164.201701
014210222533300241411300 2 1202604164.201702
014210222543300241411300 2 1202604164.201702
014210222503310241411300 2 1202604164.201703
014210222533310241411300 2 1202604164.201703
014210222543310241411300 2 1202604164.201703
014210222503340241411300 2 1202604164.201704
014210222533340241411300 2 1202604164.201704
014210222543340241411300 2 1202604164.201704
014210222503350241411300 2 1202604164.201705
014210222533350241411300 2 1202604164.201705
014210222543350241411300 2 1202604164.201705
014210222503302241411300 2 1202604164.201706
014210222533302241411300 2 1202604164.201706
014210222543302241411300 2 1202604164.201707
014210222503312241411300 2 1202604164.201707
014210222533312241411300 2 1202604164.201707
014210222543312241411300 2 1202604164.201708
014210222503342241411300 2 1202604164.201708
014210222533342241411300 2 1202604164.201708
014210222543342241411300 2 1202604164.201709
014210222503352241411300 2 1202604164.201709
014210222533352241411300 2 1202604164.201710
014210222543352241411300 2 1202604164.201710
014210222503304241411300 2 1202604164.201710
014210222533304241411300 2 1202604164.201711
014210222543304241411300 2 1202604164.201711
014210222503314241411300 2 1202604164.201711
014210222533314241411300 2 1202604164.201712
014210222543314241411300 2 1202604164.201712
014210222503344241411300 2 1202604164.201713
014210222533344241411300 2 1202604164.201713
014210222543344241411300 2 1202604164.201713
014210222503354241411300 2 1202604164.201714
014210222533354241411300 2 1202604164.201714
014210222543354241411300 2 1202604164.201714
014210222503300441411300 2 1202604164.201715
014210222533300441411300 2 1202604164.201715
014210222543300441411300 2 1202604164.201715
014210222503310441411300 2 1202604164.201716
014210222533310441411300 2 1202604164.201716
014210222543310441411300 2 1202604164.201717
014210222503340441411300 2 1202604164.201717
014210222533340441411300 2 1202604164.201717
014210222543340441411300 2 1202604164.201718
014210222503350441411300 2 1202604164.201718
014210222533350441411300 2 1202604164.201718
014210222543350441411300 2 1202604164.201719
014210222503302441411300 2 1202604164.201719
014210222533302441411300 2 1202604164.201720
014210222543302441411300 2 1202604164.201720
014210222503312441411300 2 1202604164.201720
014210222533312441411300 2 1202604164.201721
014210222543312441411300 2 1202604164.201721
014210222503342441411300 2 1202604164.201721
014210222533342441411300 2 1202604164.201722
014210222543342441411300 2 1202604164.201722
014210222503352441411300 2 1202604164.201723
014210222533352441411300 2 1202604164.201723
014210222543352441411300 2 1202604164.201723
014210222503304441411300 2 1202604164.201724
014210222533304441411300 2 1202604164.201724
014210222543304441411300 2 1202604164.201724
014210222503314441411300 2 1202604164.201725
014210222533314441411300 2 1202604164.201725
014210222543314441411300 2 1202604164.201725
014210222503344441411300 2 1202604164.201726
014210222533344441411300 2 1202604164.201726
014210222543344441411300 2 1202604164.201727
014210222503354441411300 2 1202604164.201727
014210222533354441411300 2 1202604164.201727
014210222543354441411300 2 1202604164.201728
