014110222003354042011502 
014110242003354042011502 
014110252003354042011502 
014110222003354042021502 
014110242003354042021502 
014110252003354042021502 
014110252003354042011512 
014110252033354042011512 
014110252003354042021512 
014110222033354042051512 
014110242033354042051512 
014110252003354042011022 
014510252003354042011022 
014110252003351042021022 
014510252003351042021022 
014510052003355042021022 
014110252003355042021022 
014110552033354242021022 
014510452003351042051022 
014510552003351042051022 
014510052003354042051022 
014110252003354042051022 
014110552033354042051022 
014510052013355042051022 
014110552033354442051022 
014510202003354042011522 
014510222003354042011522 
014510242003354042011522 
014110252003354042011522 
014510252003354042011522 
014510502033354042011522 
014510522033354042011522 
014510542033354042011522 
014510402003351042021522 
014510422003351042021522 
014510442003351042021522 
014510002003354042021522 
014510022003354042021522 
014510042003354042021522 
014510402003351042051522 
014510422003351042051522 
014510442003351042051522 
014510002003354042051522 
014510022003354042051522 
014110222003354042051522 
014510042003354042051522 
014110242003354042051522 
014510052003354042051522 
014110252003354042051522 
014110252003354042011542 
014110222003355042011542 
014110242003355042011542 
014110252003355042011542 
014110252003354042021542 
014110222003355042021542 
014110242003355042021542 
014110252003355042021542 
014110222003351442010552 
