012110212043301040000000 1202309037.191601
012110212043351040000000 1202309037.191606
012110212043301440000000 1202309037.191608
012110212043351440000000 1202309037.191610
012110212043301540000000 1202309037.191612
012110212043311540000000 1202309037.191613
012110212043351540000000 1202309037.191626
012110212043301040001000 1202309037.191656
012110212543301040001000 1202309037.191657
012110212043351040001000 1202309037.191700
012110212543351040001000 1202309037.191701
012110212043301440001000 1202309037.191705
012110212543301440001000 1202309037.191706
012110212043351440001000 1202309037.191709
012110212543351440001000 1202309037.191711
012110212043301540001000 1202309037.191712
012110212543301540001000 1202309037.191714
012110222543311540001000 1202309037.191716
012110212043351540001000 1202309037.191718
012110212543351540001000 1202309037.191719
012110212043301040002000 1202309037.191828
012210212343301040002000 1202309037.191831
012110222343301040002000 1202309037.191832
012210222343301040002000 1202309037.191834
012210202343311040002000 1202309037.191836
012210012343305040002000 1202309037.191839
012210512343305040002000 1202309037.191841
012210012343315040002000 1202309037.191842
012210512343315040002000 1202309037.191844
012210012343305140002000 1202309037.191846
012210422343305140002000 1202309037.191848
012210012343315140002000 1202309037.191850
012110212443300240002000 1202309037.191851
012110212443310240002000 1202309037.191853
012210512343310440002000 1202309037.191901
012110212043301440002000 1202309037.191903
012210212343301440002000 1202309037.191906
012210012343305440002000 1202309037.191912
012210022343305440002000 1202309037.191914
012210012343315440002000 1202309037.191918
012210012343300540002000 1202309037.191921
012210512343300540002000 1202309037.191923
012210012343310540002000 1202309037.191926
012210212343301540002000 1202309037.191927
012210012343304540002000 1202309037.191933
012210212343304540002000 1202309037.191935
012210012343305540002000 1202309037.191938
012210512343305540002000 1202309037.191940
012210012343315540002000 1202309037.191943
012110212043301040003000 1202309037.192423
012110212043301440003000 1202309037.192426
012110212043301040004000 1202309037.192448
012110212043301440004000 1202309037.192451
012110212043301540004000 1202309037.192453
012110212043351040000100 1202309037.192519
012110212043351440000100 1202309037.192522
012110212043351540000100 1202309037.192525
012110222543351440001100 1202309037.192602
012210202343311040002100 1202309037.192704
012210012343305040002100 1202309037.192706
012210012343315040002100 1202309037.192708
012210012343305140002100 1202309037.192710
012210012343315140002100 1202309037.192712
012210012343305440002100 1202309037.192719
012210012343315440002100 1202309037.192722
012210012343300540002100 1202309037.192724
012210012343310540002100 1202309037.192726
012210012343304540002100 1202309037.192728
012210012343305540002100 1202309037.192730
012110212043351040000200 1202309037.193047
012110212043351440000200 1202309037.193050
012110212043351540000200 1202309037.193053
012110212043305040004200 1202309037.193309
012110212043305440004200 1202309037.193313
012110212043300540004200 1202309037.193315
012110212043310540004200 1202309037.193316
012110212043351440000400 1202309037.193703
012110212043351540000400 1202309037.193705
012110212043300540002400 1202309037.193848
012110212043310540002400 1202309037.193850
012110212043351040000500 1202309037.194041
012110212043351440000500 1202309037.194146
012110212043351540000500 1202309037.194148
012110212543321040001500 1202309037.194234
012210202543321540001500 1202309037.194243
012110212543321540001500 1202309037.194245
012210222543321540001500 1202309037.194246
012110212043351440000010 1202309037.194501
012110212043351540000010 1202309037.194504
012110212043305040001010 1202309037.194541
012110212543305040001010 1202309037.194542
012110212043355040001010 1202309037.194545
012110212543355040001010 1202309037.194546
012110212043305440001010 1202309037.194555
012110212543305440001010 1202309037.194557
012110212043355440001010 1202309037.194559
012110212543355440001010 1202309037.194601
012110212043300540001010 1202309037.194602
012110212543300540001010 1202309037.194604
012110212043310540001010 1202309037.194605
012110212543310540001010 1202309037.194607
012110212043350540001010 1202309037.194609
012110212543350540001010 1202309037.194610
012110222543314540001010 1202309037.194624
012210012343305040002010 1202309037.195008
012210012343315040002010 1202309037.195009
012210012343305140002010 1202309037.195012
012210012343315140002010 1202309037.195014
012210012343305440002010 1202309037.195031
012210012343315440002010 1202309037.195035
012110212045300040003010 1202309037.195504
012110222543355440001110 1202309037.200537
012210012343305040002110 1202309037.200852
012210012343315040002110 1202309037.200853
012210012343305140002110 1202309037.200856
012210012343315140002110 1202309037.200858
012210012343305440002110 1202309037.200904
012210012343315440002110 1202309037.200906
012110212043351040000510 1202309037.203148
012110212043351440000510 1202309037.203151
012110212043351540000510 1202309037.203154
012110212543325040001510 1202309037.203234
012110212043351440000020 1202309037.203722
012110212043351540000020 1202309037.203725
012110212043305040001020 1202309037.203805
012110212543305040001020 1202309037.203806
012110212043355040001020 1202309037.203811
012110212543355040001020 1202309037.203812
012110212043305440001020 1202309037.203823
012110212543305440001020 1202309037.203824
012110212043355440001020 1202309037.203829
012110212543355440001020 1202309037.203830
012110222543355440001120 1202309037.204701
012210252143351440000520 1202309037.210315
012110212543325040001520 1202309037.210353
012210002543325140001520 1202309037.210402
012210022543325140001520 1202309037.210404
012110212045301040001030 1202309037.210803
012110212545301040001030 1202309037.210805
012110212045351040001030 1202309037.210808
012110212545351040001030 1202309037.210810
012110212043301540001040 1202309037.213212
012110212543301540001040 1202309037.213214
012110212043351540001040 1202309037.213216
012110212543351540001040 1202309037.213218
012210512343301040002040 1202309037.213619
012210522343301040002040 1202309037.213621
012210502343311040002040 1202309037.213623
012210012343305040002040 1202309037.213627
012210212343305040002040 1202309037.213629
012210012343315040002040 1202309037.213630
012210512343315040002040 1202309037.213632
012210012343315140002040 1202309037.213635
012210012343305440002040 1202309037.213653
012210212343305440002040 1202309037.213655
012210012343315440002040 1202309037.213659
012210512343305540002040 1202309037.213712
012110222543351540001140 1202309037.214250
012210502343311040002140 1202309037.214349
012210012343305040002140 1202309037.214352
012210012343315040002140 1202309037.214353
012210012343305140002140 1202309037.214356
012210012343315140002140 1202309037.214358
012210012343305440002140 1202309037.214404
012210012343315440002140 1202309037.214407
012110212043351440000550 1202309041.011848
012110212543301040000001 1202309041.012216
012110212543351040000001 1202309041.012219
012110212543301440000001 1202309041.012223
012110212043301540000001 1202309041.012226
012110212543301540000001 1202309041.012228
012110212043351540000001 1202309041.012230
012110212543351540000001 1202309041.012231
012210422343305040002001 1202309041.012518
012210402343315040002001 1202309041.012520
012210012343305440002001 1202309041.012540
012210012343305540002001 1202309041.012554
012110212543351040000101 1202309041.013117
012110212543351440000101 1202309041.013124
012110212043351540000101 1202309041.013127
012110212543351540000101 1202309041.013128
012210402343315040002101 1202309041.013412
012210012343305440002101 1202309041.013421
012210012343305540002101 1202309041.013426
012110212043351540000201 1202309041.013739
012510012043305240002301 1202309041.014522
012510012143305240002301 1202309041.014523
012510012043305440002301 1202309041.014528
012510012143305440002301 1202309041.014529
012210012343305440002011 1202309041.020051
012210212543351040000111 1202309041.020541
012210012343305440002111 1202309041.020942
012510012043305440002311 1202309041.021958
012510012143305440002311 1202309041.021959
012210252543301040000411 1202309041.022153
012110222543311040000411 1202309041.022155
012110222543311440000411 1202309041.022202
012210212543301540000411 1202309041.022206
012110222543301540000411 1202309041.022208
012110222543311540000411 1202309041.022210
012210212543301540000511 1202309041.022745
012510552043351040001021 1202309041.023339
012510012543305040001021 1202309041.023346
012510052543305040001021 1202309041.023348
012510452543305040001021 1202309041.023350
012510012543315040001021 1202309041.023352
012510052543315040001021 1202309041.023354
012510012043355040001021 1202309041.023358
012510052043355040001021 1202309041.023359
012510452043355040001021 1202309041.023401
012510552043355040001021 1202309041.023402
012510012143355040001021 1202309041.023404
012510012543355040001021 1202309041.023405
012510052543355040001021 1202309041.023407
012510452543355040001021 1202309041.023408
012510012543305140001021 1202309041.023422
012510052543305140001021 1202309041.023424
012510452543305140001021 1202309041.023425
012510012543315140001021 1202309041.023428
012510052543315140001021 1202309041.023430
012510012043355140001021 1202309041.023432
012510052043355140001021 1202309041.023434
012510012143355140001021 1202309041.023436
012510012543355140001021 1202309041.023437
012510052543355140001021 1202309041.023439
012510052543300240001021 1202309041.023441
012510452543300240001021 1202309041.023442
012510452543310240001021 1202309041.023444
012510452543350240001021 1202309041.023446
012510012543304240001021 1202309041.023456
012510012543314240001021 1202309041.023459
012510052543314240001021 1202309041.023501
012510012143354240001021 1202309041.023503
012510012543354240001021 1202309041.023505
012510052543354240001021 1202309041.023506
012510012543305240001021 1202309041.023509
012510012543315240001021 1202309041.023512
012510012143355240001021 1202309041.023515
012510012543355240001021 1202309041.023516
012510052543355240001021 1202309041.023518
012510552043351440001021 1202309041.023525
012510012543305440001021 1202309041.023532
012510052543305440001021 1202309041.023534
012510452543305440001021 1202309041.023535
012510012543315440001021 1202309041.023538
012510012043355440001021 1202309041.023542
012510052043355440001021 1202309041.023543
012510552043355440001021 1202309041.023545
012510012143355440001021 1202309041.023546
012510012543355440001021 1202309041.023548
012510052543355440001021 1202309041.023549
012210212543301040000121 1202309041.031641
012210212543301440000121 1202309041.031648
012510012043355040001121 1202309041.034709
012510012143355040001121 1202309041.034710
012510012543355040001121 1202309041.034712
012510012043355140001121 1202309041.034726
012510012143355140001121 1202309041.034728
012510012543355140001121 1202309041.034729
012510012143355240001121 1202309041.034812
012510012543355240001121 1202309041.034814
012510012043355440001121 1202309041.034829
012510012143355440001121 1202309041.034831
012510012543355440001121 1202309041.034832
012210212543301040000421 1202309041.061959
012110222543301040000421 1202309041.062000
012110222543301540000421 1202309041.062009
012110222543311540000421 1202309041.062010
012210212543301040000521 1202309041.075717
012210012343305440002041 1202309041.090153
012210212543351040020141 1202309041.090633
012210012343305040002141 1202309041.090814
012210012343305440002141 1202309041.090822
012510012143305040002341 1202309041.091448
012510012043305440002341 1202309041.091500
012510012143305440002341 1202309041.091502
012210212543301040010441 1202309041.091648
012110222543301040010441 1202309041.091649
012110222543311040010441 1202309041.091651
012110222543311440010441 1202309041.091701
