012210102143301540002400 
012210102143311540002400 
012210102143305540002410 
012210102143315540002410 
012110422543325040021520 
012110422543325140021520 
012110422543325440021520 
012210102143305540002401 
012210102143315540002401 
012210102143315540002441 
012110252143310240010242 
012210102143305040002014 
012210102143315040002014 
012210102143315440002014 
012210102143305040002114 
012210102143315040002114 
012210102143315440002114 
012210102143305540002414 
012110222543315240001054 
012110222543355240001054 
012110222543355240001154 
