01111420214330104001 2 1202410163.194419
01111120214331104001 2 1202410163.194533
01111420214331104001 2 1202410163.194602
01111120214334104001 2 1202410163.194822
01111420214334104001 2 1202410163.194851
01111120214330024001 2 1202410163.201423
01111420214330024001 2 1202410163.201451
02421020210331024001 2 1202410163.201606
02421020211331024001 2 1202410163.201641
02421020212331024001 2 1202410163.201716
02421020213331024001 2 1202410163.201752
02421020214331024001 2 1202410163.201827
01111120214334024001 2 1202410163.202055
01111420214334024001 2 1202410163.202123
01111120214330124001 2 1202410163.202248
01111420214330124001 2 1202410163.202317
02421020210331124001 2 1202410163.202434
02421020211331124001 2 1202410163.202510
02421020212331124001 2 1202410163.202545
02421020213331124001 2 1202410163.202621
02421020214331124001 2 1202410163.202657
01111120214331124001 2 1202410163.202721
01111420214331124001 2 1202410163.202750
01111120214334124001 2 1202410163.203019
01111420214334124001 2 1202410163.203047
01111120214330224001 2 1202410163.203212
01111420214330224001 2 1202410163.203240
02421020210331224001 2 1202410163.203356
02421020211331224001 2 1202410163.203431
02421020212331224001 2 1202410163.203507
02421020213331224001 2 1202410163.203542
02421020214331224001 2 1202410163.203617
01111120214334224001 2 1202410163.203757
01111420214334224001 2 1202410163.203825
01111120214330424001 2 1202410163.203953
01111420214330424001 2 1202410163.204021
02421020210331424001 2 1202410163.204139
02421020211331424001 2 1202410163.204215
02421020212331424001 2 1202410163.204250
02421020213331424001 2 1202410163.204326
02421020214331424001 2 1202410163.204401
01111120214334424001 2 1202410163.204634
01111420214334424001 2 1202410163.204702
01121320202431024101 1 1202410163.213650
01121320202431124101 1 1202410163.214150
01121320202431224101 1 1202410163.214645
01121320202431424101 1 1202410163.215040
00221000213130404201 2 1202410163.222622
00221004213130404201 2 1202410163.222708
00221000213130414201 2 1202410163.224656
00221004213130414201 2 1202410163.224742
00221004213130024201 2 1202410163.225344
00221004213130124201 2 1202410163.225919
00221004213130224201 2 1202410163.230454
00221004213130424201 2 1202410163.230920
00221004213130044201 2 1202410163.231511
00221004213130144201 2 1202410163.232102
01411120200331144201 2 1202410163.232252
01111120204331144201 2 1202410163.232340
00221004213130244201 2 1202410163.232746
00221000213130444201 2 1202410163.233422
00221004213130444201 2 1202410163.233508
01411120200331444201 2 1202410163.233738
01411120201331444201 2 1202410163.233810
01411120202331444201 2 1202410163.233842
01411120203331444201 2 1202410163.233915
01111120204331444201 2 1202410163.233947
01411120204331444201 2 1202410163.234013
