01111420214330104001 2 1202410174.172823
01111120214331104001 2 1202410174.172936
01111420214331104001 2 1202410174.173002
01111120214334104001 2 1202410174.173228
01111420214334104001 2 1202410174.173254
01111120214330024001 2 1202410174.180013
01111420214330024001 2 1202410174.180039
02421020210331024001 2 1202410174.180156
02421020211331024001 2 1202410174.180230
02421020212331024001 2 1202410174.180303
02421020213331024001 2 1202410174.180336
02421020214331024001 2 1202410174.180410
01111120214334024001 2 1202410174.180648
01111420214334024001 2 1202410174.180714
01111120214330124001 2 1202410174.180842
01111420214330124001 2 1202410174.180908
02421020210331124001 2 1202410174.181025
02421020211331124001 2 1202410174.181058
02421020212331124001 2 1202410174.181132
02421020213331124001 2 1202410174.181205
02421020214331124001 2 1202410174.181238
01111120214331124001 2 1202410174.181300
01111420214331124001 2 1202410174.181326
01111120214334124001 2 1202410174.181605
01111420214334124001 2 1202410174.181631
01111120214330224001 2 1202410174.181759
01111420214330224001 2 1202410174.181825
02421020210331224001 2 1202410174.181942
02421020211331224001 2 1202410174.182016
02421020212331224001 2 1202410174.182049
02421020213331224001 2 1202410174.182122
02421020214331224001 2 1202410174.182156
01111120214334224001 2 1202410174.182340
01111420214334224001 2 1202410174.182406
01111120214330424001 2 1202410174.182539
01111420214330424001 2 1202410174.182605
02421020210331424001 2 1202410174.182725
02421020211331424001 2 1202410174.182759
02421020212331424001 2 1202410174.182833
02421020213331424001 2 1202410174.182907
02421020214331424001 2 1202410174.182941
01111120214334424001 2 1202410174.183225
01111420214334424001 2 1202410174.183251
01121320202431024101 1 1202410174.193026
01121320202431124101 1 1202410174.193654
01121320202431224101 1 1202410174.194322
01121320202431424101 1 1202410174.194835
00221000213130404201 2 1202410174.203138
00221004213130404201 2 1202410174.203208
00221000213130414201 2 1202410174.205202
00221004213130414201 2 1202410174.205232
00221004213130024201 2 1202410174.205804
00221004213130124201 2 1202410174.210311
00221004213130224201 2 1202410174.210819
00221004213130424201 2 1202410174.211221
00221004213130044201 2 1202410174.211744
00221004213130144201 2 1202410174.212307
01411120200331144201 2 1202410174.212450
01111120204331144201 2 1202410174.212532
00221004213130244201 2 1202410174.212915
00221000213130444201 2 1202410174.213515
00221004213130444201 2 1202410174.213546
01411120200331444201 2 1202410174.213802
01411120201331444201 2 1202410174.213829
01411120202331444201 2 1202410174.213856
01411120203331444201 2 1202410174.213923
01111120204331444201 2 1202410174.213950
01411120204331444201 2 1202410174.214012
01111420214330104002 2 1202410174.231850
01111120214331104002 2 1202410174.231949
01111420214331104002 2 1202410174.232015
01111120214334104002 2 1202410174.232156
01111420214334104002 2 1202410174.232222
01111120214330024002 2 1202410174.233954
01111420214330024002 2 1202410174.234020
01111120214334024002 2 1202410174.234222
01111420214334024002 2 1202410174.234248
01111120214330124002 2 1202410174.234344
01111420214330124002 2 1202410174.234410
01111120214331124002 2 1202410174.234509
01111420214331124002 2 1202410174.234535
01111120214334124002 2 1202410174.234719
01111420214334124002 2 1202410174.234750
01111120214330224002 2 1202410174.234855
01111420214330224002 2 1202410174.234927
01111120214334224002 2 1202410174.235132
01111420214334224002 2 1202410174.235204
01111120214330424002 2 1202410174.235313
01111420214330424002 2 1202410174.235344
01111120214334424002 2 1202410174.235626
01111420214334424002 2 1202410174.235658
01121320202431024102 1 1202410185.004126
01121320202431124102 1 1202410185.004540
01121320202431224102 1 1202410185.004954
01121320202431424102 1 1202410185.005326
00221000213130404202 2 1202410185.012129
00221004213130404202 2 1202410185.012206
00221000213130414202 2 1202410185.013630
00221004213130414202 2 1202410185.013707
00221004213130024202 2 1202410185.014127
00221004213130124202 2 1202410185.014457
00221004213130224202 2 1202410185.014847
00221004213130424202 2 1202410185.015137
00221004213130044202 2 1202410185.015521
01411120200331044202 2 1202410185.015641
01411120201331044202 2 1202410185.015711
01411120202331044202 2 1202410185.015741
01411120203331044202 2 1202410185.015811
01411120204331044202 2 1202410185.015841
00221004213130144202 2 1202410185.020121
01411120200331144202 2 1202410185.020247
01411120201331144202 2 1202410185.020318
01411120202331144202 2 1202410185.020348
01411120203331144202 2 1202410185.020418
01111120204331144202 2 1202410185.020449
01411120204331144202 2 1202410185.020515
00221004213130244202 2 1202410185.020810
01411120200331244202 2 1202410185.020930
01411120201331244202 2 1202410185.021001
01411120202331244202 2 1202410185.021031
01411120203331244202 2 1202410185.021101
01411120204331244202 2 1202410185.021132
00221000213130444202 2 1202410185.021454
00221004213130444202 2 1202410185.021531
01411120200331444202 2 1202410185.021731
01411120201331444202 2 1202410185.021801
01411120202331444202 2 1202410185.021831
01411120203331444202 2 1202410185.021902
01111120204331444202 2 1202410185.021932
01411120204331444202 2 1202410185.021959
