001510202135302042420244 1 1202503237.195317
011010222030304542420244 1 1202503237.195321
001510202130304542420244 1 1202503237.195323
002510302101304542420244 2 1202503237.195326
002510302111304542420244 2 1202503237.195328
001510202131304542420244 2 1202503237.195331
002510302131304542420244 2 1202503237.195333
002510302141304542420244 2 1202503237.195335
002510302151304542420244 2 1202503237.195338
001510202133304542420244 2 1202503237.195340
001510202134304542420244 2 1202503237.195343
001510202135304542420244 2 1202503237.195345
