014410252130304042420410 2 1202503237.195020
014410252131304042420410 2 1202503237.195022
014410252133304042420410 2 1202503237.195023
014410252134304042420410 2 1202503237.195025
014410252135304042420410 1 1202503237.195027
014410252130304142420410 1 1202503237.195042
014410252130304442420410 2 1202503237.195105
014410252131304442420410 2 1202503237.195106
014410252133304442420410 2 1202503237.195108
014410252134304442420410 2 1202503237.195109
014410252135304442420410 1 1202503237.195111
054110552131304042420521 2 1202503237.195300
054115552131304042420521 2 1202503237.195303
014510252130302042420114 1 1202503237.195534
014510252130352042420114 1 1202503237.195536
041415202130314042420114 1 1202503237.195541
041415202131314042420114 2 1202503237.195544
041115202133314042420114 2 1202503237.195546
041415202133314042420114 2 1202503237.195547
041415202134314042420114 2 1202503237.195549
041415202135314042420114 1 1202503237.195551
014510252130304142420114 2 1202503237.195607
014510252130314142420114 2 1202503237.195611
014510252135314142420114 1 1202503237.195615
014510252130314242420114 2 1202503237.195635
014510252131314242420114 2 1202503237.195637
014510252133314242420114 2 1202503237.195639
014510252134314242420114 2 1202503237.195640
014510252135314242420114 1 1202503237.195643
011010222030354442420114 1 1202503237.195712
011010222035354442420114 1 1202503237.195714
011010222030304542420114 1 1202503237.195723
014510252130304542420114 1 1202503237.195725
011010222530304542420114 1 1202503237.195727
011010222035304542420114 1 1202503237.195730
011010222535304542420114 1 1202503237.195734
011010222030314542420114 1 1202503237.195736
014510252130314542420114 1 1202503237.195738
011010222530314542420114 1 1202503237.195740
014510252131314542420114 2 1202503237.195741
014510252133314542420114 2 1202503237.195743
014510252134314542420114 2 1202503237.195745
011010222035314542420114 1 1202503237.195747
014510252135314542420114 1 1202503237.195749
011010222535314542420114 1 1202503237.195751
011010222030354542420114 1 1202503237.195752
011010222530354542420114 1 1202503237.195754
011010222035354542420114 1 1202503237.195756
011010222535354542420114 1 1202503237.195757
