041115202130314042420140 1 1202503237.195107
041215202130314042420140 1 1202503237.195108
011415202130314042420140 1 1202503237.195110
042215302111314042420140 2 1202503237.195111
012415302111314042420140 2 1202503237.195113
041215202131314042420140 2 1202503237.195114
011415202131314042420140 2 1202503237.195116
041215202133314042420140 2 1202503237.195118
011415202133314042420140 2 1202503237.195120
041215202134314042420140 2 1202503237.195121
011415202134314042420140 2 1202503237.195123
041215202135314042420140 2 1202503237.195124
011415202135314042420140 1 1202503237.195126
011415202135354042420140 1 1202503237.195135
011415202130314142420140 1 1202503237.195154
041215202135314142420140 1 1202503237.195156
011415202135314142420140 2 1202503237.195158
041215202135354142420140 2 1202503237.195201
011415202135354142420140 2 1202503237.195203
011415202130314242420140 1 1202503237.195228
012415302111314242420140 2 1202503237.195230
011415202131314242420140 2 1202503237.195232
011415202133314242420140 2 1202503237.195233
011415202134314242420140 2 1202503237.195235
011415202135314242420140 2 1202503237.195237
042215302113310442420140 2 1202503237.195300
042115502113310442420140 2 1202503237.195301
042115502153310442420140 2 1202503237.195307
042215302113311442420140 2 1202503237.195309
042115502113311442420140 2 1202503237.195311
042115502153311442420140 2 1202503237.195317
042215302113312442420140 2 1202503237.195319
042115502113312442420140 2 1202503237.195320
042115502153312442420140 2 1202503237.195327
042215302113314442420140 2 1202503237.195332
042115502113314442420140 2 1202503237.195334
042115502153314442420140 2 1202503237.195341
042215302113315442420140 2 1202503237.195348
042115502113315442420140 2 1202503237.195349
042115502153315442420140 2 1202503237.195356
011415202135302542420140 1 1202503237.195409
041215202135352542420140 1 1202503237.195410
011415202135352542420140 1 1202503237.195412
005510252130354542420511 2 1202503237.195536
011010222030304542420254 1 1202503237.195736
011415222030304042420115 1 1202503237.195742
011415222530304042420115 1 1202503237.195744
011415222035304042420115 1 1202503237.195745
010415222535304042420115 1 1202503237.195747
011415222535304042420115 1 1202503237.195748
012415222535304042420115 1 1202503237.195749
014415222535304042420115 1 1202503237.195751
015415222535304042420115 1 1202503237.195752
011415222030314042420115 1 1202503237.195754
011415222530314042420115 1 1202503237.195755
011415222035314042420115 1 1202503237.195757
010415222535314042420115 1 1202503237.195758
011415222535314042420115 1 1202503237.195800
012415222535314042420115 1 1202503237.195801
014415222535314042420115 1 1202503237.195803
015415222535314042420115 1 1202503237.195804
011415222030354042420115 1 1202503237.195806
011415222530354042420115 1 1202503237.195807
021415222530354042420115 1 1202503237.195808
011415222035354042420115 1 1202503237.195810
010415222535354042420115 1 1202503237.195811
020415222535354042420115 1 1202503237.195813
011415222535354042420115 1 1202503237.195814
021415222535354042420115 1 1202503237.195816
012415222535354042420115 1 1202503237.195817
022415222535354042420115 1 1202503237.195819
014415222535354042420115 1 1202503237.195820
024415222535354042420115 1 1202503237.195822
015415222535354042420115 1 1202503237.195823
025415222535354042420115 1 1202503237.195824
011415222530304442420115 1 1202503237.195827
010415222535304442420115 1 1202503237.195829
011415222535304442420115 1 1202503237.195830
012415222535304442420115 1 1202503237.195832
014415222535304442420115 1 1202503237.195833
015415222535304442420115 1 1202503237.195835
