001215252130304042420500 1 1202503237.195036
001115202135304042420500 2 1202503237.195039
014410352111304042420420 2 1202503237.195056
014110052133311442420420 2 1202503237.195112
014410352111304442420420 2 1202503237.195118
014410352131304442420420 2 1202503237.195120
014410352113304442420420 2 1202503237.195122
014415252133310442420021 2 1202503237.195234
014415252133311442420021 2 1202503237.195238
014415252133312442420021 2 1202503237.195241
014415252133314442420021 2 1202503237.195246
014415252133315442420021 2 1202503237.195250
011010222030354442420104 1 1202503237.195401
011010222030304542420104 1 1202503237.195404
011010222030314542420104 1 1202503237.195405
011010222030354542420104 1 1202503237.195407
