014415352131354442420020 2 1202503237.195118
014415352131354542420020 2 1202503237.195127
014510352113310442420422 2 1202503237.195319
014110552133310442420422 2 1202503237.195321
014510352113311442420422 2 1202503237.195323
014110552133311442420422 2 1202503237.195325
014510352113312442420422 2 1202503237.195326
014110552133312442420422 2 1202503237.195328
014110552131314442420422 2 1202503237.195334
014510352113314442420422 2 1202503237.195337
014110552133314442420422 2 1202503237.195339
014510352113315442420422 2 1202503237.195341
014110552133315442420422 2 1202503237.195342
014510352111314542420422 2 1202503237.195345
