05211757213731454242064000001000 2 1202507071.052809
05211757213731474242064000001000 2 1202507071.052917
01451620253537414241011100001000 1 1202507071.191639
06211557213131454242014100001000 2 1202507082.042238
01451627273531454241001400001000 1 1202507093.202844
01141025273631444241041400001000 2 1202507093.223225
07251730273131404242064400001000 2 1202507104.075120
07251730273131474242064400001000 2 1202507104.075417
06451555213135414242072700001000 2 1202507126.051329
05271726253530414641001012312000 1 1202507126.223423
04411525216331474247011012312000 2 1202507126.235835
01141520216030474241004012312000 1 1202507137.081524
01111525246631404747014012312000 7 1202507137.094515
01121025256631424247004112312000 2 1202507141.134503
05171020213330424741006112312000 2 1202507141.180519
05171623213030414741000212312000 1 1202507152.034800
01141025216331474642042212312000 2 1202507152.162507
01111025216631424247044412312000 7 1202507174.005848
01141025216531444241041712312000 1 1202507185.190630
01141025216031444247041712312000 1 1202507185.193726
05221006216130474242002712312000 7 1202507185.213207
05221006213135474241007712312000 7 1202507196.102232
05121723203030414241000621533000 1 1202507196.223231
05121723203030414241004621533000 1 1202507207.024057
05121723203030414242006621533000 1 1202507207.042406
07471025213631464241046700101100 1 1202507207.074006
06641627213531444247000010101100 2 1202507207.144120
05221222203730414146001010101100 1 1202507207.211548
01641025273036424241041010101100 1 1202507211.003001
01641025263037444242041010101100 1 1202507211.005005
01641025273537424241061010101100 1 1202507211.014822
01641025213036424241071010101100 1 1202507211.030355
01471055213636464242042010101100 2 1202507211.090451
05221630276136404247004010101100 2 1202507211.142854
01641520213537474246014010101100 1 1202507211.171212
06641627263531444241024010101100 2 1202507211.181000
01141520273530224246064010101100 1 1202507211.234311
06641627263531444241074010101100 2 1202507222.003449
01111520213437224641006010101100 1 1202507222.031655
01111520213437224646006010101100 1 1202507222.035418
06441527213537474241016010101100 2 1202507222.042708
06641627213531444241046010101100 1 1202507222.065536
05141527213137404241066010101100 2 1202507222.081025
05141527213537414241066010101100 1 1202507222.081059
05111520213437224741066010101100 1 1202507222.082252
05111520203437204742066010101100 1 1202507222.084052
05111520213437224746066010101100 1 1202507222.085950
05111520213437224747066010101100 1 1202507222.091721
06241635276736474246070110101100 2 1202507233.013132
01141520263737454246001110101100 1 1202507233.031130
06641627213531444242011110101100 1 1202507233.042224
06641627213531444241021110101100 1 1202507233.054254
01641025263536474241041110101100 1 1202507233.065800
05441026263536414241071110101100 1 1202507233.102807
06641627213531444241071110101100 1 1202507233.102924
06641627263531444241002110101100 2 1202507233.122928
06641627213531444242042110101100 2 1202507233.172308
05241520213337044242062110101100 2 1202507233.190405
05241520213337644242062110101100 2 1202507233.190520
01641527253031454241014110101100 1 1202507244.011834
06641627263531444246074110101100 1 1202507244.142529
01141520263036474246006110101100 1 1202507244.160120
06451726263530414241016110101100 1 1202507244.164121
06641627213531444241016110101100 1 1202507244.164256
06641627213531444242016110101100 1 1202507244.171129
06641627213531444241026110101100 1 1202507244.183249
01641025213330404247046110101100 2 1202507244.203835
05161620243437224141066110101100 1 1202507244.205328
05161620203437204142066110101100 1 1202507244.212810
05161620243437224142066110101100 1 1202507244.212923
06641520263537404242066110101100 1 1202507244.213307
06641525273537444242066110101100 1 1202507244.213531
05161620243437224146066110101100 1 1202507244.220520
06641520263531404241007110101100 2 1202507255.011641
06641520263531404242007110101100 2 1202507255.013726
06641520263531404247007110101100 2 1202507255.021846
06111520203437214641067110101100 2 1202507255.070132
06111520203437214642067110101100 2 1202507255.073455
06641527253737404246067110101100 1 1202507255.074635
06111520203437214646067110101100 2 1202507255.080910
06111520203437214647067110101100 2 1202507255.083707
06241635276736474246070210101100 2 1202507255.172756
01141520263536474241001210101100 1 1202507255.180952
06641627213531444241021210101100 1 1202507255.214826
01251025203430274146021210101100 1 1202507255.222325
07471025263537404241041210101100 1 1202507255.225923
01641025213036474241041210101100 1 1202507255.230208
05261222203735414141002210101100 1 1202507266.035604
05251627214331124741002210101100 6 1202507266.041230
05251627214331624741002210101100 6 1202507266.041244
05261222203735414142002210101100 1 1202507266.041736
05261222203735414146002210101100 1 1202507266.043914
05251627214331124746002210101100 6 1202507266.045524
05251627214331624746002210101100 6 1202507266.045537
05661222253030424147002210101100 1 1202507266.050052
05251627214331124747002210101100 6 1202507266.051608
06641627213531444241062210101100 2 1202507266.091523
05261222203735414142004210101100 1 1202507266.131810
06641627263531444246014210101100 1 1202507266.172232
06641627263531444241024210101100 2 1202507266.180629
06641627263531444241044210101100 2 1202507266.202000
06641627213531444241064210101100 2 1202507266.221443
06641627213531444241074210101100 2 1202507277.015636
01141520273530404241006210101100 1 1202507277.052619
01141520273537424241006210101100 1 1202507277.052728
01141527213531454241006210101100 1 1202507277.052837
01111520213437224741006210101100 1 1202507277.054243
01141520273037464242006210101100 1 1202507277.055214
01111520213437264742006210101100 1 1202507277.060341
06641627213531444241016210101100 1 1202507277.070508
05271027213431224741016210101100 2 1202507277.073328
06641627213531444241026210101100 1 1202507277.090116
05271027213431224741066210101100 2 1202507277.114139
06141520213537404242066210101100 1 1202507277.115051
05161620243436224147066210101100 1 1202507277.123735
06241232261635404141067210101100 2 1202507277.193859
06241232261635404142067210101100 2 1202507277.200130
06241232261635404146067210101100 2 1202507277.202217
06241232261635404147067210101100 2 1202507277.204423
01641025273036414241001410101100 1 1202507281.050044
01641025213731424242001410101100 1 1202507281.052031
01451025263537404241011410101100 1 1202507281.061047
01641025213437444241071410101100 2 1202507281.104840
01641025213437444242071410101100 2 1202507281.110648
07441056213737424242012410101100 2 1202507281.132500
07471025263737414246022410101100 1 1202507281.145157
01461005213337144242062410101100 2 1202507281.165322
06641627263531444241024410101100 2 1202507281.234457
06641627263531444241044410101100 2 1202507292.021229
06151627273337474242044410101100 2 1202507292.025802
05251222263736444141006410101100 1 1202507292.082510
05251222263736454141006410101100 2 1202507292.082541
05251222263736444142006410101100 1 1202507292.084602
05251222263736454142006410101100 2 1202507292.084623
05161525273531414242066410101100 1 1202507292.131846
06641627263531444241076410101100 1 1202507292.141036
05271027213530424241000610101100 2 1202507292.213826
05271027213530424242000610101100 2 1202507292.215620
06241635276736474246020610101100 2 1202507303.003259
06641627263531444242060610101100 2 1202507303.023525
06641627263531444241001610101100 1 1202507303.045637
01641025273030474241041610101100 1 1202507303.100457
01641025213036474241041610101100 1 1202507303.100502
05241527263537444241061610101100 2 1202507303.112103
05111520203431204147061610101100 1 1202507303.123747
05111520203431254147061610101100 1 1202507303.123937
06641627263531444241002610101100 2 1202507303.145105
06641627263531444242002610101100 2 1202507303.151238
01211527203431274141012610101100 1 1202507303.161337
01211527203431274147012610101100 1 1202507303.172204
06641627213531444241022610101100 2 1202507303.174203
01641025273031444241042610101100 1 1202507303.185837
06641627263531444242062610101100 2 1202507303.204651
05221222203730414141004610101100 1 1202507303.232819
06111520233437204142004610101100 1 1202507314.002850
06641627263531444242004610101100 2 1202507314.004159
01621025253731474242004610101100 1 1202507314.004819
05221222203730414146004610101100 1 1202507314.011351
06111520203437204146064610101100 2 1202507314.175214
