05671222203530414141001020452000 1 1202507067.191021
05171020213330424641000120452000 2 1202507082.004338
05171020213330424641002120452000 2 1202507082.132306
05171020213330624542004120452000 2 1202507082.221801
05171023213030414646004220452000 1 1202507104.151617
06441520273637414241010007141100 1 1202507163.004348
01121520263430204141002007141100 1 1202507163.092341
01121520263430204142002007141100 1 1202507163.094031
01121520263430204147002007141100 1 1202507163.095717
07441025213637444241042007141100 1 1202507163.115005
01141520213631424241014007141100 1 1202507163.151948
06441526213037464242014007141100 1 1202507163.155158
04111625273637404242044007141100 1 1202507163.174757
01461026213531464242044007141100 1 1202507163.175002
01211520203330044241064007141100 2 1202507163.182908
04211525213637474241064007141100 1 1202507163.183056
07411527203630464241006007141100 1 1202507163.204725
01461027253630414241010107141100 1 1202507174.061252
01461027253630464242070107141100 1 1202507174.092116
01251025263430254141021107141100 1 1202507174.112859
01251025263430254142021107141100 1 1202507174.114421
01441075213331744242062107141100 2 1202507174.174012
01241520273337144242064107141100 2 1202507174.224742
04421520273631414241074107141100 1 1202507174.232514
01461027253630464241016107141100 1 1202507185.013443
01471026213530424242047107141100 2 1202507185.081546
01461027253637464241077107141100 1 1202507185.093316
01461026213635424241002207141100 1 1202507185.195612
01451026213635414241012207141100 1 1202507185.204619
01461025213535424241011407141100 1 1202507196.211331
01461025213631464241012407141100 1 1202507207.005813
06421025213331244241042407141100 2 1202507207.023253
01411025213630414241044407141100 2 1202507207.082427
04111625213637474241044407141100 1 1202507207.082621
01411026203530454241011607141100 1 1202507211.003354
01451026213031464242002607141100 1 1202507211.043838
05251026273636444241004607141100 2 1202507211.091102
05151026213736444241004607141100 1 1202507211.091103
05251020273736444241004607141100 1 1202507211.091104
07441526213330464241004607141100 2 1202507211.091510
05451026213637454241014607141100 1 1202507211.102840
07471025273637414241044607141100 1 1202507211.125104
01211520203337044241064607141100 2 1202507211.134605
01211520203337544241064607141100 2 1202507211.134633
01211520203337744241064607141100 2 1202507211.134648
01461025213330424241001707141100 2 1202507222.050150
01461027213537414241011707141100 2 1202507222.055213
01451026213331424241012707141100 2 1202507222.105338
01451026213037444242062707141100 1 1202507222.133424
05221222253730464141004707141100 1 1202507222.144256
01461025273637414241044707141100 1 1202507222.182518
05161723213030414641000220003200 1 1202507292.000010
01141025213731444246041420003200 2 1202507292.154253
01241570216331044242014030003200 2 1202507303.121027
05221523213730414242062000071300 1 1202507314.062733
05121626213035404247001100071300 1 1202507314.190346
