04411525206331424742011011332100 7 1202507082.000454
04421565231131454747012011332100 7 1202507082.042533
01141520216030474741014011332100 1 1202507082.080116
01141025206330404742041111332100 7 1202507093.025124
01141025266330444742041111332100 7 1202507093.025205
01451005213631454742012111332100 2 1202507093.060707
01241500263530704742014111332100 7 1202507093.101955
05121020203330474242006111332100 7 1202507093.131909
05211000216430224641017111332100 2 1202507093.174333
05211000216430224642017111332100 2 1202507104.022323
01141025266631474247042211332100 7 1202507104.162639
02471525266431714041011411332100 1 1202507115.103910
05121623203030414241000711332100 1 1202507137.013704
01141025256631454742042711332100 2 1202507137.132209
01141025206631454747042711332100 7 1202507137.134139
01141520256031404742004711332100 1 1202507137.152247
05111025213630424241007711332100 2 1202507137.221524
05621035210130474241002021332100 2 1202507141.172613
01241075203531724646046021332100 1 1202507152.043400
01241075203531724746046021332100 1 1202507152.043713
01241075203531724647046021332100 1 1202507152.045030
01241075203531724747046021332100 1 1202507152.045535
01451005203331244746012121332100 6 1202507152.190026
01141065203031444742042121332100 6 1202507152.195655
01141065213031444247042121332100 2 1202507152.200832
05121760200430264041004121332100 6 1202507152.211535
02651500240435724141012221332100 6 1202507163.203945
01141065233331144741042221332100 6 1202507163.215632
05251530215135474241006221332100 2 1202507174.033934
01141065230031544741046221332100 6 1202507174.060634
01241005233531744642046221332100 6 1202507174.061453
01251025253431214141076221332100 1 1202507174.072639
01141065200031444742041421332100 6 1202507185.133607
05121723203030414241000621332100 1 1202507196.091236
05121723203030414241004621332100 1 1202507196.183709
05251530215135474241006621332100 2 1202507196.234358
01251075243431124141026621332100 1 1202507207.013210
05121023203030414246000721332100 1 1202507207.102509
05121623203030414241002721332100 1 1202507207.161449
05121623203030414241004721332100 1 1202507207.201839
05161526273435414541004220553100 1 1202507211.183252
01451065213331144242012707021200 2 1202507266.054507
01451025213331644241072707021200 2 1202507266.083042
05221222203630414141001017021200 1 1202507277.031342
05221222203630414147001017021200 1 1202507277.035851
01141520213631444241014017021200 1 1202507277.161946
01241025213631464241044017021200 1 1202507277.181230
01461025213030424242041117021200 1 1202507281.184951
05111222203635404141001217021200 1 1202507303.024057
01251025203430264141021217021200 1 1202507303.045431
01251025203430264142021217021200 1 1202507303.051114
01461025213530414241041417021200 1 1202507314.171134
