07411627203530414241071000001100 1 1202507071.224112
07441025213631424242041100001100 2 1202507082.213524
05161525273635424242007100001100 2 1202507093.115738
05161525273635424247007100001100 2 1202507093.121101
01141025213637454241041400001100 2 1202507104.214452
05221222203730414146001010001100 1 1202507137.220916
05141625273531244242002010001100 2 1202507141.055733
05221630271331444241004010001100 2 1202507141.135623
05221630271331444242004010001100 2 1202507141.142744
05211650213631474242004010001100 2 1202507141.142935
05221630271331444246004010001100 2 1202507141.145040
07141526213035404241014010001100 1 1202507141.152943
01241567213537424242014010001100 2 1202507141.162105
01241035261731424242044010001100 2 1202507141.193927
01141520273636414242064010001100 1 1202507141.211637
06241537263131464241066010001100 2 1202507152.051604
06241536263131464241067010001100 2 1202507152.123356
05241520213337644242062110001100 2 1202507163.135144
05241520213337744242062110001100 2 1202507163.135205
01141520213037444241064110001100 1 1202507163.231513
01141520273631404242064110001100 1 1202507163.235829
06111520203437214641066110001100 2 1202507174.083730
06111520203437214642066110001100 2 1202507174.090024
06111520203437214646066110001100 2 1202507174.092208
06111520203437214647066110001100 2 1202507174.094341
06111520203437214641067110001100 2 1202507174.163455
06111520203437214642067110001100 2 1202507174.165804
06111520203437214646067110001100 2 1202507174.171938
06111520203437214647067110001100 2 1202507174.174107
01241520213337644242001210001100 2 1202507185.030511
01111025233431214746021210001100 1 1202507185.062223
06141520263637444242002210001100 1 1202507185.111827
06141520263437444241064210001100 2 1202507196.012606
01451027213536414241011410001100 1 1202507207.042822
01141025263537454241041410001100 1 1202507207.065852
01141025273036464241041410001100 1 1202507207.065924
01141025273036474241041410001100 1 1202507207.065959
01141025273036464246041410001100 1 1202507207.073734
01451035211331144242072610001100 2 1202507222.163626
05241222253736414141064610001100 1 1202507233.001746
07461035213337444242042710001100 2 1202507244.150640
01451025213331244241062710001100 2 1202507244.161538
01451035211331144242062710001100 2 1202507244.163855
01451065213331244242072710001100 2 1202507244.180721
01141520213631414241014710001100 1 1202507244.205315
05241536211335474242014710001100 2 1202507244.214444
05421522263530714141001007212100 1 1202507255.233648
01141520213635404242014007212100 2 1202507266.074112
01241530211135464242014007212100 2 1202507266.074331
01241530211135464742014007212100 2 1202507266.075152
01241560213331144247014007212100 2 1202507266.075726
01241530211135464247014007212100 2 1202507266.075830
01241570263331044747014007212100 1 1202507266.080535
01241570263331244747014007212100 1 1202507266.080606
01241560203331744747014007212100 7 1202507266.080720
01141025263331454747041107212100 7 1202507277.002626
01141025243331724642042107212100 7 1202507277.035642
01141025243331724647042107212100 7 1202507277.040823
01141520263031404742004107212100 1 1202507277.050934
05121620203330474247004107212100 7 1202507277.051804
01241560233531714742014107212100 7 1202507277.055320
05171525263335044747007107212100 2 1202507277.123431
01451025263531454741011407212100 1 1202507281.200717
04411520263531474742011407212100 2 1202507281.201939
01141025253531464741041407212100 1 1202507281.211539
01141025263431444747041407212100 7 1202507281.213706
01241035261131444747042407212100 7 1202507292.005912
05121623203030414242000707212100 1 1202507303.101347
05121623203030414241004707212100 1 1202507303.205647
05121023203030414241006707212100 1 1202507314.004846
05221226203530414141001017212100 1 1202507314.143350
04461565203331424742011017212100 7 1202507314.160830
