01411005236631474747022117372100 7 1202507067.150525
01141025206330424642042117372100 7 1202507067.152230
01141025206631454742042117372100 7 1202507067.152426
01141520256031404742004117372100 1 1202507067.173113
04271550213631444742014117372100 2 1202507067.181429
01141025256330474642044117372100 2 1202507067.192524
05121020203330474242006117372100 7 1202507067.210255
05471623253535714041001217372100 1 1202507071.082536
01141025256631404647042217372100 7 1202507071.145220
01141025206631474747042217372100 7 1202507071.145522
06471525206431714041011417372100 1 1202507082.073103
01241025216531414741041417372100 1 1202507082.084503
01141025246631474647002417372100 7 1202507082.110140
01141025216331444242042417372100 2 1202507082.123132
01141025216331444247042417372100 2 1202507082.124754
01241065216131444747042417372100 2 1202507082.125335
05121623203030414241000717372100 1 1202507093.224238
01141025206631474642042717372100 7 1202507104.115020
01141025206331444647042717372100 7 1202507104.121348
01141025206631454747042717372100 7 1202507104.121631
05121623203030414241007717372100 1 1202507104.224506
01141520213731404241064210003100 2 1202507152.053137
01451025213731454241001610003100 2 1202507163.053648
01241530217131404242014610003100 2 1202507163.131226
05161526273435014541000220003100 1 1202507174.184853
01141025213731444246041420003100 2 1202507185.103326
01241570216331044242014030003100 2 1202507196.085734
05221523213730414242062000071200 1 1202507207.070530
04141520213631444241011400071200 2 1202507233.101242
01141025213631444241041400071200 2 1202507233.113811
01451025213331644241072700071200 2 1202507266.004952
05221222203630414141001010071200 1 1202507266.231344
05221222203530414146001010071200 1 1202507277.000908
06241232261536424142042010071200 2 1202507277.142224
06241232261536424146042010071200 2 1202507277.144852
06241232261536424147042010071200 2 1202507277.151400
06141527213631404241014010071200 1 1202507277.210003
01241005263131414242044010071200 2 1202507281.012326
01141520263536454241001110071200 1 1202507292.074146
01451005213331044242062110071200 2 1202507303.000202
06251626203431264141072110071200 1 1202507303.012336
01451005213331644242072110071200 2 1202507303.014654
05111222203635404141001210071200 1 1202507314.204526
01141520263531474241001210071200 1 1202507314.205544
05111222203635454146001210071200 1 1202507314.214006
