01141025213631444241041407040000 2 1202507082.025908
01241570213331644242014000002100 1 1202507093.205235
01141025263331454741041100002100 7 1202507104.143851
01141025263331454742041100002100 7 1202507104.145250
01141025263331454747041100002100 7 1202507104.150613
06151625253430274141017200002100 1 1202507126.155935
06151625253030474241017200002100 1 1202507126.160301
06151025253030474741017200002100 1 1202507126.161308
01141025263031444741041400002100 1 1202507137.031319
01141025263031444747041400002100 1 1202507137.033919
05121623203030414241004700002100 1 1202507152.062049
05261076213530424241001010002100 2 1202507163.040326
05261076213530474241001010002100 2 1202507163.040647
05221020203630414741001010002100 1 1202507163.041934
05221222203630414147001010002100 1 1202507163.052318
05261076213535424247001010002100 1 1202507163.052944
05261076213530474247001010002100 2 1202507163.053419
05221026203530414747001010002100 1 1202507163.054724
01221675243431714141021010002100 7 1202507163.075552
01221675243431714146021010002100 7 1202507163.084903
01221675243431714147021010002100 7 1202507163.091122
01441625263331774241041010002100 2 1202507163.094910
01461035233131744747022010002100 7 1202507163.204034
06141520243035404741014010002100 1 1202507174.053943
01241556213130704242014010002100 2 1202507174.062308
06141520213035404742014010002100 1 1202507174.072810
06141520213035414742014010002100 1 1202507174.072955
01241506213535724742014010002100 2 1202507174.073225
01241576213530754742014010002100 1 1202507174.073609
01241556213536774742014010002100 2 1202507174.074017
01241556203130704747014010002100 7 1202507174.083642
01141025203036474741044010002100 7 1202507174.111113
01141025263136474242044010002100 7 1202507174.112630
01211526263436764141011110002100 1 1202507196.070032
01461025233631714747021110002100 1 1202507196.125620
05121620203330474241002110002100 7 1202507196.194400
05121620203330474242002110002100 7 1202507196.201338
01451065263331044247002110002100 2 1202507196.211117
05121620203330474247002110002100 7 1202507196.211836
01451065263331044247012110002100 2 1202507207.001332
01461065233331744747042110002100 7 1202507207.044409
01461075203331124747062110002100 1 1202507207.065419
01241556213131714742004110002100 2 1202507207.095123
01141520253031464742004110002100 1 1202507207.095548
01241556203131714747004110002100 7 1202507207.110012
01241556213530704242014110002100 2 1202507207.125020
01241556213035744742014110002100 2 1202507207.140340
01211556213131744747014110002100 2 1202507207.152311
01151022263330454742044110002100 2 1202507207.184026
01241570213331444241064110002100 1 1202507207.200239
01141520253031404742064110002100 2 1202507207.213703
06141622253031444742074110002100 2 1202507211.011847
06141622253031444747074110002100 2 1202507211.021901
05121020203330474242006110002100 7 1202507211.025246
05151222263530414141007110002100 2 1202507211.111849
05151222263530414142007110002100 2 1202507211.115012
05151222263530414147007110002100 2 1202507211.124657
05211006263430214142017110002100 2 1202507211.142025
05211006203431264142017110002100 7 1202507211.153052
05211006203431224141067110002100 7 1202507211.214402
05211006203431224142067110002100 7 1202507211.223003
05211006203431224146067110002100 7 1202507211.231806
05211006203431224147067110002100 7 1202507211.235107
05471623253535714041001210002100 1 1202507222.112929
01251025203430264147021210002100 1 1202507222.173533
01461635261131404247042210002100 7 1202507233.070030
01141025233036464747042210002100 7 1202507233.073642
05271273203636414141004210002100 2 1202507233.121049
05271273203636414142004210002100 2 1202507233.124507
05271273203636414146004210002100 2 1202507233.131824
01151022263536244742044210002100 2 1202507233.203421
06151620233531444747044210002100 1 1202507233.213534
01241570213331444241064210002100 1 1202507233.215305
01241570213331444242064210002100 1 1202507233.223927
06141625263031474241074210002100 1 1202507244.015134
01451065203331244747012410002100 7 1202507266.113912
01451065203331544747012410002100 7 1202507266.114012
01461035231136774747022410002100 7 1202507266.134502
01461035261131404747042410002100 2 1202507266.153122
01411055203331124747062410002100 7 1202507266.175617
01151022263536404742024410002100 1 1202507277.023518
01151022263536464742024410002100 1 1202507277.023817
01151022263536404242074410002100 1 1202507277.101853
01151022263536404742074410002100 1 1202507277.105746
01151022263536464742074410002100 1 1202507277.110051
01261075233435264141001610002100 1 1202507281.162203
01261075233435264142001610002100 1 1202507281.170002
01261075233435264146001610002100 1 1202507281.172850
01261075253435264147001610002100 1 1202507281.175250
01461025233531454741021610002100 1 1202507281.210433
01451035211331144247012610002100 2 1202507292.082043
01451075203331044747012610002100 7 1202507292.084441
01451035201331644747012610002100 7 1202507292.084708
01461635231331744747022610002100 7 1202507292.104610
01441635263131424247042610002100 2 1202507292.122021
01451035201331044747062610002100 7 1202507292.150131
05121623203030414241000710002100 1 1202507314.082514
05121623203030414241001710002100 1 1202507314.175241
05121623203030414242001710002100 1 1202507314.183049
