0524153520313144464110002130 6 1202308104.215334
0524153521313144464110002130 2 1202308104.215336
0524153523313144464110002130 6 1202308104.215338
0524153524313144464110002130 6 1202308104.215339
0524153525313144464110002130 2 1202308104.215342
0524153520313144464210002130 6 1202308104.222225
0524153521313144464210002130 2 1202308104.222228
0524153523313144464210002130 6 1202308104.222230
0524153524313144464210002130 6 1202308104.222231
0524153525313144464210002130 2 1202308104.222234
0524153520313144464510002130 6 1202308104.224927
0524153521313144464510002130 2 1202308104.224930
0524153523313144464510002130 6 1202308104.224931
0524153524313144464510002130 6 1202308104.224933
0524153525313144464510002130 2 1202308104.224936
0524153521313144424610002130 2 1202308104.230801
0524153520313144464610002130 6 1202308104.232415
0524153521313144464610002130 2 1202308104.232417
0524153523313144464610002130 6 1202308104.232419
0524153524313144464610002130 6 1202308104.232421
0524153525313144464610002130 2 1202308104.232424
