0565152520003121414110002134 6 1202308115.060937
0565152521003121414110002134 2 1202308115.060940
0565152523003121414110002134 6 1202308115.060942
0565152524003121414110002134 6 1202308115.060944
0565152525003121414110002134 6 1202308115.060947
0561150125003122414110002134 6 1202308115.061135
0565150125003122414110002134 6 1202308115.061137
0561150525003122414110002134 6 1202308115.061139
0565150525003122414110002134 6 1202308115.061140
0565152525003122414110002134 6 1202308115.061143
0565153525003122414110002134 6 1202308115.061144
0565155525003122414110002134 6 1202308115.061146
0565156525003122414110002134 1 1202308115.061147
0524153520313144464110002134 6 1202308115.063436
0524153521313144464110002134 2 1202308115.063439
0524153523313144464110002134 6 1202308115.063440
0524153524313144464110002134 6 1202308115.063442
0524153525313144464110002134 2 1202308115.063445
0565152520003121414210002134 6 1202308115.064446
0565152521003121414210002134 2 1202308115.064449
0565152523003121414210002134 6 1202308115.064451
0565152524003121414210002134 6 1202308115.064454
0565152525003121414210002134 6 1202308115.064457
0561150125003122414210002134 6 1202308115.064702
0565150125003122414210002134 6 1202308115.064703
0561150525003122414210002134 6 1202308115.064705
0565150525003122414210002134 6 1202308115.064707
0565152525003122414210002134 6 1202308115.064709
0565153525003122414210002134 6 1202308115.064710
0565155525003122414210002134 6 1202308115.064712
0565156525003122414210002134 1 1202308115.064713
0524153520313144464210002134 6 1202308115.070950
0524153521313144464210002134 2 1202308115.070953
0524153523313144464210002134 6 1202308115.070954
0524153524313144464210002134 6 1202308115.070956
0524153525313144464210002134 2 1202308115.070959
0565152520003121414510002134 6 1202308115.071753
0565152521003121414510002134 2 1202308115.071756
0565152523003121414510002134 6 1202308115.071758
0565152524003121414510002134 6 1202308115.071801
0565152525003121414510002134 6 1202308115.071804
0561150125003122414510002134 6 1202308115.071951
0565150125003122414510002134 6 1202308115.071953
0561150525003122414510002134 6 1202308115.071955
0565150525003122414510002134 6 1202308115.071956
0565152525003122414510002134 6 1202308115.071958
0565153525003122414510002134 6 1202308115.072000
0565155525003122414510002134 6 1202308115.072002
0565156525003122414510002134 1 1202308115.072003
0524153520313144464510002134 6 1202308115.073953
0524153521313144464510002134 2 1202308115.073956
0524153523313144464510002134 6 1202308115.073957
0524153524313144464510002134 6 1202308115.073959
0524153525313144464510002134 2 1202308115.074002
0565152520003121414610002134 6 1202308115.074734
0565152521003121414610002134 2 1202308115.074737
0565152523003121414610002134 6 1202308115.074739
0565152524003121414610002134 6 1202308115.074741
0565152525003121414610002134 6 1202308115.074744
0561150125003122414610002134 6 1202308115.074935
0565150125003122414610002134 6 1202308115.074936
0561150525003122414610002134 6 1202308115.074938
0565150525003122414610002134 6 1202308115.074940
0565152525003122414610002134 6 1202308115.074942
0565153525003122414610002134 6 1202308115.074944
0565155525003122414610002134 6 1202308115.074945
0565156525003122414610002134 1 1202308115.074946
0524153521313144424610002134 2 1202308115.080034
0524153520313144464610002134 6 1202308115.081548
0524153521313144464610002134 2 1202308115.081551
0524153523313144464610002134 6 1202308115.081552
0524153524313144464610002134 6 1202308115.081554
0524153525313144464610002134 2 1202308115.081557
