0122153021143000464110003220 2 1202308126.141720
0122153025143000464110003220 2 1202308126.141721
0122150025343501464110003220 2 1202308126.141739
0122150021343511464110003220 2 1202308126.141743
0122150025343511464110003220 2 1202308126.141744
0122150025343521464110003220 2 1202308126.141748
0122150025343541464110003220 2 1202308126.141752
0122150021343551464110003220 2 1202308126.141756
0122150025343551464110003220 2 1202308126.141757
0122150021343502464110003220 2 1202308126.141801
0122152021343502464110003220 2 1202308126.141802
0122153021343502464110003220 2 1202308126.141803
0122155021343502464110003220 2 1202308126.141804
0122156021343502464110003220 2 1202308126.141805
0122150025343502464110003220 2 1202308126.141806
0122152025343502464110003220 2 1202308126.141807
0122153025343502464110003220 2 1202308126.141808
0122155025343502464110003220 2 1202308126.141809
0122156025343502464110003220 2 1202308126.141810
0122150021343512464110003220 2 1202308126.141814
0122152021343512464110003220 2 1202308126.141815
0122153021343512464110003220 2 1202308126.141816
0122155021343512464110003220 2 1202308126.141817
0122156021343512464110003220 2 1202308126.141818
0122150025343512464110003220 2 1202308126.141819
0122152025343512464110003220 2 1202308126.141820
0122153025343512464110003220 2 1202308126.141820
0122155025343512464110003220 2 1202308126.141821
0122156025343512464110003220 2 1202308126.141822
0122150021343522464110003220 2 1202308126.141827
0122152021343522464110003220 2 1202308126.141828
0122153021343522464110003220 2 1202308126.141829
0122155021343522464110003220 2 1202308126.141829
0122156021343522464110003220 2 1202308126.141830
0122150025343522464110003220 2 1202308126.141831
0122152025343522464110003220 2 1202308126.141832
0122153025343522464110003220 2 1202308126.141833
0122155025343522464110003220 2 1202308126.141834
0122156025343522464110003220 2 1202308126.141835
0122150021343542464110003220 2 1202308126.141839
0122152021343542464110003220 2 1202308126.141840
0122153021343542464110003220 2 1202308126.141841
0122155021343542464110003220 2 1202308126.141842
0122156021343542464110003220 2 1202308126.141843
0122150025343542464110003220 2 1202308126.141844
0122152025343542464110003220 2 1202308126.141845
0122153025343542464110003220 2 1202308126.141846
0122155025343542464110003220 2 1202308126.141847
0122156025343542464110003220 2 1202308126.141848
0122150021343552464110003220 2 1202308126.141852
0122152021343552464110003220 2 1202308126.141853
0122153021343552464110003220 2 1202308126.141854
0122155021343552464110003220 2 1202308126.141855
0122156021343552464110003220 2 1202308126.141856
0122150025343552464110003220 2 1202308126.141857
0122152025343552464110003220 2 1202308126.141858
0122153025343552464110003220 2 1202308126.141859
0122155025343552464110003220 2 1202308126.141900
0122156025343552464110003220 2 1202308126.141901
0122150025343505464110003220 2 1202308126.141918
0122152025343505464110003220 2 1202308126.141919
0122153025343505464110003220 2 1202308126.141920
0122155025343505464110003220 2 1202308126.141921
0122156025343505464110003220 2 1202308126.141922
0122150021343515464110003220 2 1202308126.141926
0122150025343515464110003220 2 1202308126.141927
0122152025343515464110003220 2 1202308126.141928
0122153025343515464110003220 2 1202308126.141929
0122155025343515464110003220 2 1202308126.141930
0122156025343515464110003220 2 1202308126.141931
0122150025343525464110003220 2 1202308126.141935
0122152025343525464110003220 2 1202308126.141936
0122153025343525464110003220 2 1202308126.141937
0122155025343525464110003220 2 1202308126.141938
0122156025343525464110003220 2 1202308126.141939
0122150025343545464110003220 2 1202308126.141943
0122152025343545464110003220 2 1202308126.141944
0122153025343545464110003220 2 1202308126.141945
0122155025343545464110003220 2 1202308126.141946
0122156025343545464110003220 2 1202308126.141947
0122150021343555464110003220 2 1202308126.141951
0122152021343555464110003220 2 1202308126.141952
0122153021343555464110003220 2 1202308126.141953
0122155021343555464110003220 2 1202308126.141954
0122156021343555464110003220 2 1202308126.141955
0122150025343555464110003220 2 1202308126.141956
0122152025343555464110003220 2 1202308126.141957
0122153025343555464110003220 2 1202308126.141958
0122155025343555464110003220 2 1202308126.141959
0122156025343555464110003220 2 1202308126.142000
0122153021143000464210003220 2 1202308126.142853
0122153025143000464210003220 2 1202308126.142854
0122150025343501464210003220 2 1202308126.142912
0122150021343511464210003220 2 1202308126.142916
0122150025343511464210003220 2 1202308126.142917
0122150025343521464210003220 2 1202308126.142921
0122150025343541464210003220 2 1202308126.142925
0122150021343551464210003220 2 1202308126.142929
0122150025343551464210003220 2 1202308126.142930
0122150021343502464210003220 2 1202308126.142934
0122152021343502464210003220 2 1202308126.142935
0122153021343502464210003220 2 1202308126.142936
0122155021343502464210003220 2 1202308126.142937
0122156021343502464210003220 2 1202308126.142938
0122150025343502464210003220 2 1202308126.142939
0122152025343502464210003220 2 1202308126.142940
0122153025343502464210003220 2 1202308126.142941
0122155025343502464210003220 2 1202308126.142942
0122156025343502464210003220 2 1202308126.142943
0122150021343512464210003220 2 1202308126.142947
0122152021343512464210003220 2 1202308126.142948
0122153021343512464210003220 2 1202308126.142949
0122155021343512464210003220 2 1202308126.142950
0122156021343512464210003220 2 1202308126.142951
0122150025343512464210003220 2 1202308126.142952
0122152025343512464210003220 2 1202308126.142953
0122153025343512464210003220 2 1202308126.142954
0122155025343512464210003220 2 1202308126.142955
0122156025343512464210003220 2 1202308126.142956
0122150021343522464210003220 2 1202308126.143000
0122152021343522464210003220 2 1202308126.143001
0122153021343522464210003220 2 1202308126.143002
0122155021343522464210003220 2 1202308126.143003
0122156021343522464210003220 2 1202308126.143004
0122150025343522464210003220 2 1202308126.143005
0122152025343522464210003220 2 1202308126.143006
0122153025343522464210003220 2 1202308126.143007
0122155025343522464210003220 2 1202308126.143008
0122156025343522464210003220 2 1202308126.143009
0122150021343542464210003220 2 1202308126.143013
0122152021343542464210003220 2 1202308126.143014
0122153021343542464210003220 2 1202308126.143015
0122155021343542464210003220 2 1202308126.143016
0122156021343542464210003220 2 1202308126.143017
0122150025343542464210003220 2 1202308126.143018
0122152025343542464210003220 2 1202308126.143019
0122153025343542464210003220 2 1202308126.143020
0122155025343542464210003220 2 1202308126.143020
0122156025343542464210003220 2 1202308126.143021
0122150021343552464210003220 2 1202308126.143026
0122152021343552464210003220 2 1202308126.143027
0122153021343552464210003220 2 1202308126.143028
0122155021343552464210003220 2 1202308126.143029
0122156021343552464210003220 2 1202308126.143029
0122150025343552464210003220 2 1202308126.143030
0122152025343552464210003220 2 1202308126.143031
0122153025343552464210003220 2 1202308126.143032
0122155025343552464210003220 2 1202308126.143033
0122156025343552464210003220 2 1202308126.143034
0122150025343505464210003220 2 1202308126.143052
0122152025343505464210003220 2 1202308126.143053
0122153025343505464210003220 2 1202308126.143054
0122155025343505464210003220 2 1202308126.143055
0122156025343505464210003220 2 1202308126.143056
0122150021343515464210003220 2 1202308126.143100
0122150025343515464210003220 2 1202308126.143101
0122152025343515464210003220 2 1202308126.143102
0122153025343515464210003220 2 1202308126.143103
0122155025343515464210003220 2 1202308126.143104
0122156025343515464210003220 2 1202308126.143105
0122150025343525464210003220 2 1202308126.143109
0122152025343525464210003220 2 1202308126.143110
0122153025343525464210003220 2 1202308126.143111
0122155025343525464210003220 2 1202308126.143112
0122156025343525464210003220 2 1202308126.143113
0122150025343545464210003220 2 1202308126.143117
0122152025343545464210003220 2 1202308126.143118
0122153025343545464210003220 2 1202308126.143119
0122155025343545464210003220 2 1202308126.143120
0122156025343545464210003220 2 1202308126.143121
0122150021343555464210003220 2 1202308126.143125
0122152021343555464210003220 2 1202308126.143126
0122153021343555464210003220 2 1202308126.143127
0122155021343555464210003220 2 1202308126.143128
0122156021343555464210003220 2 1202308126.143129
0122150025343555464210003220 2 1202308126.143130
0122152025343555464210003220 2 1202308126.143131
0122153025343555464210003220 2 1202308126.143132
0122155025343555464210003220 2 1202308126.143133
0122156025343555464210003220 2 1202308126.143134
0122153021143000464510003220 2 1202308126.144016
0122153025143000464510003220 2 1202308126.144017
0122150025343501464510003220 2 1202308126.144034
0122150021343511464510003220 2 1202308126.144038
0122150025343511464510003220 2 1202308126.144039
0122150025343521464510003220 2 1202308126.144043
0122150025343541464510003220 2 1202308126.144047
0122150021343551464510003220 2 1202308126.144051
0122150025343551464510003220 2 1202308126.144052
0122150021343502464510003220 2 1202308126.144056
0122152021343502464510003220 2 1202308126.144057
0122153021343502464510003220 2 1202308126.144058
0122155021343502464510003220 2 1202308126.144059
0122156021343502464510003220 2 1202308126.144100
0122150025343502464510003220 2 1202308126.144101
0122152025343502464510003220 2 1202308126.144102
0122153025343502464510003220 2 1202308126.144103
0122155025343502464510003220 2 1202308126.144104
0122156025343502464510003220 2 1202308126.144105
0122150021343512464510003220 2 1202308126.144109
0122152021343512464510003220 2 1202308126.144110
0122153021343512464510003220 2 1202308126.144111
0122155021343512464510003220 2 1202308126.144112
0122156021343512464510003220 2 1202308126.144113
0122150025343512464510003220 2 1202308126.144114
0122152025343512464510003220 2 1202308126.144115
0122153025343512464510003220 2 1202308126.144116
0122155025343512464510003220 2 1202308126.144117
0122156025343512464510003220 2 1202308126.144118
0122150021343522464510003220 2 1202308126.144122
0122152021343522464510003220 2 1202308126.144123
0122153021343522464510003220 2 1202308126.144124
0122155021343522464510003220 2 1202308126.144125
0122156021343522464510003220 2 1202308126.144126
0122150025343522464510003220 2 1202308126.144127
0122152025343522464510003220 2 1202308126.144128
0122153025343522464510003220 2 1202308126.144128
0122155025343522464510003220 2 1202308126.144129
0122156025343522464510003220 2 1202308126.144130
0122150021343542464510003220 2 1202308126.144134
0122152021343542464510003220 2 1202308126.144135
0122153021343542464510003220 2 1202308126.144136
0122155021343542464510003220 2 1202308126.144137
0122156021343542464510003220 2 1202308126.144138
0122150025343542464510003220 2 1202308126.144139
0122152025343542464510003220 2 1202308126.144140
0122153025343542464510003220 2 1202308126.144141
0122155025343542464510003220 2 1202308126.144142
0122156025343542464510003220 2 1202308126.144143
0122150021343552464510003220 2 1202308126.144147
0122152021343552464510003220 2 1202308126.144148
0122153021343552464510003220 2 1202308126.144149
0122155021343552464510003220 2 1202308126.144150
0122156021343552464510003220 2 1202308126.144151
0122150025343552464510003220 2 1202308126.144152
0122152025343552464510003220 2 1202308126.144153
0122153025343552464510003220 2 1202308126.144154
0122155025343552464510003220 2 1202308126.144155
0122156025343552464510003220 2 1202308126.144156
0122150025343505464510003220 2 1202308126.144213
0122152025343505464510003220 2 1202308126.144214
0122153025343505464510003220 2 1202308126.144215
0122155025343505464510003220 2 1202308126.144216
0122156025343505464510003220 2 1202308126.144217
0122150021343515464510003220 2 1202308126.144221
0122150025343515464510003220 2 1202308126.144222
0122152025343515464510003220 2 1202308126.144223
0122153025343515464510003220 2 1202308126.144224
0122155025343515464510003220 2 1202308126.144225
0122156025343515464510003220 2 1202308126.144226
0122150025343525464510003220 2 1202308126.144230
0122152025343525464510003220 2 1202308126.144231
0122153025343525464510003220 2 1202308126.144232
0122155025343525464510003220 2 1202308126.144233
0122156025343525464510003220 2 1202308126.144234
0122150025343545464510003220 2 1202308126.144238
0122152025343545464510003220 2 1202308126.144239
0122153025343545464510003220 2 1202308126.144240
0122155025343545464510003220 2 1202308126.144241
0122156025343545464510003220 2 1202308126.144242
0122150021343555464510003220 2 1202308126.144246
0122152021343555464510003220 2 1202308126.144247
0122153021343555464510003220 2 1202308126.144248
0122155021343555464510003220 2 1202308126.144249
0122156021343555464510003220 2 1202308126.144250
0122150025343555464510003220 2 1202308126.144251
0122152025343555464510003220 2 1202308126.144252
0122153025343555464510003220 2 1202308126.144253
0122155025343555464510003220 2 1202308126.144253
0122156025343555464510003220 2 1202308126.144254
