0564153521103144424110001022 2 1202308141.111544
0564153525103144424110001022 2 1202308141.111546
0564153526103144424110001022 6 1202308141.111547
0514156521303144424110001022 2 1202308141.111549
0514156525303144424110001022 2 1202308141.111553
0514156526303144424110001022 6 1202308141.111556
0564153521113144424110001022 2 1202308141.111557
0564153525113144424110001022 2 1202308141.111559
0514156521313144424110001022 2 1202308141.111600
0514156525313144424110001022 2 1202308141.111603
0564153521133144424110001022 2 1202308141.111605
0564153525133144424110001022 2 1202308141.111607
0514156521333144424110001022 2 1202308141.111608
0514156525333144424110001022 2 1202308141.111611
0564153521143144424110001022 2 1202308141.111613
0564153525143144424110001022 2 1202308141.111615
0514156521343144424110001022 2 1202308141.111616
0514156525343144424110001022 2 1202308141.111618
0564153521153144424110001022 2 1202308141.111620
0564153525153144424110001022 2 1202308141.111622
0564153526153144424110001022 6 1202308141.111623
0514156521353144424110001022 2 1202308141.111626
0514156525353144424110001022 2 1202308141.111631
0514156526353144424110001022 6 1202308141.111634
0564153521163144424110001022 2 1202308141.111636
0564153525163144424110001022 2 1202308141.111638
0514156521363144424110001022 2 1202308141.111639
0514156525363144424110001022 2 1202308141.111641
0661166224343122454110001022 6 1202308141.113252
0661166624343122454110001022 6 1202308141.113254
0661166224343126454110001022 6 1202308141.113558
0661166624343126454110001022 6 1202308141.113600
0564153521103144424210001022 2 1202308141.120351
0564153525103144424210001022 2 1202308141.120353
0564153526103144424210001022 6 1202308141.120354
0514156521303144424210001022 2 1202308141.120356
0514156525303144424210001022 2 1202308141.120359
0514156526303144424210001022 6 1202308141.120401
0564153521113144424210001022 2 1202308141.120402
0564153525113144424210001022 2 1202308141.120404
0514156521313144424210001022 2 1202308141.120405
0514156525313144424210001022 2 1202308141.120407
0564153521133144424210001022 2 1202308141.120409
0564153525133144424210001022 2 1202308141.120411
0514156521333144424210001022 2 1202308141.120412
0514156525333144424210001022 2 1202308141.120414
0564153521143144424210001022 2 1202308141.120416
0564153525143144424210001022 2 1202308141.120417
0514156521343144424210001022 2 1202308141.120419
0514156525343144424210001022 2 1202308141.120421
0564153521153144424210001022 2 1202308141.120422
0564153525153144424210001022 2 1202308141.120424
0564153526153144424210001022 6 1202308141.120426
0514156521353144424210001022 2 1202308141.120428
0514156525353144424210001022 2 1202308141.120432
0514156526353144424210001022 6 1202308141.120435
0564153521163144424210001022 2 1202308141.120437
0564153525163144424210001022 2 1202308141.120438
0514156521363144424210001022 2 1202308141.120439
0514156525363144424210001022 2 1202308141.120441
0661166224343122454210001022 6 1202308141.121620
0661166624343122454210001022 6 1202308141.121622
0661166224343126454210001022 6 1202308141.121913
0661166624343126454210001022 6 1202308141.121915
0564153521103144424510001022 2 1202308141.124441
0564153525103144424510001022 2 1202308141.124443
0564153526103144424510001022 6 1202308141.124444
0514156521303144424510001022 2 1202308141.124446
0514156525303144424510001022 2 1202308141.124449
0514156526303144424510001022 6 1202308141.124451
0564153521113144424510001022 2 1202308141.124452
0564153525113144424510001022 2 1202308141.124454
0514156521313144424510001022 2 1202308141.124455
0514156525313144424510001022 2 1202308141.124458
0564153521133144424510001022 2 1202308141.124500
0564153525133144424510001022 2 1202308141.124501
0514156521333144424510001022 2 1202308141.124502
0514156525333144424510001022 2 1202308141.124505
0564153521143144424510001022 2 1202308141.124506
0564153525143144424510001022 2 1202308141.124507
0514156521343144424510001022 2 1202308141.124509
0514156525343144424510001022 2 1202308141.124511
0564153521153144424510001022 2 1202308141.124512
0564153525153144424510001022 2 1202308141.124514
0564153526153144424510001022 6 1202308141.124516
0514156521353144424510001022 2 1202308141.124518
0514156525353144424510001022 2 1202308141.124522
0514156526353144424510001022 6 1202308141.124525
0564153521163144424510001022 2 1202308141.124527
0564153525163144424510001022 2 1202308141.124528
0514156521363144424510001022 2 1202308141.124529
0514156525363144424510001022 2 1202308141.124531
0661166224343122454510001022 6 1202308141.125618
0661166624343122454510001022 6 1202308141.125620
0661166224343126454510001022 6 1202308141.125905
0661166624343126454510001022 6 1202308141.125907
0564153521103144424610001022 2 1202308141.133809
0564153525103144424610001022 2 1202308141.133811
0564153526103144424610001022 6 1202308141.133812
0514156521303144424610001022 2 1202308141.133814
0514156525303144424610001022 2 1202308141.133817
0514156526303144424610001022 6 1202308141.133819
0564153521113144424610001022 2 1202308141.133821
0564153525113144424610001022 2 1202308141.133823
0524153521313144424610001022 2 1202308141.133825
0514156521313144424610001022 2 1202308141.133826
0514156525313144424610001022 2 1202308141.133830
0564153521133144424610001022 2 1202308141.133839
0564153525133144424610001022 2 1202308141.133843
0514156521333144424610001022 2 1202308141.133845
0514156525333144424610001022 2 1202308141.133850
0564153521143144424610001022 2 1202308141.133903
0564153525143144424610001022 2 1202308141.133905
0514156521343144424610001022 2 1202308141.133906
0514156525343144424610001022 2 1202308141.133908
0564153521153144424610001022 2 1202308141.133909
0564153525153144424610001022 2 1202308141.133912
0564153526153144424610001022 6 1202308141.133913
0514156521353144424610001022 2 1202308141.133916
0514156525353144424610001022 2 1202308141.133921
0514156526353144424610001022 6 1202308141.133925
0564153521163144424610001022 2 1202308141.133926
0564153525163144424610001022 2 1202308141.133928
0514156521363144424610001022 2 1202308141.133929
0514156525363144424610001022 2 1202308141.133931
0661166224343122454610001022 6 1202308141.135440
0661166624343122454610001022 6 1202308141.135443
0661166224343126454610001022 6 1202308141.135732
0661166624343126454610001022 6 1202308141.135734
