0564153521103144424110001320 2 1202308104.223410
0564153525103144424110001320 2 1202308104.223411
0514156521303144424110001320 2 1202308104.223413
0514156525303144424110001320 2 1202308104.223415
0564153521113144424110001320 2 1202308104.223417
0564153525113144424110001320 2 1202308104.223418
0514156521313144424110001320 2 1202308104.223420
0514156525313144424110001320 2 1202308104.223422
0564153521133144424110001320 2 1202308104.223423
0564153525133144424110001320 2 1202308104.223424
0514156521333144424110001320 2 1202308104.223426
0514156525333144424110001320 2 1202308104.223427
0564153521143144424110001320 2 1202308104.223429
0564153525143144424110001320 2 1202308104.223431
0514156521343144424110001320 2 1202308104.223432
0514156525343144424110001320 2 1202308104.223434
0564153521153144424110001320 2 1202308104.223435
0564153525153144424110001320 2 1202308104.223436
0514156521353144424110001320 2 1202308104.223438
0514156525353144424110001320 2 1202308104.223441
0564153521163144424110001320 2 1202308104.223443
0564153525163144424110001320 2 1202308104.223444
0514156521363144424110001320 2 1202308104.223446
0514156525363144424110001320 2 1202308104.223447
0564153521103144424210001320 2 1202308104.231340
0564153525103144424210001320 2 1202308104.231341
0514156521303144424210001320 2 1202308104.231343
0514156525303144424210001320 2 1202308104.231344
0564153521113144424210001320 2 1202308104.231346
0564153525113144424210001320 2 1202308104.231347
0514156521313144424210001320 2 1202308104.231349
0514156525313144424210001320 2 1202308104.231350
0564153521133144424210001320 2 1202308104.231352
0564153525133144424210001320 2 1202308104.231353
0514156521333144424210001320 2 1202308104.231354
0514156525333144424210001320 2 1202308104.231356
0564153521143144424210001320 2 1202308104.231357
0564153525143144424210001320 2 1202308104.231358
0514156521343144424210001320 2 1202308104.231400
0514156525343144424210001320 2 1202308104.231401
0564153521153144424210001320 2 1202308104.231402
0564153525153144424210001320 2 1202308104.231404
0514156521353144424210001320 2 1202308104.231406
0514156525353144424210001320 2 1202308104.231408
0564153521163144424210001320 2 1202308104.231409
0564153525163144424210001320 2 1202308104.231411
0514156521363144424210001320 2 1202308104.231412
0514156525363144424210001320 2 1202308104.231413
0564153521103144424510001320 2 1202308104.234844
0564153525103144424510001320 2 1202308104.234845
0514156521303144424510001320 2 1202308104.234847
0514156525303144424510001320 2 1202308104.234848
0564153521113144424510001320 2 1202308104.234850
0564153525113144424510001320 2 1202308104.234851
0514156521313144424510001320 2 1202308104.234853
0514156525313144424510001320 2 1202308104.234854
0564153521133144424510001320 2 1202308104.234855
0564153525133144424510001320 2 1202308104.234857
0514156521333144424510001320 2 1202308104.234858
0514156525333144424510001320 2 1202308104.234859
0564153521143144424510001320 2 1202308104.234901
0564153525143144424510001320 2 1202308104.234902
0514156521343144424510001320 2 1202308104.234903
0514156525343144424510001320 2 1202308104.234905
0564153521153144424510001320 2 1202308104.234906
0564153525153144424510001320 2 1202308104.234907
0514156521353144424510001320 2 1202308104.234909
0514156525353144424510001320 2 1202308104.234911
0564153521163144424510001320 2 1202308104.234913
0564153525163144424510001320 2 1202308104.234914
0514156521363144424510001320 2 1202308104.234915
0514156525363144424510001320 2 1202308104.234917
0564153521103144424610001320 2 1202308115.003122
0564153525103144424610001320 2 1202308115.003124
0514156521303144424610001320 2 1202308115.003125
0514156525303144424610001320 2 1202308115.003127
0564153521113144424610001320 2 1202308115.003129
0564153525113144424610001320 2 1202308115.003130
0524153521313144424610001320 2 1202308115.003132
0514156521313144424610001320 2 1202308115.003133
0514156525313144424610001320 2 1202308115.003137
0564153521133144424610001320 2 1202308115.003143
0564153525133144424610001320 2 1202308115.003146
0514156521333144424610001320 2 1202308115.003148
0514156525333144424610001320 2 1202308115.003152
0564153521143144424610001320 2 1202308115.003201
0564153525143144424610001320 2 1202308115.003203
0514156521343144424610001320 2 1202308115.003204
0514156525343144424610001320 2 1202308115.003205
0564153521153144424610001320 2 1202308115.003207
0564153525153144424610001320 2 1202308115.003209
0514156521353144424610001320 2 1202308115.003211
0514156525353144424610001320 2 1202308115.003214
0564153521163144424610001320 2 1202308115.003216
0564153525163144424610001320 2 1202308115.003217
0514156521363144424610001320 2 1202308115.003218
0514156525363144424610001320 2 1202308115.003220
