0154102026603144424613151136 1 1202308115.041254
0661166625343122404606461026 2 1202308115.062212
0661125626303644414606461026 6 1202308115.063743
0661155625303140424606461026 2 1202308115.064408
0065153225133104424606461026 2 1202308115.071238
0015156225333104424606461026 2 1202308115.071308
0065153225133114424606461026 2 1202308115.071923
0015156225333114424606461026 2 1202308115.071950
0065153225133124424606461026 2 1202308115.073939
0015156225333124424606461026 2 1202308115.074004
0164103025113144424606461026 2 1202308115.074545
0065153225133144424606461026 2 1202308115.074743
0015156225333144424606461026 2 1202308115.074826
0065153225133154424606461026 2 1202308115.075848
0015156225333154424606461026 2 1202308115.075918
0065153225133164424606461026 2 1202308115.080730
0015156225333164424606461026 2 1202308115.080754
0045103025013145424606461026 2 1202308115.081433
0045103025113145424606461026 2 1202308115.081441
0045103025313145424606461026 2 1202308115.081452
0045103025413145424606461026 2 1202308115.081501
0045103025513145424606461026 2 1202308115.081510
0045103025613145424606461026 2 1202308115.081518
