0524153520313144464110002140 6 1202308104.201229
0524153521313144464110002140 2 1202308104.201231
0524153523313144464110002140 6 1202308104.201232
0524153524313144464110002140 6 1202308104.201234
0524153525313144464110002140 2 1202308104.201237
0524153520313144464210002140 6 1202308104.204358
0524153521313144464210002140 2 1202308104.204400
0524153523313144464210002140 6 1202308104.204401
0524153524313144464210002140 6 1202308104.204403
0524153525313144464210002140 2 1202308104.204406
0524153520313144464510002140 6 1202308104.211240
0524153521313144464510002140 2 1202308104.211242
0524153523313144464510002140 6 1202308104.211243
0524153524313144464510002140 6 1202308104.211245
0524153525313144464510002140 2 1202308104.211248
0524153521313144424610002140 2 1202308104.213147
0524153520313144464610002140 6 1202308104.215018
0524153521313144464610002140 2 1202308104.215020
0524153523313144464610002140 6 1202308104.215022
0524153524313144464610002140 6 1202308104.215023
0524153525313144464610002140 2 1202308104.215026
