0621105120343022404510211115 2 1202308115.102240
0626102620343022404510211115 1 1202308115.102241
0116102520343621414510211115 2 1202308115.103054
0516102520343621414510211115 2 1202308115.103055
0156102520343621414510211115 2 1202308115.103056
0556102520343621414510211115 2 1202308115.103058
0116102520343625414510211115 2 1202308115.103308
0516102520343625414510211115 2 1202308115.103309
0156102520343625414510211115 2 1202308115.103310
0556102520343625414510211115 2 1202308115.103311
0151105520343625414510211115 2 1202308115.103313
0524150126313141424510211115 5 1202308115.103520
0524150121363141424510211115 2 1202308115.103522
0164105026303144424510211115 5 1202308115.103742
0154103026603144424510211115 5 1202308115.103744
0524150125313646424510211115 2 1202308115.103941
0524150626313646424510211115 5 1202308115.103943
0524150121363646424510211115 2 1202308115.103945
0516152120343121454510211115 2 1202308115.104309
0556152120343121454510211115 2 1202308115.104310
0516152520343121454510211115 2 1202308115.104311
0556152520343121454510211115 2 1202308115.104312
0516152120343621454510211115 2 1202308115.104320
0556152120343621454510211115 2 1202308115.104321
0116102520343621454510211115 2 1202308115.104323
0516102520343621454510211115 2 1202308115.104324
0156102520343621454510211115 2 1202308115.104325
0556102520343621454510211115 2 1202308115.104326
0516152520343621454510211115 2 1202308115.104327
0556152520343621454510211115 2 1202308115.104329
0516152120343125454510211115 2 1202308115.104547
0556152120343125454510211115 2 1202308115.104548
0516152520343125454510211115 2 1202308115.104549
0556152520343125454510211115 2 1202308115.104550
0516152120343625454510211115 2 1202308115.104556
0556152120343625454510211115 2 1202308115.104557
0116102520343625454510211115 2 1202308115.104600
0516102520343625454510211115 2 1202308115.104601
0156102520343625454510211115 2 1202308115.104602
0556102520343625454510211115 2 1202308115.104604
0516152520343625454510211115 2 1202308115.104605
0556152520343625454510211115 2 1202308115.104606
0151105520343625454510211115 2 1202308115.104607
0621105120343022404610211115 2 1202308115.105546
0121155520343022404610211115 2 1202308115.105547
0626102620343022404610211115 1 1202308115.105548
0116102520343621414610211115 2 1202308115.110408
0516102520343621414610211115 2 1202308115.110410
0156102520343621414610211115 2 1202308115.110411
0556102520343621414610211115 2 1202308115.110412
0116102520343625414610211115 2 1202308115.110636
0516102520343625414610211115 2 1202308115.110637
0156102520343625414610211115 2 1202308115.110639
0556102520343625414610211115 2 1202308115.110640
0151105520343625414610211115 2 1202308115.110641
0524150126313141424610211115 5 1202308115.110848
0524150121363141424610211115 2 1202308115.110849
0164105026303144424610211115 5 1202308115.111012
0154103026603144424610211115 5 1202308115.111013
0524150125313646424610211115 2 1202308115.111150
0524150626313646424610211115 5 1202308115.111152
0524150121363646424610211115 2 1202308115.111154
0516152120343121454610211115 2 1202308115.111512
0556152120343121454610211115 2 1202308115.111513
0516152520343121454610211115 2 1202308115.111514
0556152520343121454610211115 2 1202308115.111515
0516152120343621454610211115 2 1202308115.111527
0556152120343621454610211115 2 1202308115.111529
0116102520343621454610211115 2 1202308115.111530
0516102520343621454610211115 2 1202308115.111531
0156102520343621454610211115 2 1202308115.111532
0556102520343621454610211115 2 1202308115.111534
0516152520343621454610211115 2 1202308115.111535
0556152520343621454610211115 2 1202308115.111536
0516152120343125454610211115 2 1202308115.111744
0556152120343125454610211115 2 1202308115.111746
0516152520343125454610211115 2 1202308115.111747
0556152520343125454610211115 2 1202308115.111748
0516152120343625454610211115 2 1202308115.111800
0556152120343625454610211115 2 1202308115.111801
0116102520343625454610211115 2 1202308115.111804
0516102520343625454610211115 2 1202308115.111806
0156102520343625454610211115 2 1202308115.111807
0556102520343625454610211115 2 1202308115.111808
0516152520343625454610211115 2 1202308115.111809
0556152520343625454610211115 2 1202308115.111810
0151105520343625454610211115 2 1202308115.111811
