0652105121303642424106260621 2 1202308104.185457
0662105121303642424106260621 2 1202308104.185458
0652106121303642424106260621 2 1202308104.185500
0114102521333144424106260621 2 1202308104.185534
0041105121333140424206260621 2 1202308104.190711
0041105121333141424206260621 2 1202308104.190754
0041105121333142424206260621 2 1202308104.190831
0652105121303642424206260621 2 1202308104.190839
0662105121303642424206260621 2 1202308104.190841
0652106121303642424206260621 2 1202308104.190843
0041105521333104424206260621 2 1202308104.190859
0041105621333104424206260621 2 1202308104.190904
0041105521333114424206260621 2 1202308104.190916
0041105621333114424206260621 2 1202308104.190921
0041105521333124424206260621 2 1202308104.190931
0041105621333124424206260621 2 1202308104.190936
0041105121333144424206260621 2 1202308104.190955
0114102521333144424206260621 2 1202308104.190958
0041105521333144424206260621 2 1202308104.191000
0041105621333144424206260621 2 1202308104.191004
0041105521333154424206260621 2 1202308104.191015
0041105621333154424206260621 2 1202308104.191020
0041105521333164424206260621 2 1202308104.191031
0041105621333164424206260621 2 1202308104.191035
0564153521103144424110001621 2 1202308104.204822
0564153525103144424110001621 2 1202308104.204824
0514156521303144424110001621 2 1202308104.204825
0514156525303144424110001621 2 1202308104.204828
0564153521113144424110001621 2 1202308104.204829
0564153525113144424110001621 2 1202308104.204831
0514156521313144424110001621 2 1202308104.204832
0514156525313144424110001621 2 1202308104.204834
0564153521133144424110001621 2 1202308104.204835
0564153525133144424110001621 2 1202308104.204837
0514156521333144424110001621 2 1202308104.204838
0514156525333144424110001621 2 1202308104.204840
0564153521143144424110001621 2 1202308104.204842
0564153525143144424110001621 2 1202308104.204843
0514156521343144424110001621 2 1202308104.204844
0514156525343144424110001621 2 1202308104.204846
0564153521153144424110001621 2 1202308104.204847
0564153525153144424110001621 2 1202308104.204849
0514156521353144424110001621 2 1202308104.204851
0514156525353144424110001621 2 1202308104.204853
0564153521163144424110001621 2 1202308104.204855
0564153525163144424110001621 2 1202308104.204857
0514156521363144424110001621 2 1202308104.204858
0514156525363144424110001621 2 1202308104.204900
0564153521103144424210001621 2 1202308104.212737
0564153525103144424210001621 2 1202308104.212738
0514156521303144424210001621 2 1202308104.212740
0514156525303144424210001621 2 1202308104.212741
0564153521113144424210001621 2 1202308104.212743
0564153525113144424210001621 2 1202308104.212744
0514156521313144424210001621 2 1202308104.212746
0514156525313144424210001621 2 1202308104.212747
0564153521133144424210001621 2 1202308104.212749
0564153525133144424210001621 2 1202308104.212750
0514156521333144424210001621 2 1202308104.212751
0514156525333144424210001621 2 1202308104.212753
0564153521143144424210001621 2 1202308104.212754
0564153525143144424210001621 2 1202308104.212756
0514156521343144424210001621 2 1202308104.212757
0514156525343144424210001621 2 1202308104.212758
0564153521153144424210001621 2 1202308104.212800
0564153525153144424210001621 2 1202308104.212801
0514156521353144424210001621 2 1202308104.212803
0514156525353144424210001621 2 1202308104.212805
0564153521163144424210001621 2 1202308104.212807
0564153525163144424210001621 2 1202308104.212808
0514156521363144424210001621 2 1202308104.212809
0514156525363144424210001621 2 1202308104.212811
0564153521103144424510001621 2 1202308104.220441
0564153525103144424510001621 2 1202308104.220443
0514156521303144424510001621 2 1202308104.220444
0514156525303144424510001621 2 1202308104.220446
0564153521113144424510001621 2 1202308104.220447
0564153525113144424510001621 2 1202308104.220449
0514156521313144424510001621 2 1202308104.220450
0514156525313144424510001621 2 1202308104.220452
0564153521133144424510001621 2 1202308104.220453
0564153525133144424510001621 2 1202308104.220454
0514156521333144424510001621 2 1202308104.220455
0514156525333144424510001621 2 1202308104.220457
0564153521143144424510001621 2 1202308104.220458
0564153525143144424510001621 2 1202308104.220459
0514156521343144424510001621 2 1202308104.220501
0514156525343144424510001621 2 1202308104.220502
0564153521153144424510001621 2 1202308104.220503
0564153525153144424510001621 2 1202308104.220505
0514156521353144424510001621 2 1202308104.220507
0514156525353144424510001621 2 1202308104.220509
0564153521163144424510001621 2 1202308104.220510
0564153525163144424510001621 2 1202308104.220512
0514156521363144424510001621 2 1202308104.220513
0514156525363144424510001621 2 1202308104.220514
0564153521103144424610001621 2 1202308104.225103
0564153525103144424610001621 2 1202308104.225105
0514156521303144424610001621 2 1202308104.225106
0514156525303144424610001621 2 1202308104.225108
0564153521113144424610001621 2 1202308104.225110
0564153525113144424610001621 2 1202308104.225112
0524153521313144424610001621 2 1202308104.225114
0514156521313144424610001621 2 1202308104.225115
0514156525313144424610001621 2 1202308104.225118
0564153521133144424610001621 2 1202308104.225124
0564153525133144424610001621 2 1202308104.225127
0514156521333144424610001621 2 1202308104.225129
0514156525333144424610001621 2 1202308104.225133
0564153521143144424610001621 2 1202308104.225142
0564153525143144424610001621 2 1202308104.225144
0514156521343144424610001621 2 1202308104.225145
0514156525343144424610001621 2 1202308104.225146
0564153521153144424610001621 2 1202308104.225148
0564153525153144424610001621 2 1202308104.225150
0514156521353144424610001621 2 1202308104.225152
0514156525353144424610001621 2 1202308104.225155
0564153521163144424610001621 2 1202308104.225157
0564153525163144424610001621 2 1202308104.225158
0514156521363144424610001621 2 1202308104.225200
0514156525363144424610001621 2 1202308104.225201
