0520123226153042414100001006 2 1202308115.041307
0520163621153042424100001006 2 1202308115.042106
0520123226153042414200001006 2 1202308115.044449
0520163621153042424200001006 2 1202308115.045152
0520123226153042414600001006 2 1202308115.051213
0520163621153042424600001006 2 1202308115.051911
0524125226353641414110001006 2 1202308115.054159
0524126226353641414110001006 2 1202308115.054200
0524125226363641414110001006 2 1202308115.054206
0524126226363641414110001006 2 1202308115.054207
0524123226313642414110001006 2 1202308115.054504
0524160121333141424110001006 2 1202308115.055558
0524165121333141424110001006 2 1202308115.055559
0524166121333141424110001006 2 1202308115.055600
0524160521333141424110001006 2 1202308115.055601
0524165521333141424110001006 2 1202308115.055602
0524166521333141424110001006 2 1202308115.055604
0524160621333141424110001006 2 1202308115.055605
0524165621333141424110001006 2 1202308115.055606
0524166621333141424110001006 2 1202308115.055607
0524165121353641424110001006 2 1202308115.055718
0524166121353641424110001006 2 1202308115.055720
0524165521353641424110001006 2 1202308115.055722
0524166521353641424110001006 2 1202308115.055724
0524165621353641424110001006 2 1202308115.055726
0524166621353641424110001006 2 1202308115.055728
0524165121363641424110001006 2 1202308115.055811
0524166121363641424110001006 2 1202308115.055813
0524165521363641424110001006 2 1202308115.055815
0524166521363641424110001006 2 1202308115.055817
0524165621363641424110001006 2 1202308115.055819
0524166621363641424110001006 2 1202308115.055821
0624153521103142424110001006 2 1202308115.060136
0624153621103142424110001006 2 1202308115.060138
0524153521313642424110001006 2 1202308115.060304
0524163521313642424110001006 2 1202308115.060305
0524153621313642424110001006 2 1202308115.060306
0524163621313642424110001006 2 1202308115.060307
0524153621313144424110001006 2 1202308115.060824
0524163521313145424110001006 2 1202308115.061328
0624165521313145424110001006 2 1202308115.061329
0624166521313145424110001006 2 1202308115.061330
0524163621313145424110001006 2 1202308115.061333
0624165621313145424110001006 2 1202308115.061334
0624166621313145424110001006 2 1202308115.061335
0524163525313145424110001006 2 1202308115.061337
0524163625313145424110001006 2 1202308115.061339
0524163526313145424110001006 2 1202308115.061341
0524163626313145424110001006 2 1202308115.061343
0524160121333145424110001006 2 1202308115.061344
0524165121333145424110001006 2 1202308115.061345
0524166121333145424110001006 2 1202308115.061346
0524160521333145424110001006 2 1202308115.061348
0524162521333145424110001006 2 1202308115.061349
0524163521333145424110001006 2 1202308115.061350
0524165521333145424110001006 2 1202308115.061351
0524166521333145424110001006 2 1202308115.061353
0524160621333145424110001006 2 1202308115.061354
0524162621333145424110001006 2 1202308115.061355
0524163621333145424110001006 2 1202308115.061356
0524165621333145424110001006 2 1202308115.061357
0524166621333145424110001006 2 1202308115.061359
0524163521313146424110001006 2 1202308115.061807
0624165521313146424110001006 2 1202308115.061808
0624166521313146424110001006 2 1202308115.061810
0524163621313146424110001006 2 1202308115.061812
0624165621313146424110001006 2 1202308115.061813
0524163525313146424110001006 2 1202308115.061815
0524163625313146424110001006 2 1202308115.061816
0524163526313146424110001006 2 1202308115.061818
0524163626313146424110001006 2 1202308115.061820
0524160121333146424110001006 2 1202308115.061821
0524165121333146424110001006 2 1202308115.061822
0524166121333146424110001006 2 1202308115.061823
0524160521333146424110001006 2 1202308115.061825
0524162521333146424110001006 2 1202308115.061826
0524163521333146424110001006 2 1202308115.061827
0524165521333146424110001006 2 1202308115.061828
0524166521333146424110001006 2 1202308115.061830
0524160621333146424110001006 2 1202308115.061831
0524162621333146424110001006 2 1202308115.061832
0524163621333146424110001006 2 1202308115.061833
0524165621333146424110001006 2 1202308115.061835
0524166621333146424110001006 2 1202308115.061836
0524125226353641414210001006 2 1202308115.064338
0524126226353641414210001006 2 1202308115.064340
0524125226363641414210001006 2 1202308115.064345
0524126226363641414210001006 2 1202308115.064346
0524123226313642414210001006 2 1202308115.064640
0524160121333141424210001006 2 1202308115.065705
0524165121333141424210001006 2 1202308115.065706
0524166121333141424210001006 2 1202308115.065707
0524160521333141424210001006 2 1202308115.065709
0524165521333141424210001006 2 1202308115.065710
0524166521333141424210001006 2 1202308115.065711
0524160621333141424210001006 2 1202308115.065712
0524165621333141424210001006 2 1202308115.065713
0524166621333141424210001006 2 1202308115.065715
0524165121353641424210001006 2 1202308115.065827
0524166121353641424210001006 2 1202308115.065829
0524165521353641424210001006 2 1202308115.065831
0524166521353641424210001006 2 1202308115.065833
0524165621353641424210001006 2 1202308115.065835
0524166621353641424210001006 2 1202308115.065837
0524165121363641424210001006 2 1202308115.065921
0524166121363641424210001006 2 1202308115.065922
0524165521363641424210001006 2 1202308115.065925
0524166521363641424210001006 2 1202308115.065926
0524165621363641424210001006 2 1202308115.065928
0524166621363641424210001006 2 1202308115.065930
0624153521103142424210001006 2 1202308115.070100
0624153621103142424210001006 2 1202308115.070102
0524153521313642424210001006 2 1202308115.070205
0524163521313642424210001006 2 1202308115.070206
0524153621313642424210001006 2 1202308115.070208
0524163621313642424210001006 2 1202308115.070209
0524153621313144424210001006 2 1202308115.070324
0524163521313145424210001006 2 1202308115.070546
0624165521313145424210001006 2 1202308115.070547
0624166521313145424210001006 2 1202308115.070548
0524163621313145424210001006 2 1202308115.070551
0624165621313145424210001006 2 1202308115.070552
0624166621313145424210001006 2 1202308115.070554
0524163525313145424210001006 2 1202308115.070555
0524163625313145424210001006 2 1202308115.070557
0524163526313145424210001006 2 1202308115.070559
0524163626313145424210001006 2 1202308115.070601
0524160121333145424210001006 2 1202308115.070602
0524165121333145424210001006 2 1202308115.070604
0524166121333145424210001006 2 1202308115.070605
0524160521333145424210001006 2 1202308115.070606
0524162521333145424210001006 2 1202308115.070607
0524163521333145424210001006 2 1202308115.070608
0524165521333145424210001006 2 1202308115.070610
0524166521333145424210001006 2 1202308115.070611
0524160621333145424210001006 2 1202308115.070612
0524162621333145424210001006 2 1202308115.070613
0524163621333145424210001006 2 1202308115.070615
0524165621333145424210001006 2 1202308115.070616
0524166621333145424210001006 2 1202308115.070617
0524163521313146424210001006 2 1202308115.070938
0624165521313146424210001006 2 1202308115.070939
0624166521313146424210001006 2 1202308115.070940
0524163621313146424210001006 2 1202308115.070942
0624165621313146424210001006 2 1202308115.070944
0524163525313146424210001006 2 1202308115.070946
0524163625313146424210001006 2 1202308115.070947
0524163526313146424210001006 2 1202308115.070949
0524163626313146424210001006 2 1202308115.070951
0524160121333146424210001006 2 1202308115.070952
0524165121333146424210001006 2 1202308115.070953
0524166121333146424210001006 2 1202308115.070954
0524160521333146424210001006 2 1202308115.070956
0524162521333146424210001006 2 1202308115.070957
0524163521333146424210001006 2 1202308115.070958
0524165521333146424210001006 2 1202308115.070959
0524166521333146424210001006 2 1202308115.071000
0524160621333146424210001006 2 1202308115.071002
0524162621333146424210001006 2 1202308115.071003
0524163621333146424210001006 2 1202308115.071004
0524165621333146424210001006 2 1202308115.071005
0524166621333146424210001006 2 1202308115.071007
0524125226353641414510001006 2 1202308115.073251
0524126226353641414510001006 2 1202308115.073252
0524125226363641414510001006 2 1202308115.073258
0524126226363641414510001006 2 1202308115.073259
0524123226313642414510001006 2 1202308115.073607
0524160121333141424510001006 2 1202308115.074639
0524165121333141424510001006 2 1202308115.074640
0524166121333141424510001006 2 1202308115.074641
0524160521333141424510001006 2 1202308115.074642
0524165521333141424510001006 2 1202308115.074644
0524166521333141424510001006 2 1202308115.074645
0524160621333141424510001006 2 1202308115.074646
0524165621333141424510001006 2 1202308115.074647
0524166621333141424510001006 2 1202308115.074648
0524165121353641424510001006 2 1202308115.074804
0524166121353641424510001006 2 1202308115.074805
0524165521353641424510001006 2 1202308115.074808
0524166521353641424510001006 2 1202308115.074809
0524165621353641424510001006 2 1202308115.074812
0524166621353641424510001006 2 1202308115.074813
0524165121363641424510001006 2 1202308115.074857
0524166121363641424510001006 2 1202308115.074859
0524165521363641424510001006 2 1202308115.074901
0524166521363641424510001006 2 1202308115.074903
0524165621363641424510001006 2 1202308115.074905
0524166621363641424510001006 2 1202308115.074907
0624153521103142424510001006 2 1202308115.075031
0624153621103142424510001006 2 1202308115.075032
0524153521313642424510001006 2 1202308115.075139
0524163521313642424510001006 2 1202308115.075140
0524153621313642424510001006 2 1202308115.075141
0524163621313642424510001006 2 1202308115.075142
0524153621313144424510001006 2 1202308115.075249
0524163521313145424510001006 2 1202308115.075503
0624165521313145424510001006 2 1202308115.075504
0624166521313145424510001006 2 1202308115.075505
0524163621313145424510001006 2 1202308115.075508
0624165621313145424510001006 2 1202308115.075510
0624166621313145424510001006 2 1202308115.075511
0524163525313145424510001006 2 1202308115.075512
0524163625313145424510001006 2 1202308115.075514
0524163526313145424510001006 2 1202308115.075517
0524163626313145424510001006 2 1202308115.075518
0524160121333145424510001006 2 1202308115.075519
0524165121333145424510001006 2 1202308115.075521
0524166121333145424510001006 2 1202308115.075522
0524160521333145424510001006 2 1202308115.075523
0524162521333145424510001006 2 1202308115.075524
0524163521333145424510001006 2 1202308115.075526
0524165521333145424510001006 2 1202308115.075527
0524166521333145424510001006 2 1202308115.075528
0524160621333145424510001006 2 1202308115.075529
0524162621333145424510001006 2 1202308115.075530
0524163621333145424510001006 2 1202308115.075532
0524165621333145424510001006 2 1202308115.075533
0524166621333145424510001006 2 1202308115.075534
0524163521313146424510001006 2 1202308115.075857
0624165521313146424510001006 2 1202308115.075858
0624166521313146424510001006 2 1202308115.075859
0524163621313146424510001006 2 1202308115.075902
0624165621313146424510001006 2 1202308115.075903
0624166621313146424510001006 2 1202308115.075905
0524163525313146424510001006 2 1202308115.075906
0524163625313146424510001006 2 1202308115.075908
0524163526313146424510001006 2 1202308115.075911
0524163626313146424510001006 2 1202308115.075912
0524160121333146424510001006 2 1202308115.075914
0524165121333146424510001006 2 1202308115.075915
0524166121333146424510001006 2 1202308115.075916
0524160521333146424510001006 2 1202308115.075917
0524162521333146424510001006 2 1202308115.075918
0524163521333146424510001006 2 1202308115.075920
0524165521333146424510001006 2 1202308115.075921
0524166521333146424510001006 2 1202308115.075922
0524160621333146424510001006 2 1202308115.075923
0524162621333146424510001006 2 1202308115.075925
0524163621333146424510001006 2 1202308115.075926
0524165621333146424510001006 2 1202308115.075927
0524166621333146424510001006 2 1202308115.075928
0524125226353641414610001006 2 1202308115.082219
0524126226353641414610001006 2 1202308115.082221
0524125226363641414610001006 2 1202308115.082226
0524126226363641414610001006 2 1202308115.082227
0524123226313642414610001006 2 1202308115.082524
0524160121333141424610001006 2 1202308115.083602
0524165121333141424610001006 2 1202308115.083603
0524166121333141424610001006 2 1202308115.083604
0524160521333141424610001006 2 1202308115.083606
0524165521333141424610001006 2 1202308115.083607
0524166521333141424610001006 2 1202308115.083608
0524160621333141424610001006 2 1202308115.083609
0524165621333141424610001006 2 1202308115.083610
0524166621333141424610001006 2 1202308115.083612
0524165121353641424610001006 2 1202308115.083727
0524166121353641424610001006 2 1202308115.083728
0524165521353641424610001006 2 1202308115.083731
0524166521353641424610001006 2 1202308115.083732
0524165621353641424610001006 2 1202308115.083735
0524166621353641424610001006 2 1202308115.083736
0524165121363641424610001006 2 1202308115.083820
0524166121363641424610001006 2 1202308115.083821
0524165521363641424610001006 2 1202308115.083824
0524166521363641424610001006 2 1202308115.083825
0524165621363641424610001006 2 1202308115.083827
0524166621363641424610001006 2 1202308115.083829
0624153521103142424610001006 2 1202308115.083954
0624153621103142424610001006 2 1202308115.083956
0524153521313642424610001006 2 1202308115.084104
0524163521313642424610001006 2 1202308115.084105
0524153621313642424610001006 2 1202308115.084106
0524163621313642424610001006 2 1202308115.084108
0524153521313144424610001006 2 1202308115.084215
0524153621313144424610001006 2 1202308115.084218
0524163521313145424610001006 2 1202308115.084440
0624165521313145424610001006 2 1202308115.084441
0624166521313145424610001006 2 1202308115.084442
0524163621313145424610001006 2 1202308115.084445
0624165621313145424610001006 2 1202308115.084446
0624166621313145424610001006 2 1202308115.084447
0524163525313145424610001006 2 1202308115.084449
0524163625313145424610001006 2 1202308115.084451
0524163526313145424610001006 2 1202308115.084453
0524163626313145424610001006 2 1202308115.084455
0524160121333145424610001006 2 1202308115.084456
0524165121333145424610001006 2 1202308115.084458
0524166121333145424610001006 2 1202308115.084459
0524160521333145424610001006 2 1202308115.084500
0524162521333145424610001006 2 1202308115.084501
0524163521333145424610001006 2 1202308115.084502
0524165521333145424610001006 2 1202308115.084504
0524166521333145424610001006 2 1202308115.084505
0524160621333145424610001006 2 1202308115.084506
0524162621333145424610001006 2 1202308115.084507
0524163621333145424610001006 2 1202308115.084509
0524165621333145424610001006 2 1202308115.084510
0524166621333145424610001006 2 1202308115.084511
0524163521313146424610001006 2 1202308115.084833
0624165521313146424610001006 2 1202308115.084835
0624166521313146424610001006 2 1202308115.084836
0524163621313146424610001006 2 1202308115.084838
0624165621313146424610001006 2 1202308115.084839
0524163525313146424610001006 2 1202308115.084841
0524163625313146424610001006 2 1202308115.084842
0524163526313146424610001006 2 1202308115.084844
0524163626313146424610001006 2 1202308115.084846
0524160121333146424610001006 2 1202308115.084847
0524165121333146424610001006 2 1202308115.084848
0524166121333146424610001006 2 1202308115.084850
0524160521333146424610001006 2 1202308115.084851
0524162521333146424610001006 2 1202308115.084852
0524163521333146424610001006 2 1202308115.084853
0524165521333146424610001006 2 1202308115.084854
0524166521333146424610001006 2 1202308115.084856
0524160621333146424610001006 2 1202308115.084857
0524162621333146424610001006 2 1202308115.084858
0524163621333146424610001006 2 1202308115.084859
0524165621333146424610001006 2 1202308115.084901
0524166621333146424610001006 2 1202308115.084902
