0522106621333644424605411500 2 1202308104.184026
0524126225613545414110001630 2 1202308104.192031
0524156525613142424110001630 2 1202308104.192413
0514152521603144424110001630 1 1202308104.192651
0514152525603144424110001630 1 1202308104.192653
0524156521113144424110001630 2 1202308104.192654
0524156525113144424110001630 2 1202308104.192655
0514152521613144424110001630 2 1202308104.192657
0524106521613144424110001630 2 1202308104.192658
0524156521613144424110001630 2 1202308104.192659
0514152525613144424110001630 2 1202308104.192701
0524106525613144424110001630 2 1202308104.192702
0524156525613144424110001630 2 1202308104.192704
0514152521633144424110001630 2 1202308104.192705
0514152525633144424110001630 2 1202308104.192707
0514152521643144424110001630 2 1202308104.192708
0514152525643144424110001630 2 1202308104.192709
0514152521653144424110001630 1 1202308104.192712
0514152525653144424110001630 1 1202308104.192715
0524150121363144424110001630 2 1202308104.192718
0524150521363144424110001630 2 1202308104.192719
0524152521363144424110001630 2 1202308104.192720
0524153521363144424110001630 2 1202308104.192721
0524155521363144424110001630 2 1202308104.192722
0524156521363144424110001630 2 1202308104.192724
0514152521663144424110001630 2 1202308104.192732
0514152525663144424110001630 2 1202308104.192734
0524156021613545424110001630 2 1202308104.192933
0524156521613545424110001630 2 1202308104.192934
0524126225613545414210001630 2 1202308104.194523
0524156525613142424210001630 2 1202308104.194814
0514152521603144424210001630 1 1202308104.194952
0514152525603144424210001630 1 1202308104.194953
0524156521113144424210001630 2 1202308104.194954
0524156525113144424210001630 2 1202308104.194956
0514152521613144424210001630 2 1202308104.194957
0524106521613144424210001630 2 1202308104.194958
0524156521613144424210001630 2 1202308104.195000
0514152525613144424210001630 2 1202308104.195002
0524106525613144424210001630 2 1202308104.195003
0524156525613144424210001630 2 1202308104.195004
0514152521633144424210001630 2 1202308104.195005
0514152525633144424210001630 2 1202308104.195007
0514152521643144424210001630 2 1202308104.195008
0514152525643144424210001630 2 1202308104.195009
0514152521653144424210001630 1 1202308104.195012
0514152525653144424210001630 1 1202308104.195014
0524150121363144424210001630 2 1202308104.195017
0524150521363144424210001630 2 1202308104.195018
0524152521363144424210001630 2 1202308104.195019
0524153521363144424210001630 2 1202308104.195020
0524155521363144424210001630 2 1202308104.195021
0524156521363144424210001630 2 1202308104.195022
0514152521663144424210001630 2 1202308104.195030
0514152525663144424210001630 2 1202308104.195031
0524156021613545424210001630 2 1202308104.195128
0524156521613545424210001630 2 1202308104.195130
0524126225613545414510001630 2 1202308104.200655
0524156525613142424510001630 2 1202308104.200930
0514152521603144424510001630 1 1202308104.201100
0514152525603144424510001630 1 1202308104.201102
0524156521113144424510001630 2 1202308104.201103
0524156525113144424510001630 2 1202308104.201104
0514152521613144424510001630 2 1202308104.201106
0524106521613144424510001630 2 1202308104.201107
0524156521613144424510001630 2 1202308104.201108
0514152525613144424510001630 2 1202308104.201110
0524106525613144424510001630 2 1202308104.201111
0524156525613144424510001630 2 1202308104.201113
0514152521633144424510001630 2 1202308104.201114
0514152525633144424510001630 2 1202308104.201115
0514152521643144424510001630 2 1202308104.201116
0514152525643144424510001630 2 1202308104.201118
0514152521653144424510001630 1 1202308104.201120
0514152525653144424510001630 1 1202308104.201123
0524150121363144424510001630 2 1202308104.201125
0524150521363144424510001630 2 1202308104.201126
0524152521363144424510001630 2 1202308104.201127
0524153521363144424510001630 2 1202308104.201129
0524155521363144424510001630 2 1202308104.201130
0524156521363144424510001630 2 1202308104.201131
0514152521663144424510001630 2 1202308104.201138
0514152525663144424510001630 2 1202308104.201140
0524156021613545424510001630 2 1202308104.201227
0524156521613545424510001630 2 1202308104.201229
0524126225613545414610001630 2 1202308104.202746
0524156525613142424610001630 2 1202308104.203049
0514152521603144424610001630 1 1202308104.203228
0514152525603144424610001630 1 1202308104.203229
0524156521113144424610001630 2 1202308104.203231
0524156525113144424610001630 2 1202308104.203232
0524153521313144424610001630 2 1202308104.203233
0514152521613144424610001630 2 1202308104.203236
0524106521613144424610001630 2 1202308104.203237
0524156521613144424610001630 2 1202308104.203239
0514152525613144424610001630 2 1202308104.203241
0524106525613144424610001630 2 1202308104.203242
0524156525613144424610001630 2 1202308104.203243
0514152521633144424610001630 2 1202308104.203244
0514152525633144424610001630 2 1202308104.203246
0514152521643144424610001630 2 1202308104.203247
0514152525643144424610001630 2 1202308104.203248
0514152521653144424610001630 1 1202308104.203252
0514152525653144424610001630 1 1202308104.203255
0524150121363144424610001630 2 1202308104.203257
0524150521363144424610001630 2 1202308104.203258
0524152521363144424610001630 2 1202308104.203259
0524153521363144424610001630 2 1202308104.203301
0524155521363144424610001630 2 1202308104.203302
0524156521363144424610001630 2 1202308104.203303
0514152521663144424610001630 2 1202308104.203310
0514152525663144424610001630 2 1202308104.203312
0524156021613545424610001630 2 1202308104.203409
0524156521613545424610001630 2 1202308104.203410
0524153521313144424610002550 2 1202308115.002938
