0441156026353140424201101123 6 1202308152.061426
0441156026303146424201101123 6 1202308152.062208
0442156026303146424201101123 6 1202308152.062209
0441152021333142424601101123 2 1202308152.063921
0446152021333142424601101123 2 1202308152.063923
0441156021333142424601101123 2 1202308152.063924
0446156021333142424601101123 2 1202308152.063926
0446156021353142424601101123 2 1202308152.063928
0441156021353144424601101123 6 1202308152.064032
0154106025303144424111101123 2 1202308152.065912
0154106026303144424111101123 6 1202308152.065913
0164103025503144424111101123 2 1202308152.065914
0164103026503144424111101123 6 1202308152.065915
0154106025313144424111101123 2 1202308152.065917
0164103025513144424111101123 2 1202308152.065918
0154106025333144424111101123 2 1202308152.065919
0164103025533144424111101123 2 1202308152.065920
0154106025343144424111101123 2 1202308152.065922
0164103025543144424111101123 2 1202308152.065923
0154106025353144424111101123 2 1202308152.065924
0164103025553144424111101123 2 1202308152.065925
0154106025363144424111101123 2 1202308152.065927
0164103025563144424111101123 2 1202308152.065928
0154106025303144424211101123 2 1202308152.072455
0154106026303144424211101123 6 1202308152.072457
0164103025503144424211101123 2 1202308152.072458
0164103026503144424211101123 6 1202308152.072459
0154106025313144424211101123 2 1202308152.072501
0164103025513144424211101123 2 1202308152.072502
0154106025333144424211101123 2 1202308152.072504
0164103025533144424211101123 2 1202308152.072505
0154106025343144424211101123 2 1202308152.072506
0164103025543144424211101123 2 1202308152.072507
0154106025353144424211101123 2 1202308152.072509
0164103025553144424211101123 2 1202308152.072510
0154106025363144424211101123 2 1202308152.072511
0164103025563144424211101123 2 1202308152.072513
0154106025303144424511101123 2 1202308152.074922
0154106026303144424511101123 6 1202308152.074923
0164103025503144424511101123 2 1202308152.074924
0164103026503144424511101123 6 1202308152.074925
0154106025313144424511101123 2 1202308152.074927
0164103025513144424511101123 2 1202308152.074928
0154106025333144424511101123 2 1202308152.074929
0164103025533144424511101123 2 1202308152.074931
0154106025343144424511101123 2 1202308152.074932
0164103025543144424511101123 2 1202308152.074933
0154106025353144424511101123 2 1202308152.074934
0164103025553144424511101123 2 1202308152.074936
0154106025363144424511101123 2 1202308152.074937
0164103025563144424511101123 2 1202308152.074938
0154106025303144424611101123 2 1202308152.081419
0154106026303144424611101123 6 1202308152.081420
0164103025503144424611101123 2 1202308152.081421
0164103026503144424611101123 6 1202308152.081422
0154106025313144424611101123 2 1202308152.081424
0164103025513144424611101123 2 1202308152.081425
0154106025333144424611101123 2 1202308152.081427
0164103025533144424611101123 2 1202308152.081429
0154106025343144424611101123 2 1202308152.081430
0164103025543144424611101123 2 1202308152.081431
0154106025353144424611101123 2 1202308152.081433
0164103025553144424611101123 2 1202308152.081435
0154106025363144424611101123 2 1202308152.081436
0164103025563144424611101123 2 1202308152.081437
