0524125226353641414110001055 2 1202308126.142947
0524126226353641414110001055 2 1202308126.142948
0524123226313642414110001055 2 1202308126.143226
0524120226313646414110001055 2 1202308126.143731
0524122125353646414110001055 1 1202308126.143735
0524122126353646414110001055 1 1202308126.143737
0524120226353646414110001055 2 1202308126.143739
0524122226353646414110001055 1 1202308126.143740
0524123226353646414110001055 2 1202308126.143741
0524125226353646414110001055 2 1202308126.143743
0524126226353646414110001055 2 1202308126.143744
0524160121333141424110001055 2 1202308126.144056
0524165121333141424110001055 2 1202308126.144057
0524166121333141424110001055 2 1202308126.144058
0524160521333141424110001055 2 1202308126.144059
0524165521333141424110001055 2 1202308126.144100
0524166521333141424110001055 2 1202308126.144102
0524160621333141424110001055 2 1202308126.144103
0524165621333141424110001055 2 1202308126.144104
0524166621333141424110001055 2 1202308126.144105
0624160121363141424110001055 2 1202308126.144121
0624160521363141424110001055 2 1202308126.144124
0524165121353641424110001055 2 1202308126.144149
0524166121353641424110001055 2 1202308126.144151
0524165521353641424110001055 2 1202308126.144153
0524166521353641424110001055 2 1202308126.144155
0524165621353641424110001055 2 1202308126.144157
0524166621353641424110001055 2 1202308126.144158
0624153521103142424110001055 2 1202308126.144519
0524153626313142424110001055 2 1202308126.144524
0624163621103542424110001055 2 1202308126.144549
0524153521313642424110001055 2 1202308126.144637
0524163521313642424110001055 2 1202308126.144639
0524153621313642424110001055 2 1202308126.144640
0524163621313642424110001055 2 1202308126.144641
0524163521313145424110001055 2 1202308126.145547
0624165521313145424110001055 2 1202308126.145548
0524163621313145424110001055 2 1202308126.145550
0524163525313145424110001055 2 1202308126.145552
0524163625313145424110001055 2 1202308126.145553
0524163526313145424110001055 2 1202308126.145555
0524163626313145424110001055 2 1202308126.145557
0524160121333145424110001055 2 1202308126.145558
0524165121333145424110001055 2 1202308126.145559
0524166121333145424110001055 2 1202308126.145601
0524160521333145424110001055 2 1202308126.145602
0524162521333145424110001055 2 1202308126.145603
0524163521333145424110001055 2 1202308126.145604
0524165521333145424110001055 2 1202308126.145606
0524166521333145424110001055 2 1202308126.145607
0524160621333145424110001055 2 1202308126.145608
0524162621333145424110001055 2 1202308126.145609
0524163621333145424110001055 2 1202308126.145610
0524165621333145424110001055 2 1202308126.145612
0524166621333145424110001055 2 1202308126.145613
0624166121353145424110001055 2 1202308126.145617
0624160121363145424110001055 2 1202308126.145638
0624160521363145424110001055 2 1202308126.145640
0624162521363145424110001055 1 1202308126.145641
0624163521363145424110001055 2 1202308126.145642
0624165521363145424110001055 2 1202308126.145644
0624166521363145424110001055 2 1202308126.145645
0524163521313146424110001055 2 1202308126.145934
0524163621313146424110001055 2 1202308126.145936
0524163525313146424110001055 2 1202308126.145941
0524163625313146424110001055 2 1202308126.145942
0524163526313146424110001055 2 1202308126.145947
0524163626313146424110001055 2 1202308126.145949
0524160121333146424110001055 2 1202308126.145950
0524165121333146424110001055 2 1202308126.145952
0524166121333146424110001055 2 1202308126.145953
0524160521333146424110001055 2 1202308126.145954
0524162521333146424110001055 2 1202308126.145955
0524163521333146424110001055 2 1202308126.145957
0524165521333146424110001055 2 1202308126.145958
0524166521333146424110001055 2 1202308126.145959
0524160621333146424110001055 2 1202308126.150000
0524162621333146424110001055 2 1202308126.150001
0524163621333146424110001055 2 1202308126.150003
0524165621333146424110001055 2 1202308126.150004
0524166621333146424110001055 2 1202308126.150005
0524160121313646424110001055 2 1202308126.150116
0524160521313646424110001055 2 1202308126.150118
0524160621313646424110001055 2 1202308126.150122
0524162021353646424110001055 1 1202308126.150150
0524160121353646424110001055 2 1202308126.150154
0524162121353646424110001055 1 1202308126.150155
0524165121353646424110001055 2 1202308126.150157
0524166121353646424110001055 2 1202308126.150158
0524162221353646424110001055 1 1202308126.150200
0524162321353646424110001055 1 1202308126.150202
0524160521353646424110001055 2 1202308126.150203
0524162521353646424110001055 1 1202308126.150205
0524163521353646424110001055 2 1202308126.150207
0524165521353646424110001055 2 1202308126.150208
0524166521353646424110001055 2 1202308126.150210
0524160621353646424110001055 2 1202308126.150211
0524162621353646424110001055 1 1202308126.150213
0524163621353646424110001055 2 1202308126.150215
0524165621353646424110001055 2 1202308126.150216
0524166621353646424110001055 2 1202308126.150218
0524125226353641414210001055 2 1202308126.152415
0524126226353641414210001055 2 1202308126.152417
0524123226313642414210001055 2 1202308126.152651
0524120226313646414210001055 2 1202308126.153145
0524122125353646414210001055 1 1202308126.153149
0524122126353646414210001055 1 1202308126.153151
0524120226353646414210001055 2 1202308126.153153
0524122226353646414210001055 1 1202308126.153154
0524123226353646414210001055 2 1202308126.153155
0524125226353646414210001055 2 1202308126.153156
0524126226353646414210001055 2 1202308126.153158
0524160121333141424210001055 2 1202308126.153445
0524165121333141424210001055 2 1202308126.153446
0524166121333141424210001055 2 1202308126.153447
0524160521333141424210001055 2 1202308126.153449
0524165521333141424210001055 2 1202308126.153450
0524166521333141424210001055 2 1202308126.153451
0524160621333141424210001055 2 1202308126.153452
0524165621333141424210001055 2 1202308126.153453
0524166621333141424210001055 2 1202308126.153455
0624160121363141424210001055 2 1202308126.153511
0624160521363141424210001055 2 1202308126.153513
0524165121353641424210001055 2 1202308126.153540
0524166121353641424210001055 2 1202308126.153542
0524165521353641424210001055 2 1202308126.153544
0524166521353641424210001055 2 1202308126.153545
0524165621353641424210001055 2 1202308126.153547
0524166621353641424210001055 2 1202308126.153549
0624153521103142424210001055 2 1202308126.153721
0524153626313142424210001055 2 1202308126.153726
0624163621103542424210001055 2 1202308126.153741
0524153521313642424210001055 2 1202308126.153821
0524163521313642424210001055 2 1202308126.153822
0524153621313642424210001055 2 1202308126.153824
0524163621313642424210001055 2 1202308126.153825
0524163521313145424210001055 2 1202308126.154112
0624165521313145424210001055 2 1202308126.154113
0524163621313145424210001055 2 1202308126.154115
0524163525313145424210001055 2 1202308126.154117
0524163625313145424210001055 2 1202308126.154118
0524163526313145424210001055 2 1202308126.154120
0524163626313145424210001055 2 1202308126.154122
0524160121333145424210001055 2 1202308126.154123
0524165121333145424210001055 2 1202308126.154124
0524166121333145424210001055 2 1202308126.154126
0524160521333145424210001055 2 1202308126.154127
0524162521333145424210001055 2 1202308126.154128
0524163521333145424210001055 2 1202308126.154129
0524165521333145424210001055 2 1202308126.154131
0524166521333145424210001055 2 1202308126.154132
0524160621333145424210001055 2 1202308126.154133
0524162621333145424210001055 2 1202308126.154134
0524163621333145424210001055 2 1202308126.154135
0524165621333145424210001055 2 1202308126.154137
0524166621333145424210001055 2 1202308126.154138
0624166121353145424210001055 2 1202308126.154142
0624160121363145424210001055 2 1202308126.154203
0624160521363145424210001055 2 1202308126.154205
0624162521363145424210001055 1 1202308126.154206
0624163521363145424210001055 2 1202308126.154207
0624165521363145424210001055 2 1202308126.154209
0624166521363145424210001055 2 1202308126.154210
0524163521313146424210001055 2 1202308126.154357
0524163621313146424210001055 2 1202308126.154358
0524163525313146424210001055 2 1202308126.154403
0524163625313146424210001055 2 1202308126.154405
0524163526313146424210001055 2 1202308126.154410
0524163626313146424210001055 2 1202308126.154411
0524160121333146424210001055 2 1202308126.154413
0524165121333146424210001055 2 1202308126.154414
0524166121333146424210001055 2 1202308126.154415
0524160521333146424210001055 2 1202308126.154416
0524162521333146424210001055 2 1202308126.154418
0524163521333146424210001055 2 1202308126.154419
0524165521333146424210001055 2 1202308126.154420
0524166521333146424210001055 2 1202308126.154421
0524160621333146424210001055 2 1202308126.154423
0524162621333146424210001055 2 1202308126.154424
0524163621333146424210001055 2 1202308126.154425
0524165621333146424210001055 2 1202308126.154426
0524166621333146424210001055 2 1202308126.154428
0524160121313646424210001055 2 1202308126.154535
0524160521313646424210001055 2 1202308126.154537
0524160621313646424210001055 2 1202308126.154541
0524162021353646424210001055 1 1202308126.154609
0524160121353646424210001055 2 1202308126.154613
0524162121353646424210001055 1 1202308126.154614
0524165121353646424210001055 2 1202308126.154616
0524166121353646424210001055 2 1202308126.154618
0524162221353646424210001055 1 1202308126.154619
0524162321353646424210001055 1 1202308126.154621
0524160521353646424210001055 2 1202308126.154622
0524162521353646424210001055 1 1202308126.154624
0524163521353646424210001055 2 1202308126.154626
0524165521353646424210001055 2 1202308126.154627
0524166521353646424210001055 2 1202308126.154629
0524160621353646424210001055 2 1202308126.154630
0524162621353646424210001055 1 1202308126.154632
0524163621353646424210001055 2 1202308126.154634
0524165621353646424210001055 2 1202308126.154635
0524166621353646424210001055 2 1202308126.154637
0524125226353641414510001055 2 1202308126.160559
0524126226353641414510001055 2 1202308126.160601
0524123226313642414510001055 2 1202308126.160834
0524120226313646414510001055 2 1202308126.161328
0524122125353646414510001055 1 1202308126.161332
0524122126353646414510001055 1 1202308126.161334
0524120226353646414510001055 2 1202308126.161335
0524122226353646414510001055 1 1202308126.161337
0524123226353646414510001055 2 1202308126.161338
0524125226353646414510001055 2 1202308126.161339
0524126226353646414510001055 2 1202308126.161340
0524160121333141424510001055 2 1202308126.161617
0524165121333141424510001055 2 1202308126.161619
0524166121333141424510001055 2 1202308126.161620
0524160521333141424510001055 2 1202308126.161621
0524165521333141424510001055 2 1202308126.161622
0524166521333141424510001055 2 1202308126.161623
0524160621333141424510001055 2 1202308126.161625
0524165621333141424510001055 2 1202308126.161626
0524166621333141424510001055 2 1202308126.161627
0624160121363141424510001055 2 1202308126.161643
0624160521363141424510001055 2 1202308126.161646
0524165121353641424510001055 2 1202308126.161711
0524166121353641424510001055 2 1202308126.161713
0524165521353641424510001055 2 1202308126.161715
0524166521353641424510001055 2 1202308126.161716
0524165621353641424510001055 2 1202308126.161718
0524166621353641424510001055 2 1202308126.161720
0624153521103142424510001055 2 1202308126.161844
0524153626313142424510001055 2 1202308126.161850
0624163621103542424510001055 2 1202308126.161904
0524153521313642424510001055 2 1202308126.161944
0524163521313642424510001055 2 1202308126.161945
0524153621313642424510001055 2 1202308126.161947
0524163621313642424510001055 2 1202308126.161948
0524163521313145424510001055 2 1202308126.162216
0624165521313145424510001055 2 1202308126.162217
0524163621313145424510001055 2 1202308126.162219
0524163525313145424510001055 2 1202308126.162220
0524163625313145424510001055 2 1202308126.162222
0524163526313145424510001055 2 1202308126.162224
0524163626313145424510001055 2 1202308126.162225
0524160121333145424510001055 2 1202308126.162227
0524165121333145424510001055 2 1202308126.162228
0524166121333145424510001055 2 1202308126.162229
0524160521333145424510001055 2 1202308126.162230
0524162521333145424510001055 2 1202308126.162232
0524163521333145424510001055 2 1202308126.162233
0524165521333145424510001055 2 1202308126.162234
0524166521333145424510001055 2 1202308126.162235
0524160621333145424510001055 2 1202308126.162237
0524162621333145424510001055 2 1202308126.162238
0524163621333145424510001055 2 1202308126.162239
0524165621333145424510001055 2 1202308126.162240
0524166621333145424510001055 2 1202308126.162241
0624166121353145424510001055 2 1202308126.162246
0624160121363145424510001055 2 1202308126.162307
0624160521363145424510001055 2 1202308126.162308
0624162521363145424510001055 1 1202308126.162310
0624163521363145424510001055 2 1202308126.162311
0624165521363145424510001055 2 1202308126.162312
0624166521363145424510001055 2 1202308126.162313
0524163521313146424510001055 2 1202308126.162457
0524163621313146424510001055 2 1202308126.162459
0524163525313146424510001055 2 1202308126.162504
0524163625313146424510001055 2 1202308126.162505
0524163526313146424510001055 2 1202308126.162510
0524163626313146424510001055 2 1202308126.162512
0524160121333146424510001055 2 1202308126.162513
0524165121333146424510001055 2 1202308126.162515
0524166121333146424510001055 2 1202308126.162516
0524160521333146424510001055 2 1202308126.162517
0524162521333146424510001055 2 1202308126.162518
0524163521333146424510001055 2 1202308126.162519
0524165521333146424510001055 2 1202308126.162521
0524166521333146424510001055 2 1202308126.162522
0524160621333146424510001055 2 1202308126.162523
0524162621333146424510001055 2 1202308126.162524
0524163621333146424510001055 2 1202308126.162526
0524165621333146424510001055 2 1202308126.162527
0524166621333146424510001055 2 1202308126.162528
0524160121313646424510001055 2 1202308126.162635
0524160521313646424510001055 2 1202308126.162637
0524160621313646424510001055 2 1202308126.162641
0524162021353646424510001055 1 1202308126.162709
0524160121353646424510001055 2 1202308126.162713
0524162121353646424510001055 1 1202308126.162715
0524165121353646424510001055 2 1202308126.162716
0524166121353646424510001055 2 1202308126.162718
0524162221353646424510001055 1 1202308126.162719
0524162321353646424510001055 1 1202308126.162721
0524160521353646424510001055 2 1202308126.162722
0524162521353646424510001055 1 1202308126.162724
0524163521353646424510001055 2 1202308126.162726
0524165521353646424510001055 2 1202308126.162727
0524166521353646424510001055 2 1202308126.162729
0524160621353646424510001055 2 1202308126.162730
0524162621353646424510001055 1 1202308126.162732
0524163621353646424510001055 2 1202308126.162734
0524165621353646424510001055 2 1202308126.162735
0524166621353646424510001055 2 1202308126.162737
0524125226353641414610001055 2 1202308126.164708
0524126226353641414610001055 2 1202308126.164710
0524123226313642414610001055 2 1202308126.164947
0524120226313646414610001055 2 1202308126.165447
0524122125353646414610001055 1 1202308126.165451
0524122126353646414610001055 1 1202308126.165453
0524120226353646414610001055 2 1202308126.165454
0524122226353646414610001055 1 1202308126.165455
0524123226353646414610001055 2 1202308126.165457
0524125226353646414610001055 2 1202308126.165458
0524126226353646414610001055 2 1202308126.165459
0524160121333141424610001055 2 1202308126.165754
0524165121333141424610001055 2 1202308126.165755
0524166121333141424610001055 2 1202308126.165757
0524160521333141424610001055 2 1202308126.165758
0524165521333141424610001055 2 1202308126.165759
0524166521333141424610001055 2 1202308126.165800
0524160621333141424610001055 2 1202308126.165802
0524165621333141424610001055 2 1202308126.165803
0524166621333141424610001055 2 1202308126.165804
0624160121363141424610001055 2 1202308126.165822
0624160521363141424610001055 2 1202308126.165825
0524165121353641424610001055 2 1202308126.165852
0524166121353641424610001055 2 1202308126.165853
0524165521353641424610001055 2 1202308126.165856
0524166521353641424610001055 2 1202308126.165857
0524165621353641424610001055 2 1202308126.165859
0524166621353641424610001055 2 1202308126.165901
0624153521103142424610001055 2 1202308126.170027
0524153626313142424610001055 2 1202308126.170033
0624163621103542424610001055 2 1202308126.170050
0524153521313642424610001055 2 1202308126.170132
0524163521313642424610001055 2 1202308126.170133
0524153621313642424610001055 2 1202308126.170135
0524163621313642424610001055 2 1202308126.170136
0524153521313144424610001055 2 1202308126.170238
0524163521313145424610001055 2 1202308126.170419
0624165521313145424610001055 2 1202308126.170421
0524163621313145424610001055 2 1202308126.170422
0524163525313145424610001055 2 1202308126.170424
0524163625313145424610001055 2 1202308126.170425
0524163526313145424610001055 2 1202308126.170428
0524163626313145424610001055 2 1202308126.170429
0524160121333145424610001055 2 1202308126.170430
0524165121333145424610001055 2 1202308126.170432
0524166121333145424610001055 2 1202308126.170433
0524160521333145424610001055 2 1202308126.170434
0524162521333145424610001055 2 1202308126.170435
0524163521333145424610001055 2 1202308126.170437
0524165521333145424610001055 2 1202308126.170438
0524166521333145424610001055 2 1202308126.170439
0524160621333145424610001055 2 1202308126.170440
0524162621333145424610001055 2 1202308126.170442
0524163621333145424610001055 2 1202308126.170443
0524165621333145424610001055 2 1202308126.170444
0524166621333145424610001055 2 1202308126.170445
0624166121353145424610001055 2 1202308126.170450
0624160121363145424610001055 2 1202308126.170512
0624160521363145424610001055 2 1202308126.170514
0624162521363145424610001055 1 1202308126.170515
0624163521363145424610001055 2 1202308126.170516
0624165521363145424610001055 2 1202308126.170517
0624166521363145424610001055 2 1202308126.170519
0524163521313146424610001055 2 1202308126.170705
0524163621313146424610001055 2 1202308126.170706
0524163525313146424610001055 2 1202308126.170711
0524163625313146424610001055 2 1202308126.170713
0524163526313146424610001055 2 1202308126.170718
0524163626313146424610001055 2 1202308126.170719
0524160121333146424610001055 2 1202308126.170721
0524165121333146424610001055 2 1202308126.170722
0524166121333146424610001055 2 1202308126.170723
0524160521333146424610001055 2 1202308126.170725
0524162521333146424610001055 2 1202308126.170726
0524163521333146424610001055 2 1202308126.170727
0524165521333146424610001055 2 1202308126.170728
0524166521333146424610001055 2 1202308126.170730
0524160621333146424610001055 2 1202308126.170731
0524162621333146424610001055 2 1202308126.170732
0524163621333146424610001055 2 1202308126.170733
0524165621333146424610001055 2 1202308126.170734
0524166621333146424610001055 2 1202308126.170736
0524160121313646424610001055 2 1202308126.170843
0524160521313646424610001055 2 1202308126.170845
0524160621313646424610001055 2 1202308126.170849
0524162021353646424610001055 1 1202308126.170917
0524160121353646424610001055 2 1202308126.170921
0524162121353646424610001055 1 1202308126.170922
0524165121353646424610001055 2 1202308126.170924
0524166121353646424610001055 2 1202308126.170925
0524162221353646424610001055 1 1202308126.170927
0524162321353646424610001055 1 1202308126.170928
0524160521353646424610001055 2 1202308126.170930
0524162521353646424610001055 1 1202308126.170932
0524163521353646424610001055 2 1202308126.170934
0524165521353646424610001055 2 1202308126.170935
0524166521353646424610001055 2 1202308126.170937
0524160621353646424610001055 2 1202308126.170938
0524162621353646424610001055 1 1202308126.170940
0524163621353646424610001055 2 1202308126.170942
0524165621353646424610001055 2 1202308126.170943
0524166621353646424610001055 2 1202308126.170945
