0524163521103142424110001500 2 1202308104.202019
0524163621103142424110001500 2 1202308104.202021
0524163521153142424110001500 2 1202308104.202037
0524163621153142424110001500 2 1202308104.202038
0524163521163142424110001500 2 1202308104.202044
0524163621163142424110001500 2 1202308104.202045
0624153521103642424110001500 2 1202308104.202106
0624153621103642424110001500 2 1202308104.202107
0524153621313144424110001500 2 1202308104.202510
0524153526313144424110001500 2 1202308104.202514
0524153626313144424110001500 2 1202308104.202516
0524163521103142424210001500 2 1202308104.211033
0524163621103142424210001500 2 1202308104.211035
0524163521153142424210001500 2 1202308104.211041
0524163621153142424210001500 2 1202308104.211043
0524163521163142424210001500 2 1202308104.211048
0524163621163142424210001500 2 1202308104.211050
0624153521103642424210001500 2 1202308104.211105
0624153621103642424210001500 2 1202308104.211106
0524153621313144424210001500 2 1202308104.211213
0524153526313144424210001500 2 1202308104.211217
0524153626313144424210001500 2 1202308104.211219
0524163521103142424510001500 2 1202308104.215034
0524163621103142424510001500 2 1202308104.215036
0524163521153142424510001500 2 1202308104.215042
0524163621153142424510001500 2 1202308104.215044
0524163521163142424510001500 2 1202308104.215049
0524163621163142424510001500 2 1202308104.215050
0624153521103642424510001500 2 1202308104.215106
0624153621103642424510001500 2 1202308104.215107
0524153621313144424510001500 2 1202308104.215205
0524153526313144424510001500 2 1202308104.215209
0524153626313144424510001500 2 1202308104.215211
0524163521103142424610001500 2 1202308104.223051
0524163621103142424610001500 2 1202308104.223053
0524163521153142424610001500 2 1202308104.223100
0524163621153142424610001500 2 1202308104.223102
0524163521163142424610001500 2 1202308104.223109
0524163621163142424610001500 2 1202308104.223111
0624153521103642424610001500 2 1202308104.223128
0624153621103642424610001500 2 1202308104.223129
0524153521313144424610001500 2 1202308104.223231
0524153621313144424610001500 2 1202308104.223233
0524153526313144424610001500 2 1202308104.223238
0524153626313144424610001500 2 1202308104.223241
