0524126225613545414110001130 2 1202308104.192416
0524155526363141424110001130 2 1202308104.192735
0524156525613142424110001130 2 1202308104.192904
0514152521603144424110001130 1 1202308104.193227
0514152525603144424110001130 1 1202308104.193229
0524156521113144424110001130 2 1202308104.193234
0524156525113144424110001130 2 1202308104.193235
0514152521613144424110001130 2 1202308104.193239
0524106521613144424110001130 2 1202308104.193240
0524156521613144424110001130 2 1202308104.193241
0514152525613144424110001130 2 1202308104.193244
0524106525613144424110001130 2 1202308104.193245
0524156525613144424110001130 2 1202308104.193246
0524156526613144424110001130 2 1202308104.193250
0514152521633144424110001130 2 1202308104.193252
0514152525633144424110001130 2 1202308104.193254
0514152521643144424110001130 2 1202308104.193257
0514152525643144424110001130 2 1202308104.193258
0514152521653144424110001130 1 1202308104.193304
0514152525653144424110001130 1 1202308104.193307
0524150121363144424110001130 2 1202308104.193316
0524150521363144424110001130 2 1202308104.193317
0524152521363144424110001130 2 1202308104.193318
0524153521363144424110001130 2 1202308104.193319
0524155521363144424110001130 2 1202308104.193320
0524156521363144424110001130 2 1202308104.193321
0514152521663144424110001130 2 1202308104.193334
0514152525663144424110001130 2 1202308104.193336
0124106026613145424110001130 2 1202308104.193629
0524106026613145424110001130 2 1202308104.193630
0524156021613545424110001130 2 1202308104.193720
0524156521613545424110001130 2 1202308104.193721
0124106026613545424110001130 2 1202308104.193732
0524106026613545424110001130 2 1202308104.193734
0524106526613545424110001130 2 1202308104.193735
0524126225613545414210001130 2 1202308104.195350
0524155526363141424210001130 2 1202308104.195638
0524156525613142424210001130 2 1202308104.195743
0514152521603144424210001130 1 1202308104.195958
0514152525603144424210001130 1 1202308104.200000
0524156521113144424210001130 2 1202308104.200004
0524156525113144424210001130 2 1202308104.200006
0514152521613144424210001130 2 1202308104.200010
0524106521613144424210001130 2 1202308104.200011
0524156521613144424210001130 2 1202308104.200012
0514152525613144424210001130 2 1202308104.200015
0524106525613144424210001130 2 1202308104.200016
0524156525613144424210001130 2 1202308104.200017
0524156526613144424210001130 2 1202308104.200020
0514152521633144424210001130 2 1202308104.200022
0514152525633144424210001130 2 1202308104.200023
0514152521643144424210001130 2 1202308104.200026
0514152525643144424210001130 2 1202308104.200027
0514152521653144424210001130 1 1202308104.200034
0514152525653144424210001130 1 1202308104.200036
0524150121363144424210001130 2 1202308104.200044
0524150521363144424210001130 2 1202308104.200045
0524152521363144424210001130 2 1202308104.200046
0524153521363144424210001130 2 1202308104.200047
0524155521363144424210001130 2 1202308104.200049
0524156521363144424210001130 2 1202308104.200050
0514152521663144424210001130 2 1202308104.200101
0514152525663144424210001130 2 1202308104.200102
0124106026613145424210001130 2 1202308104.200304
0524106026613145424210001130 2 1202308104.200305
0524156021613545424210001130 2 1202308104.200342
0524156521613545424210001130 2 1202308104.200343
0124106026613545424210001130 2 1202308104.200354
0524106026613545424210001130 2 1202308104.200355
0524106526613545424210001130 2 1202308104.200357
0524126225613545414510001130 2 1202308104.201927
0524155526363141424510001130 2 1202308104.202204
0524156525613142424510001130 2 1202308104.202303
0514152521603144424510001130 1 1202308104.202511
0514152525603144424510001130 1 1202308104.202513
0524156521113144424510001130 2 1202308104.202517
0524156525113144424510001130 2 1202308104.202519
0514152521613144424510001130 2 1202308104.202523
0524106521613144424510001130 2 1202308104.202525
0524156521613144424510001130 2 1202308104.202526
0514152525613144424510001130 2 1202308104.202528
0524106525613144424510001130 2 1202308104.202529
0524156525613144424510001130 2 1202308104.202531
0524156526613144424510001130 2 1202308104.202534
0514152521633144424510001130 2 1202308104.202536
0514152525633144424510001130 2 1202308104.202537
0514152521643144424510001130 2 1202308104.202540
0514152525643144424510001130 2 1202308104.202541
0514152521653144424510001130 1 1202308104.202547
0514152525653144424510001130 1 1202308104.202550
0524150121363144424510001130 2 1202308104.202558
0524150521363144424510001130 2 1202308104.202559
0524152521363144424510001130 2 1202308104.202600
0524153521363144424510001130 2 1202308104.202601
0524155521363144424510001130 2 1202308104.202602
0524156521363144424510001130 2 1202308104.202603
0514152521663144424510001130 2 1202308104.202615
0514152525663144424510001130 2 1202308104.202616
0124106026613145424510001130 2 1202308104.202812
0524106026613145424510001130 2 1202308104.202814
0524156021613545424510001130 2 1202308104.202849
0524156521613545424510001130 2 1202308104.202850
0124106026613545424510001130 2 1202308104.202901
0524106026613545424510001130 2 1202308104.202902
0524106526613545424510001130 2 1202308104.202904
0524126225613545414610001130 2 1202308104.204417
0524155526363141424610001130 2 1202308104.204729
0524156525613142424610001130 2 1202308104.204833
0514152521603144424610001130 1 1202308104.205058
0514152525603144424610001130 1 1202308104.205059
0524156521113144424610001130 2 1202308104.205104
0524156525113144424610001130 2 1202308104.205105
0524153521313144424610001130 2 1202308104.205108
0514152521613144424610001130 2 1202308104.205112
0524106521613144424610001130 2 1202308104.205113
0524156521613144424610001130 2 1202308104.205115
0514152525613144424610001130 2 1202308104.205117
0524106525613144424610001130 2 1202308104.205118
0524156525613144424610001130 2 1202308104.205119
0524156526613144424610001130 2 1202308104.205123
0514152521633144424610001130 2 1202308104.205124
0514152525633144424610001130 2 1202308104.205126
0514152521643144424610001130 2 1202308104.205129
0514152525643144424610001130 2 1202308104.205130
0514152521653144424610001130 1 1202308104.205138
0514152525653144424610001130 1 1202308104.205140
0524150121363144424610001130 2 1202308104.205148
0524150521363144424610001130 2 1202308104.205149
0524152521363144424610001130 2 1202308104.205150
0524153521363144424610001130 2 1202308104.205151
0524155521363144424610001130 2 1202308104.205152
0524156521363144424610001130 2 1202308104.205154
0514152521663144424610001130 2 1202308104.205205
0514152525663144424610001130 2 1202308104.205206
0124106026613145424610001130 2 1202308104.205416
0524106026613145424610001130 2 1202308104.205417
0524156021613545424610001130 2 1202308104.205454
0524156521613545424610001130 2 1202308104.205456
0124106026613545424610001130 2 1202308104.205507
0524106026613545424610001130 2 1202308104.205508
0524106526613545424610001130 2 1202308104.205510
