0524123225163545414110001215 2 1202308115.185436
0524153525163142424110001215 2 1202308115.185859
0564152521303144424110001215 1 1202308115.190126
0564152525303144424110001215 1 1202308115.190127
0564152521313144424110001215 2 1202308115.190129
0564152525313144424110001215 2 1202308115.190130
0564152521333144424110001215 2 1202308115.190132
0564152525333144424110001215 2 1202308115.190133
0564152521343144424110001215 2 1202308115.190135
0564152525343144424110001215 2 1202308115.190137
0564152521353144424110001215 1 1202308115.190138
0564152525353144424110001215 1 1202308115.190140
0524103521163144424110001215 2 1202308115.190142
0524153521163144424110001215 2 1202308115.190143
0524103525163144424110001215 2 1202308115.190145
0524153525163144424110001215 2 1202308115.190146
0564152521363144424110001215 2 1202308115.190147
0564152525363144424110001215 2 1202308115.190149
0524153521663144424110001215 2 1202308115.190150
0524153525663144424110001215 2 1202308115.190151
0524153021163545424110001215 2 1202308115.190333
0524153521163545424110001215 2 1202308115.190334
0524123225163545414210001215 2 1202308115.192237
0524153525163142424210001215 2 1202308115.192632
0564152521303144424210001215 1 1202308115.192804
0564152525303144424210001215 1 1202308115.192805
0564152521313144424210001215 2 1202308115.192807
0564152525313144424210001215 2 1202308115.192808
0564152521333144424210001215 2 1202308115.192809
0564152525333144424210001215 2 1202308115.192811
0564152521343144424210001215 2 1202308115.192812
0564152525343144424210001215 2 1202308115.192813
0564152521353144424210001215 1 1202308115.192815
0564152525353144424210001215 1 1202308115.192816
0524103521163144424210001215 2 1202308115.192819
0524153521163144424210001215 2 1202308115.192820
0524103525163144424210001215 2 1202308115.192822
0524153525163144424210001215 2 1202308115.192823
0564152521363144424210001215 2 1202308115.192824
0564152525363144424210001215 2 1202308115.192825
0524153521663144424210001215 2 1202308115.192827
0524153525663144424210001215 2 1202308115.192828
0524153021163545424210001215 2 1202308115.192935
0524153521163545424210001215 2 1202308115.192936
0524123225163545414510001215 2 1202308115.194750
0524153525163142424510001215 2 1202308115.195133
0564152521303144424510001215 1 1202308115.195300
0564152525303144424510001215 1 1202308115.195301
0564152521313144424510001215 2 1202308115.195303
0564152525313144424510001215 2 1202308115.195304
0564152521333144424510001215 2 1202308115.195305
0564152525333144424510001215 2 1202308115.195307
0564152521343144424510001215 2 1202308115.195308
0564152525343144424510001215 2 1202308115.195309
0564152521353144424510001215 1 1202308115.195311
0564152525353144424510001215 1 1202308115.195312
0524103521163144424510001215 2 1202308115.195314
0524153521163144424510001215 2 1202308115.195315
0524103525163144424510001215 2 1202308115.195317
0524153525163144424510001215 2 1202308115.195318
0564152521363144424510001215 2 1202308115.195320
0564152525363144424510001215 2 1202308115.195321
0524153521663144424510001215 2 1202308115.195322
0524153525663144424510001215 2 1202308115.195324
0524153021163545424510001215 2 1202308115.195425
0524153521163545424510001215 2 1202308115.195427
0524123225163545414610001215 2 1202308115.201234
0524153525163142424610001215 2 1202308115.201848
0564152521303144424610001215 1 1202308115.202108
0564152525303144424610001215 1 1202308115.202110
0564152521313144424610001215 2 1202308115.202112
0524153521313144424610001215 2 1202308115.202113
0564152525313144424610001215 2 1202308115.202116
0564152521333144424610001215 2 1202308115.202118
0564152525333144424610001215 2 1202308115.202119
0564152521343144424610001215 2 1202308115.202121
0564152525343144424610001215 2 1202308115.202122
0564152521353144424610001215 1 1202308115.202125
0564152525353144424610001215 1 1202308115.202128
0524103521163144424610001215 2 1202308115.202130
0524153521163144424610001215 2 1202308115.202131
0524103525163144424610001215 2 1202308115.202133
0524153525163144424610001215 2 1202308115.202134
0564152521363144424610001215 2 1202308115.202135
0564152525363144424610001215 2 1202308115.202137
0524153521663144424610001215 2 1202308115.202139
0524153525663144424610001215 2 1202308115.202140
0524153021163545424610001215 2 1202308115.202407
0524153521163545424610001215 2 1202308115.202408
