0516122226303641414100000022 1 1202308115.180334
0021160121353042424100000022 2 1202308115.180642
0021166121353042424100000022 2 1202308115.180644
0111152021343120464100000022 1 1202308115.181130
0111152021343520464100000022 1 1202308115.181134
0111152021343121464100000022 1 1202308115.181156
0516122226303641414200000022 1 1202308115.181637
0021160121353042424200000022 2 1202308115.181959
0021166121353042424200000022 2 1202308115.182001
0111152021343120464200000022 1 1202308115.182532
0111152021343520464200000022 1 1202308115.182535
0111152021343121464200000022 1 1202308115.182558
