0610102620303545424101541012 1 1202308104.190952
0610162620303545424101541012 1 1202308104.190953
0610102620303645424101541012 1 1202308104.191010
0610112620303645424101541012 1 1202308104.191011
0610122620303645424101541012 1 1202308104.191013
0610132620303645424101541012 1 1202308104.191014
0610152620303645424101541012 1 1202308104.191015
0610162620303645424101541012 1 1202308104.191016
0610102620303544424201541012 1 1202308104.191934
0610102620303545424201541012 1 1202308104.192014
0610162620303545424201541012 1 1202308104.192015
0610102620303645424201541012 1 1202308104.192032
0610112620303645424201541012 1 1202308104.192034
0610122620303645424201541012 1 1202308104.192035
0610132620303645424201541012 1 1202308104.192036
0610152620303645424201541012 1 1202308104.192037
0610162620303645424201541012 1 1202308104.192038
0610102620303544424601541012 1 1202308104.192932
0610102620303545424601541012 1 1202308104.193014
0610162620303545424601541012 1 1202308104.193015
0610102620303645424601541012 1 1202308104.193032
0610112620303645424601541012 1 1202308104.193034
0610122620303645424601541012 1 1202308104.193035
0610132620303645424601541012 1 1202308104.193036
0610152620303645424601541012 1 1202308104.193037
0610162620303645424601541012 1 1202308104.193038
0524126225613545414110001333 2 1202308104.195107
0524156525613142424110001333 2 1202308104.195402
0514152521603144424110001333 1 1202308104.195607
0514152525603144424110001333 1 1202308104.195609
0524156521113144424110001333 2 1202308104.195610
0524156525113144424110001333 2 1202308104.195611
0514152521613144424110001333 2 1202308104.195613
0524106521613144424110001333 2 1202308104.195614
0524156521613144424110001333 2 1202308104.195615
0514152525613144424110001333 2 1202308104.195617
0524106525613144424110001333 2 1202308104.195618
0524156525613144424110001333 2 1202308104.195620
0514152521633144424110001333 2 1202308104.195621
0514152525633144424110001333 2 1202308104.195623
0514152521643144424110001333 2 1202308104.195624
0514152525643144424110001333 2 1202308104.195625
0514152521653144424110001333 1 1202308104.195628
0514152525653144424110001333 1 1202308104.195631
0524150121363144424110001333 2 1202308104.195634
0524150521363144424110001333 2 1202308104.195635
0524152521363144424110001333 2 1202308104.195636
0524153521363144424110001333 2 1202308104.195637
0524155521363144424110001333 2 1202308104.195638
0524156521363144424110001333 2 1202308104.195640
0514152521663144424110001333 2 1202308104.195648
0514152525663144424110001333 2 1202308104.195650
0524156021613545424110001333 2 1202308104.195822
0524156521613545424110001333 2 1202308104.195823
0524126225613545414210001333 2 1202308104.200904
0524156525613142424210001333 2 1202308104.201111
0514152521603144424210001333 1 1202308104.201239
0514152525603144424210001333 1 1202308104.201241
0524156521113144424210001333 2 1202308104.201242
0524156525113144424210001333 2 1202308104.201243
0514152521613144424210001333 2 1202308104.201245
0524106521613144424210001333 2 1202308104.201246
0524156521613144424210001333 2 1202308104.201247
0514152525613144424210001333 2 1202308104.201249
0524106525613144424210001333 2 1202308104.201250
0524156525613144424210001333 2 1202308104.201252
0514152521633144424210001333 2 1202308104.201253
0514152525633144424210001333 2 1202308104.201254
0514152521643144424210001333 2 1202308104.201255
0514152525643144424210001333 2 1202308104.201257
0514152521653144424210001333 1 1202308104.201300
0514152525653144424210001333 1 1202308104.201302
0524150121363144424210001333 2 1202308104.201305
0524150521363144424210001333 2 1202308104.201306
0524152521363144424210001333 2 1202308104.201307
0524153521363144424210001333 2 1202308104.201308
0524155521363144424210001333 2 1202308104.201310
0524156521363144424210001333 2 1202308104.201311
0514152521663144424210001333 2 1202308104.201318
0514152525663144424210001333 2 1202308104.201320
0524156021613545424210001333 2 1202308104.201407
0524156521613545424210001333 2 1202308104.201409
0524126225613545414510001333 2 1202308104.202426
0524156525613142424510001333 2 1202308104.202623
0514152521603144424510001333 1 1202308104.202749
0514152525603144424510001333 1 1202308104.202750
0524156521113144424510001333 2 1202308104.202751
0524156525113144424510001333 2 1202308104.202753
0514152521613144424510001333 2 1202308104.202754
0524106521613144424510001333 2 1202308104.202756
0524156521613144424510001333 2 1202308104.202757
0514152525613144424510001333 2 1202308104.202759
0524106525613144424510001333 2 1202308104.202800
0524156525613144424510001333 2 1202308104.202801
0514152521633144424510001333 2 1202308104.202802
0514152525633144424510001333 2 1202308104.202804
0514152521643144424510001333 2 1202308104.202805
0514152525643144424510001333 2 1202308104.202806
0514152521653144424510001333 1 1202308104.202809
0514152525653144424510001333 1 1202308104.202811
0524150121363144424510001333 2 1202308104.202814
0524150521363144424510001333 2 1202308104.202815
0524152521363144424510001333 2 1202308104.202816
0524153521363144424510001333 2 1202308104.202817
0524155521363144424510001333 2 1202308104.202818
0524156521363144424510001333 2 1202308104.202819
0514152521663144424510001333 2 1202308104.202827
0514152525663144424510001333 2 1202308104.202828
0524156021613545424510001333 2 1202308104.202909
0524156521613545424510001333 2 1202308104.202911
0524126225613545414610001333 2 1202308104.203931
0524156525613142424610001333 2 1202308104.204154
0514152521603144424610001333 1 1202308104.204326
0514152525603144424610001333 1 1202308104.204327
0524156521113144424610001333 2 1202308104.204329
0524156525113144424610001333 2 1202308104.204330
0524153521313144424610001333 2 1202308104.204331
0514152521613144424610001333 2 1202308104.204334
0524106521613144424610001333 2 1202308104.204335
0524156521613144424610001333 2 1202308104.204337
0514152525613144424610001333 2 1202308104.204339
0524106525613144424610001333 2 1202308104.204340
0524156525613144424610001333 2 1202308104.204341
0514152521633144424610001333 2 1202308104.204342
0514152525633144424610001333 2 1202308104.204344
0514152521643144424610001333 2 1202308104.204345
0514152525643144424610001333 2 1202308104.204346
0514152521653144424610001333 1 1202308104.204350
0514152525653144424610001333 1 1202308104.204353
0524150121363144424610001333 2 1202308104.204355
0524150521363144424610001333 2 1202308104.204356
0524152521363144424610001333 2 1202308104.204357
0524153521363144424610001333 2 1202308104.204358
0524155521363144424610001333 2 1202308104.204400
0524156521363144424610001333 2 1202308104.204401
0514152521663144424610001333 2 1202308104.204408
0514152525663144424610001333 2 1202308104.204410
0524156021613545424610001333 2 1202308104.204459
0524156521613545424610001333 2 1202308104.204501
0522103021143000464211203215 2 1202308104.205643
0522103025143000464211203215 2 1202308104.205644
0522100021343101464211203215 2 1202308104.205707
0522100021343111464211203215 2 1202308104.205712
0522100025343111464211203215 2 1202308104.205713
0522100021343121464211203215 2 1202308104.205718
0522100021343141464211203215 2 1202308104.205723
0522100021343151464211203215 2 1202308104.205728
0522100021343102464211203215 2 1202308104.205734
0522102021343102464211203215 2 1202308104.205735
0522103021343102464211203215 2 1202308104.205736
0522105021343102464211203215 2 1202308104.205736
0522106021343102464211203215 2 1202308104.205737
0522100025343102464211203215 2 1202308104.205738
0522102025343102464211203215 2 1202308104.205739
0522103025343102464211203215 2 1202308104.205740
0522105025343102464211203215 2 1202308104.205741
0522106025343102464211203215 2 1202308104.205742
0522100021343112464211203215 2 1202308104.205747
0522102021343112464211203215 2 1202308104.205748
0522103021343112464211203215 2 1202308104.205749
0522105021343112464211203215 2 1202308104.205750
0522106021343112464211203215 2 1202308104.205751
0522100025343112464211203215 2 1202308104.205752
0522102025343112464211203215 2 1202308104.205753
0522103025343112464211203215 2 1202308104.205754
0522105025343112464211203215 2 1202308104.205755
0522106025343112464211203215 2 1202308104.205756
0522100021343122464211203215 2 1202308104.205801
0522102021343122464211203215 2 1202308104.205802
0522103021343122464211203215 2 1202308104.205803
0522105021343122464211203215 2 1202308104.205804
0522106021343122464211203215 2 1202308104.205805
0522100025343122464211203215 2 1202308104.205806
0522102025343122464211203215 2 1202308104.205807
0522103025343122464211203215 2 1202308104.205808
0522105025343122464211203215 2 1202308104.205809
0522106025343122464211203215 2 1202308104.205810
0522100021343142464211203215 2 1202308104.205815
0522102021343142464211203215 2 1202308104.205816
0522103021343142464211203215 2 1202308104.205817
0522105021343142464211203215 2 1202308104.205818
0522106021343142464211203215 2 1202308104.205819
0522100025343142464211203215 2 1202308104.205820
0522102025343142464211203215 2 1202308104.205821
0522103025343142464211203215 2 1202308104.205822
0522105025343142464211203215 2 1202308104.205823
0522106025343142464211203215 2 1202308104.205824
0522100021343152464211203215 2 1202308104.205829
0522102021343152464211203215 2 1202308104.205830
0522103021343152464211203215 2 1202308104.205831
0522105021343152464211203215 2 1202308104.205832
0522106021343152464211203215 2 1202308104.205833
0522100025343152464211203215 2 1202308104.205834
0522102025343152464211203215 2 1202308104.205835
0522103025343152464211203215 2 1202308104.205836
0522105025343152464211203215 2 1202308104.205837
0522106025343152464211203215 2 1202308104.205838
0522103021143000464511203215 2 1202308104.210839
0522103025143000464511203215 2 1202308104.210840
0522100021343101464511203215 2 1202308104.210903
0522100021343111464511203215 2 1202308104.210908
0522100025343111464511203215 2 1202308104.210909
0522100021343121464511203215 2 1202308104.210914
0522100021343141464511203215 2 1202308104.210919
0522100021343151464511203215 2 1202308104.210924
0522100021343102464511203215 2 1202308104.210929
0522102021343102464511203215 2 1202308104.210930
0522103021343102464511203215 2 1202308104.210931
0522105021343102464511203215 2 1202308104.210932
0522106021343102464511203215 2 1202308104.210933
0522100025343102464511203215 2 1202308104.210934
0522102025343102464511203215 2 1202308104.210935
0522103025343102464511203215 2 1202308104.210936
0522105025343102464511203215 2 1202308104.210937
0522106025343102464511203215 2 1202308104.210938
0522100021343112464511203215 2 1202308104.210943
0522102021343112464511203215 2 1202308104.210944
0522103021343112464511203215 2 1202308104.210945
0522105021343112464511203215 2 1202308104.210946
0522106021343112464511203215 2 1202308104.210947
0522100025343112464511203215 2 1202308104.210948
0522102025343112464511203215 2 1202308104.210949
0522103025343112464511203215 2 1202308104.210950
0522105025343112464511203215 2 1202308104.210951
0522106025343112464511203215 2 1202308104.210952
0522100021343122464511203215 2 1202308104.210957
0522102021343122464511203215 2 1202308104.210958
0522103021343122464511203215 2 1202308104.210959
0522105021343122464511203215 2 1202308104.211000
0522106021343122464511203215 2 1202308104.211001
0522100025343122464511203215 2 1202308104.211002
0522102025343122464511203215 2 1202308104.211003
0522103025343122464511203215 2 1202308104.211004
0522105025343122464511203215 2 1202308104.211005
0522106025343122464511203215 2 1202308104.211006
0522100021343142464511203215 2 1202308104.211011
0522102021343142464511203215 2 1202308104.211012
0522103021343142464511203215 2 1202308104.211013
0522105021343142464511203215 2 1202308104.211014
0522106021343142464511203215 2 1202308104.211015
0522100025343142464511203215 2 1202308104.211016
0522102025343142464511203215 2 1202308104.211017
0522103025343142464511203215 2 1202308104.211018
0522105025343142464511203215 2 1202308104.211019
0522106025343142464511203215 2 1202308104.211020
0522100021343152464511203215 2 1202308104.211025
0522102021343152464511203215 2 1202308104.211026
0522103021343152464511203215 2 1202308104.211027
0522105021343152464511203215 2 1202308104.211028
0522106021343152464511203215 2 1202308104.211029
0522100025343152464511203215 2 1202308104.211030
0522102025343152464511203215 2 1202308104.211031
0522103025343152464511203215 2 1202308104.211032
0522105025343152464511203215 2 1202308104.211033
0522106025343152464511203215 2 1202308104.211034
0524126225613545414110001635 2 1202308104.215042
0524156525613142424110001635 2 1202308104.215413
0514152521603144424110001635 1 1202308104.215656
0514152525603144424110001635 1 1202308104.215657
0524156521113144424110001635 2 1202308104.215658
0524156525113144424110001635 2 1202308104.215700
0514152521613144424110001635 2 1202308104.215701
0524106521613144424110001635 2 1202308104.215702
0524156521613144424110001635 2 1202308104.215704
0514152525613144424110001635 2 1202308104.215706
0524106525613144424110001635 2 1202308104.215707
0524156525613144424110001635 2 1202308104.215708
0514152521633144424110001635 2 1202308104.215710
0514152525633144424110001635 2 1202308104.215711
0514152521643144424110001635 2 1202308104.215712
0514152525643144424110001635 2 1202308104.215714
0514152521653144424110001635 1 1202308104.215716
0514152525653144424110001635 1 1202308104.215719
0524150121363144424110001635 2 1202308104.215722
0524150521363144424110001635 2 1202308104.215723
0524152521363144424110001635 2 1202308104.215724
0524153521363144424110001635 2 1202308104.215726
0524155521363144424110001635 2 1202308104.215727
0524156521363144424110001635 2 1202308104.215728
0514152521663144424110001635 2 1202308104.215737
0514152525663144424110001635 2 1202308104.215738
0524156021613545424110001635 2 1202308104.215934
0524156521613545424110001635 2 1202308104.215935
0524126225613545414210001635 2 1202308104.221424
0524156525613142424210001635 2 1202308104.221659
0514152521603144424210001635 1 1202308104.221835
0514152525603144424210001635 1 1202308104.221836
0524156521113144424210001635 2 1202308104.221838
0524156525113144424210001635 2 1202308104.221839
0514152521613144424210001635 2 1202308104.221840
0524106521613144424210001635 2 1202308104.221842
0524156521613144424210001635 2 1202308104.221843
0514152525613144424210001635 2 1202308104.221845
0524106525613144424210001635 2 1202308104.221846
0524156525613144424210001635 2 1202308104.221847
0514152521633144424210001635 2 1202308104.221848
0514152525633144424210001635 2 1202308104.221850
0514152521643144424210001635 2 1202308104.221851
0514152525643144424210001635 2 1202308104.221852
0514152521653144424210001635 1 1202308104.221855
0514152525653144424210001635 1 1202308104.221857
0524150121363144424210001635 2 1202308104.221900
0524150521363144424210001635 2 1202308104.221901
0524152521363144424210001635 2 1202308104.221902
0524153521363144424210001635 2 1202308104.221903
0524155521363144424210001635 2 1202308104.221904
0524156521363144424210001635 2 1202308104.221906
0514152521663144424210001635 2 1202308104.221913
0514152525663144424210001635 2 1202308104.221914
0524156021613545424210001635 2 1202308104.222011
0524156521613545424210001635 2 1202308104.222013
0524126225613545414510001635 2 1202308104.223450
0524156525613142424510001635 2 1202308104.223712
0514152521603144424510001635 1 1202308104.223841
0514152525603144424510001635 1 1202308104.223842
0524156521113144424510001635 2 1202308104.223843
0524156525113144424510001635 2 1202308104.223845
0514152521613144424510001635 2 1202308104.223846
0524106521613144424510001635 2 1202308104.223847
0524156521613144424510001635 2 1202308104.223849
0514152525613144424510001635 2 1202308104.223851
0524106525613144424510001635 2 1202308104.223852
0524156525613144424510001635 2 1202308104.223853
0514152521633144424510001635 2 1202308104.223854
0514152525633144424510001635 2 1202308104.223856
0514152521643144424510001635 2 1202308104.223857
0514152525643144424510001635 2 1202308104.223858
0514152521653144424510001635 1 1202308104.223901
0514152525653144424510001635 1 1202308104.223903
0524150121363144424510001635 2 1202308104.223906
0524150521363144424510001635 2 1202308104.223907
0524152521363144424510001635 2 1202308104.223908
0524153521363144424510001635 2 1202308104.223909
0524155521363144424510001635 2 1202308104.223910
0524156521363144424510001635 2 1202308104.223911
0514152521663144424510001635 2 1202308104.223919
0514152525663144424510001635 2 1202308104.223920
0524156021613545424510001635 2 1202308104.224008
0524156521613545424510001635 2 1202308104.224009
0524126225613545414610001635 2 1202308104.225445
0524156525613142424610001635 2 1202308104.225730
0514152521603144424610001635 1 1202308104.225906
0514152525603144424610001635 1 1202308104.225908
0524156521113144424610001635 2 1202308104.225909
0524156525113144424610001635 2 1202308104.225910
0524153521313144424610001635 2 1202308104.225912
0514152521613144424610001635 2 1202308104.225915
0524106521613144424610001635 2 1202308104.225916
0524156521613144424610001635 2 1202308104.225917
0514152525613144424610001635 2 1202308104.225919
0524106525613144424610001635 2 1202308104.225920
0524156525613144424610001635 2 1202308104.225921
0514152521633144424610001635 2 1202308104.225923
0514152525633144424610001635 2 1202308104.225924
0514152521643144424610001635 2 1202308104.225925
0514152525643144424610001635 2 1202308104.225926
0514152521653144424610001635 1 1202308104.225931
0514152525653144424610001635 1 1202308104.225933
0524150121363144424610001635 2 1202308104.225935
0524150521363144424610001635 2 1202308104.225937
0524152521363144424610001635 2 1202308104.225938
0524153521363144424610001635 2 1202308104.225939
0524155521363144424610001635 2 1202308104.225940
0524156521363144424610001635 2 1202308104.225941
0514152521663144424610001635 2 1202308104.225949
0514152525663144424610001635 2 1202308104.225950
0524156021613545424610001635 2 1202308104.230046
0524156521613545424610001635 2 1202308104.230048
