0046122120353041414100101653 1 1202308115.180231
0046122220353041414100101653 1 1202308115.180233
0046122125353041414100101653 1 1202308115.180235
0046122225353041414100101653 1 1202308115.180236
0046122225363041414100101653 1 1202308115.180241
0046122120353045414100101653 1 1202308115.180347
0046122220353045414100101653 1 1202308115.180351
0046122125353045414100101653 1 1202308115.180354
0046122225353045414100101653 1 1202308115.180356
0046122220363045414100101653 1 1202308115.180359
0046122125363045414100101653 1 1202308115.180401
0046122225363045414100101653 1 1202308115.180403
0046122120353046414100101653 1 1202308115.180420
0046122220353046414100101653 1 1202308115.180424
0046122125353046414100101653 1 1202308115.180427
0046122225353046414100101653 1 1202308115.180429
0046122220363046414100101653 1 1202308115.180432
0046122125363046414100101653 1 1202308115.180434
0046122225363046414100101653 1 1202308115.180436
0046102521333140424100101653 2 1202308115.180645
0046102621333140424100101653 2 1202308115.180648
0046102121353140424100101653 1 1202308115.180654
0046102521353140424100101653 1 1202308115.180656
0046102621353140424100101653 1 1202308115.180700
0046102121363140424100101653 1 1202308115.180707
0046102521363140424100101653 1 1202308115.180709
0144102621363140424100101653 1 1202308115.180711
0046102621363140424100101653 1 1202308115.180712
0046102021353041424100101653 1 1202308115.180806
0046152021353041424100101653 1 1202308115.180808
0046102121353041424100101653 1 1202308115.180810
0046152121353041424100101653 1 1202308115.180812
0046102221353041424100101653 1 1202308115.180814
0046152221353041424100101653 1 1202308115.180815
0046102321353041424100101653 1 1202308115.180817
0046152321353041424100101653 1 1202308115.180819
0046102521353041424100101653 1 1202308115.180821
0046152521353041424100101653 1 1202308115.180822
0046102621353041424100101653 1 1202308115.180826
0046152621353041424100101653 1 1202308115.180828
0046102021363041424100101653 2 1202308115.180832
0146102021363041424100101653 1 1202308115.180833
0046152021363041424100101653 1 1202308115.180835
0046152121363041424100101653 1 1202308115.180838
0046152221363041424100101653 1 1202308115.180842
0046152321363041424100101653 1 1202308115.180845
0046152521363041424100101653 1 1202308115.180850
0046152621363041424100101653 1 1202308115.180857
0046102021353141424100101653 1 1202308115.180859
0146102021353141424100101653 1 1202308115.180900
0046102121353141424100101653 1 1202308115.180902
0046102521353141424100101653 1 1202308115.180904
0144102621353141424100101653 1 1202308115.180906
0046102621353141424100101653 1 1202308115.180907
0046102021363141424100101653 2 1202308115.180911
0046102121363141424100101653 1 1202308115.180914
0046102521363141424100101653 1 1202308115.180916
0046102621363141424100101653 1 1202308115.180919
0046102521353042424100101653 1 1202308115.181023
0046152521353042424100101653 1 1202308115.181024
0046102621353042424100101653 1 1202308115.181028
0046152621353042424100101653 1 1202308115.181030
0046152521363042424100101653 1 1202308115.181043
0046152621363042424100101653 1 1202308115.181050
0046152021333142424100101653 2 1202308115.181052
0046102521333142424100101653 2 1202308115.181054
0046102621333142424100101653 2 1202308115.181056
0046152021353142424100101653 1 1202308115.181103
0046102521353142424100101653 1 1202308115.181105
0144102621353142424100101653 1 1202308115.181106
0046102621353142424100101653 1 1202308115.181108
0046152021363142424100101653 1 1202308115.181114
0046102521363142424100101653 1 1202308115.181116
0046102621363142424100101653 1 1202308115.181119
0046102521333144424100101653 2 1202308115.181421
0046102621333144424100101653 2 1202308115.181423
0046102121353144424100101653 1 1202308115.181431
0046102121363144424100101653 1 1202308115.181446
0046102521363144424100101653 1 1202308115.181448
0046102621363144424100101653 1 1202308115.181452
0046102021353045424100101653 1 1202308115.181552
0146102021353045424100101653 2 1202308115.181553
0046152021353045424100101653 1 1202308115.181555
0046102121353045424100101653 1 1202308115.181559
0046152121353045424100101653 1 1202308115.181600
0046102221353045424100101653 1 1202308115.181604
0046152221353045424100101653 1 1202308115.181606
0046102321353045424100101653 1 1202308115.181610
0046152321353045424100101653 1 1202308115.181612
0046102521353045424100101653 1 1202308115.181617
0046152521353045424100101653 1 1202308115.181620
0046102621353045424100101653 1 1202308115.181627
0046152621353045424100101653 1 1202308115.181629
0046102021363045424100101653 1 1202308115.181631
0146102021363045424100101653 1 1202308115.181633
0046152021363045424100101653 1 1202308115.181635
0046102121363045424100101653 1 1202308115.181637
0046152121363045424100101653 1 1202308115.181638
0046102221363045424100101653 1 1202308115.181640
0046152221363045424100101653 1 1202308115.181642
0046102321363045424100101653 1 1202308115.181644
0046152321363045424100101653 1 1202308115.181646
0046102521363045424100101653 1 1202308115.181648
0046152521363045424100101653 1 1202308115.181650
0046102621363045424100101653 1 1202308115.181653
0046152621363045424100101653 1 1202308115.181655
0046102521333145424100101653 2 1202308115.181657
0046102621333145424100101653 2 1202308115.181700
0046102021353145424100101653 1 1202308115.181702
0146102021353145424100101653 1 1202308115.181703
0046102121353145424100101653 1 1202308115.181705
0144102621353145424100101653 1 1202308115.181710
0046102021363145424100101653 1 1202308115.181716
0046102121363145424100101653 1 1202308115.181719
0046102521363145424100101653 1 1202308115.181721
0046102621363145424100101653 1 1202308115.181724
0046102021353046424100101653 1 1202308115.181839
0146102021353046424100101653 2 1202308115.181840
0046152021353046424100101653 1 1202308115.181842
0046102121353046424100101653 1 1202308115.181846
0046152121353046424100101653 1 1202308115.181848
0046102221353046424100101653 1 1202308115.181852
0046152221353046424100101653 1 1202308115.181854
0046102321353046424100101653 1 1202308115.181857
0046152321353046424100101653 1 1202308115.181859
0046102521353046424100101653 1 1202308115.181905
0046152521353046424100101653 1 1202308115.181907
0046102621353046424100101653 1 1202308115.181914
0046152621353046424100101653 1 1202308115.181916
0046102021363046424100101653 1 1202308115.181919
0146102021363046424100101653 1 1202308115.181920
0046152021363046424100101653 1 1202308115.181922
0046102121363046424100101653 1 1202308115.181924
0046152121363046424100101653 1 1202308115.181926
0046102221363046424100101653 1 1202308115.181928
0046152221363046424100101653 1 1202308115.181929
0046102321363046424100101653 1 1202308115.181931
0046152321363046424100101653 1 1202308115.181933
0046102521363046424100101653 1 1202308115.181935
0046152521363046424100101653 1 1202308115.181937
0144102621363046424100101653 1 1202308115.181938
0046102621363046424100101653 1 1202308115.181940
0046152621363046424100101653 1 1202308115.181942
0046102521333146424100101653 2 1202308115.181944
0046102621333146424100101653 2 1202308115.181947
0046102121353146424100101653 1 1202308115.181954
0046102021363146424100101653 1 1202308115.182004
0046102121363146424100101653 1 1202308115.182006
0046102521363146424100101653 1 1202308115.182009
0046102621363146424100101653 1 1202308115.182013
0046102521303140424200101653 1 1202308115.183016
0144102621303140424200101653 2 1202308115.183019
0046102621303140424200101653 1 1202308115.183021
0046102521313140424200101653 2 1202308115.183023
0144102621313140424200101653 2 1202308115.183024
0046102621313140424200101653 2 1202308115.183026
0046102521333140424200101653 2 1202308115.183028
0144102621333140424200101653 2 1202308115.183029
0046102621333140424200101653 2 1202308115.183031
0046102521343140424200101653 2 1202308115.183033
0144102621343140424200101653 2 1202308115.183034
0046102621343140424200101653 2 1202308115.183036
0046102521353140424200101653 1 1202308115.183038
0144102621353140424200101653 1 1202308115.183040
0046102621353140424200101653 1 1202308115.183042
0046102521363140424200101653 1 1202308115.183044
0144102621363140424200101653 1 1202308115.183046
0046102621363140424200101653 1 1202308115.183047
0046102521353041424200101653 1 1202308115.183214
0046152521353041424200101653 1 1202308115.183216
0046152621353041424200101653 1 1202308115.183222
0046102521363041424200101653 1 1202308115.183225
0046152521363041424200101653 1 1202308115.183227
0046152621363041424200101653 1 1202308115.183233
0046102621303141424200101653 1 1202308115.183244
0046102521353141424200101653 1 1202308115.183250
0046102621353141424200101653 1 1202308115.183254
0046102521363141424200101653 1 1202308115.183257
0046102621363141424200101653 1 1202308115.183300
0046102521303042424200101653 1 1202308115.183431
0046152521303042424200101653 1 1202308115.183433
0046102621303042424200101653 1 1202308115.183436
0046152621303042424200101653 1 1202308115.183438
0046102521313042424200101653 2 1202308115.183440
0046152521313042424200101653 2 1202308115.183442
0046152621313042424200101653 2 1202308115.183446
0046102521333042424200101653 2 1202308115.183448
0046152521333042424200101653 2 1202308115.183450
0046152621333042424200101653 2 1202308115.183454
0046102521343042424200101653 2 1202308115.183455
0046152521343042424200101653 2 1202308115.183457
0046152621343042424200101653 2 1202308115.183501
0046102521353042424200101653 1 1202308115.183503
0046152521353042424200101653 1 1202308115.183505
0046152621353042424200101653 1 1202308115.183512
0046102521363042424200101653 1 1202308115.183514
0046152521363042424200101653 1 1202308115.183516
0046152621363042424200101653 1 1202308115.183523
0046102521303142424200101653 1 1202308115.183525
0144102621303142424200101653 1 1202308115.183526
0046102621303142424200101653 1 1202308115.183528
0046102521313142424200101653 2 1202308115.183530
0046102621313142424200101653 2 1202308115.183533
0046102521333142424200101653 2 1202308115.183535
0046102621333142424200101653 2 1202308115.183537
0046102521343142424200101653 2 1202308115.183539
0046102621343142424200101653 2 1202308115.183542
0046102521353142424200101653 1 1202308115.183544
0046102621353142424200101653 1 1202308115.183548
0046102521363142424200101653 1 1202308115.183551
0046102621363142424200101653 1 1202308115.183554
0046102621303144424200101653 1 1202308115.183854
0046102621313144424200101653 2 1202308115.183859
0046102621333144424200101653 2 1202308115.183903
0046102621343144424200101653 2 1202308115.183908
0046102621353144424200101653 1 1202308115.183915
0046102621363144424200101653 1 1202308115.183923
0046102521303045424200101653 1 1202308115.184025
0046152521303045424200101653 2 1202308115.184028
0046102621303045424200101653 1 1202308115.184030
0046152621303045424200101653 1 1202308115.184032
0046102521313045424200101653 2 1202308115.184034
0046152521313045424200101653 2 1202308115.184036
0046102621313045424200101653 2 1202308115.184038
0046152621313045424200101653 2 1202308115.184040
0046102521333045424200101653 2 1202308115.184042
0046152521333045424200101653 2 1202308115.184044
0046102621333045424200101653 2 1202308115.184046
0046152621333045424200101653 2 1202308115.184048
0046102521343045424200101653 2 1202308115.184050
0046152521343045424200101653 2 1202308115.184052
0046102621343045424200101653 2 1202308115.184054
0046152621343045424200101653 2 1202308115.184056
0046102521353045424200101653 1 1202308115.184113
0046152521353045424200101653 1 1202308115.184115
0046102621353045424200101653 1 1202308115.184122
0046152621353045424200101653 1 1202308115.184125
0046102521363045424200101653 1 1202308115.184128
0046152521363045424200101653 1 1202308115.184130
0046102621363045424200101653 1 1202308115.184133
0046152621363045424200101653 1 1202308115.184136
0144102621303145424200101653 1 1202308115.184140
0046102621303145424200101653 1 1202308115.184142
0046102621313145424200101653 2 1202308115.184147
0046102621333145424200101653 2 1202308115.184151
0046102621343145424200101653 2 1202308115.184155
0046102621353145424200101653 1 1202308115.184202
0046102621363145424200101653 1 1202308115.184209
0046102521303046424200101653 1 1202308115.184327
0046152521303046424200101653 2 1202308115.184330
0144102621303046424200101653 2 1202308115.184332
0046102621303046424200101653 1 1202308115.184334
0046152621303046424200101653 1 1202308115.184336
0046102521313046424200101653 2 1202308115.184338
0046152521313046424200101653 2 1202308115.184340
0144102621313046424200101653 2 1202308115.184341
0046102621313046424200101653 2 1202308115.184343
0046152621313046424200101653 2 1202308115.184345
0046102521333046424200101653 2 1202308115.184347
0046152521333046424200101653 2 1202308115.184349
0144102621333046424200101653 2 1202308115.184350
0046102621333046424200101653 2 1202308115.184352
0046152621333046424200101653 2 1202308115.184354
0046102521343046424200101653 2 1202308115.184355
0046152521343046424200101653 2 1202308115.184357
0144102621343046424200101653 2 1202308115.184359
0046102621343046424200101653 2 1202308115.184401
0046152621343046424200101653 2 1202308115.184402
0046102521353046424200101653 1 1202308115.184420
0046152521353046424200101653 1 1202308115.184422
0144102621353046424200101653 1 1202308115.184424
0046102621353046424200101653 1 1202308115.184429
0046152621353046424200101653 1 1202308115.184432
0046102521363046424200101653 1 1202308115.184435
0046152521363046424200101653 1 1202308115.184437
0144102621363046424200101653 1 1202308115.184439
0046102621363046424200101653 1 1202308115.184441
0046152621363046424200101653 1 1202308115.184443
0046102621303146424200101653 1 1202308115.184451
0046102621313146424200101653 2 1202308115.184456
0046102621333146424200101653 2 1202308115.184501
0046102621343146424200101653 2 1202308115.184506
0046102621353146424200101653 1 1202308115.184515
0046102621363146424200101653 1 1202308115.184524
0522122120353041414600101653 1 1202308115.185145
0522122220353041414600101653 1 1202308115.185147
0564122120303540414110101653 1 1202308115.190111
0564122120303544414110101653 1 1202308115.190222
0564122125303544414110101653 1 1202308115.190223
0564122225303544414110101653 1 1202308115.190224
0564122225313544414110101653 2 1202308115.190225
0564122225333544414110101653 2 1202308115.190227
0564122225343544414110101653 2 1202308115.190228
0564122225353544414110101653 2 1202308115.190229
0564122225363544414110101653 2 1202308115.190230
0524123225563544414110101653 2 1202308115.190232
0524123225663544414110101653 2 1202308115.190233
0524153021563142424110101653 2 1202308115.190531
0524153021563144424110101653 2 1202308115.190643
0564152021303544424110101653 1 1202308115.190645
0564152121303544424110101653 1 1202308115.190647
0564152221303544424110101653 1 1202308115.190648
0564152321303544424110101653 1 1202308115.190649
0564152521303544424110101653 1 1202308115.190650
0564152621303544424110101653 1 1202308115.190651
0564152021313544424110101653 2 1202308115.190653
0564152021333544424110101653 2 1202308115.190655
0564152021343544424110101653 2 1202308115.190657
0564152021353544424110101653 2 1202308115.190658
0564152021363544424110101653 2 1202308115.190659
0524153021563544424110101653 2 1202308115.190701
0524153021663544424110101653 2 1202308115.190702
0564122120303540414210101653 1 1202308115.191703
0564122120303544414210101653 1 1202308115.191815
0564122125303544414210101653 1 1202308115.191817
0564122225303544414210101653 1 1202308115.191818
0564122225313544414210101653 2 1202308115.191819
0564122225333544414210101653 2 1202308115.191820
0564122225343544414210101653 2 1202308115.191822
0564122225353544414210101653 2 1202308115.191823
0564122225363544414210101653 2 1202308115.191824
0524123225563544414210101653 2 1202308115.191825
0524123225663544414210101653 2 1202308115.191826
0524153021563142424210101653 2 1202308115.192116
0524153021563144424210101653 2 1202308115.192215
0564152021303544424210101653 1 1202308115.192218
0564152121303544424210101653 1 1202308115.192219
0564152221303544424210101653 1 1202308115.192220
0564152321303544424210101653 1 1202308115.192221
0564152521303544424210101653 1 1202308115.192222
0564152621303544424210101653 1 1202308115.192223
0564152021313544424210101653 2 1202308115.192225
0564152021333544424210101653 2 1202308115.192226
0564152021343544424210101653 2 1202308115.192228
0564152021353544424210101653 2 1202308115.192229
0564152021363544424210101653 2 1202308115.192230
0524153021563544424210101653 2 1202308115.192232
0524153021663544424210101653 2 1202308115.192233
0564122120303540414510101653 1 1202308115.193151
0564122120303544414510101653 1 1202308115.193256
0564122125303544414510101653 1 1202308115.193257
0564122225303544414510101653 1 1202308115.193259
0564122225313544414510101653 2 1202308115.193300
0564122225333544414510101653 2 1202308115.193301
0564122225343544414510101653 2 1202308115.193302
0564122225353544414510101653 2 1202308115.193304
0564122225363544414510101653 2 1202308115.193305
0524123225563544414510101653 2 1202308115.193306
0524123225663544414510101653 2 1202308115.193307
0524153021563142424510101653 2 1202308115.193555
0524153021563144424510101653 2 1202308115.193656
0564152021303544424510101653 1 1202308115.193658
0564152121303544424510101653 1 1202308115.193659
0564152221303544424510101653 1 1202308115.193701
0564152321303544424510101653 1 1202308115.193702
0564152521303544424510101653 1 1202308115.193703
0564152621303544424510101653 1 1202308115.193704
0564152021313544424510101653 2 1202308115.193706
0564152021333544424510101653 2 1202308115.193707
0564152021343544424510101653 2 1202308115.193708
0564152021353544424510101653 2 1202308115.193710
0564152021363544424510101653 2 1202308115.193711
0524153021563544424510101653 2 1202308115.193713
0524153021663544424510101653 2 1202308115.193714
0564122120303540414610101653 1 1202308115.194633
0564122120303544414610101653 1 1202308115.194742
0564122125303544414610101653 1 1202308115.194743
0564122225303544414610101653 1 1202308115.194745
0564122225313544414610101653 2 1202308115.194746
0564122225333544414610101653 2 1202308115.194747
0564122225343544414610101653 2 1202308115.194748
0564122225353544414610101653 2 1202308115.194750
0564122225363544414610101653 2 1202308115.194751
0524123225563544414610101653 2 1202308115.194752
0524123225663544414610101653 2 1202308115.194753
0524153021563142424610101653 2 1202308115.195108
0524153021563144424610101653 2 1202308115.195249
0564152021303544424610101653 1 1202308115.195252
0564152121303544424610101653 1 1202308115.195253
0564152221303544424610101653 1 1202308115.195255
0564152321303544424610101653 1 1202308115.195256
0564152521303544424610101653 1 1202308115.195257
0564152621303544424610101653 1 1202308115.195258
0564152021313544424610101653 2 1202308115.195300
0564152021333544424610101653 2 1202308115.195302
0564152021343544424610101653 2 1202308115.195304
0564152021353544424610101653 2 1202308115.195306
0564152021363544424610101653 2 1202308115.195308
0524153021563544424610101653 2 1202308115.195310
0524153021663544424610101653 2 1202308115.195311
