0524126225613545414110001236 2 1202308115.103051
0524156525613142424110001236 2 1202308115.103341
0514152521603144424110001236 1 1202308115.103547
0514152525603144424110001236 1 1202308115.103548
0524156521113144424110001236 2 1202308115.103550
0524156525113144424110001236 2 1202308115.103551
0514152521613144424110001236 2 1202308115.103552
0524106521613144424110001236 2 1202308115.103554
0524156521613144424110001236 2 1202308115.103555
0514152525613144424110001236 2 1202308115.103557
0524106525613144424110001236 2 1202308115.103558
0524156525613144424110001236 2 1202308115.103559
0514152521633144424110001236 2 1202308115.103601
0514152525633144424110001236 2 1202308115.103602
0514152521643144424110001236 2 1202308115.103603
0514152525643144424110001236 2 1202308115.103605
0514152521653144424110001236 1 1202308115.103607
0514152525653144424110001236 1 1202308115.103610
0524150121363144424110001236 2 1202308115.103613
0524150521363144424110001236 2 1202308115.103614
0524152521363144424110001236 2 1202308115.103615
0524153521363144424110001236 2 1202308115.103617
0524155521363144424110001236 2 1202308115.103618
0524156521363144424110001236 2 1202308115.103619
0514152521663144424110001236 2 1202308115.103628
0514152525663144424110001236 2 1202308115.103629
0524156021613545424110001236 2 1202308115.103802
0524156521613545424110001236 2 1202308115.103804
0524126225613545414210001236 2 1202308115.104818
0524156525613142424210001236 2 1202308115.105025
0514152521603144424210001236 1 1202308115.105153
0514152525603144424210001236 1 1202308115.105154
0524156521113144424210001236 2 1202308115.105155
0524156525113144424210001236 2 1202308115.105157
0514152521613144424210001236 2 1202308115.105158
0524106521613144424210001236 2 1202308115.105159
0524156521613144424210001236 2 1202308115.105201
0514152525613144424210001236 2 1202308115.105203
0524106525613144424210001236 2 1202308115.105204
0524156525613144424210001236 2 1202308115.105205
0514152521633144424210001236 2 1202308115.105206
0514152525633144424210001236 2 1202308115.105208
0514152521643144424210001236 2 1202308115.105209
0514152525643144424210001236 2 1202308115.105210
0514152521653144424210001236 1 1202308115.105213
0514152525653144424210001236 1 1202308115.105215
0524150121363144424210001236 2 1202308115.105218
0524150521363144424210001236 2 1202308115.105219
0524152521363144424210001236 2 1202308115.105220
0524153521363144424210001236 2 1202308115.105221
0524155521363144424210001236 2 1202308115.105222
0524156521363144424210001236 2 1202308115.105223
0514152521663144424210001236 2 1202308115.105231
0514152525663144424210001236 2 1202308115.105232
0524156021613545424210001236 2 1202308115.105320
0524156521613545424210001236 2 1202308115.105321
0524126225613545414510001236 2 1202308115.110323
0524156525613142424510001236 2 1202308115.110515
0514152521603144424510001236 1 1202308115.110638
0514152525603144424510001236 1 1202308115.110640
0524156521113144424510001236 2 1202308115.110641
0524156525113144424510001236 2 1202308115.110642
0514152521613144424510001236 2 1202308115.110644
0524106521613144424510001236 2 1202308115.110645
0524156521613144424510001236 2 1202308115.110646
0514152525613144424510001236 2 1202308115.110648
0524106525613144424510001236 2 1202308115.110649
0524156525613144424510001236 2 1202308115.110651
0514152521633144424510001236 2 1202308115.110652
0514152525633144424510001236 2 1202308115.110653
0514152521643144424510001236 2 1202308115.110654
0514152525643144424510001236 2 1202308115.110656
0514152521653144424510001236 1 1202308115.110658
0514152525653144424510001236 1 1202308115.110701
0524150121363144424510001236 2 1202308115.110703
0524150521363144424510001236 2 1202308115.110704
0524152521363144424510001236 2 1202308115.110705
0524153521363144424510001236 2 1202308115.110706
0524155521363144424510001236 2 1202308115.110708
0524156521363144424510001236 2 1202308115.110709
0514152521663144424510001236 2 1202308115.110716
0514152525663144424510001236 2 1202308115.110718
0524156021613545424510001236 2 1202308115.110759
0524156521613545424510001236 2 1202308115.110800
0524126225613545414610001236 2 1202308115.111727
0524156525613142424610001236 2 1202308115.111947
0514152521603144424610001236 1 1202308115.112118
0514152525603144424610001236 1 1202308115.112120
0524156521113144424610001236 2 1202308115.112121
0524156525113144424610001236 2 1202308115.112122
0524153521313144424610001236 2 1202308115.112124
0514152521613144424610001236 2 1202308115.112127
0524106521613144424610001236 2 1202308115.112128
0524156521613144424610001236 2 1202308115.112129
0514152525613144424610001236 2 1202308115.112131
0524106525613144424610001236 2 1202308115.112132
0524156525613144424610001236 2 1202308115.112133
0514152521633144424610001236 2 1202308115.112135
0514152525633144424610001236 2 1202308115.112136
0514152521643144424610001236 2 1202308115.112137
0514152525643144424610001236 2 1202308115.112138
0514152521653144424610001236 1 1202308115.112142
0514152525653144424610001236 1 1202308115.112145
0524150121363144424610001236 2 1202308115.112147
0524150521363144424610001236 2 1202308115.112148
0524152521363144424610001236 2 1202308115.112150
0524153521363144424610001236 2 1202308115.112151
0524155521363144424610001236 2 1202308115.112152
0524156521363144424610001236 2 1202308115.112153
0514152521663144424610001236 2 1202308115.112200
0514152525663144424610001236 2 1202308115.112202
0524156021613545424610001236 2 1202308115.112252
0524156521613545424610001236 2 1202308115.112253
