0621102621333154424100000124 2 1202308115.041350
0146102621333154424100000124 2 1202308115.041351
0541106121303140424200000124 2 1202308115.042337
0146105621333104424200000124 2 1202308115.042535
0146105621333114424200000124 2 1202308115.042542
0146105621333124424200000124 2 1202308115.042550
0541106121303144424200000124 2 1202308115.042602
0146105621333144424200000124 2 1202308115.042610
0146100621333154424200000124 2 1202308115.042635
0621102621333154424200000124 2 1202308115.042636
0146102621333154424200000124 2 1202308115.042638
0146103621333154424200000124 2 1202308115.042641
0146105621333154424200000124 2 1202308115.042643
0146106621333154424200000124 2 1202308115.042645
0146105621333164424200000124 2 1202308115.042653
0110162120303040424100000520 1 1202308115.043730
0110162620303040424100000520 1 1202308115.043737
0116162021303140424100000520 1 1202308115.043752
0111162121303140424100000520 1 1202308115.043754
0110162621303140424100000520 1 1202308115.043755
0111162621303140424100000520 1 1202308115.043757
0112162621303140424100000520 1 1202308115.043759
0116162621303140424100000520 1 1202308115.043801
0120163021113140424100000520 2 1202308115.043802
0126163021113140424100000520 2 1202308115.043804
0120163621113140424100000520 2 1202308115.043805
0122163621113140424100000520 2 1202308115.043807
0126163621113140424100000520 2 1202308115.043809
0122163021313140424100000520 2 1202308115.043815
0122160121313140424100000520 2 1202308115.043822
0111162021303640424100000520 1 1202308115.043849
0112162021303640424100000520 1 1202308115.043851
0110162121303640424100000520 1 1202308115.043853
0110162621303640424100000520 1 1202308115.043858
0120163021113640424100000520 2 1202308115.043908
0122163021113640424100000520 2 1202308115.043909
0126163021113640424100000520 2 1202308115.043911
0120163621113640424100000520 2 1202308115.043913
0122163621113640424100000520 2 1202308115.043914
0126163621113640424100000520 2 1202308115.043916
0122160121313141424100000520 2 1202308115.044026
0122160621313141424100000520 2 1202308115.044030
0122166621313141424100000520 2 1202308115.044036
0612152021353542424100000520 2 1202308115.044144
0121162020333004424100000520 2 1202308115.044156
0121162620333004424100000520 2 1202308115.044158
0120160021333104424100000520 2 1202308115.044200
0122160021333104424100000520 2 1202308115.044202
0126160021333104424100000520 2 1202308115.044204
0120162021333104424100000520 2 1202308115.044205
0121162021333104424100000520 2 1202308115.044207
0122162021333104424100000520 2 1202308115.044209
0126162021333104424100000520 2 1202308115.044210
0120163021333104424100000520 2 1202308115.044212
0122163021333104424100000520 2 1202308115.044214
0126163021333104424100000520 2 1202308115.044216
0120165021333104424100000520 2 1202308115.044217
0122165021333104424100000520 2 1202308115.044219
0126165021333104424100000520 2 1202308115.044221
0120166021333104424100000520 2 1202308115.044222
0122166021333104424100000520 2 1202308115.044224
0126166021333104424100000520 2 1202308115.044226
0120160621333104424100000520 2 1202308115.044227
0122160621333104424100000520 2 1202308115.044229
0126160621333104424100000520 2 1202308115.044231
0120162621333104424100000520 2 1202308115.044233
0121162621333104424100000520 2 1202308115.044234
0122162621333104424100000520 2 1202308115.044236
0126162621333104424100000520 2 1202308115.044238
0120163621333104424100000520 2 1202308115.044239
0122163621333104424100000520 2 1202308115.044241
0126163621333104424100000520 2 1202308115.044243
0120165621333104424100000520 2 1202308115.044244
0122165621333104424100000520 2 1202308115.044246
0126165621333104424100000520 2 1202308115.044248
0120166621333104424100000520 2 1202308115.044250
0122166621333104424100000520 2 1202308115.044251
0126166621333104424100000520 2 1202308115.044253
0121162020333014424100000520 2 1202308115.044258
0121162620333014424100000520 2 1202308115.044259
0120160021333114424100000520 2 1202308115.044302
0122160021333114424100000520 2 1202308115.044304
0126160021333114424100000520 2 1202308115.044305
0120162021333114424100000520 2 1202308115.044307
0121162021333114424100000520 2 1202308115.044309
0122162021333114424100000520 2 1202308115.044310
0126162021333114424100000520 2 1202308115.044312
0120163021333114424100000520 2 1202308115.044314
0122163021333114424100000520 2 1202308115.044316
0126163021333114424100000520 2 1202308115.044317
0120165021333114424100000520 2 1202308115.044319
0122165021333114424100000520 2 1202308115.044321
0126165021333114424100000520 2 1202308115.044322
0120166021333114424100000520 2 1202308115.044324
0122166021333114424100000520 2 1202308115.044326
0126166021333114424100000520 2 1202308115.044327
0120160621333114424100000520 2 1202308115.044329
0122160621333114424100000520 2 1202308115.044331
0126160621333114424100000520 2 1202308115.044332
0120162621333114424100000520 2 1202308115.044334
0121162621333114424100000520 2 1202308115.044336
0122162621333114424100000520 2 1202308115.044338
0126162621333114424100000520 2 1202308115.044339
0120163621333114424100000520 2 1202308115.044341
0122163621333114424100000520 2 1202308115.044343
0126163621333114424100000520 2 1202308115.044344
0120165621333114424100000520 2 1202308115.044346
0122165621333114424100000520 2 1202308115.044348
0126165621333114424100000520 2 1202308115.044349
0120166621333114424100000520 2 1202308115.044351
0122166621333114424100000520 2 1202308115.044353
0126166621333114424100000520 2 1202308115.044355
0121162020333024424100000520 2 1202308115.044359
0121162620333024424100000520 2 1202308115.044401
0120160021333124424100000520 2 1202308115.044404
0122160021333124424100000520 2 1202308115.044405
0126160021333124424100000520 2 1202308115.044407
0120162021333124424100000520 2 1202308115.044409
0121162021333124424100000520 2 1202308115.044410
0122162021333124424100000520 2 1202308115.044412
0126162021333124424100000520 2 1202308115.044414
0120163021333124424100000520 2 1202308115.044416
0122163021333124424100000520 2 1202308115.044417
0126163021333124424100000520 2 1202308115.044419
0120165021333124424100000520 2 1202308115.044421
0122165021333124424100000520 2 1202308115.044422
0126165021333124424100000520 2 1202308115.044424
0120166021333124424100000520 2 1202308115.044426
0122166021333124424100000520 2 1202308115.044427
0126166021333124424100000520 2 1202308115.044429
0120160621333124424100000520 2 1202308115.044431
0122160621333124424100000520 2 1202308115.044432
0126160621333124424100000520 2 1202308115.044434
0120162621333124424100000520 2 1202308115.044436
0121162621333124424100000520 2 1202308115.044438
0122162621333124424100000520 2 1202308115.044439
0126162621333124424100000520 2 1202308115.044441
0120163621333124424100000520 2 1202308115.044443
0122163621333124424100000520 2 1202308115.044444
0126163621333124424100000520 2 1202308115.044446
0120165621333124424100000520 2 1202308115.044448
0122165621333124424100000520 2 1202308115.044450
0126165621333124424100000520 2 1202308115.044451
0120166621333124424100000520 2 1202308115.044453
0122166621333124424100000520 2 1202308115.044455
0126166621333124424100000520 2 1202308115.044456
0110162120303044424100000520 1 1202308115.044503
0110162620303044424100000520 1 1202308115.044513
0121162020333044424100000520 2 1202308115.044526
0121162620333044424100000520 2 1202308115.044528
0116162021303144424100000520 1 1202308115.044533
0110162621303144424100000520 1 1202308115.044535
0112162621303144424100000520 1 1202308115.044537
0116162621303144424100000520 1 1202308115.044539
0120163021113144424100000520 2 1202308115.044540
0126163021113144424100000520 2 1202308115.044542
0120163621113144424100000520 2 1202308115.044543
0126163621113144424100000520 2 1202308115.044545
0122160021313144424100000520 2 1202308115.044548
0122163021313144424100000520 2 1202308115.044553
0122166021313144424100000520 2 1202308115.044559
0120160021333144424100000520 2 1202308115.044615
0122160021333144424100000520 2 1202308115.044617
0126160021333144424100000520 2 1202308115.044619
0120162021333144424100000520 2 1202308115.044620
0121162021333144424100000520 2 1202308115.044622
0122162021333144424100000520 2 1202308115.044624
0126162021333144424100000520 2 1202308115.044625
0120163021333144424100000520 2 1202308115.044627
0122163021333144424100000520 2 1202308115.044629
0126163021333144424100000520 2 1202308115.044631
0120165021333144424100000520 2 1202308115.044633
0122165021333144424100000520 2 1202308115.044634
0126165021333144424100000520 2 1202308115.044636
0120166021333144424100000520 2 1202308115.044638
0122166021333144424100000520 2 1202308115.044639
0126166021333144424100000520 2 1202308115.044641
0120160621333144424100000520 2 1202308115.044643
0122160621333144424100000520 2 1202308115.044645
0126160621333144424100000520 2 1202308115.044647
0120162621333144424100000520 2 1202308115.044648
0121162621333144424100000520 2 1202308115.044650
0122162621333144424100000520 2 1202308115.044652
0126162621333144424100000520 2 1202308115.044653
0120163621333144424100000520 2 1202308115.044655
0122163621333144424100000520 2 1202308115.044657
0126163621333144424100000520 2 1202308115.044659
0120165621333144424100000520 2 1202308115.044700
0122165621333144424100000520 2 1202308115.044702
0126165621333144424100000520 2 1202308115.044704
0120166621333144424100000520 2 1202308115.044705
0122166621333144424100000520 2 1202308115.044707
0126166621333144424100000520 2 1202308115.044709
0120163021113644424100000520 2 1202308115.044838
0126163021113644424100000520 2 1202308115.044839
0120163621113644424100000520 2 1202308115.044841
0126163621113644424100000520 2 1202308115.044843
0121162020333054424100000520 2 1202308115.044900
0121162620333054424100000520 2 1202308115.044902
0120160021333154424100000520 2 1202308115.044905
0122160021333154424100000520 2 1202308115.044906
0126160021333154424100000520 2 1202308115.044908
0120162021333154424100000520 2 1202308115.044910
0121162021333154424100000520 2 1202308115.044911
0122162021333154424100000520 2 1202308115.044913
0126162021333154424100000520 2 1202308115.044915
0120163021333154424100000520 2 1202308115.044916
0122163021333154424100000520 2 1202308115.044918
0126163021333154424100000520 2 1202308115.044920
0120165021333154424100000520 2 1202308115.044922
0122165021333154424100000520 2 1202308115.044923
0126165021333154424100000520 2 1202308115.044925
0120166021333154424100000520 2 1202308115.044927
0122166021333154424100000520 2 1202308115.044928
0126166021333154424100000520 2 1202308115.044930
0120160621333154424100000520 2 1202308115.044932
0122160621333154424100000520 2 1202308115.044933
0126160621333154424100000520 2 1202308115.044935
0120162621333154424100000520 2 1202308115.044937
0121162621333154424100000520 2 1202308115.044939
0122162621333154424100000520 2 1202308115.044940
0126162621333154424100000520 2 1202308115.044942
0120163621333154424100000520 2 1202308115.044944
0122163621333154424100000520 2 1202308115.044946
0126163621333154424100000520 2 1202308115.044947
0120165621333154424100000520 2 1202308115.044949
0122165621333154424100000520 2 1202308115.044951
0126165621333154424100000520 2 1202308115.044952
0120166621333154424100000520 2 1202308115.044954
0122166621333154424100000520 2 1202308115.044956
0126166621333154424100000520 2 1202308115.044957
0121162020333064424100000520 2 1202308115.045002
0121162620333064424100000520 2 1202308115.045004
0120160021333164424100000520 2 1202308115.045007
0122160021333164424100000520 2 1202308115.045008
0126160021333164424100000520 2 1202308115.045010
0120162021333164424100000520 2 1202308115.045012
0121162021333164424100000520 2 1202308115.045013
0122162021333164424100000520 2 1202308115.045015
0126162021333164424100000520 2 1202308115.045017
0120163021333164424100000520 2 1202308115.045018
0122163021333164424100000520 2 1202308115.045020
0126163021333164424100000520 2 1202308115.045022
0120165021333164424100000520 2 1202308115.045023
0122165021333164424100000520 2 1202308115.045025
0126165021333164424100000520 2 1202308115.045027
0120166021333164424100000520 2 1202308115.045029
0122166021333164424100000520 2 1202308115.045030
0126166021333164424100000520 2 1202308115.045032
0120160621333164424100000520 2 1202308115.045034
0122160621333164424100000520 2 1202308115.045035
0126160621333164424100000520 2 1202308115.045037
0120162621333164424100000520 2 1202308115.045039
0121162621333164424100000520 2 1202308115.045041
0122162621333164424100000520 2 1202308115.045042
0126162621333164424100000520 2 1202308115.045044
0120163621333164424100000520 2 1202308115.045046
0122163621333164424100000520 2 1202308115.045047
0126163621333164424100000520 2 1202308115.045049
0120165621333164424100000520 2 1202308115.045051
0122165621333164424100000520 2 1202308115.045053
0126165621333164424100000520 2 1202308115.045055
0120166621333164424100000520 2 1202308115.045056
0122166621333164424100000520 2 1202308115.045058
0126166621333164424100000520 2 1202308115.045100
0120163021113146424100000520 2 1202308115.045256
0126163021113146424100000520 2 1202308115.045258
0120163621113146424100000520 2 1202308115.045259
0122163621113146424100000520 2 1202308115.045301
0126163621113146424100000520 2 1202308115.045303
0122163021313146424100000520 2 1202308115.045310
0122160121313146424100000520 2 1202308115.045317
0120163021113646424100000520 2 1202308115.045346
0122163021113646424100000520 2 1202308115.045348
0126163021113646424100000520 2 1202308115.045349
0120163621113646424100000520 2 1202308115.045351
0122163621113646424100000520 2 1202308115.045353
0126163621113646424100000520 2 1202308115.045355
0110162120303040424200000520 1 1202308115.050442
0110162620303040424200000520 1 1202308115.050449
0116162021303140424200000520 1 1202308115.050510
0111162121303140424200000520 1 1202308115.050512
0110162621303140424200000520 1 1202308115.050515
0111162621303140424200000520 1 1202308115.050516
0112162621303140424200000520 1 1202308115.050518
0116162621303140424200000520 1 1202308115.050520
0120163021113140424200000520 2 1202308115.050522
0126163021113140424200000520 2 1202308115.050524
0120163621113140424200000520 2 1202308115.050525
0122163621113140424200000520 2 1202308115.050527
0126163621113140424200000520 2 1202308115.050528
0122163021313140424200000520 2 1202308115.050535
0122160121313140424200000520 2 1202308115.050542
0041106121333140424200000520 2 1202308115.050557
0111162021303640424200000520 1 1202308115.050614
0112162021303640424200000520 1 1202308115.050616
0110162121303640424200000520 1 1202308115.050618
0110162621303640424200000520 1 1202308115.050623
0120163021113640424200000520 2 1202308115.050633
0122163021113640424200000520 2 1202308115.050635
0126163021113640424200000520 2 1202308115.050637
0120163621113640424200000520 2 1202308115.050638
0122163621113640424200000520 2 1202308115.050640
0126163621113640424200000520 2 1202308115.050642
0122160121313141424200000520 2 1202308115.050800
0122160621313141424200000520 2 1202308115.050804
0122166621313141424200000520 2 1202308115.050811
0041106121333141424200000520 2 1202308115.050815
0041106121333142424200000520 2 1202308115.050940
0612152021353542424200000520 2 1202308115.050959
0121162020333004424200000520 2 1202308115.051016
0121162620333004424200000520 2 1202308115.051017
0120160021333104424200000520 2 1202308115.051023
0122160021333104424200000520 2 1202308115.051025
0126160021333104424200000520 2 1202308115.051026
0120162021333104424200000520 2 1202308115.051028
0121162021333104424200000520 2 1202308115.051030
0122162021333104424200000520 2 1202308115.051031
0126162021333104424200000520 2 1202308115.051033
0120163021333104424200000520 2 1202308115.051035
0122163021333104424200000520 2 1202308115.051036
0126163021333104424200000520 2 1202308115.051038
0120165021333104424200000520 2 1202308115.051040
0122165021333104424200000520 2 1202308115.051042
0126165021333104424200000520 2 1202308115.051043
0120166021333104424200000520 2 1202308115.051045
0122166021333104424200000520 2 1202308115.051047
0126166021333104424200000520 2 1202308115.051048
0120160621333104424200000520 2 1202308115.051052
0122160621333104424200000520 2 1202308115.051054
0126160621333104424200000520 2 1202308115.051056
0120162621333104424200000520 2 1202308115.051100
0121162621333104424200000520 2 1202308115.051102
0122162621333104424200000520 2 1202308115.051104
0126162621333104424200000520 2 1202308115.051105
0120163621333104424200000520 2 1202308115.051109
0122163621333104424200000520 2 1202308115.051111
0126163621333104424200000520 2 1202308115.051113
0120165621333104424200000520 2 1202308115.051118
0122165621333104424200000520 2 1202308115.051119
0126165621333104424200000520 2 1202308115.051121
0041106621333104424200000520 2 1202308115.051123
0120166621333104424200000520 2 1202308115.051129
0122166621333104424200000520 2 1202308115.051131
0126166621333104424200000520 2 1202308115.051132
0121162020333014424200000520 2 1202308115.051147
0121162620333014424200000520 2 1202308115.051149
0120160021333114424200000520 2 1202308115.051155
0122160021333114424200000520 2 1202308115.051156
0126160021333114424200000520 2 1202308115.051158
0120162021333114424200000520 2 1202308115.051200
0121162021333114424200000520 2 1202308115.051201
0122162021333114424200000520 2 1202308115.051203
0126162021333114424200000520 2 1202308115.051205
0120163021333114424200000520 2 1202308115.051206
0122163021333114424200000520 2 1202308115.051208
0126163021333114424200000520 2 1202308115.051210
0120165021333114424200000520 2 1202308115.051212
0122165021333114424200000520 2 1202308115.051213
0126165021333114424200000520 2 1202308115.051215
0120166021333114424200000520 2 1202308115.051217
0122166021333114424200000520 2 1202308115.051218
0126166021333114424200000520 2 1202308115.051220
0120160621333114424200000520 2 1202308115.051224
0122160621333114424200000520 2 1202308115.051226
0126160621333114424200000520 2 1202308115.051227
0120162621333114424200000520 2 1202308115.051231
0121162621333114424200000520 2 1202308115.051233
0122162621333114424200000520 2 1202308115.051234
0126162621333114424200000520 2 1202308115.051236
0120163621333114424200000520 2 1202308115.051240
0122163621333114424200000520 2 1202308115.051241
0126163621333114424200000520 2 1202308115.051243
0120165621333114424200000520 2 1202308115.051247
0122165621333114424200000520 2 1202308115.051249
0126165621333114424200000520 2 1202308115.051251
0041106621333114424200000520 2 1202308115.051252
0120166621333114424200000520 2 1202308115.051258
0122166621333114424200000520 2 1202308115.051259
0126166621333114424200000520 2 1202308115.051301
0121162020333024424200000520 2 1202308115.051317
0121162620333024424200000520 2 1202308115.051318
0120160021333124424200000520 2 1202308115.051324
0122160021333124424200000520 2 1202308115.051326
0126160021333124424200000520 2 1202308115.051327
0120162021333124424200000520 2 1202308115.051329
0121162021333124424200000520 2 1202308115.051331
0122162021333124424200000520 2 1202308115.051332
0126162021333124424200000520 2 1202308115.051334
0120163021333124424200000520 2 1202308115.051336
0122163021333124424200000520 2 1202308115.051338
0126163021333124424200000520 2 1202308115.051339
0120165021333124424200000520 2 1202308115.051341
0122165021333124424200000520 2 1202308115.051343
0126165021333124424200000520 2 1202308115.051345
0120166021333124424200000520 2 1202308115.051346
0122166021333124424200000520 2 1202308115.051348
0126166021333124424200000520 2 1202308115.051350
0120160621333124424200000520 2 1202308115.051353
0122160621333124424200000520 2 1202308115.051355
0126160621333124424200000520 2 1202308115.051357
0120162621333124424200000520 2 1202308115.051401
0121162621333124424200000520 2 1202308115.051403
0122162621333124424200000520 2 1202308115.051404
0126162621333124424200000520 2 1202308115.051406
0120163621333124424200000520 2 1202308115.051410
0122163621333124424200000520 2 1202308115.051411
0126163621333124424200000520 2 1202308115.051413
0120165621333124424200000520 2 1202308115.051417
0122165621333124424200000520 2 1202308115.051419
0126165621333124424200000520 2 1202308115.051420
0041106621333124424200000520 2 1202308115.051422
0120166621333124424200000520 2 1202308115.051427
0122166621333124424200000520 2 1202308115.051429
0126166621333124424200000520 2 1202308115.051431
0110162120303044424200000520 1 1202308115.051447
0110162620303044424200000520 1 1202308115.051458
0121162020333044424200000520 2 1202308115.051513
0121162620333044424200000520 2 1202308115.051515
0116162021303144424200000520 1 1202308115.051525
0110162621303144424200000520 1 1202308115.051530
0112162621303144424200000520 1 1202308115.051531
0116162621303144424200000520 1 1202308115.051533
0120163021113144424200000520 2 1202308115.051535
0126163021113144424200000520 2 1202308115.051537
0120163621113144424200000520 2 1202308115.051539
0126163621113144424200000520 2 1202308115.051541
0122160021313144424200000520 2 1202308115.051544
0122163021313144424200000520 2 1202308115.051549
0122166021313144424200000520 2 1202308115.051555
0120160021333144424200000520 2 1202308115.051615
0122160021333144424200000520 2 1202308115.051616
0126160021333144424200000520 2 1202308115.051618
0120162021333144424200000520 2 1202308115.051620
0121162021333144424200000520 2 1202308115.051621
0122162021333144424200000520 2 1202308115.051623
0126162021333144424200000520 2 1202308115.051625
0120163021333144424200000520 2 1202308115.051626
0122163021333144424200000520 2 1202308115.051628
0126163021333144424200000520 2 1202308115.051630
0120165021333144424200000520 2 1202308115.051631
0122165021333144424200000520 2 1202308115.051633
0126165021333144424200000520 2 1202308115.051635
0120166021333144424200000520 2 1202308115.051636
0122166021333144424200000520 2 1202308115.051638
0126166021333144424200000520 2 1202308115.051640
0041106121333144424200000520 2 1202308115.051642
0144106121333144424200000520 2 1202308115.051643
0120160621333144424200000520 2 1202308115.051650
0122160621333144424200000520 2 1202308115.051652
0126160621333144424200000520 2 1202308115.051654
0120162621333144424200000520 2 1202308115.051658
0121162621333144424200000520 2 1202308115.051659
0122162621333144424200000520 2 1202308115.051701
0126162621333144424200000520 2 1202308115.051703
0120163621333144424200000520 2 1202308115.051706
0122163621333144424200000520 2 1202308115.051708
0126163621333144424200000520 2 1202308115.051710
0120165621333144424200000520 2 1202308115.051714
0122165621333144424200000520 2 1202308115.051715
0126165621333144424200000520 2 1202308115.051717
0041106621333144424200000520 2 1202308115.051719
0120166621333144424200000520 2 1202308115.051724
0122166621333144424200000520 2 1202308115.051726
0126166621333144424200000520 2 1202308115.051728
0120163021113644424200000520 2 1202308115.051923
0126163021113644424200000520 2 1202308115.051924
0120163621113644424200000520 2 1202308115.051926
0126163621113644424200000520 2 1202308115.051927
0121162020333054424200000520 2 1202308115.051946
0121162620333054424200000520 2 1202308115.051948
0120160021333154424200000520 2 1202308115.051954
0122160021333154424200000520 2 1202308115.051955
0126160021333154424200000520 2 1202308115.051957
0120162021333154424200000520 2 1202308115.051959
0121162021333154424200000520 2 1202308115.052000
0122162021333154424200000520 2 1202308115.052002
0126162021333154424200000520 2 1202308115.052004
0120163021333154424200000520 2 1202308115.052005
0122163021333154424200000520 2 1202308115.052007
0126163021333154424200000520 2 1202308115.052009
0120165021333154424200000520 2 1202308115.052011
0122165021333154424200000520 2 1202308115.052012
0126165021333154424200000520 2 1202308115.052014
0120166021333154424200000520 2 1202308115.052016
0122166021333154424200000520 2 1202308115.052017
0126166021333154424200000520 2 1202308115.052019
0120160621333154424200000520 2 1202308115.052023
0122160621333154424200000520 2 1202308115.052025
0126160621333154424200000520 2 1202308115.052027
0120162621333154424200000520 2 1202308115.052031
0121162621333154424200000520 2 1202308115.052032
0122162621333154424200000520 2 1202308115.052034
0126162621333154424200000520 2 1202308115.052036
0120163621333154424200000520 2 1202308115.052040
0122163621333154424200000520 2 1202308115.052042
0126163621333154424200000520 2 1202308115.052044
0120165621333154424200000520 2 1202308115.052048
0122165621333154424200000520 2 1202308115.052050
0126165621333154424200000520 2 1202308115.052051
0041106621333154424200000520 2 1202308115.052053
0120166621333154424200000520 2 1202308115.052058
0122166621333154424200000520 2 1202308115.052100
0126166621333154424200000520 2 1202308115.052102
0121162020333064424200000520 2 1202308115.052117
0121162620333064424200000520 2 1202308115.052119
0120160021333164424200000520 2 1202308115.052124
0122160021333164424200000520 2 1202308115.052126
0126160021333164424200000520 2 1202308115.052127
0120162021333164424200000520 2 1202308115.052129
0121162021333164424200000520 2 1202308115.052131
0122162021333164424200000520 2 1202308115.052133
0126162021333164424200000520 2 1202308115.052135
0120163021333164424200000520 2 1202308115.052137
0122163021333164424200000520 2 1202308115.052138
0126163021333164424200000520 2 1202308115.052140
0120165021333164424200000520 2 1202308115.052142
0122165021333164424200000520 2 1202308115.052144
0126165021333164424200000520 2 1202308115.052145
0120166021333164424200000520 2 1202308115.052147
0122166021333164424200000520 2 1202308115.052149
0126166021333164424200000520 2 1202308115.052150
0120160621333164424200000520 2 1202308115.052154
0122160621333164424200000520 2 1202308115.052156
0126160621333164424200000520 2 1202308115.052157
0120162621333164424200000520 2 1202308115.052201
0121162621333164424200000520 2 1202308115.052203
0122162621333164424200000520 2 1202308115.052204
0126162621333164424200000520 2 1202308115.052206
0120163621333164424200000520 2 1202308115.052210
0122163621333164424200000520 2 1202308115.052212
0126163621333164424200000520 2 1202308115.052213
0120165621333164424200000520 2 1202308115.052217
0122165621333164424200000520 2 1202308115.052219
0126165621333164424200000520 2 1202308115.052220
0041106621333164424200000520 2 1202308115.052222
0120166621333164424200000520 2 1202308115.052228
0122166621333164424200000520 2 1202308115.052229
0126166621333164424200000520 2 1202308115.052231
0120163021113146424200000520 2 1202308115.052456
0126163021113146424200000520 2 1202308115.052458
0120163621113146424200000520 2 1202308115.052500
0122163621113146424200000520 2 1202308115.052502
0126163621113146424200000520 2 1202308115.052503
0122163021313146424200000520 2 1202308115.052510
0122160121313146424200000520 2 1202308115.052518
0120163021113646424200000520 2 1202308115.052551
0122163021113646424200000520 2 1202308115.052552
0126163021113646424200000520 2 1202308115.052554
0120163621113646424200000520 2 1202308115.052556
0122163621113646424200000520 2 1202308115.052558
0126163621113646424200000520 2 1202308115.052559
0114102621333040424600251656 2 1202308115.053737
0114102621333044424600251656 2 1202308115.053906
0114102621333144424600251656 2 1202308115.053912
0114102621333146424600251656 2 1202308115.054015
0155153620413052404110251656 2 1202308115.054846
0165153620413052404110251656 2 1202308115.054847
0155153620413062404110251656 2 1202308115.054858
0165153620413062404110251656 2 1202308115.054859
0516152120343121454110251656 2 1202308115.060632
0556152120343121454110251656 2 1202308115.060634
0516152520343121454110251656 2 1202308115.060635
0556152520343121454110251656 2 1202308115.060636
0516152120343125454110251656 2 1202308115.060841
0556152120343125454110251656 2 1202308115.060842
0556150520343125454110251656 2 1202308115.060843
0516152520343125454110251656 2 1202308115.060844
0556152520343125454110251656 2 1202308115.060845
0556153520343125454110251656 2 1202308115.060847
0556155520343125454110251656 2 1202308115.060848
0556156520343125454110251656 2 1202308115.060849
0155153620413052404210251656 2 1202308115.061656
0165153620413052404210251656 2 1202308115.061657
0155153620413062404210251656 2 1202308115.061708
0165153620413062404210251656 2 1202308115.061709
0516152120343121454210251656 2 1202308115.063608
0556152120343121454210251656 2 1202308115.063610
0516152520343121454210251656 2 1202308115.063611
0556152520343121454210251656 2 1202308115.063612
0516152120343125454210251656 2 1202308115.063932
0556152120343125454210251656 2 1202308115.063933
0556150520343125454210251656 2 1202308115.063935
0516152520343125454210251656 2 1202308115.063936
0556152520343125454210251656 2 1202308115.063937
0556153520343125454210251656 2 1202308115.063938
0556155520343125454210251656 2 1202308115.063939
0556156520343125454210251656 2 1202308115.063940
0155153620413052404510251656 2 1202308115.064801
0165153620413052404510251656 2 1202308115.064802
0155153620413062404510251656 2 1202308115.064812
0165153620413062404510251656 2 1202308115.064813
0516152120343121454510251656 2 1202308115.070521
0556152120343121454510251656 2 1202308115.070522
0516152520343121454510251656 2 1202308115.070523
0556152520343121454510251656 2 1202308115.070524
0516152120343125454510251656 2 1202308115.070719
0556152120343125454510251656 2 1202308115.070720
0556150520343125454510251656 2 1202308115.070721
0516152520343125454510251656 2 1202308115.070723
0556152520343125454510251656 2 1202308115.070724
0556153520343125454510251656 2 1202308115.070725
0556155520343125454510251656 2 1202308115.070726
0556156520343125454510251656 2 1202308115.070727
0155153620413052404610251656 2 1202308115.071518
0165153620413052404610251656 2 1202308115.071519
0155153620413062404610251656 2 1202308115.071529
0165153620413062404610251656 2 1202308115.071530
0516152120343121454610251656 2 1202308115.073426
0556152120343121454610251656 2 1202308115.073427
0516152520343121454610251656 2 1202308115.073429
0556152520343121454610251656 2 1202308115.073430
0516152120343125454610251656 2 1202308115.073722
0556152120343125454610251656 2 1202308115.073723
0556150520343125454610251656 2 1202308115.073724
0516152520343125454610251656 2 1202308115.073726
0556152520343125454610251656 2 1202308115.073727
0556153520343125454610251656 2 1202308115.073728
0551155520343125454610251656 2 1202308115.073729
0556155520343125454610251656 2 1202308115.073730
0556156520343125454610251656 2 1202308115.073732
