0524123226313642414110001056 2 1202308115.184104
0524160121333141424110001056 2 1202308115.184840
0524165121333141424110001056 2 1202308115.184841
0524166121333141424110001056 2 1202308115.184842
0524160521333141424110001056 2 1202308115.184843
0524165521333141424110001056 2 1202308115.184845
0524166521333141424110001056 2 1202308115.184846
0524160621333141424110001056 2 1202308115.184847
0524165621333141424110001056 2 1202308115.184848
0524166621333141424110001056 2 1202308115.184850
0524153626313142424110001056 2 1202308115.185202
0524153521313642424110001056 2 1202308115.185302
0524163521313642424110001056 2 1202308115.185303
0524153621313642424110001056 2 1202308115.185305
0524163621313642424110001056 2 1202308115.185306
0524163521313145424110001056 2 1202308115.190215
0524163621313145424110001056 2 1202308115.190217
0524163525313145424110001056 2 1202308115.190218
0524163625313145424110001056 2 1202308115.190219
0524163526313145424110001056 2 1202308115.190221
0524163626313145424110001056 2 1202308115.190222
0524160121333145424110001056 2 1202308115.190223
0524165121333145424110001056 2 1202308115.190224
0524166121333145424110001056 2 1202308115.190226
0524160521333145424110001056 2 1202308115.190227
0524162521333145424110001056 2 1202308115.190228
0524163521333145424110001056 2 1202308115.190229
0524165521333145424110001056 2 1202308115.190231
0524166521333145424110001056 2 1202308115.190232
0524160621333145424110001056 2 1202308115.190233
0524162621333145424110001056 2 1202308115.190234
0524163621333145424110001056 2 1202308115.190235
0524165621333145424110001056 2 1202308115.190237
0524166621333145424110001056 2 1202308115.190238
0524163521313146424110001056 2 1202308115.190454
0524163621313146424110001056 2 1202308115.190456
0524163525313146424110001056 2 1202308115.190458
0524163625313146424110001056 2 1202308115.190500
0524163526313146424110001056 2 1202308115.190502
0524163626313146424110001056 2 1202308115.190504
0524160121333146424110001056 2 1202308115.190505
0524165121333146424110001056 2 1202308115.190506
0524166121333146424110001056 2 1202308115.190507
0524160521333146424110001056 2 1202308115.190509
0524162521333146424110001056 2 1202308115.190510
0524163521333146424110001056 2 1202308115.190511
0524165521333146424110001056 2 1202308115.190512
0524166521333146424110001056 2 1202308115.190514
0524160621333146424110001056 2 1202308115.190515
0524162621333146424110001056 2 1202308115.190516
0524163621333146424110001056 2 1202308115.190517
0524165621333146424110001056 2 1202308115.190518
0524166621333146424110001056 2 1202308115.190520
0524123226313642414210001056 2 1202308115.192640
0524160121333141424210001056 2 1202308115.193342
0524165121333141424210001056 2 1202308115.193343
0524166121333141424210001056 2 1202308115.193344
0524160521333141424210001056 2 1202308115.193345
0524165521333141424210001056 2 1202308115.193347
0524166521333141424210001056 2 1202308115.193348
0524160621333141424210001056 2 1202308115.193349
0524165621333141424210001056 2 1202308115.193350
0524166621333141424210001056 2 1202308115.193352
0524153626313142424210001056 2 1202308115.193513
0524153521313642424210001056 2 1202308115.193559
0524163521313642424210001056 2 1202308115.193600
0524153621313642424210001056 2 1202308115.193601
0524163621313642424210001056 2 1202308115.193603
0524163521313145424210001056 2 1202308115.193833
0524163621313145424210001056 2 1202308115.193835
0524163525313145424210001056 2 1202308115.193836
0524163625313145424210001056 2 1202308115.193837
0524163526313145424210001056 2 1202308115.193839
0524163626313145424210001056 2 1202308115.193840
0524160121333145424210001056 2 1202308115.193841
0524165121333145424210001056 2 1202308115.193843
0524166121333145424210001056 2 1202308115.193844
0524160521333145424210001056 2 1202308115.193845
0524162521333145424210001056 2 1202308115.193846
0524163521333145424210001056 2 1202308115.193848
0524165521333145424210001056 2 1202308115.193849
0524166521333145424210001056 2 1202308115.193850
0524160621333145424210001056 2 1202308115.193851
0524162621333145424210001056 2 1202308115.193852
0524163621333145424210001056 2 1202308115.193854
0524165621333145424210001056 2 1202308115.193855
0524166621333145424210001056 2 1202308115.193856
0524163521313146424210001056 2 1202308115.194028
0524163621313146424210001056 2 1202308115.194029
0524163525313146424210001056 2 1202308115.194032
0524163625313146424210001056 2 1202308115.194033
0524163526313146424210001056 2 1202308115.194036
0524163626313146424210001056 2 1202308115.194037
0524160121333146424210001056 2 1202308115.194039
0524165121333146424210001056 2 1202308115.194040
0524166121333146424210001056 2 1202308115.194041
0524160521333146424210001056 2 1202308115.194042
0524162521333146424210001056 2 1202308115.194043
0524163521333146424210001056 2 1202308115.194045
0524165521333146424210001056 2 1202308115.194046
0524166521333146424210001056 2 1202308115.194047
0524160621333146424210001056 2 1202308115.194048
0524162621333146424210001056 2 1202308115.194050
0524163621333146424210001056 2 1202308115.194051
0524165621333146424210001056 2 1202308115.194052
0524166621333146424210001056 2 1202308115.194053
0524123226313642414510001056 2 1202308115.200155
0524160121333141424510001056 2 1202308115.200845
0524165121333141424510001056 2 1202308115.200846
0524166121333141424510001056 2 1202308115.200847
0524160521333141424510001056 2 1202308115.200849
0524165521333141424510001056 2 1202308115.200850
0524166521333141424510001056 2 1202308115.200851
0524160621333141424510001056 2 1202308115.200852
0524165621333141424510001056 2 1202308115.200853
0524166621333141424510001056 2 1202308115.200855
0524153626313142424510001056 2 1202308115.201006
0524153521313642424510001056 2 1202308115.201052
0524163521313642424510001056 2 1202308115.201053
0524153621313642424510001056 2 1202308115.201054
0524163621313642424510001056 2 1202308115.201056
0524163521313145424510001056 2 1202308115.201304
0524163621313145424510001056 2 1202308115.201306
0524163525313145424510001056 2 1202308115.201307
0524163625313145424510001056 2 1202308115.201308
0524163526313145424510001056 2 1202308115.201310
0524163626313145424510001056 2 1202308115.201311
0524160121333145424510001056 2 1202308115.201312
0524165121333145424510001056 2 1202308115.201313
0524166121333145424510001056 2 1202308115.201315
0524160521333145424510001056 2 1202308115.201316
0524162521333145424510001056 2 1202308115.201317
0524163521333145424510001056 2 1202308115.201318
0524165521333145424510001056 2 1202308115.201319
0524166521333145424510001056 2 1202308115.201321
0524160621333145424510001056 2 1202308115.201322
0524162621333145424510001056 2 1202308115.201323
0524163621333145424510001056 2 1202308115.201324
0524165621333145424510001056 2 1202308115.201326
0524166621333145424510001056 2 1202308115.201327
0524163521313146424510001056 2 1202308115.201455
0524163621313146424510001056 2 1202308115.201456
0524163525313146424510001056 2 1202308115.201459
0524163625313146424510001056 2 1202308115.201501
0524163526313146424510001056 2 1202308115.201503
0524163626313146424510001056 2 1202308115.201504
0524160121333146424510001056 2 1202308115.201506
0524165121333146424510001056 2 1202308115.201507
0524166121333146424510001056 2 1202308115.201508
0524160521333146424510001056 2 1202308115.201510
0524162521333146424510001056 2 1202308115.201511
0524163521333146424510001056 2 1202308115.201512
0524165521333146424510001056 2 1202308115.201513
0524166521333146424510001056 2 1202308115.201514
0524160621333146424510001056 2 1202308115.201516
0524162621333146424510001056 2 1202308115.201517
0524163621333146424510001056 2 1202308115.201518
0524165621333146424510001056 2 1202308115.201519
0524166621333146424510001056 2 1202308115.201521
0524123226313642414610001056 2 1202308115.203630
0524160121333141424610001056 2 1202308115.204343
0524165121333141424610001056 2 1202308115.204344
0524166121333141424610001056 2 1202308115.204346
0524160521333141424610001056 2 1202308115.204347
0524165521333141424610001056 2 1202308115.204348
0524166521333141424610001056 2 1202308115.204349
0524160621333141424610001056 2 1202308115.204350
0524165621333141424610001056 2 1202308115.204352
0524166621333141424610001056 2 1202308115.204353
0524153626313142424610001056 2 1202308115.204512
0524153521313642424610001056 2 1202308115.204602
0524163521313642424610001056 2 1202308115.204603
0524153621313642424610001056 2 1202308115.204604
0524163621313642424610001056 2 1202308115.204605
0524153521313144424610001056 2 1202308115.204701
0524163521313145424610001056 2 1202308115.204829
0524163621313145424610001056 2 1202308115.204831
0524163525313145424610001056 2 1202308115.204832
0524163625313145424610001056 2 1202308115.204834
0524163526313145424610001056 2 1202308115.204835
0524163626313145424610001056 2 1202308115.204836
0524160121333145424610001056 2 1202308115.204838
0524165121333145424610001056 2 1202308115.204839
0524166121333145424610001056 2 1202308115.204840
0524160521333145424610001056 2 1202308115.204841
0524162521333145424610001056 2 1202308115.204843
0524163521333145424610001056 2 1202308115.204844
0524165521333145424610001056 2 1202308115.204845
0524166521333145424610001056 2 1202308115.204846
0524160621333145424610001056 2 1202308115.204848
0524162621333145424610001056 2 1202308115.204849
0524163621333145424610001056 2 1202308115.204850
0524165621333145424610001056 2 1202308115.204851
0524166621333145424610001056 2 1202308115.204852
0524163521313146424610001056 2 1202308115.205025
0524163621313146424610001056 2 1202308115.205026
0524163525313146424610001056 2 1202308115.205029
0524163625313146424610001056 2 1202308115.205030
0524163526313146424610001056 2 1202308115.205032
0524163626313146424610001056 2 1202308115.205034
0524160121333146424610001056 2 1202308115.205035
0524165121333146424610001056 2 1202308115.205037
0524166121333146424610001056 2 1202308115.205038
0524160521333146424610001056 2 1202308115.205039
0524162521333146424610001056 2 1202308115.205040
0524163521333146424610001056 2 1202308115.205042
0524165521333146424610001056 2 1202308115.205043
0524166521333146424610001056 2 1202308115.205044
0524160621333146424610001056 2 1202308115.205045
0524162621333146424610001056 2 1202308115.205047
0524163621333146424610001056 2 1202308115.205048
0524165621333146424610001056 2 1202308115.205049
0524166621333146424610001056 2 1202308115.205050
