0522102521343126404601112014 1 1202308115.055150
0522102521343166404601112014 1 1202308115.055203
0522102521343121414601112014 1 1202308115.055255
0212152023343121414601112014 1 1202308115.055258
0522102521343161414601112014 1 1202308115.055318
0212152023343161414601112014 1 1202308115.055320
0522102521343025414601112014 1 1202308115.055424
0522102521343125414601112014 1 1202308115.055428
0522102521343065414601112014 1 1202308115.055441
0522102521343165414601112014 1 1202308115.055445
0026102525353544424601112014 1 1202308115.055658
0026102521353545424601112014 1 1202308115.055726
0026102525353545424601112014 1 1202308115.055729
0026102524353562454601112014 1 1202308115.060155
0022102520353565454601112014 1 1202308115.060244
0026102520353565454601112014 1 1202308115.060245
0026102521353565454601112014 1 1202308115.060248
0026102523353565454601112014 1 1202308115.060250
0026102524353565454601112014 1 1202308115.060253
0026102525353565454601112014 1 1202308115.060255
0565102520343022404111112014 1 1202308115.060712
0525102520343062404111112014 1 1202308115.060723
0565102520343062404111112014 1 1202308115.060724
0525102520343026404111112014 1 1202308115.060820
0565102520343026404111112014 1 1202308115.060821
0525102521343026404111112014 1 1202308115.060822
0565102521343026404111112014 1 1202308115.060823
0525102523343026404111112014 1 1202308115.060824
0565102523343026404111112014 1 1202308115.060825
0525102524343026404111112014 1 1202308115.060826
0565102524343026404111112014 1 1202308115.060827
0525102525343026404111112014 1 1202308115.060828
0565102525343026404111112014 1 1202308115.060829
0525102520343066404111112014 1 1202308115.060843
0565102520343066404111112014 1 1202308115.060844
0525102521343066404111112014 1 1202308115.060845
0565102521343066404111112014 1 1202308115.060846
0525102523343066404111112014 1 1202308115.060846
0565102523343066404111112014 1 1202308115.060847
0525102524343066404111112014 1 1202308115.060848
0565102524343066404111112014 1 1202308115.060849
0525102525343066404111112014 1 1202308115.060850
0565102525343066404111112014 1 1202308115.060851
0115102120343561414111112014 2 1202308115.060937
0115102121343561414111112014 6 1202308115.060938
0115102123343561414111112014 6 1202308115.060939
0115102124343561414111112014 6 1202308115.060941
0115102224343561414111112014 6 1202308115.060942
0115102125343561414111112014 6 1202308115.060943
0115102124343562414111112014 6 1202308115.061004
0115102224343562414111112014 6 1202308115.061005
0565102520343022404211112014 1 1202308115.061906
0525102520343062404211112014 1 1202308115.061918
0565102520343062404211112014 1 1202308115.061919
0525102520343026404211112014 1 1202308115.062014
0565102520343026404211112014 1 1202308115.062015
0525102521343026404211112014 1 1202308115.062016
0565102521343026404211112014 1 1202308115.062017
0525102523343026404211112014 1 1202308115.062018
0565102523343026404211112014 1 1202308115.062019
0525102524343026404211112014 1 1202308115.062020
0565102524343026404211112014 1 1202308115.062021
0525102525343026404211112014 1 1202308115.062022
0565102525343026404211112014 1 1202308115.062023
0525102520343066404211112014 1 1202308115.062037
0565102520343066404211112014 1 1202308115.062038
0525102521343066404211112014 1 1202308115.062039
0565102521343066404211112014 1 1202308115.062040
0525102523343066404211112014 1 1202308115.062041
0565102523343066404211112014 1 1202308115.062042
0525102524343066404211112014 1 1202308115.062043
0565102524343066404211112014 1 1202308115.062044
0525102525343066404211112014 1 1202308115.062045
0565102525343066404211112014 1 1202308115.062046
0115102120343561414211112014 2 1202308115.062133
0115102121343561414211112014 6 1202308115.062134
0115102123343561414211112014 6 1202308115.062136
0115102124343561414211112014 6 1202308115.062137
0115102224343561414211112014 6 1202308115.062138
0115102125343561414211112014 6 1202308115.062139
0115102124343562414211112014 6 1202308115.062202
0115102224343562414211112014 6 1202308115.062203
0565102520343022404511112014 1 1202308115.063111
0525102520343062404511112014 1 1202308115.063123
0565102520343062404511112014 1 1202308115.063124
0525102520343026404511112014 1 1202308115.063219
0565102520343026404511112014 1 1202308115.063220
0525102521343026404511112014 1 1202308115.063221
0565102521343026404511112014 1 1202308115.063222
0525102523343026404511112014 1 1202308115.063223
0565102523343026404511112014 1 1202308115.063224
0525102524343026404511112014 1 1202308115.063225
0565102524343026404511112014 1 1202308115.063226
0525102525343026404511112014 1 1202308115.063227
0565102525343026404511112014 1 1202308115.063228
0525102520343066404511112014 1 1202308115.063242
0565102520343066404511112014 1 1202308115.063243
0525102521343066404511112014 1 1202308115.063244
0565102521343066404511112014 1 1202308115.063245
0525102523343066404511112014 1 1202308115.063246
0565102523343066404511112014 1 1202308115.063247
0525102524343066404511112014 1 1202308115.063248
0565102524343066404511112014 1 1202308115.063249
0525102525343066404511112014 1 1202308115.063250
0565102525343066404511112014 1 1202308115.063251
0115102120343561414511112014 2 1202308115.063337
0115102121343561414511112014 6 1202308115.063338
0115102123343561414511112014 6 1202308115.063339
0115102124343561414511112014 6 1202308115.063340
0115102224343561414511112014 6 1202308115.063342
0115102125343561414511112014 6 1202308115.063343
0115102124343562414511112014 6 1202308115.063404
0115102224343562414511112014 6 1202308115.063405
0525102520343022404611112014 1 1202308115.064310
0565102520343022404611112014 1 1202308115.064311
0525102520343062404611112014 1 1202308115.064322
0565102520343062404611112014 1 1202308115.064323
0525102520343026404611112014 1 1202308115.064419
0565102520343026404611112014 1 1202308115.064420
0525102521343026404611112014 1 1202308115.064421
0565102521343026404611112014 1 1202308115.064422
0525102523343026404611112014 1 1202308115.064423
0565102523343026404611112014 1 1202308115.064424
0525102524343026404611112014 1 1202308115.064425
0565102524343026404611112014 1 1202308115.064426
0525102525343026404611112014 1 1202308115.064427
0565102525343026404611112014 1 1202308115.064428
0525102520343066404611112014 1 1202308115.064441
0565102520343066404611112014 1 1202308115.064442
0525102521343066404611112014 1 1202308115.064443
0565102521343066404611112014 1 1202308115.064444
0525102523343066404611112014 1 1202308115.064445
0565102523343066404611112014 1 1202308115.064446
0525102524343066404611112014 1 1202308115.064447
0565102524343066404611112014 1 1202308115.064448
0525102525343066404611112014 1 1202308115.064449
0565102525343066404611112014 1 1202308115.064450
0115102120343521414611112014 2 1202308115.064521
0115102121343521414611112014 6 1202308115.064523
0115102123343521414611112014 6 1202308115.064524
0115102124343521414611112014 6 1202308115.064525
0115102224343521414611112014 6 1202308115.064526
0115102125343521414611112014 6 1202308115.064528
0115102120343561414611112014 2 1202308115.064538
0115102121343561414611112014 6 1202308115.064539
0115102123343561414611112014 6 1202308115.064540
0115102124343561414611112014 6 1202308115.064542
0115102224343561414611112014 6 1202308115.064543
0115102125343561414611112014 6 1202308115.064544
0115102124343522414611112014 6 1202308115.064554
0115102224343522414611112014 6 1202308115.064555
0115102124343562414611112014 6 1202308115.064606
0115102224343562414611112014 6 1202308115.064607
0124100125353541424611112014 2 1202308115.064733
