0522156123033104464600262540 1 1202308104.191002
0522156123133104464600262540 1 1202308104.191004
0522156123333104464600262540 1 1202308104.191006
0522156123433104464600262540 1 1202308104.191008
0522156123533104464600262540 1 1202308104.191010
0522156123033114464600262540 1 1202308104.191015
0522156123133114464600262540 1 1202308104.191017
0522156123333114464600262540 1 1202308104.191019
0522156123433114464600262540 1 1202308104.191021
0522156123533114464600262540 1 1202308104.191023
0522156123033124464600262540 1 1202308104.191028
0522156123133124464600262540 1 1202308104.191030
0522156123333124464600262540 1 1202308104.191032
0522156123433124464600262540 1 1202308104.191034
0522156123533124464600262540 1 1202308104.191036
0522156123033144464600262540 1 1202308104.191041
0522156123133144464600262540 1 1202308104.191043
0522156123333144464600262540 1 1202308104.191045
0522156123433144464600262540 1 1202308104.191047
0522156123533144464600262540 1 1202308104.191049
0522156123033154464600262540 1 1202308104.191054
0522156123133154464600262540 1 1202308104.191056
0522156123333154464600262540 1 1202308104.191058
0522156123433154464600262540 1 1202308104.191100
0522156123533154464600262540 1 1202308104.191102
0522156123033164464600262540 1 1202308104.191107
0522156123133164464600262540 1 1202308104.191109
0522156123333164464600262540 1 1202308104.191111
0522156123433164464600262540 1 1202308104.191113
0522156123533164464600262540 1 1202308104.191115
0122160121313140424100000522 2 1202308104.213859
0116162021333140424100000522 2 1202308104.213915
0122160121313141424100000522 2 1202308104.214046
0116162021333141424100000522 2 1202308104.214100
0122160121313142424100000522 2 1202308104.214224
0116162021333142424100000522 2 1202308104.214238
0111162620333004424100000522 2 1202308104.214350
0110162621333104424100000522 2 1202308104.214456
0111162621333104424100000522 2 1202308104.214459
0112162621333104424100000522 2 1202308104.214503
0111162620333014424100000522 2 1202308104.214731
0110162621333114424100000522 2 1202308104.214836
0111162621333114424100000522 2 1202308104.214839
0112162621333114424100000522 2 1202308104.214843
0111162620333024424100000522 2 1202308104.215111
0110162621333124424100000522 2 1202308104.215216
0111162621333124424100000522 2 1202308104.215220
0112162621333124424100000522 2 1202308104.215223
0111162620303044424100000522 2 1202308104.215435
0111162620333044424100000522 2 1202308104.215509
0122160121313144424100000522 2 1202308104.215610
0116162021333144424100000522 2 1202308104.215643
0110162621333144424100000522 2 1202308104.215711
0111162621333144424100000522 2 1202308104.215715
0112162621333144424100000522 2 1202308104.215718
0111162620333054424100000522 2 1202308104.220032
0110162621333154424100000522 2 1202308104.220137
0111162621333154424100000522 2 1202308104.220140
0112162621333154424100000522 2 1202308104.220144
0111162620333064424100000522 2 1202308104.220412
0110162621333164424100000522 2 1202308104.220517
0111162621333164424100000522 2 1202308104.220521
0112162621333164424100000522 2 1202308104.220524
0122160121313145424100000522 2 1202308104.220803
0116162021333145424100000522 2 1202308104.220817
0122160121313146424100000522 2 1202308104.220959
0116162021333146424100000522 2 1202308104.221018
0122160121313140424200000522 2 1202308104.222113
0116162021333140424200000522 2 1202308104.222131
0122160121313141424200000522 2 1202308104.222313
0116162021333141424200000522 2 1202308104.222329
0122160121313142424200000522 2 1202308104.222512
0116162021333142424200000522 2 1202308104.222528
0111162620333004424200000522 2 1202308104.222644
0110162621333104424200000522 2 1202308104.222751
0111162621333104424200000522 2 1202308104.222754
0112162621333104424200000522 2 1202308104.222758
0111162620333014424200000522 2 1202308104.223030
0110162621333114424200000522 2 1202308104.223136
0111162621333114424200000522 2 1202308104.223139
0112162621333114424200000522 2 1202308104.223143
0111162620333024424200000522 2 1202308104.223413
0110162621333124424200000522 2 1202308104.223520
0111162621333124424200000522 2 1202308104.223523
0112162621333124424200000522 2 1202308104.223527
0111162620303044424200000522 2 1202308104.223742
0111162620333044424200000522 2 1202308104.223818
0122160121313144424200000522 2 1202308104.223921
0116162021333144424200000522 2 1202308104.223956
0110162621333144424200000522 2 1202308104.224025
0111162621333144424200000522 2 1202308104.224028
0112162621333144424200000522 2 1202308104.224032
0111162620333054424200000522 2 1202308104.224359
0110162621333154424200000522 2 1202308104.224505
0111162621333154424200000522 2 1202308104.224509
0112162621333154424200000522 2 1202308104.224512
0111162620333064424200000522 2 1202308104.224742
0110162621333164424200000522 2 1202308104.224849
0111162621333164424200000522 2 1202308104.224852
0112162621333164424200000522 2 1202308104.224856
0122160121313145424200000522 2 1202308104.225140
0116162021333145424200000522 2 1202308104.225155
0122160121313146424200000522 2 1202308104.225348
0116162021333146424200000522 2 1202308104.225409
