0141100521663140424204211635 2 1202308115.041131
0141100521063141424204211635 2 1202308115.041202
0141100521163141424204211635 2 1202308115.041206
0141100521663141424204211635 2 1202308115.041210
0141100521663042424204211635 2 1202308115.041236
0144100521663042424204211635 2 1202308115.041237
0141100521063142424204211635 2 1202308115.041244
0144105121663142424204211635 2 1202308115.041251
0141100521663142424204211635 2 1202308115.041252
0144100521663142424204211635 2 1202308115.041253
0114102521663142424204211635 2 1202308115.041255
0144102521663142424204211635 2 1202308115.041256
0144102521063114424204211635 2 1202308115.041323
0141100521633144424204211635 2 1202308115.041352
0144100521633144424204211635 2 1202308115.041354
0114102521633144424204211635 2 1202308115.041356
0144102521633144424204211635 2 1202308115.041357
0141100521063144424204211635 2 1202308115.041359
0141100521163144424204211635 2 1202308115.041402
0141100521363144424204211635 2 1202308115.041407
0144100521363144424204211635 2 1202308115.041408
0144102521363144424204211635 2 1202308115.041411
0141100521663144424204211635 2 1202308115.041413
0144100521663144424204211635 2 1202308115.041414
0114102521663144424204211635 2 1202308115.041417
0144102521663144424204211635 2 1202308115.041418
0141100521163045424204211635 2 1202308115.041451
0141100521663045424204211635 2 1202308115.041456
0144100521663045424204211635 2 1202308115.041458
0141100521063145424204211635 2 1202308115.041501
0141100521163145424204211635 2 1202308115.041504
0145100521363145424204211635 2 1202308115.041507
0144105121663145424204211635 2 1202308115.041509
0141100521663145424204211635 2 1202308115.041511
0144100521663145424204211635 2 1202308115.041512
0145100521663145424204211635 2 1202308115.041513
0114102521663145424204211635 2 1202308115.041514
0114102521663142424604211635 2 1202308115.041947
0114102521633144424604211635 2 1202308115.042002
0114102521663144424604211635 2 1202308115.042004
0114102521663145424604211635 2 1202308115.042019
0564155625003144424110302051 2 1202308115.044956
0564155625103144424110302051 2 1202308115.044959
0564155625303144424110302051 2 1202308115.045003
0564155625403144424110302051 2 1202308115.045007
0564155625503144424110302051 2 1202308115.045010
0564155625013144424110302051 2 1202308115.045014
0564155625113144424110302051 2 1202308115.045018
0564155625313144424110302051 2 1202308115.045022
0564155625413144424110302051 2 1202308115.045025
0524155625513144424110302051 2 1202308115.045030
0564155625513144424110302051 2 1202308115.045031
0564155625033144424110302051 2 1202308115.045035
0564155625133144424110302051 2 1202308115.045039
0564155625333144424110302051 2 1202308115.045043
0564155625433144424110302051 2 1202308115.045046
0564155625533144424110302051 2 1202308115.045050
0564155625043144424110302051 2 1202308115.045053
0564155625143144424110302051 2 1202308115.045057
0564155625343144424110302051 2 1202308115.045101
0564155625443144424110302051 2 1202308115.045104
0564155625543144424110302051 2 1202308115.045108
0564155625053144424110302051 2 1202308115.045112
0564155625153144424110302051 2 1202308115.045116
0564155625353144424110302051 2 1202308115.045121
0564155625453144424110302051 2 1202308115.045125
0564155625553144424110302051 2 1202308115.045129
0564155625003144424210302051 2 1202308115.052808
0564155625103144424210302051 2 1202308115.052811
0564155625303144424210302051 2 1202308115.052815
0564155625403144424210302051 2 1202308115.052819
0564155625503144424210302051 2 1202308115.052823
0564155625013144424210302051 2 1202308115.052826
0564155625113144424210302051 2 1202308115.052830
0564155625313144424210302051 2 1202308115.052834
0564155625413144424210302051 2 1202308115.052838
0524155625513144424210302051 2 1202308115.052842
0564155625513144424210302051 2 1202308115.052844
0564155625033144424210302051 2 1202308115.052847
0564155625133144424210302051 2 1202308115.052851
0564155625333144424210302051 2 1202308115.052855
0564155625433144424210302051 2 1202308115.052858
0564155625533144424210302051 2 1202308115.052902
0564155625043144424210302051 2 1202308115.052905
0564155625143144424210302051 2 1202308115.052909
0564155625343144424210302051 2 1202308115.052913
0564155625443144424210302051 2 1202308115.052916
0564155625543144424210302051 2 1202308115.052920
0564155625053144424210302051 2 1202308115.052923
0564155625153144424210302051 2 1202308115.052927
0564155625353144424210302051 2 1202308115.052932
0564155625453144424210302051 2 1202308115.052936
0564155625553144424210302051 2 1202308115.052940
0564155625003144424510302051 2 1202308115.060503
0564155625103144424510302051 2 1202308115.060506
0564155625303144424510302051 2 1202308115.060510
0564155625403144424510302051 2 1202308115.060514
0564155625503144424510302051 2 1202308115.060517
0564155625013144424510302051 2 1202308115.060521
0564155625113144424510302051 2 1202308115.060525
0564155625313144424510302051 2 1202308115.060529
0564155625413144424510302051 2 1202308115.060532
0524155625513144424510302051 2 1202308115.060537
0564155625513144424510302051 2 1202308115.060538
0564155625033144424510302051 2 1202308115.060542
0564155625133144424510302051 2 1202308115.060545
0564155625333144424510302051 2 1202308115.060549
0564155625433144424510302051 2 1202308115.060553
0564155625533144424510302051 2 1202308115.060556
0564155625043144424510302051 2 1202308115.060600
0564155625143144424510302051 2 1202308115.060603
0564155625343144424510302051 2 1202308115.060607
0564155625443144424510302051 2 1202308115.060611
0564155625543144424510302051 2 1202308115.060614
0564155625053144424510302051 2 1202308115.060618
0564155625153144424510302051 2 1202308115.060622
0564155625353144424510302051 2 1202308115.060627
0564155625453144424510302051 2 1202308115.060631
0564155625553144424510302051 2 1202308115.060635
0564155625003144424610302051 2 1202308115.064127
0564155625103144424610302051 2 1202308115.064131
0564155625303144424610302051 2 1202308115.064135
0564155625403144424610302051 2 1202308115.064138
0564155625503144424610302051 2 1202308115.064142
0564155625013144424610302051 2 1202308115.064146
0564155625113144424610302051 2 1202308115.064149
0564155625313144424610302051 2 1202308115.064155
0564155625413144424610302051 2 1202308115.064159
0524155625513144424610302051 2 1202308115.064204
0564155625513144424610302051 2 1202308115.064206
0564155625033144424610302051 2 1202308115.064209
0564155625133144424610302051 2 1202308115.064213
0564155625333144424610302051 2 1202308115.064217
0564155625433144424610302051 2 1202308115.064220
0564155625533144424610302051 2 1202308115.064224
0564155625043144424610302051 2 1202308115.064228
0564155625143144424610302051 2 1202308115.064231
0564155625343144424610302051 2 1202308115.064235
0564155625443144424610302051 2 1202308115.064239
0564155625543144424610302051 2 1202308115.064242
0564155625053144424610302051 2 1202308115.064246
0564155625153144424610302051 2 1202308115.064250
0524150121353144424610302051 2 1202308115.064253
0564155625353144424610302051 2 1202308115.064301
0564155625453144424610302051 2 1202308115.064305
0564155625553144424610302051 2 1202308115.064309
