0416152025303141424101412105 2 1202308115.041038
0411152025303146424101412105 2 1202308115.041302
0416152025303146424101412105 2 1202308115.041305
0416152021353140424201412105 1 1202308115.044142
0416152021353540424201412105 1 1202308115.044151
0124150121333060424201412105 2 1202308115.044206
0124150121353060424201412105 2 1202308115.044210
0524150121353060424201412105 2 1202308115.044211
0422150121333160424201412105 2 1202308115.044224
0124150121333160424201412105 2 1202308115.044226
0524150121333160424201412105 2 1202308115.044227
0426150121333160424201412105 2 1202308115.044229
0124150121353160424201412105 2 1202308115.044234
0524150121353160424201412105 2 1202308115.044236
0422150121333560424201412105 2 1202308115.044250
0124150121333560424201412105 2 1202308115.044251
0426150121333560424201412105 2 1202308115.044256
0124150121353560424201412105 2 1202308115.044300
0524150121353560424201412105 2 1202308115.044301
0426150121303141424201412105 2 1202308115.044318
0426150121313141424201412105 2 1202308115.044320
0426150121333141424201412105 2 1202308115.044324
0426150121313541424201412105 2 1202308115.044336
0426150121333541424201412105 2 1202308115.044341
0426150121353541424201412105 2 1202308115.044345
0124150121333061424201412105 2 1202308115.044405
0524150121333061424201412105 2 1202308115.044406
0124150121353061424201412105 2 1202308115.044409
0124106021333161424201412105 1 1202308115.044421
0425156021333161424201412105 2 1202308115.044423
0422150121333161424201412105 2 1202308115.044426
0124150121333161424201412105 2 1202308115.044429
0524150121333161424201412105 2 1202308115.044433
0426150121333161424201412105 2 1202308115.044435
0124150121353161424201412105 2 1202308115.044441
0422150121333561424201412105 2 1202308115.044504
0024150121333561424201412105 2 1202308115.044505
0124150121333561424201412105 2 1202308115.044506
0524150121333561424201412105 2 1202308115.044508
0426150121333561424201412105 2 1202308115.044509
0124150121353561424201412105 2 1202308115.044514
0426150121303142424201412105 2 1202308115.044535
0426150121313142424201412105 2 1202308115.044538
0426150121333142424201412105 2 1202308115.044540
0416152021353142424201412105 1 1202308115.044542
0426150121353142424201412105 2 1202308115.044544
0426150121303542424201412105 2 1202308115.044548
0426150121333542424201412105 2 1202308115.044555
0124150121333062424201412105 2 1202308115.044618
0124150121353062424201412105 2 1202308115.044622
0422150121333162424201412105 2 1202308115.044640
0124150121333162424201412105 2 1202308115.044642
0524150121333162424201412105 2 1202308115.044644
0426150121333162424201412105 2 1202308115.044645
0422150121353162424201412105 2 1202308115.044649
0024150121353162424201412105 2 1202308115.044651
0124150121353162424201412105 2 1202308115.044652
0524150121353162424201412105 2 1202308115.044653
0426150121353162424201412105 2 1202308115.044655
0422150121333562424201412105 2 1202308115.044717
0124150121333562424201412105 2 1202308115.044719
0524150121333562424201412105 2 1202308115.044720
0426150121333562424201412105 2 1202308115.044722
0124150121353562424201412105 2 1202308115.044729
0524150121353562424201412105 2 1202308115.044730
0426150121303124424201412105 2 1202308115.044800
0426150121303144424201412105 2 1202308115.044811
0426150121313144424201412105 2 1202308115.044816
0422156021333144424201412105 1 1202308115.044822
0426156021333144424201412105 1 1202308115.044824
0426150121333144424201412105 2 1202308115.044827
0422150121303164424201412105 2 1202308115.044919
0124150121303164424201412105 2 1202308115.044920
0426150121303164424201412105 2 1202308115.044922
0421155021133164424201412105 2 1202308115.044926
0424155021133164424201412105 2 1202308115.044927
0124150021333164424201412105 2 1202308115.044935
0524150021333164424201412105 2 1202308115.044936
0421155021333164424201412105 2 1202308115.044943
0124155021333164424201412105 2 1202308115.044946
0424155021333164424201412105 2 1202308115.044947
0425155021333164424201412105 2 1202308115.044949
0024150121333164424201412105 2 1202308115.044956
0124150121333164424201412105 2 1202308115.044958
0524150121333164424201412105 2 1202308115.044959
0421155021533164424201412105 2 1202308115.045009
0424155021533164424201412105 2 1202308115.045010
0422150121353164424201412105 2 1202308115.045016
0124150121353164424201412105 2 1202308115.045019
0524150121353164424201412105 2 1202308115.045021
0426150121353164424201412105 2 1202308115.045022
0524150121313564424201412105 2 1202308115.045044
0422150121333564424201412105 2 1202308115.045054
0426150121333564424201412105 2 1202308115.045057
0124150121353564424201412105 2 1202308115.045106
0524150121353564424201412105 2 1202308115.045108
0426150121303145424201412105 2 1202308115.045126
0426150121313145424201412105 2 1202308115.045128
0426150121333145424201412105 2 1202308115.045130
0422150121333165424201412105 2 1202308115.045230
0024150121333165424201412105 2 1202308115.045232
0124150121333165424201412105 2 1202308115.045233
0524150121333165424201412105 2 1202308115.045234
0426150121333165424201412105 2 1202308115.045236
0024150121353165424201412105 2 1202308115.045241
0124150121353165424201412105 2 1202308115.045242
0524150121353165424201412105 2 1202308115.045244
0524150121353526424201412105 2 1202308115.045412
0422150121303146424201412105 2 1202308115.045428
0426150121303146424201412105 2 1202308115.045430
0524100121313146424201412105 2 1202308115.045435
0422150121313146424201412105 2 1202308115.045436
0524150121313146424201412105 2 1202308115.045439
0426150121313146424201412105 2 1202308115.045440
0422150121333146424201412105 2 1202308115.045444
0024150121333146424201412105 2 1202308115.045446
0124150121333146424201412105 2 1202308115.045447
0524150121333146424201412105 2 1202308115.045449
0426150121333146424201412105 2 1202308115.045451
0412152021353146424201412105 1 1202308115.045456
0416152021353146424201412105 1 1202308115.045457
0422150121353146424201412105 2 1202308115.045500
0124150121353146424201412105 2 1202308115.045502
0524150121353146424201412105 2 1202308115.045504
0426150121353146424201412105 2 1202308115.045505
0422150121303546424201412105 2 1202308115.045512
0124150121303546424201412105 2 1202308115.045514
0426150121303546424201412105 2 1202308115.045517
0124150121313546424201412105 2 1202308115.045528
0422150121333546424201412105 2 1202308115.045536
0124150121333546424201412105 2 1202308115.045539
0524150121333546424201412105 2 1202308115.045540
0426150121333546424201412105 2 1202308115.045542
0124150121353546424201412105 2 1202308115.045553
0524150121353546424201412105 2 1202308115.045554
0124150121333066424201412105 2 1202308115.045635
0124150121353066424201412105 2 1202308115.045640
0422150121333166424201412105 2 1202308115.045701
0124150121333166424201412105 2 1202308115.045703
0524150121333166424201412105 2 1202308115.045705
0426150121333166424201412105 2 1202308115.045707
0422150121353166424201412105 2 1202308115.045713
0024150121353166424201412105 2 1202308115.045715
0124150121353166424201412105 2 1202308115.045716
0524150121353166424201412105 2 1202308115.045718
0426150121353166424201412105 2 1202308115.045719
0422150121333566424201412105 2 1202308115.045745
0124150121333566424201412105 2 1202308115.045746
0524150121333566424201412105 2 1202308115.045748
0426150121333566424201412105 2 1202308115.045749
0124150121353566424201412105 2 1202308115.045759
0524150121353566424201412105 2 1202308115.045800
0426150120313140464201412105 2 1202308115.050646
0412152021353140464201412105 1 1202308115.050658
0416152021353140464201412105 1 1202308115.050700
0412152021353540464201412105 1 1202308115.050722
0416152021353540464201412105 1 1202308115.050725
0124150121333060464201412105 2 1202308115.050820
0124150121353060464201412105 2 1202308115.050824
0524150121353060464201412105 2 1202308115.050826
0426150120333160464201412105 2 1202308115.050844
0422150121333160464201412105 2 1202308115.050850
0124150121333160464201412105 2 1202308115.050852
0524150121333160464201412105 2 1202308115.050853
0426150121333160464201412105 2 1202308115.050855
0124150121353160464201412105 2 1202308115.050905
0524150121353160464201412105 2 1202308115.050907
0124150023353160464201412105 6 1202308115.050912
0422150121333560464201412105 2 1202308115.050931
0124150121333560464201412105 2 1202308115.050932
0426150121333560464201412105 2 1202308115.050936
0124150121353560464201412105 2 1202308115.050944
0524150121353560464201412105 2 1202308115.050945
0426150120303141464201412105 2 1202308115.051023
0422150121303141464201412105 2 1202308115.051028
0426150121303141464201412105 2 1202308115.051030
0412152023303141464201412105 1 1202308115.051033
0124150123303141464201412105 6 1202308115.051037
0426150123303141464201412105 6 1202308115.051038
0426150120313141464201412105 2 1202308115.051043
0524100121313141464201412105 2 1202308115.051046
0422150121313141464201412105 2 1202308115.051047
0124150121313141464201412105 2 1202308115.051049
0426150121313141464201412105 2 1202308115.051054
0124150123313141464201412105 6 1202308115.051057
0422150121333141464201412105 2 1202308115.051105
0124150121333141464201412105 2 1202308115.051108
0524150121333141464201412105 2 1202308115.051110
0426150121333141464201412105 2 1202308115.051111
0124150123333141464201412105 6 1202308115.051118
0424150123333141464201412105 6 1202308115.051119
0524150123333141464201412105 6 1202308115.051120
0426150123333141464201412105 6 1202308115.051121
0426150120353141464201412105 6 1202308115.051128
0124150121353141464201412105 2 1202308115.051136
0524150121353141464201412105 2 1202308115.051138
0422150123353141464201412105 6 1202308115.051146
0124150123353141464201412105 6 1202308115.051149
0524150123353141464201412105 6 1202308115.051151
0426150120303541464201412105 2 1202308115.051156
0426150120313541464201412105 2 1202308115.051212
0524100121313541464201412105 2 1202308115.051214
0422150121313541464201412105 2 1202308115.051215
0426150121313541464201412105 2 1202308115.051219
0524150023313541464201412105 6 1202308115.051221
0422150121333541464201412105 2 1202308115.051230
0124150121333541464201412105 2 1202308115.051233
0524150121333541464201412105 2 1202308115.051234
0426150121333541464201412105 2 1202308115.051236
0426150120353541464201412105 6 1202308115.051238
0422150121353541464201412105 2 1202308115.051245
0124150121353541464201412105 2 1202308115.051248
0524150121353541464201412105 2 1202308115.051249
0426150121353541464201412105 2 1202308115.051251
0124150121333061464201412105 2 1202308115.051349
0524150121333061464201412105 2 1202308115.051350
0124150121353061464201412105 2 1202308115.051353
0426150120333161464201412105 2 1202308115.051412
0124106021333161464201412105 1 1202308115.051413
0425156021333161464201412105 2 1202308115.051414
0422150121333161464201412105 2 1202308115.051417
0124150121333161464201412105 2 1202308115.051421
0524150121333161464201412105 2 1202308115.051424
0426150121333161464201412105 2 1202308115.051426
0124150121353161464201412105 2 1202308115.051438
0124150023353161464201412105 6 1202308115.051446
0426155020333561464201412105 2 1202308115.051510
0426150120333561464201412105 2 1202308115.051511
0422150121333561464201412105 2 1202308115.051516
0024150121333561464201412105 2 1202308115.051517
0124150121333561464201412105 2 1202308115.051519
0524150121333561464201412105 2 1202308115.051521
0426150121333561464201412105 2 1202308115.051522
0124150121353561464201412105 2 1202308115.051531
0524150121353522464201412105 2 1202308115.051603
0426150120303142464201412105 6 1202308115.051612
0422150121303142464201412105 2 1202308115.051617
0426150121303142464201412105 2 1202308115.051619
0524100121313142464201412105 2 1202308115.051624
0422150121313142464201412105 2 1202308115.051625
0524150121313142464201412105 2 1202308115.051628
0426150121313142464201412105 2 1202308115.051629
0422150121333142464201412105 2 1202308115.051632
0024150121333142464201412105 2 1202308115.051633
0124150121333142464201412105 2 1202308115.051635
0524150121333142464201412105 2 1202308115.051636
0426150121333142464201412105 2 1202308115.051638
0412152021353142464201412105 1 1202308115.051641
0416152021353142464201412105 1 1202308115.051642
0422150121353142464201412105 2 1202308115.051645
0124150121353142464201412105 2 1202308115.051647
0524150121353142464201412105 2 1202308115.051649
0426150121353142464201412105 2 1202308115.051650
0422150121303542464201412105 2 1202308115.051657
0124150121303542464201412105 2 1202308115.051659
0426150121303542464201412105 2 1202308115.051702
0124150121313542464201412105 2 1202308115.051709
0422150121333542464201412105 2 1202308115.051716
0124150121333542464201412105 2 1202308115.051719
0524150121333542464201412105 2 1202308115.051720
0426150121333542464201412105 2 1202308115.051722
0124150121353542464201412105 2 1202308115.051730
0524150121353542464201412105 2 1202308115.051732
0124150121333062464201412105 2 1202308115.051830
0124150121353062464201412105 2 1202308115.051834
0426150120333162464201412105 2 1202308115.051853
0422150121333162464201412105 2 1202308115.051856
0124150121333162464201412105 2 1202308115.051859
0524150121333162464201412105 2 1202308115.051900
0426150121333162464201412105 2 1202308115.051902
0422150121353162464201412105 2 1202308115.051910
0024150121353162464201412105 2 1202308115.051911
0124150121353162464201412105 2 1202308115.051913
0524150121353162464201412105 2 1202308115.051914
0426150121353162464201412105 2 1202308115.051916
0422150121333562464201412105 2 1202308115.051945
0124150121333562464201412105 2 1202308115.051947
0524150121333562464201412105 2 1202308115.051948
0426150121333562464201412105 2 1202308115.051950
0124150121353562464201412105 2 1202308115.051959
0524150121353562464201412105 2 1202308115.052001
0222155023113114464201412105 6 1202308115.052122
0224155023113114464201412105 6 1202308115.052124
0222155023313114464201412105 6 1202308115.052126
0222155023513114464201412105 6 1202308115.052131
0421155021133114464201412105 2 1202308115.052137
0424155021133114464201412105 2 1202308115.052139
0426155020333114464201412105 6 1202308115.052143
0424155021333114464201412105 2 1202308115.052156
0425155021333114464201412105 2 1202308115.052158
0424155021533114464201412105 2 1202308115.052207
0224155023153114464201412105 6 1202308115.052215
0224155023353114464201412105 6 1202308115.052220
0426150120303124464201412105 2 1202308115.052300
0422150121303124464201412105 2 1202308115.052302
0426150121303124464201412105 2 1202308115.052304
0222155023113124464201412105 6 1202308115.052309
0422155023113124464201412105 6 1202308115.052310
0222155023513124464201412105 6 1202308115.052314
0422155023513124464201412105 6 1202308115.052315
0222155023153124464201412105 6 1202308115.052333
0422155023153124464201412105 6 1202308115.052334
0426150120353124464201412105 6 1202308115.052335
0226150023553124464201412105 6 1202308115.052345
0222155023553124464201412105 6 1202308115.052346
0422155023553124464201412105 6 1202308115.052347
0426150120303144464201412105 2 1202308115.052416
0422150121303144464201412105 2 1202308115.052424
0524150121303144464201412105 2 1202308115.052425
0426150121303144464201412105 2 1202308115.052426
0222155023113144464201412105 6 1202308115.052438
0224155023113144464201412105 6 1202308115.052440
0426150120313144464201412105 2 1202308115.052442
0422150121313144464201412105 2 1202308115.052451
0426150121313144464201412105 2 1202308115.052456
0222155023313144464201412105 6 1202308115.052500
0422155023313144464201412105 6 1202308115.052501
0224155023313144464201412105 6 1202308115.052502
0424155023313144464201412105 6 1202308115.052503
0222155023513144464201412105 6 1202308115.052509
0421155021133144464201412105 2 1202308115.052517
0424155021133144464201412105 2 1202308115.052519
0426150120333144464201412105 2 1202308115.052524
0124150021333144464201412105 2 1202308115.052530
0421155021333144464201412105 2 1202308115.052538
0124155021333144464201412105 2 1202308115.052540
0424155021333144464201412105 2 1202308115.052541
0425155021333144464201412105 2 1202308115.052543
0422156021333144464201412105 1 1202308115.052545
0426156021333144464201412105 1 1202308115.052547
0422150121333144464201412105 2 1202308115.052550
0124150121333144464201412105 2 1202308115.052554
0426150121333144464201412105 2 1202308115.052557
0124150123333144464201412105 6 1202308115.052604
0426155020533144464201412105 6 1202308115.052612
0222155023153144464201412105 6 1202308115.052631
0422155023153144464201412105 6 1202308115.052632
0224155023153144464201412105 6 1202308115.052633
0426150120353144464201412105 6 1202308115.052635
0124150121353144464201412105 2 1202308115.052643
0524150121353144464201412105 2 1202308115.052644
0422152023353144464201412105 6 1202308115.052652
0122155023353144464201412105 6 1202308115.052654
0422155023353144464201412105 6 1202308115.052655
0224155023353144464201412105 6 1202308115.052657
0422156023353144464201412105 6 1202308115.052659
0124150123353144464201412105 6 1202308115.052704
0524150123353144464201412105 6 1202308115.052706
0226150023553144464201412105 6 1202308115.052711
0222155023553144464201412105 6 1202308115.052712
0426150120303164464201412105 6 1202308115.053048
0422150121303164464201412105 2 1202308115.053050
0124150121303164464201412105 2 1202308115.053051
0426150121303164464201412105 2 1202308115.053052
0222155023113164464201412105 6 1202308115.053057
0224155023113164464201412105 6 1202308115.053100
0222155023313164464201412105 6 1202308115.053104
0422155023313164464201412105 6 1202308115.053105
0224155023313164464201412105 6 1202308115.053107
0422155023513164464201412105 6 1202308115.053111
0421155021133164464201412105 2 1202308115.053116
0424155021133164464201412105 2 1202308115.053118
0426150120333164464201412105 2 1202308115.053123
0124150021333164464201412105 2 1202308115.053128
0524150021333164464201412105 2 1202308115.053129
0421155021333164464201412105 2 1202308115.053137
0124155021333164464201412105 2 1202308115.053140
0424155021333164464201412105 2 1202308115.053141
0425155021333164464201412105 2 1202308115.053143
0024150121333164464201412105 2 1202308115.053150
0124150121333164464201412105 2 1202308115.053152
0524150121333164464201412105 2 1202308115.053153
0426155020533164464201412105 2 1202308115.053202
0421155021533164464201412105 2 1202308115.053206
0424155021533164464201412105 2 1202308115.053207
0422155023153164464201412105 6 1202308115.053219
0426150120353164464201412105 6 1202308115.053222
0422150121353164464201412105 2 1202308115.053224
0124150121353164464201412105 2 1202308115.053228
0524150121353164464201412105 2 1202308115.053229
0426150121353164464201412105 2 1202308115.053231
0124150023353164464201412105 6 1202308115.053235
0422155023353164464201412105 6 1202308115.053242
0222155023553164464201412105 6 1202308115.053249
0224155023553164464201412105 6 1202308115.053251
0524150121313564464201412105 2 1202308115.053318
0422150121333564464201412105 2 1202308115.053330
0426150121333564464201412105 2 1202308115.053334
0124150121353564464201412105 2 1202308115.053345
0524150121353564464201412105 2 1202308115.053346
0426150120303145464201412105 6 1202308115.053453
0422150121303145464201412105 2 1202308115.053458
0426150121303145464201412105 2 1202308115.053500
0426150123303145464201412105 6 1202308115.053504
0426150120313145464201412105 6 1202308115.053511
0422150121313145464201412105 2 1202308115.053512
0124150121313145464201412105 2 1202308115.053514
0426150121313145464201412105 2 1202308115.053515
0524100123313145464201412105 6 1202308115.053517
0124150123313145464201412105 6 1202308115.053518
0226150123313145464201412105 6 1202308115.053521
0426150120333145464201412105 2 1202308115.053528
0422150121333145464201412105 2 1202308115.053533
0124150121333145464201412105 2 1202308115.053535
0524150121333145464201412105 2 1202308115.053536
0426150121333145464201412105 2 1202308115.053538
0124150123333145464201412105 6 1202308115.053542
0524150123333145464201412105 6 1202308115.053544
0426150123333145464201412105 6 1202308115.053547
0426150120353145464201412105 2 1202308115.053554
0124150121353145464201412105 2 1202308115.053601
0524150121353145464201412105 2 1202308115.053603
0124150123353145464201412105 6 1202308115.053610
0524150123353145464201412105 6 1202308115.053613
0524100023313065464201412105 6 1202308115.053823
0426150120333165464201412105 2 1202308115.053851
0422150121333165464201412105 2 1202308115.053854
0024150121333165464201412105 2 1202308115.053856
0124150121333165464201412105 2 1202308115.053857
0524150121333165464201412105 2 1202308115.053858
0426150121333165464201412105 2 1202308115.053900
0024150121353165464201412105 2 1202308115.053911
0124150121353165464201412105 2 1202308115.053912
0524150121353165464201412105 2 1202308115.053914
0426150120353526464201412105 6 1202308115.054104
0524150121353526464201412105 2 1202308115.054111
0426150120303146464201412105 2 1202308115.054123
0422150121303146464201412105 2 1202308115.054128
0426150121303146464201412105 2 1202308115.054130
0412152023303146464201412105 1 1202308115.054133
0426150123303146464201412105 6 1202308115.054137
0426150120313146464201412105 2 1202308115.054143
0524100121313146464201412105 2 1202308115.054145
0422150121313146464201412105 2 1202308115.054146
0524150121313146464201412105 2 1202308115.054148
0426150121313146464201412105 2 1202308115.054150
0422150123313146464201412105 6 1202308115.054152
0426150120333146464201412105 6 1202308115.054201
0422150121333146464201412105 2 1202308115.054203
0024150121333146464201412105 2 1202308115.054205
0124150121333146464201412105 2 1202308115.054206
0524150121333146464201412105 2 1202308115.054207
0426150121333146464201412105 2 1202308115.054209
0024150123333146464201412105 6 1202308115.054214
0124150123333146464201412105 6 1202308115.054216
0524150123333146464201412105 6 1202308115.054218
0426150120353146464201412105 6 1202308115.054230
0412152021353146464201412105 1 1202308115.054232
0416152021353146464201412105 1 1202308115.054234
0422150121353146464201412105 2 1202308115.054237
0124150121353146464201412105 2 1202308115.054239
0524150121353146464201412105 2 1202308115.054240
0426150121353146464201412105 2 1202308115.054242
0422150123353146464201412105 6 1202308115.054245
0124150123353146464201412105 6 1202308115.054247
0524150123353146464201412105 6 1202308115.054249
0426150123353146464201412105 6 1202308115.054251
0426150120303546464201412105 2 1202308115.054254
0422150121303546464201412105 2 1202308115.054300
0124150121303546464201412105 2 1202308115.054302
0426150121303546464201412105 2 1202308115.054305
0124150121313546464201412105 2 1202308115.054317
0422150121333546464201412105 2 1202308115.054329
0124150121333546464201412105 2 1202308115.054331
0524150121333546464201412105 2 1202308115.054333
0426150121333546464201412105 2 1202308115.054334
0426150120353546464201412105 6 1202308115.054341
0124150121353546464201412105 2 1202308115.054349
0524150121353546464201412105 2 1202308115.054351
0124150121333066464201412105 2 1202308115.054502
0124150121353066464201412105 2 1202308115.054508
0426150120333166464201412105 2 1202308115.054534
0422150121333166464201412105 2 1202308115.054537
0124150121333166464201412105 2 1202308115.054539
0524150121333166464201412105 2 1202308115.054541
0426150121333166464201412105 2 1202308115.054543
0426150120353166464201412105 2 1202308115.054550
0422150121353166464201412105 2 1202308115.054554
0024150121353166464201412105 2 1202308115.054555
0124150121353166464201412105 2 1202308115.054557
0524150121353166464201412105 2 1202308115.054558
0426150121353166464201412105 2 1202308115.054600
0124150023353166464201412105 6 1202308115.054601
0426150120303566464201412105 2 1202308115.054608
0426150120313566464201412105 2 1202308115.054617
0426150120333566464201412105 2 1202308115.054633
0422150121333566464201412105 2 1202308115.054635
0124150121333566464201412105 2 1202308115.054637
0524150121333566464201412105 2 1202308115.054639
0426150121333566464201412105 2 1202308115.054640
0426150120353566464201412105 6 1202308115.054647
0124150121353566464201412105 2 1202308115.054654
0524150121353566464201412105 2 1202308115.054655
0412152021353140424601412105 1 1202308115.055225
0416152021353140424601412105 1 1202308115.055227
0412152021353540424601412105 1 1202308115.055249
0416152021353540424601412105 1 1202308115.055251
0416152025353540424601412105 6 1202308115.055255
0124150121333060424601412105 2 1202308115.055343
0124150121353060424601412105 2 1202308115.055348
0524150121353060424601412105 2 1202308115.055349
0422150121333160424601412105 2 1202308115.055403
0124150121333160424601412105 2 1202308115.055404
0524150121333160424601412105 2 1202308115.055406
0426150121333160424601412105 2 1202308115.055407
0124150121353160424601412105 2 1202308115.055414
0524150121353160424601412105 2 1202308115.055416
0422150121333560424601412105 2 1202308115.055431
0124150121333560424601412105 2 1202308115.055433
0426150121333560424601412105 2 1202308115.055437
0124150121353560424601412105 2 1202308115.055443
0524150121353560424601412105 2 1202308115.055444
0422150121303141424601412105 2 1202308115.055512
0426150121303141424601412105 2 1202308115.055514
0411152025303141424601412105 2 1202308115.055515
0416152025303141424601412105 2 1202308115.055517
0524100121313141424601412105 2 1202308115.055520
0422150121313141424601412105 2 1202308115.055521
0124150121313141424601412105 2 1202308115.055523
0426150121313141424601412105 2 1202308115.055528
0422150121333141424601412105 2 1202308115.055532
0124150121333141424601412105 2 1202308115.055534
0524150121333141424601412105 2 1202308115.055536
0426150121333141424601412105 2 1202308115.055538
0426156025333141424601412105 1 1202308115.055540
0124150121353141424601412105 2 1202308115.055549
0524150121353141424601412105 2 1202308115.055551
0411152025353141424601412105 2 1202308115.055557
0412152025353141424601412105 1 1202308115.055558
0414152025353141424601412105 2 1202308115.055559
0524100121313541424601412105 2 1202308115.055619
0422150121313541424601412105 2 1202308115.055620
0426150121313541424601412105 2 1202308115.055624
0422150121333541424601412105 2 1202308115.055629
0124150121333541424601412105 2 1202308115.055632
0524150121333541424601412105 2 1202308115.055633
0426150121333541424601412105 2 1202308115.055635
0422150121353541424601412105 2 1202308115.055644
0124150121353541424601412105 2 1202308115.055646
0524150121353541424601412105 2 1202308115.055648
0426150121353541424601412105 2 1202308115.055650
0124150121333061424601412105 2 1202308115.055753
0524150121333061424601412105 2 1202308115.055754
0124150121353061424601412105 2 1202308115.055758
0124106021333161424601412105 1 1202308115.055811
0425156021333161424601412105 2 1202308115.055813
0422150121333161424601412105 2 1202308115.055816
0124150121333161424601412105 2 1202308115.055820
0524150121333161424601412105 2 1202308115.055824
0426150121333161424601412105 2 1202308115.055826
0124150121353161424601412105 2 1202308115.055835
0422150121333561424601412105 2 1202308115.055858
0024150121333561424601412105 2 1202308115.055859
0124150121333561424601412105 2 1202308115.055900
0524150121333561424601412105 2 1202308115.055902
0426150121333561424601412105 2 1202308115.055903
0426156025333561424601412105 1 1202308115.055907
0124150121353561424601412105 2 1202308115.055912
0524150121353522424601412105 2 1202308115.055935
0422150121303142424601412105 2 1202308115.055946
0426150121303142424601412105 2 1202308115.055948
0524100121313142424601412105 2 1202308115.055953
0422150121313142424601412105 2 1202308115.055954
0524150121313142424601412105 2 1202308115.055956
0426150121313142424601412105 2 1202308115.055958
0422150121333142424601412105 2 1202308115.060000
0024150121333142424601412105 2 1202308115.060002
0124150121333142424601412105 2 1202308115.060003
0524150121333142424601412105 2 1202308115.060005
0426150121333142424601412105 2 1202308115.060006
0426156025333142424601412105 1 1202308115.060009
0412152021353142424601412105 1 1202308115.060011
0416152021353142424601412105 1 1202308115.060013
0422150121353142424601412105 2 1202308115.060016
0124150121353142424601412105 2 1202308115.060018
0524150121353142424601412105 2 1202308115.060020
0426150121353142424601412105 2 1202308115.060021
0412152025353142424601412105 6 1202308115.060024
0416152025353142424601412105 1 1202308115.060028
0422150121303542424601412105 2 1202308115.060036
0124150121303542424601412105 2 1202308115.060037
0426150121303542424601412105 2 1202308115.060040
0124150121313542424601412105 2 1202308115.060048
0422150121333542424601412105 2 1202308115.060055
0124150121333542424601412105 2 1202308115.060058
0524150121333542424601412105 2 1202308115.060059
0426150121333542424601412105 2 1202308115.060101
0124150121353542424601412105 2 1202308115.060112
0524150121353542424601412105 2 1202308115.060114
0124150121333062424601412105 2 1202308115.060215
0124150121353062424601412105 2 1202308115.060219
0422150121333162424601412105 2 1202308115.060238
0124150121333162424601412105 2 1202308115.060240
0524150121333162424601412105 2 1202308115.060242
0426150121333162424601412105 2 1202308115.060244
0124106025333162424601412105 2 1202308115.060246
0422156025333162424601412105 2 1202308115.060247
0422150121353162424601412105 2 1202308115.060252
0024150121353162424601412105 2 1202308115.060253
0124150121353162424601412105 2 1202308115.060255
0524150121353162424601412105 2 1202308115.060256
0426150121353162424601412105 2 1202308115.060258
0422150121333562424601412105 2 1202308115.060319
0124150121333562424601412105 2 1202308115.060321
0524150121333562424601412105 2 1202308115.060323
0426150121333562424601412105 2 1202308115.060324
0426156025333562424601412105 1 1202308115.060326
0124150121353562424601412105 2 1202308115.060334
0524150121353562424601412105 2 1202308115.060335
0421155021133114424601412105 2 1202308115.060402
0424155021133114424601412105 2 1202308115.060404
0424155021333114424601412105 2 1202308115.060418
0425155021333114424601412105 2 1202308115.060420
0424155021533114424601412105 2 1202308115.060424
0422150121303124424601412105 2 1202308115.060444
0426150121303124424601412105 2 1202308115.060446
0422150121303144424601412105 2 1202308115.060505
0524150121303144424601412105 2 1202308115.060507
0426150121303144424601412105 2 1202308115.060508
0422150121313144424601412105 2 1202308115.060522
0426150121313144424601412105 2 1202308115.060527
0421155021133144424601412105 2 1202308115.060528
0424155021133144424601412105 2 1202308115.060530
0124150021333144424601412105 2 1202308115.060536
0421155021333144424601412105 2 1202308115.060543
0124155021333144424601412105 2 1202308115.060545
0424155021333144424601412105 2 1202308115.060547
0425155021333144424601412105 2 1202308115.060549
0422156021333144424601412105 1 1202308115.060551
0426156021333144424601412105 1 1202308115.060553
0422150121333144424601412105 2 1202308115.060555
0124150121333144424601412105 2 1202308115.060559
0426150121333144424601412105 2 1202308115.060603
0426156025333144424601412105 6 1202308115.060606
0124150121353144424601412105 2 1202308115.060623
0524150121353144424601412105 2 1202308115.060624
0412152025353144424601412105 2 1202308115.060629
0416152025353144424601412105 2 1202308115.060632
0422150121303164424601412105 2 1202308115.060843
0124150121303164424601412105 2 1202308115.060844
0426150121303164424601412105 2 1202308115.060845
0421155021133164424601412105 2 1202308115.060848
0424155021133164424601412105 2 1202308115.060849
0124150021333164424601412105 2 1202308115.060855
0524150021333164424601412105 2 1202308115.060856
0421155021333164424601412105 2 1202308115.060903
0124155021333164424601412105 2 1202308115.060905
0424155021333164424601412105 2 1202308115.060907
0425155021333164424601412105 2 1202308115.060909
0024150121333164424601412105 2 1202308115.060915
0124150121333164424601412105 2 1202308115.060917
0524150121333164424601412105 2 1202308115.060918
0422156025333164424601412105 2 1202308115.060922
0421155021533164424601412105 2 1202308115.060927
0424155021533164424601412105 2 1202308115.060929
0422150121353164424601412105 2 1202308115.060932
0124150121353164424601412105 2 1202308115.060935
0524150121353164424601412105 2 1202308115.060937
0426150121353164424601412105 2 1202308115.060939
0524150121313564424601412105 2 1202308115.061000
0422150121333564424601412105 2 1202308115.061007
0426150121333564424601412105 2 1202308115.061011
0124150121353564424601412105 2 1202308115.061018
0524150121353564424601412105 2 1202308115.061019
0422150121303145424601412105 2 1202308115.061101
0426150121303145424601412105 2 1202308115.061103
0422150121313145424601412105 2 1202308115.061108
0124150121313145424601412105 2 1202308115.061110
0426150121313145424601412105 2 1202308115.061112
0422150121333145424601412105 2 1202308115.061117
0124150121333145424601412105 2 1202308115.061119
0524150121333145424601412105 2 1202308115.061120
0426150121333145424601412105 2 1202308115.061121
0124150121353145424601412105 2 1202308115.061129
0524150121353145424601412105 2 1202308115.061131
0412152025353145424601412105 2 1202308115.061136
0416152025353145424601412105 6 1202308115.061139
0422150121333165424601412105 2 1202308115.061402
0024150121333165424601412105 2 1202308115.061403
0124150121333165424601412105 2 1202308115.061405
0524150121333165424601412105 2 1202308115.061406
0426150121333165424601412105 2 1202308115.061408
0024150121353165424601412105 2 1202308115.061414
0124150121353165424601412105 2 1202308115.061415
0524150121353165424601412105 2 1202308115.061417
0524150121353526424601412105 2 1202308115.061522
0422150121303146424601412105 2 1202308115.061533
0426150121303146424601412105 2 1202308115.061535
0411152025303146424601412105 2 1202308115.061536
0416152025303146424601412105 2 1202308115.061538
0524100121313146424601412105 2 1202308115.061540
0422150121313146424601412105 2 1202308115.061541
0524150121313146424601412105 2 1202308115.061543
0426150121313146424601412105 2 1202308115.061545
0422150121333146424601412105 2 1202308115.061547
0024150121333146424601412105 2 1202308115.061549
0124150121333146424601412105 2 1202308115.061550
0524150121333146424601412105 2 1202308115.061552
0426150121333146424601412105 2 1202308115.061553
0412152021353146424601412105 1 1202308115.061555
0416152021353146424601412105 1 1202308115.061557
0422150121353146424601412105 2 1202308115.061559
0124150121353146424601412105 2 1202308115.061602
0524150121353146424601412105 2 1202308115.061603
0426150121353146424601412105 2 1202308115.061604
0416152025353146424601412105 1 1202308115.061608
0422150121303546424601412105 2 1202308115.061615
0124150121303546424601412105 2 1202308115.061617
0426150121303546424601412105 2 1202308115.061620
0124150121313546424601412105 2 1202308115.061629
0422150121333546424601412105 2 1202308115.061636
0124150121333546424601412105 2 1202308115.061638
0524150121333546424601412105 2 1202308115.061640
0426150121333546424601412105 2 1202308115.061641
0124150121353546424601412105 2 1202308115.061650
0524150121353546424601412105 2 1202308115.061652
0412152025353546424601412105 2 1202308115.061657
0124150121333066424601412105 2 1202308115.061745
0124150121353066424601412105 2 1202308115.061748
0422150121333166424601412105 2 1202308115.061806
0124150121333166424601412105 2 1202308115.061809
0524150121333166424601412105 2 1202308115.061810
0426150121333166424601412105 2 1202308115.061812
0422150121353166424601412105 2 1202308115.061815
0024150121353166424601412105 2 1202308115.061817
0124150121353166424601412105 2 1202308115.061818
0524150121353166424601412105 2 1202308115.061820
0426150121353166424601412105 2 1202308115.061821
0422150121333566424601412105 2 1202308115.061844
0124150121333566424601412105 2 1202308115.061845
0524150121333566424601412105 2 1202308115.061847
0426150121333566424601412105 2 1202308115.061848
0124150121353566424601412105 2 1202308115.061855
0524150121353566424601412105 2 1202308115.061857
0416152020353140464601412105 1 1202308115.062301
0412152021353140464601412105 1 1202308115.062303
0416152021353140464601412105 1 1202308115.062305
0216152023353140464601412105 6 1202308115.062308
0416152023353140464601412105 1 1202308115.062309
0416152024353140464601412105 1 1202308115.062311
0416152025353140464601412105 1 1202308115.062313
0416152020353540464601412105 1 1202308115.062341
0412152021353540464601412105 1 1202308115.062342
0416152021353540464601412105 1 1202308115.062344
0416152023353540464601412105 1 1202308115.062348
0416152024353540464601412105 1 1202308115.062349
0416152025353540464601412105 1 1202308115.062352
0124150120333060464601412105 6 1202308115.062507
0124150121333060464601412105 2 1202308115.062511
0124150123333060464601412105 6 1202308115.062515
0124150124333060464601412105 6 1202308115.062518
0124150125333060464601412105 6 1202308115.062521
0124150120353060464601412105 6 1202308115.062524
0524150120353060464601412105 6 1202308115.062525
0124150121353060464601412105 2 1202308115.062527
0524150121353060464601412105 2 1202308115.062528
0124150123353060464601412105 6 1202308115.062529
0524150123353060464601412105 6 1202308115.062531
0124150124353060464601412105 6 1202308115.062532
0524150124353060464601412105 6 1202308115.062533
0124150125353060464601412105 6 1202308115.062535
0524150125353060464601412105 6 1202308115.062536
0124150120333160464601412105 6 1202308115.062602
0524150120333160464601412105 6 1202308115.062603
0426150120333160464601412105 2 1202308115.062604
0422150121333160464601412105 2 1202308115.062609
0124150121333160464601412105 2 1202308115.062611
0524150121333160464601412105 2 1202308115.062612
0426150121333160464601412105 2 1202308115.062614
0124150123333160464601412105 6 1202308115.062617
0524150123333160464601412105 6 1202308115.062618
0426150123333160464601412105 6 1202308115.062619
0124150124333160464601412105 6 1202308115.062622
0524150124333160464601412105 6 1202308115.062624
0426150124333160464601412105 6 1202308115.062625
0124150125333160464601412105 6 1202308115.062629
0524150125333160464601412105 6 1202308115.062631
0426150125333160464601412105 6 1202308115.062632
0124150120353160464601412105 6 1202308115.062634
0524150120353160464601412105 6 1202308115.062635
0124150121353160464601412105 2 1202308115.062643
0524150121353160464601412105 2 1202308115.062645
0124150123353160464601412105 6 1202308115.062650
0524150123353160464601412105 6 1202308115.062651
0124150124353160464601412105 6 1202308115.062654
0524150124353160464601412105 6 1202308115.062655
0124150125353160464601412105 6 1202308115.062700
0524150125353160464601412105 6 1202308115.062701
0124150120333560464601412105 6 1202308115.062725
0426150120333560464601412105 2 1202308115.062727
0422150121333560464601412105 2 1202308115.062730
0124150121333560464601412105 2 1202308115.062731
0426150121333560464601412105 2 1202308115.062735
0124150123333560464601412105 6 1202308115.062738
0426150123333560464601412105 6 1202308115.062740
0124150124333560464601412105 6 1202308115.062742
0426150124333560464601412105 6 1202308115.062745
0124150125333560464601412105 6 1202308115.062747
0426150125333560464601412105 6 1202308115.062750
0124150120353560464601412105 6 1202308115.062751
0524150120353560464601412105 6 1202308115.062753
0124150121353560464601412105 2 1202308115.062759
0524150121353560464601412105 2 1202308115.062800
0124150123353560464601412105 6 1202308115.062804
0524150123353560464601412105 6 1202308115.062806
0124150124353560464601412105 6 1202308115.062808
0524150124353560464601412105 6 1202308115.062809
0124150125353560464601412105 6 1202308115.062813
0524150125353560464601412105 6 1202308115.062814
0426150120303141464601412105 2 1202308115.062859
0422150121303141464601412105 2 1202308115.062904
0426150121303141464601412105 2 1202308115.062906
0426150123303141464601412105 6 1202308115.062911
0426150124303141464601412105 6 1202308115.062915
0426150125303141464601412105 6 1202308115.062921
0524100120313141464601412105 6 1202308115.062923
0124150120313141464601412105 6 1202308115.062924
0426150120313141464601412105 2 1202308115.062927
0524100121313141464601412105 2 1202308115.062930
0422150121313141464601412105 2 1202308115.062931
0124150121313141464601412105 2 1202308115.062933
0426150121313141464601412105 2 1202308115.062938
0524100123313141464601412105 6 1202308115.062940
0124150123313141464601412105 6 1202308115.062942
0426150123313141464601412105 6 1202308115.062946
0524100124313141464601412105 6 1202308115.062948
0124150124313141464601412105 6 1202308115.062949
0426150124313141464601412105 6 1202308115.062952
0524100125313141464601412105 6 1202308115.062954
0422150125313141464601412105 6 1202308115.062955
0124150125313141464601412105 6 1202308115.062956
0426150125313141464601412105 6 1202308115.062959
0426150020333141464601412105 2 1202308115.063000
0124150120333141464601412105 6 1202308115.063004
0524150120333141464601412105 6 1202308115.063005
0426150120333141464601412105 2 1202308115.063006
0422150121333141464601412105 2 1202308115.063010
0124150121333141464601412105 2 1202308115.063012
0524150121333141464601412105 2 1202308115.063014
0426150121333141464601412105 2 1202308115.063015
0124150123333141464601412105 6 1202308115.063022
0524150123333141464601412105 6 1202308115.063023
0426150123333141464601412105 6 1202308115.063024
0124150124333141464601412105 6 1202308115.063027
0524150124333141464601412105 6 1202308115.063028
0426150124333141464601412105 6 1202308115.063029
0124150125333141464601412105 6 1202308115.063033
0524150125333141464601412105 6 1202308115.063034
0426150125333141464601412105 6 1202308115.063036
0124150120353141464601412105 6 1202308115.063040
0524150120353141464601412105 6 1202308115.063041
0426150120353141464601412105 2 1202308115.063043
0124150121353141464601412105 2 1202308115.063051
0524150121353141464601412105 2 1202308115.063053
0216152023353141464601412105 1 1202308115.063101
0124150123353141464601412105 6 1202308115.063105
0524150123353141464601412105 6 1202308115.063106
0124150124353141464601412105 6 1202308115.063111
0524150124353141464601412105 6 1202308115.063112
0415152025353141464601412105 2 1202308115.063116
0124150125353141464601412105 6 1202308115.063120
0524150125353141464601412105 6 1202308115.063122
0426150120303541464601412105 2 1202308115.063129
0524100120313541464601412105 6 1202308115.063158
0426150120313541464601412105 6 1202308115.063202
0524100121313541464601412105 2 1202308115.063204
0422150121313541464601412105 2 1202308115.063205
0426150121313541464601412105 2 1202308115.063209
0524100123313541464601412105 6 1202308115.063211
0426150123313541464601412105 6 1202308115.063214
0524100124313541464601412105 6 1202308115.063215
0426150124313541464601412105 6 1202308115.063218
0524100125313541464601412105 6 1202308115.063219
0426150125313541464601412105 6 1202308115.063223
0124150120333541464601412105 6 1202308115.063228
0524150120333541464601412105 6 1202308115.063229
0426150120333541464601412105 2 1202308115.063231
0422150121333541464601412105 2 1202308115.063235
0124150121333541464601412105 2 1202308115.063238
0524150121333541464601412105 2 1202308115.063239
0426150121333541464601412105 2 1202308115.063241
0124150123333541464601412105 6 1202308115.063251
0524150123333541464601412105 6 1202308115.063252
0426150123333541464601412105 6 1202308115.063253
0124150124333541464601412105 6 1202308115.063257
0524150124333541464601412105 6 1202308115.063259
0426150124333541464601412105 6 1202308115.063300
0124150125333541464601412105 6 1202308115.063305
0524150125333541464601412105 6 1202308115.063306
0426150125333541464601412105 6 1202308115.063307
0124150120353541464601412105 6 1202308115.063313
0524150120353541464601412105 6 1202308115.063314
0426150120353541464601412105 6 1202308115.063316
0422150121353541464601412105 2 1202308115.063323
0124150121353541464601412105 2 1202308115.063326
0524150121353541464601412105 2 1202308115.063327
0426150121353541464601412105 2 1202308115.063329
0124150123353541464601412105 6 1202308115.063341
0524150123353541464601412105 6 1202308115.063342
0426150123353541464601412105 6 1202308115.063344
0124150124353541464601412105 6 1202308115.063348
0524150124353541464601412105 6 1202308115.063349
0426150124353541464601412105 6 1202308115.063350
0124150125353541464601412105 6 1202308115.063356
0524150125353541464601412105 6 1202308115.063357
0426150125353541464601412105 6 1202308115.063358
0124150120333061464601412105 6 1202308115.063535
0524150120333061464601412105 6 1202308115.063536
0124150121333061464601412105 2 1202308115.063540
0524150121333061464601412105 2 1202308115.063541
0124150123333061464601412105 6 1202308115.063547
0524150123333061464601412105 6 1202308115.063548
0124150124333061464601412105 6 1202308115.063551
0524150124333061464601412105 6 1202308115.063552
0124150125333061464601412105 6 1202308115.063555
0524150125333061464601412105 6 1202308115.063556
0124150120353061464601412105 6 1202308115.063558
0124150121353061464601412105 2 1202308115.063601
0124150123353061464601412105 6 1202308115.063606
0124150124353061464601412105 6 1202308115.063609
0124150125353061464601412105 6 1202308115.063611
0124106020333161464601412105 1 1202308115.063639
0425156020333161464601412105 6 1202308115.063640
0124150120333161464601412105 6 1202308115.063643
0524150120333161464601412105 6 1202308115.063646
0426150120333161464601412105 2 1202308115.063647
0124106021333161464601412105 1 1202308115.063648
0425156021333161464601412105 2 1202308115.063650
0422150121333161464601412105 2 1202308115.063653
0124150121333161464601412105 2 1202308115.063656
0524150121333161464601412105 2 1202308115.063659
0426150121333161464601412105 2 1202308115.063701
0124106023333161464601412105 1 1202308115.063703
0425156023333161464601412105 6 1202308115.063706
0122150123333161464601412105 6 1202308115.063709
0124150123333161464601412105 6 1202308115.063712
0524150123333161464601412105 6 1202308115.063714
0426150123333161464601412105 6 1202308115.063715
0124106024333161464601412105 1 1202308115.063717
0425156024333161464601412105 6 1202308115.063718
0124150124333161464601412105 6 1202308115.063721
0524150124333161464601412105 6 1202308115.063723
0426150124333161464601412105 6 1202308115.063724
0124106025333161464601412105 1 1202308115.063726
0425156025333161464601412105 2 1202308115.063727
0124150125333161464601412105 6 1202308115.063731
0524150125333161464601412105 6 1202308115.063733
0426150125333161464601412105 6 1202308115.063734
0124150120353161464601412105 6 1202308115.063738
0124150121353161464601412105 2 1202308115.063747
0124150123353161464601412105 6 1202308115.063758
0124150124353161464601412105 6 1202308115.063803
0124150125353161464601412105 6 1202308115.063809
0426155020333561464601412105 2 1202308115.063842
0024150120333561464601412105 6 1202308115.063847
0124150120333561464601412105 6 1202308115.063848
0524150120333561464601412105 6 1202308115.063849
0426150120333561464601412105 2 1202308115.063851
0422150121333561464601412105 2 1202308115.063856
0024150121333561464601412105 2 1202308115.063857
0124150121333561464601412105 2 1202308115.063858
0524150121333561464601412105 2 1202308115.063900
0426150121333561464601412105 2 1202308115.063901
0024150123333561464601412105 6 1202308115.063912
0124150123333561464601412105 6 1202308115.063913
0524150123333561464601412105 6 1202308115.063914
0426150123333561464601412105 6 1202308115.063916
0024150124333561464601412105 6 1202308115.063919
0124150124333561464601412105 6 1202308115.063920
0524150124333561464601412105 6 1202308115.063921
0426150124333561464601412105 6 1202308115.063923
0024150125333561464601412105 6 1202308115.063927
0124150125333561464601412105 6 1202308115.063928
0524150125333561464601412105 6 1202308115.063930
0426150125333561464601412105 6 1202308115.063931
0124150120353561464601412105 6 1202308115.063933
0124150121353561464601412105 2 1202308115.063941
0124150123353561464601412105 6 1202308115.063949
0124150124353561464601412105 6 1202308115.063953
0124150125353561464601412105 6 1202308115.063959
0124150025333102464601412105 6 1202308115.064008
0524150025333102464601412105 6 1202308115.064009
0124150025333112464601412105 6 1202308115.064040
0524150025333112464601412105 6 1202308115.064041
0421155025333112464601412105 6 1202308115.064045
0124155025333112464601412105 6 1202308115.064050
0424155025333112464601412105 6 1202308115.064052
0425155025333112464601412105 6 1202308115.064053
0226155025333112464601412105 6 1202308115.064055
0424155025533112464601412105 6 1202308115.064101
0124150125303122464601412105 6 1202308115.064125
0426150125303122464601412105 6 1202308115.064126
0124150025333122464601412105 6 1202308115.064129
0524150025333122464601412105 6 1202308115.064131
0524150121353522464601412105 2 1202308115.064150
0524150120303142464601412105 6 1202308115.064209
0426150120303142464601412105 6 1202308115.064211
0422150121303142464601412105 2 1202308115.064216
0426150121303142464601412105 2 1202308115.064218
0426150125303142464601412105 6 1202308115.064222
0524100121313142464601412105 2 1202308115.064224
0422150121313142464601412105 2 1202308115.064225
0524150121313142464601412105 2 1202308115.064227
0426150121313142464601412105 2 1202308115.064229
0124150125313142464601412105 6 1202308115.064235
0426150125313142464601412105 6 1202308115.064236
0421155025133142464601412105 6 1202308115.064238
0422155025133142464601412105 6 1202308115.064239
0424155025133142464601412105 6 1202308115.064240
0422150121333142464601412105 2 1202308115.064246
0024150121333142464601412105 2 1202308115.064247
0124150121333142464601412105 2 1202308115.064248
0524150121333142464601412105 2 1202308115.064250
0426150121333142464601412105 2 1202308115.064252
0124150025333142464601412105 6 1202308115.064254
0524150025333142464601412105 6 1202308115.064255
0021155025333142464601412105 6 1202308115.064258
0421155025333142464601412105 6 1202308115.064300
0222155025333142464601412105 6 1202308115.064301
0422155025333142464601412105 6 1202308115.064303
0224155025333142464601412105 6 1202308115.064305
0424155025333142464601412105 6 1202308115.064306
0425155025333142464601412105 6 1202308115.064307
0426155025333142464601412105 6 1202308115.064309
0024150125333142464601412105 6 1202308115.064313
0124150125333142464601412105 6 1202308115.064314
0524150125333142464601412105 6 1202308115.064316
0426150125333142464601412105 6 1202308115.064318
0421155025533142464601412105 6 1202308115.064321
0424155025533142464601412105 6 1202308115.064324
0426150120353142464601412105 2 1202308115.064326
0412152021353142464601412105 1 1202308115.064328
0416152021353142464601412105 1 1202308115.064329
0422150121353142464601412105 2 1202308115.064332
0124150121353142464601412105 2 1202308115.064334
0524150121353142464601412105 2 1202308115.064336
0426150121353142464601412105 2 1202308115.064337
0114102025353142464601412105 2 1202308115.064338
0124150125353142464601412105 6 1202308115.064342
0524150125353142464601412105 6 1202308115.064344
0426150125353142464601412105 6 1202308115.064345
0422150121303542464601412105 2 1202308115.064352
0124150121303542464601412105 2 1202308115.064353
0426150121303542464601412105 2 1202308115.064357
0124150121313542464601412105 2 1202308115.064407
0422150121333542464601412105 2 1202308115.064421
0124150121333542464601412105 2 1202308115.064424
0524150121333542464601412105 2 1202308115.064425
0426150121333542464601412105 2 1202308115.064427
0124150121353542464601412105 2 1202308115.064443
0524150121353542464601412105 2 1202308115.064445
0124150025333152464601412105 6 1202308115.064529
0524150025333152464601412105 6 1202308115.064530
0124150121333062464601412105 2 1202308115.064641
0124150121353062464601412105 2 1202308115.064652
0124150125353062464601412105 6 1202308115.064656
0524150125353062464601412105 6 1202308115.064657
0426150125303162464601412105 6 1202308115.064711
0124150120333162464601412105 6 1202308115.064729
0524150120333162464601412105 6 1202308115.064730
0426150120333162464601412105 2 1202308115.064731
0422150121333162464601412105 2 1202308115.064734
0124150121333162464601412105 2 1202308115.064737
0524150121333162464601412105 2 1202308115.064738
0426150121333162464601412105 2 1202308115.064740
0124150025333162464601412105 6 1202308115.064742
0524150025333162464601412105 6 1202308115.064743
0424155025333162464601412105 6 1202308115.064753
0425155025333162464601412105 6 1202308115.064754
0124150125333162464601412105 6 1202308115.064801
0524150125333162464601412105 6 1202308115.064802
0426150125333162464601412105 6 1202308115.064804
0124150120353162464601412105 6 1202308115.064816
0422150121353162464601412105 2 1202308115.064822
0024150121353162464601412105 2 1202308115.064823
0124150121353162464601412105 2 1202308115.064825
0524150121353162464601412105 2 1202308115.064826
0426150121353162464601412105 2 1202308115.064828
0124150125353162464601412105 6 1202308115.064832
0524150125353162464601412105 6 1202308115.064833
0424155020333562464601412105 6 1202308115.064914
0422150121333562464601412105 2 1202308115.064922
0124150121333562464601412105 2 1202308115.064924
0524150121333562464601412105 2 1202308115.064925
0426150121333562464601412105 2 1202308115.064927
0124150121353562464601412105 2 1202308115.064949
0524150121353562464601412105 2 1202308115.064950
0421155020133114464601412105 6 1202308115.065059
0424155020133114464601412105 6 1202308115.065100
0421155021133114464601412105 2 1202308115.065102
0424155021133114464601412105 2 1202308115.065104
0421155023133114464601412105 6 1202308115.065108
0222155023133114464601412105 6 1202308115.065109
0422155023133114464601412105 6 1202308115.065110
0224155023133114464601412105 6 1202308115.065112
0424155023133114464601412105 6 1202308115.065113
0421155024133114464601412105 6 1202308115.065116
0424155024133114464601412105 6 1202308115.065117
0421155025133114464601412105 6 1202308115.065119
0424155025133114464601412105 6 1202308115.065120
0424155020333114464601412105 6 1202308115.065127
0425155020333114464601412105 6 1202308115.065129
0424155021333114464601412105 2 1202308115.065142
0425155021333114464601412105 2 1202308115.065144
0221155023333114464601412105 6 1202308115.065150
0222155023333114464601412105 6 1202308115.065153
0422155023333114464601412105 6 1202308115.065154
0224155023333114464601412105 6 1202308115.065156
0424155023333114464601412105 6 1202308115.065157
0425155023333114464601412105 6 1202308115.065159
0424155024333114464601412105 6 1202308115.065205
0425155024333114464601412105 6 1202308115.065206
0422155025333114464601412105 6 1202308115.065212
0224155025333114464601412105 6 1202308115.065214
0424155025333114464601412105 6 1202308115.065215
0425155025333114464601412105 6 1202308115.065217
0424155020533114464601412105 6 1202308115.065219
0424155021533114464601412105 2 1202308115.065223
0221155023533114464601412105 6 1202308115.065225
0422155023533114464601412105 6 1202308115.065227
0224155023533114464601412105 6 1202308115.065228
0424155023533114464601412105 6 1202308115.065229
0424155024533114464601412105 6 1202308115.065232
0422155025533114464601412105 6 1202308115.065234
0424155025533114464601412105 6 1202308115.065236
0426150120303124464601412105 6 1202308115.065324
0422150121303124464601412105 2 1202308115.065326
0426150121303124464601412105 2 1202308115.065327
0426150123303124464601412105 6 1202308115.065329
0426150124303124464601412105 6 1202308115.065331
0426150125303124464601412105 6 1202308115.065332
0524150120303144464601412105 6 1202308115.065407
0426150120303144464601412105 2 1202308115.065408
0422150121303144464601412105 2 1202308115.065416
0524150121303144464601412105 2 1202308115.065417
0426150121303144464601412105 2 1202308115.065419
0524150123303144464601412105 6 1202308115.065424
0426150123303144464601412105 6 1202308115.065425
0524150124303144464601412105 6 1202308115.065430
0426150124303144464601412105 6 1202308115.065431
0524150125303144464601412105 6 1202308115.065437
0426150125303144464601412105 6 1202308115.065438
0426150120313144464601412105 2 1202308115.065444
0422150121313144464601412105 2 1202308115.065452
0426150121313144464601412105 2 1202308115.065456
0426150123313144464601412105 6 1202308115.065502
0426150124313144464601412105 6 1202308115.065506
0422150125313144464601412105 6 1202308115.065511
0426150125313144464601412105 6 1202308115.065513
0421155020133144464601412105 6 1202308115.065515
0424155020133144464601412105 6 1202308115.065516
0421155021133144464601412105 2 1202308115.065518
0424155021133144464601412105 2 1202308115.065520
0421155023133144464601412105 6 1202308115.065524
0222155023133144464601412105 6 1202308115.065525
0422155023133144464601412105 6 1202308115.065526
0224155023133144464601412105 6 1202308115.065528
0424155023133144464601412105 6 1202308115.065529
0421155024133144464601412105 6 1202308115.065531
0424155024133144464601412105 6 1202308115.065532
0421155025133144464601412105 6 1202308115.065534
0422155025133144464601412105 6 1202308115.065535
0424155025133144464601412105 6 1202308115.065537
0124150020333144464601412105 6 1202308115.065539
0421155020333144464601412105 6 1202308115.065543
0124155020333144464601412105 6 1202308115.065545
0424155020333144464601412105 6 1202308115.065547
0425155020333144464601412105 6 1202308115.065548
0426156020333144464601412105 1 1202308115.065551
0124150120333144464601412105 6 1202308115.065554
0426150120333144464601412105 2 1202308115.065557
0124150021333144464601412105 2 1202308115.065601
0421155021333144464601412105 2 1202308115.065608
0124155021333144464601412105 2 1202308115.065611
0424155021333144464601412105 2 1202308115.065612
0425155021333144464601412105 2 1202308115.065614
0422156021333144464601412105 1 1202308115.065616
0426156021333144464601412105 1 1202308115.065618
0422150121333144464601412105 2 1202308115.065621
0124150121333144464601412105 2 1202308115.065624
0426150121333144464601412105 2 1202308115.065628
0124150023333144464601412105 6 1202308115.065630
0221155023333144464601412105 6 1202308115.065635
0421155023333144464601412105 6 1202308115.065636
0222155023333144464601412105 6 1202308115.065638
0422155023333144464601412105 6 1202308115.065639
0124155023333144464601412105 6 1202308115.065640
0224155023333144464601412105 6 1202308115.065642
0424155023333144464601412105 6 1202308115.065643
0225155023333144464601412105 6 1202308115.065644
0425155023333144464601412105 6 1202308115.065646
0422156023333144464601412105 1 1202308115.065648
0226156023333144464601412105 6 1202308115.065651
0426156023333144464601412105 1 1202308115.065652
0124150123333144464601412105 6 1202308115.065656
0426150123333144464601412105 6 1202308115.065658
0124150024333144464601412105 6 1202308115.065700
0421155024333144464601412105 6 1202308115.065704
0124155024333144464601412105 6 1202308115.065706
0424155024333144464601412105 6 1202308115.065707
0425155024333144464601412105 6 1202308115.065708
0426156024333144464601412105 1 1202308115.065710
0124150124333144464601412105 6 1202308115.065713
0426150124333144464601412105 6 1202308115.065715
0124150025333144464601412105 6 1202308115.065717
0421155025333144464601412105 6 1202308115.065722
0222155025333144464601412105 6 1202308115.065723
0422155025333144464601412105 6 1202308115.065724
0124155025333144464601412105 6 1202308115.065726
0424155025333144464601412105 6 1202308115.065727
0425155025333144464601412105 6 1202308115.065729
0426156025333144464601412105 1 1202308115.065731
0124150125333144464601412105 6 1202308115.065735
0426150125333144464601412105 6 1202308115.065737
0426155020533144464601412105 2 1202308115.065742
0221155023533144464601412105 6 1202308115.065754
0422155023533144464601412105 6 1202308115.065756
0224155023533144464601412105 6 1202308115.065758
0422155025533144464601412105 6 1202308115.065807
0124150120353144464601412105 6 1202308115.065812
0524150120353144464601412105 6 1202308115.065813
0124150121353144464601412105 2 1202308115.065823
0524150121353144464601412105 2 1202308115.065824
0124150123353144464601412105 6 1202308115.065836
0524150123353144464601412105 6 1202308115.065838
0124150124353144464601412105 6 1202308115.065842
0524150124353144464601412105 6 1202308115.065843
0415152025353144464601412105 2 1202308115.065847
0124150125353144464601412105 6 1202308115.065850
0524150125353144464601412105 6 1202308115.065852
0422155023133154464601412105 6 1202308115.070150
0522156023333154464601412105 1 1202308115.070215
0124150120303164464601412105 6 1202308115.070345
0426150120303164464601412105 2 1202308115.070346
0422150121303164464601412105 2 1202308115.070347
0124150121303164464601412105 2 1202308115.070349
0426150121303164464601412105 2 1202308115.070350
0124150123303164464601412105 6 1202308115.070352
0426150123303164464601412105 6 1202308115.070354
0124150124303164464601412105 6 1202308115.070355
0426150124303164464601412105 6 1202308115.070356
0124150125303164464601412105 6 1202308115.070358
0426150125303164464601412105 6 1202308115.070400
0421155020133164464601412105 6 1202308115.070405
0424155020133164464601412105 6 1202308115.070406
0421155021133164464601412105 2 1202308115.070409
0424155021133164464601412105 2 1202308115.070410
0421155023133164464601412105 6 1202308115.070413
0422155023133164464601412105 6 1202308115.070415
0224155023133164464601412105 6 1202308115.070416
0424155023133164464601412105 6 1202308115.070417
0421155024133164464601412105 6 1202308115.070420
0424155024133164464601412105 6 1202308115.070421
0421155025133164464601412105 6 1202308115.070422
0422155025133164464601412105 6 1202308115.070423
0424155025133164464601412105 6 1202308115.070424
0124150020333164464601412105 6 1202308115.070427
0524150020333164464601412105 6 1202308115.070428
0421155020333164464601412105 6 1202308115.070432
0124155020333164464601412105 6 1202308115.070434
0424155020333164464601412105 6 1202308115.070435
0425155020333164464601412105 6 1202308115.070436
0426155020333164464601412105 2 1202308115.070438
0024150120333164464601412105 6 1202308115.070441
0124150120333164464601412105 6 1202308115.070442
0524150120333164464601412105 6 1202308115.070443
0124150021333164464601412105 2 1202308115.070450
0524150021333164464601412105 2 1202308115.070451
0421155021333164464601412105 2 1202308115.070458
0124155021333164464601412105 2 1202308115.070501
0424155021333164464601412105 2 1202308115.070502
0425155021333164464601412105 2 1202308115.070504
0024150121333164464601412105 2 1202308115.070511
0124150121333164464601412105 2 1202308115.070512
0524150121333164464601412105 2 1202308115.070513
0124150023333164464601412105 6 1202308115.070518
0524150023333164464601412105 6 1202308115.070519
0221155023333164464601412105 6 1202308115.070524
0421155023333164464601412105 6 1202308115.070525
0222155023333164464601412105 6 1202308115.070527
0422155023333164464601412105 6 1202308115.070528
0124155023333164464601412105 6 1202308115.070529
0224155023333164464601412105 6 1202308115.070531
0424155023333164464601412105 6 1202308115.070532
0225155023333164464601412105 6 1202308115.070533
0425155023333164464601412105 6 1202308115.070535
0024150123333164464601412105 6 1202308115.070545
0124150123333164464601412105 6 1202308115.070546
0524150123333164464601412105 6 1202308115.070547
0124150024333164464601412105 6 1202308115.070550
0524150024333164464601412105 6 1202308115.070552
0421155024333164464601412105 6 1202308115.070556
0124155024333164464601412105 6 1202308115.070557
0424155024333164464601412105 6 1202308115.070558
0425155024333164464601412105 6 1202308115.070600
0024150124333164464601412105 6 1202308115.070603
0124150124333164464601412105 6 1202308115.070604
0524150124333164464601412105 6 1202308115.070605
0124150025333164464601412105 6 1202308115.070608
0524150025333164464601412105 6 1202308115.070610
0421155025333164464601412105 6 1202308115.070614
0422155025333164464601412105 6 1202308115.070616
0124155025333164464601412105 6 1202308115.070617
0424155025333164464601412105 6 1202308115.070619
0425155025333164464601412105 6 1202308115.070621
0024150125333164464601412105 6 1202308115.070624
0124150125333164464601412105 6 1202308115.070626
0524150125333164464601412105 6 1202308115.070627
0421155020533164464601412105 6 1202308115.070630
0424155020533164464601412105 6 1202308115.070631
0421155021533164464601412105 2 1202308115.070636
0424155021533164464601412105 2 1202308115.070637
0221155023533164464601412105 6 1202308115.070641
0421155023533164464601412105 6 1202308115.070642
0422155023533164464601412105 6 1202308115.070645
0424155023533164464601412105 6 1202308115.070647
0421155024533164464601412105 6 1202308115.070650
0424155024533164464601412105 6 1202308115.070651
0421155025533164464601412105 6 1202308115.070654
0424155025533164464601412105 6 1202308115.070656
0124150120353164464601412105 6 1202308115.070659
0524150120353164464601412105 6 1202308115.070701
0426150120353164464601412105 2 1202308115.070702
0422150121353164464601412105 2 1202308115.070704
0124150121353164464601412105 2 1202308115.070708
0524150121353164464601412105 2 1202308115.070709
0426150121353164464601412105 2 1202308115.070711
0124150123353164464601412105 6 1202308115.070716
0524150123353164464601412105 6 1202308115.070717
0426150123353164464601412105 6 1202308115.070718
0124150124353164464601412105 6 1202308115.070721
0524150124353164464601412105 6 1202308115.070722
0426150124353164464601412105 6 1202308115.070723
0124150125353164464601412105 6 1202308115.070726
0524150125353164464601412105 6 1202308115.070728
0426150125353164464601412105 6 1202308115.070729
0524150120313564464601412105 6 1202308115.070800
0524150121313564464601412105 2 1202308115.070812
0524150123313564464601412105 6 1202308115.070819
0524150124313564464601412105 6 1202308115.070823
0524150125313564464601412105 6 1202308115.070830
0426150120333564464601412105 6 1202308115.070839
0422150121333564464601412105 2 1202308115.070844
0426150121333564464601412105 2 1202308115.070847
0426150123333564464601412105 6 1202308115.070855
0426150124333564464601412105 6 1202308115.070859
0426150125333564464601412105 6 1202308115.070903
0124150120353564464601412105 6 1202308115.070908
0524150120353564464601412105 6 1202308115.070910
0124150121353564464601412105 2 1202308115.070916
0524150121353564464601412105 2 1202308115.070917
0124150123353564464601412105 6 1202308115.070922
0524150123353564464601412105 6 1202308115.070923
0124150124353564464601412105 6 1202308115.070926
0524150124353564464601412105 6 1202308115.070927
0124150125353564464601412105 6 1202308115.070931
0524150125353564464601412105 6 1202308115.070932
0426150120303145464601412105 6 1202308115.071115
0422150121303145464601412105 2 1202308115.071120
0426150121303145464601412105 2 1202308115.071122
0426150123303145464601412105 6 1202308115.071126
0426150124303145464601412105 6 1202308115.071129
0426150125303145464601412105 6 1202308115.071136
0124150120313145464601412105 6 1202308115.071138
0426150120313145464601412105 2 1202308115.071139
0422150121313145464601412105 2 1202308115.071140
0124150121313145464601412105 2 1202308115.071142
0426150121313145464601412105 2 1202308115.071143
0124150123313145464601412105 6 1202308115.071146
0426150123313145464601412105 6 1202308115.071147
0124150124313145464601412105 6 1202308115.071148
0426150124313145464601412105 6 1202308115.071149
0124150125313145464601412105 6 1202308115.071152
0426150125313145464601412105 6 1202308115.071153
0124150120333145464601412105 6 1202308115.071157
0524150120333145464601412105 6 1202308115.071158
0426150120333145464601412105 2 1202308115.071159
0422150121333145464601412105 2 1202308115.071204
0124150121333145464601412105 2 1202308115.071206
0524150121333145464601412105 2 1202308115.071207
0426150121333145464601412105 2 1202308115.071209
0122150123333145464601412105 6 1202308115.071212
0124150123333145464601412105 6 1202308115.071214
0524150123333145464601412105 6 1202308115.071215
0426150123333145464601412105 6 1202308115.071217
0124150124333145464601412105 6 1202308115.071220
0524150124333145464601412105 6 1202308115.071221
0426150124333145464601412105 6 1202308115.071222
0124150125333145464601412105 6 1202308115.071226
0524150125333145464601412105 6 1202308115.071227
0426150125333145464601412105 6 1202308115.071228
0124150120353145464601412105 6 1202308115.071231
0524150120353145464601412105 6 1202308115.071233
0426150120353145464601412105 2 1202308115.071234
0124150121353145464601412105 2 1202308115.071241
0524150121353145464601412105 2 1202308115.071243
0122150123353145464601412105 6 1202308115.071248
0124150123353145464601412105 6 1202308115.071250
0524150123353145464601412105 6 1202308115.071252
0124150124353145464601412105 6 1202308115.071255
0524150124353145464601412105 6 1202308115.071257
0124150125353145464601412105 6 1202308115.071302
0524150125353145464601412105 6 1202308115.071304
0024150120333165464601412105 6 1202308115.071819
0124150120333165464601412105 6 1202308115.071820
0524150120333165464601412105 6 1202308115.071821
0426150120333165464601412105 2 1202308115.071823
0422150121333165464601412105 2 1202308115.071826
0024150121333165464601412105 2 1202308115.071828
0124150121333165464601412105 2 1202308115.071829
0524150121333165464601412105 2 1202308115.071830
0426150121333165464601412105 2 1202308115.071832
0122150123333165464601412105 6 1202308115.071835
0024150123333165464601412105 6 1202308115.071837
0124150123333165464601412105 6 1202308115.071838
0524150123333165464601412105 6 1202308115.071839
0426150123333165464601412105 6 1202308115.071841
0024150124333165464601412105 6 1202308115.071843
0124150124333165464601412105 6 1202308115.071844
0524150124333165464601412105 6 1202308115.071846
0426150124333165464601412105 6 1202308115.071847
0024150125333165464601412105 6 1202308115.071850
0124150125333165464601412105 6 1202308115.071851
0524150125333165464601412105 6 1202308115.071852
0426150125333165464601412105 6 1202308115.071854
0024150120353165464601412105 6 1202308115.071856
0124150120353165464601412105 6 1202308115.071857
0524150120353165464601412105 6 1202308115.071858
0024150121353165464601412105 2 1202308115.071905
0124150121353165464601412105 2 1202308115.071907
0524150121353165464601412105 2 1202308115.071909
0024150123353165464601412105 6 1202308115.071915
0124150123353165464601412105 6 1202308115.071916
0524150123353165464601412105 6 1202308115.071917
0024150124353165464601412105 6 1202308115.071921
0124150124353165464601412105 6 1202308115.071922
0524150124353165464601412105 6 1202308115.071923
0024150125353165464601412105 6 1202308115.071928
0124150125353165464601412105 6 1202308115.071929
0524150125353165464601412105 6 1202308115.071930
0524150120353526464601412105 6 1202308115.072157
0524150121353526464601412105 2 1202308115.072206
0524150123353526464601412105 6 1202308115.072212
0524150124353526464601412105 6 1202308115.072216
0524150125353526464601412105 6 1202308115.072220
0426150120303146464601412105 6 1202308115.072234
0422150121303146464601412105 2 1202308115.072240
0426150121303146464601412105 2 1202308115.072242
0426150123303146464601412105 6 1202308115.072247
0426150124303146464601412105 6 1202308115.072251
0426150125303146464601412105 6 1202308115.072257
0524100120313146464601412105 6 1202308115.072259
0524150120313146464601412105 6 1202308115.072300
0426150120313146464601412105 2 1202308115.072302
0524100121313146464601412105 2 1202308115.072303
0422150121313146464601412105 2 1202308115.072304
0524150121313146464601412105 2 1202308115.072307
0426150121313146464601412105 2 1202308115.072308
0524100123313146464601412105 6 1202308115.072310
0524150123313146464601412105 6 1202308115.072312
0426150123313146464601412105 6 1202308115.072313
0524100124313146464601412105 6 1202308115.072315
0524150124313146464601412105 6 1202308115.072316
0426150124313146464601412105 6 1202308115.072317
0524100125313146464601412105 6 1202308115.072319
0524150125313146464601412105 6 1202308115.072322
0426150125313146464601412105 6 1202308115.072323
0024150120333146464601412105 6 1202308115.072326
0124150120333146464601412105 6 1202308115.072327
0524150120333146464601412105 6 1202308115.072328
0426150120333146464601412105 2 1202308115.072330
0422150121333146464601412105 2 1202308115.072332
0024150121333146464601412105 2 1202308115.072334
0124150121333146464601412105 2 1202308115.072335
0524150121333146464601412105 2 1202308115.072336
0426150121333146464601412105 2 1202308115.072338
0024150123333146464601412105 6 1202308115.072342
0124150123333146464601412105 6 1202308115.072344
0524150123333146464601412105 6 1202308115.072345
0426150123333146464601412105 6 1202308115.072346
0024150124333146464601412105 6 1202308115.072348
0124150124333146464601412105 6 1202308115.072349
0524150124333146464601412105 6 1202308115.072351
0426150124333146464601412105 6 1202308115.072352
0024150125333146464601412105 6 1202308115.072354
0124150125333146464601412105 6 1202308115.072356
0524150125333146464601412105 6 1202308115.072357
0426150125333146464601412105 6 1202308115.072358
0416152020353146464601412105 1 1202308115.072400
0124150120353146464601412105 6 1202308115.072402
0524150120353146464601412105 6 1202308115.072404
0426150120353146464601412105 6 1202308115.072406
0412152021353146464601412105 1 1202308115.072407
0416152021353146464601412105 1 1202308115.072409
0422150121353146464601412105 2 1202308115.072412
0124150121353146464601412105 2 1202308115.072414
0524150121353146464601412105 2 1202308115.072415
0426150121353146464601412105 2 1202308115.072416
0416152023353146464601412105 1 1202308115.072420
0122150123353146464601412105 6 1202308115.072422
0124150123353146464601412105 6 1202308115.072424
0524150123353146464601412105 6 1202308115.072426
0426150123353146464601412105 6 1202308115.072427
0416152024353146464601412105 1 1202308115.072428
0124150124353146464601412105 6 1202308115.072431
0524150124353146464601412105 6 1202308115.072432
0426150124353146464601412105 6 1202308115.072433
0416152025353146464601412105 1 1202308115.072435
0124150125353146464601412105 6 1202308115.072439
0524150125353146464601412105 6 1202308115.072440
0426150125353146464601412105 6 1202308115.072441
0124150120303546464601412105 6 1202308115.072446
0426150120303546464601412105 2 1202308115.072448
0422150121303546464601412105 2 1202308115.072455
0124150121303546464601412105 2 1202308115.072456
0426150121303546464601412105 2 1202308115.072500
0124150123303546464601412105 6 1202308115.072504
0426150123303546464601412105 6 1202308115.072506
0124150124303546464601412105 6 1202308115.072510
0426150124303546464601412105 6 1202308115.072512
0124150125303546464601412105 6 1202308115.072518
0426150125303546464601412105 6 1202308115.072520
0124150120313546464601412105 6 1202308115.072523
0426150120313546464601412105 2 1202308115.072524
0124150121313546464601412105 2 1202308115.072531
0124150123313546464601412105 6 1202308115.072538
0124150124313546464601412105 6 1202308115.072542
0124150125313546464601412105 6 1202308115.072547
0124150120333546464601412105 6 1202308115.072551
0524150120333546464601412105 6 1202308115.072553
0426150120333546464601412105 2 1202308115.072554
0422150121333546464601412105 2 1202308115.072557
0124150121333546464601412105 2 1202308115.072600
0524150121333546464601412105 2 1202308115.072601
0426150121333546464601412105 2 1202308115.072603
0124150123333546464601412105 6 1202308115.072607
0524150123333546464601412105 6 1202308115.072608
0426150123333546464601412105 6 1202308115.072609
0124150124333546464601412105 6 1202308115.072612
0524150124333546464601412105 6 1202308115.072613
0426150124333546464601412105 6 1202308115.072614
0124150125333546464601412105 6 1202308115.072617
0524150125333546464601412105 6 1202308115.072619
0426150125333546464601412105 6 1202308115.072620
0124150120353546464601412105 6 1202308115.072624
0524150120353546464601412105 6 1202308115.072625
0124150121353546464601412105 2 1202308115.072636
0524150121353546464601412105 2 1202308115.072638
0522150123353546464601412105 6 1202308115.072650
0124150123353546464601412105 6 1202308115.072652
0524150123353546464601412105 6 1202308115.072653
0124150124353546464601412105 6 1202308115.072658
0524150124353546464601412105 6 1202308115.072659
0124150125353546464601412105 6 1202308115.072707
0524150125353546464601412105 6 1202308115.072708
0124150120333066464601412105 6 1202308115.072832
0124150121333066464601412105 2 1202308115.072836
0124150123333066464601412105 6 1202308115.072840
0124150124333066464601412105 6 1202308115.072843
0124150125333066464601412105 6 1202308115.072845
0124150120353066464601412105 6 1202308115.072848
0124150121353066464601412105 2 1202308115.072851
0124150123353066464601412105 6 1202308115.072856
0124150124353066464601412105 6 1202308115.072858
0124150125353066464601412105 6 1202308115.072901
0124150120333166464601412105 6 1202308115.072939
0524150120333166464601412105 6 1202308115.072940
0426150120333166464601412105 2 1202308115.072942
0422150121333166464601412105 2 1202308115.072945
0124150121333166464601412105 2 1202308115.072947
0524150121333166464601412105 2 1202308115.072949
0426150121333166464601412105 2 1202308115.072951
0124150123333166464601412105 6 1202308115.072955
0524150123333166464601412105 6 1202308115.072957
0426150123333166464601412105 6 1202308115.072958
0124150124333166464601412105 6 1202308115.073001
0524150124333166464601412105 6 1202308115.073002
0426150124333166464601412105 6 1202308115.073003
0124150125333166464601412105 6 1202308115.073007
0524150125333166464601412105 6 1202308115.073008
0426150125333166464601412105 6 1202308115.073009
0024150120353166464601412105 6 1202308115.073011
0124150120353166464601412105 6 1202308115.073013
0524150120353166464601412105 6 1202308115.073014
0426150120353166464601412105 2 1202308115.073015
0422150121353166464601412105 2 1202308115.073019
0024150121353166464601412105 2 1202308115.073020
0124150121353166464601412105 2 1202308115.073021
0524150121353166464601412105 2 1202308115.073023
0426150121353166464601412105 2 1202308115.073024
0024150123353166464601412105 6 1202308115.073028
0124150123353166464601412105 6 1202308115.073030
0524150123353166464601412105 6 1202308115.073031
0426150123353166464601412105 6 1202308115.073032
0024150124353166464601412105 6 1202308115.073035
0124150124353166464601412105 6 1202308115.073036
0524150124353166464601412105 6 1202308115.073037
0426150124353166464601412105 6 1202308115.073038
0024150125353166464601412105 6 1202308115.073042
0124150125353166464601412105 6 1202308115.073043
0524150125353166464601412105 6 1202308115.073045
0426150125353166464601412105 6 1202308115.073046
0124150120333566464601412105 6 1202308115.073137
0524150120333566464601412105 6 1202308115.073139
0426150120333566464601412105 2 1202308115.073140
0422150121333566464601412105 2 1202308115.073142
0124150121333566464601412105 2 1202308115.073144
0524150121333566464601412105 2 1202308115.073146
0426150121333566464601412105 2 1202308115.073147
0124150123333566464601412105 6 1202308115.073151
0524150123333566464601412105 6 1202308115.073152
0426150123333566464601412105 6 1202308115.073153
0124150124333566464601412105 6 1202308115.073155
0524150124333566464601412105 6 1202308115.073156
0426150124333566464601412105 6 1202308115.073158
0124150125333566464601412105 6 1202308115.073200
0524150125333566464601412105 6 1202308115.073201
0426150125333566464601412105 6 1202308115.073203
0124150120353566464601412105 6 1202308115.073205
0524150120353566464601412105 6 1202308115.073207
0124150121353566464601412105 2 1202308115.073216
0524150121353566464601412105 2 1202308115.073217
0124150123353566464601412105 6 1202308115.073224
0524150123353566464601412105 6 1202308115.073225
0124150124353566464601412105 6 1202308115.073229
0524150124353566464601412105 6 1202308115.073230
0124150125353566464601412105 6 1202308115.073235
0524150125353566464601412105 6 1202308115.073236
