0524150121353141424510661202 2 1202308115.052321
0524150621353141424510661202 2 1202308115.052322
0524156621313146424510661202 2 1202308115.052648
0524150121353146424510661202 2 1202308115.052650
0524150621353146424510661202 2 1202308115.052651
0524152621353146424510661202 1 1202308115.052653
0524153621353146424510661202 2 1202308115.052654
0524155621353146424510661202 2 1202308115.052655
0524156621353146424510661202 2 1202308115.052656
0524155121363146424510661202 2 1202308115.052659
0524150121313141464510661202 2 1202308115.053444
0524150621313141464510661202 2 1202308115.053447
0524150125353141464510661202 2 1202308115.053454
0524150625353141464510661202 2 1202308115.053456
0524150121363141464510661202 2 1202308115.053459
0524150621363141464510661202 2 1202308115.053504
0124105025363541464510661202 2 1202308115.053555
0124106025363541464510661202 2 1202308115.053556
0124150121303142464510661202 2 1202308115.053642
0124150621303142464510661202 2 1202308115.053643
0124152621303142464510661202 2 1202308115.053644
0124153621303142464510661202 2 1202308115.053645
0124155621303142464510661202 2 1202308115.053646
0124156621303142464510661202 2 1202308115.053647
0124103025313542464510661202 2 1202308115.053729
0524153521103144464510661202 2 1202308115.053803
0124100025313545464510661202 2 1202308115.054010
0124100025363545464510661202 2 1202308115.054041
0124102025363545464510661202 1 1202308115.054042
0124103025363545464510661202 2 1202308115.054043
0124105025363545464510661202 2 1202308115.054045
0124106025363545464510661202 2 1202308115.054046
0524153521103146464510661202 2 1202308115.054129
0524150121313146464510661202 2 1202308115.054147
0524150621313146464510661202 2 1202308115.054149
0524156625313146464510661202 2 1202308115.054154
0524150125353146464510661202 2 1202308115.054159
0524150625353146464510661202 2 1202308115.054201
0524152625353146464510661202 1 1202308115.054203
0524153625353146464510661202 2 1202308115.054204
0524155625353146464510661202 2 1202308115.054206
0524156625353146464510661202 2 1202308115.054207
0524150121363146464510661202 2 1202308115.054212
0524150621363146464510661202 2 1202308115.054215
0524152621363146464510661202 1 1202308115.054217
0524153621363146464510661202 2 1202308115.054218
0524155621363146464510661202 2 1202308115.054220
0524156621363146464510661202 2 1202308115.054222
0524155125363146464510661202 2 1202308115.054225
0524150121353141424610661202 2 1202308115.055304
0524150621353141424610661202 2 1202308115.055305
0524156621313146424610661202 2 1202308115.055632
0524150121353146424610661202 2 1202308115.055635
0524150621353146424610661202 2 1202308115.055636
0524152621353146424610661202 1 1202308115.055637
0524153621353146424610661202 2 1202308115.055638
0524155621353146424610661202 2 1202308115.055640
0524156621353146424610661202 2 1202308115.055641
0524155121363146424610661202 2 1202308115.055644
0524150121313141464610661202 2 1202308115.060444
0524150621313141464610661202 2 1202308115.060446
0524150125353141464610661202 2 1202308115.060453
0524150625353141464610661202 2 1202308115.060455
0524150121363141464610661202 2 1202308115.060458
0524150621363141464610661202 2 1202308115.060502
0124105025363541464610661202 2 1202308115.060552
0124106025363541464610661202 2 1202308115.060553
0124150121303142464610661202 2 1202308115.060638
0124150621303142464610661202 2 1202308115.060639
0124152621303142464610661202 2 1202308115.060640
0124153621303142464610661202 2 1202308115.060641
0124155621303142464610661202 2 1202308115.060642
0124156621303142464610661202 2 1202308115.060643
0124103025313542464610661202 2 1202308115.060724
0524153521103144464610661202 2 1202308115.060757
0124100025313545464610661202 2 1202308115.061000
0124100025363545464610661202 2 1202308115.061030
0124102025363545464610661202 1 1202308115.061032
0124103025363545464610661202 2 1202308115.061033
0124105025363545464610661202 2 1202308115.061034
0124106025363545464610661202 2 1202308115.061035
0524153521103146464610661202 2 1202308115.061118
0524150121313146464610661202 2 1202308115.061136
0524150621313146464610661202 2 1202308115.061138
0524156625313146464610661202 2 1202308115.061143
0524150125353146464610661202 2 1202308115.061147
0524150625353146464610661202 2 1202308115.061149
0524152625353146464610661202 1 1202308115.061150
0524153625353146464610661202 2 1202308115.061152
0524155625353146464610661202 2 1202308115.061153
0524156625353146464610661202 2 1202308115.061154
0524150121363146464610661202 2 1202308115.061158
0524150621363146464610661202 2 1202308115.061201
0524152621363146464610661202 1 1202308115.061202
0524153621363146464610661202 2 1202308115.061203
0524155621363146464610661202 2 1202308115.061205
0524156621363146464610661202 2 1202308115.061206
0524155125363146464610661202 2 1202308115.061210
