0112162621343020404100000516 1 1202308115.041412
0112162621343021404100000516 1 1202308115.041443
0112162621343026404100000516 1 1202308115.041625
0110162020343120414100000516 1 1202308115.041651
0116162020343120414100000516 1 1202308115.041653
0110162620343120414100000516 1 1202308115.041654
0116162620343120414100000516 1 1202308115.041656
0110162021343120414100000516 1 1202308115.041658
0116162021343120414100000516 1 1202308115.041659
0110162621343120414100000516 1 1202308115.041701
0112162621343120414100000516 1 1202308115.041703
0116162621343120414100000516 1 1202308115.041704
0110162023343120414100000516 1 1202308115.041706
0116162023343120414100000516 1 1202308115.041707
0110162623343120414100000516 1 1202308115.041709
0116162623343120414100000516 1 1202308115.041710
0110162024343120414100000516 1 1202308115.041712
0116162024343120414100000516 1 1202308115.041714
0110162624343120414100000516 1 1202308115.041715
0116162624343120414100000516 1 1202308115.041717
0110162025343120414100000516 1 1202308115.041718
0116162025343120414100000516 1 1202308115.041720
0110162625343120414100000516 1 1202308115.041722
0116162625343120414100000516 1 1202308115.041723
0110162026343120414100000516 1 1202308115.041725
0116162026343120414100000516 1 1202308115.041726
0110162626343120414100000516 1 1202308115.041728
0116162626343120414100000516 1 1202308115.041729
0110162020343620414100000516 1 1202308115.041734
0116162020343620414100000516 1 1202308115.041736
0110162620343620414100000516 1 1202308115.041737
0116162620343620414100000516 1 1202308115.041739
0110162021343620414100000516 1 1202308115.041741
0112162021343620414100000516 1 1202308115.041743
0116162021343620414100000516 1 1202308115.041744
0110162621343620414100000516 1 1202308115.041746
0112162621343620414100000516 1 1202308115.041748
0116162621343620414100000516 1 1202308115.041749
0110162023343620414100000516 1 1202308115.041751
0116162023343620414100000516 1 1202308115.041753
0110162623343620414100000516 1 1202308115.041754
0116162623343620414100000516 1 1202308115.041756
0110162024343620414100000516 1 1202308115.041758
0116162024343620414100000516 1 1202308115.041759
0110162624343620414100000516 1 1202308115.041801
0116162624343620414100000516 1 1202308115.041802
0110162025343620414100000516 1 1202308115.041804
0116162025343620414100000516 1 1202308115.041806
0110162625343620414100000516 1 1202308115.041807
0116162625343620414100000516 1 1202308115.041809
0110162026343620414100000516 1 1202308115.041810
0116162026343620414100000516 1 1202308115.041812
0110162626343620414100000516 1 1202308115.041814
0116162626343620414100000516 1 1202308115.041815
0110162020343121414100000516 1 1202308115.041839
0116162020343121414100000516 1 1202308115.041841
0110162620343121414100000516 1 1202308115.041842
0116162620343121414100000516 1 1202308115.041845
0110162021343121414100000516 1 1202308115.041846
0116162021343121414100000516 1 1202308115.041848
0110162621343121414100000516 1 1202308115.041850
0112162621343121414100000516 1 1202308115.041852
0116162621343121414100000516 1 1202308115.041854
0110162023343121414100000516 1 1202308115.041856
0116162023343121414100000516 1 1202308115.041858
0110162623343121414100000516 1 1202308115.041859
0116162623343121414100000516 1 1202308115.041901
0110162024343121414100000516 1 1202308115.041903
0116162024343121414100000516 1 1202308115.041904
0110162624343121414100000516 1 1202308115.041906
0116162624343121414100000516 1 1202308115.041908
0110162025343121414100000516 1 1202308115.041910
0116162025343121414100000516 1 1202308115.041911
0110162625343121414100000516 1 1202308115.041913
0116162625343121414100000516 1 1202308115.041915
0110162026343121414100000516 1 1202308115.041917
0116162026343121414100000516 1 1202308115.041918
0110162626343121414100000516 1 1202308115.041920
0116162626343121414100000516 1 1202308115.041922
0110162020343621414100000516 1 1202308115.041928
0116162020343621414100000516 1 1202308115.041929
0110162620343621414100000516 1 1202308115.041931
0116162620343621414100000516 1 1202308115.041932
0110162021343621414100000516 1 1202308115.041934
0112162021343621414100000516 1 1202308115.041936
0116162021343621414100000516 1 1202308115.041938
0110162621343621414100000516 1 1202308115.041939
0112162621343621414100000516 1 1202308115.041941
0116162621343621414100000516 1 1202308115.041943
0110162023343621414100000516 1 1202308115.041944
0116162023343621414100000516 1 1202308115.041946
0110162623343621414100000516 1 1202308115.041947
0116162623343621414100000516 1 1202308115.041949
0110162024343621414100000516 1 1202308115.041951
0116162024343621414100000516 1 1202308115.041952
0110162624343621414100000516 1 1202308115.041954
0116162624343621414100000516 1 1202308115.041956
0110162025343621414100000516 1 1202308115.041957
0116162025343621414100000516 1 1202308115.041959
0110162625343621414100000516 1 1202308115.042000
0116162625343621414100000516 1 1202308115.042002
0110162026343621414100000516 1 1202308115.042004
0116162026343621414100000516 1 1202308115.042005
0110162626343621414100000516 1 1202308115.042007
0116162626343621414100000516 1 1202308115.042009
0110162024343122414100000516 1 1202308115.042034
0116162024343122414100000516 1 1202308115.042035
0110162624343122414100000516 1 1202308115.042037
0116162624343122414100000516 1 1202308115.042039
0110162024343622414100000516 1 1202308115.042045
0116162024343622414100000516 1 1202308115.042047
0110162624343622414100000516 1 1202308115.042048
0116162624343622414100000516 1 1202308115.042050
0110162020343126414100000516 1 1202308115.042201
0116162020343126414100000516 1 1202308115.042203
0110162620343126414100000516 1 1202308115.042204
0116162620343126414100000516 1 1202308115.042206
0110162021343126414100000516 1 1202308115.042208
0116162021343126414100000516 1 1202308115.042209
0110162621343126414100000516 1 1202308115.042211
0112162621343126414100000516 1 1202308115.042213
0116162621343126414100000516 1 1202308115.042214
0110162023343126414100000516 1 1202308115.042216
0116162023343126414100000516 1 1202308115.042218
0110162623343126414100000516 1 1202308115.042219
0116162623343126414100000516 1 1202308115.042221
0110162024343126414100000516 1 1202308115.042222
0116162024343126414100000516 1 1202308115.042224
0110162624343126414100000516 1 1202308115.042226
0116162624343126414100000516 1 1202308115.042227
0110162025343126414100000516 1 1202308115.042229
0116162025343126414100000516 1 1202308115.042230
0110162625343126414100000516 1 1202308115.042232
0116162625343126414100000516 1 1202308115.042234
0110162026343126414100000516 1 1202308115.042235
0116162026343126414100000516 1 1202308115.042237
0110162626343126414100000516 1 1202308115.042239
0116162626343126414100000516 1 1202308115.042240
0110162020343626414100000516 1 1202308115.042245
0116162020343626414100000516 1 1202308115.042247
0110162620343626414100000516 1 1202308115.042248
0116162620343626414100000516 1 1202308115.042250
0110162021343626414100000516 1 1202308115.042252
0112162021343626414100000516 1 1202308115.042253
0116162021343626414100000516 1 1202308115.042255
0110162621343626414100000516 1 1202308115.042257
0112162621343626414100000516 1 1202308115.042259
0116162621343626414100000516 1 1202308115.042300
0110162023343626414100000516 1 1202308115.042302
0116162023343626414100000516 1 1202308115.042304
0110162623343626414100000516 1 1202308115.042305
0116162623343626414100000516 1 1202308115.042307
0110162024343626414100000516 1 1202308115.042308
0116162024343626414100000516 1 1202308115.042310
0110162624343626414100000516 1 1202308115.042312
0116162624343626414100000516 1 1202308115.042313
0110162025343626414100000516 1 1202308115.042315
0116162025343626414100000516 1 1202308115.042317
0110162625343626414100000516 1 1202308115.042318
0116162625343626414100000516 1 1202308115.042320
0110162026343626414100000516 1 1202308115.042321
0116162026343626414100000516 1 1202308115.042323
0110162626343626414100000516 1 1202308115.042325
0116162626343626414100000516 1 1202308115.042326
0110162120303040424100000516 1 1202308115.042355
0116162120303040424100000516 1 1202308115.042400
0111162620303040424100000516 1 1202308115.042405
0110162120363040424100000516 1 1202308115.042423
0116162120363040424100000516 1 1202308115.042431
0111162620363040424100000516 1 1202308115.042441
0110162021303140424100000516 1 1202308115.042455
0116162021303140424100000516 1 1202308115.042457
0110162621303140424100000516 1 1202308115.042459
0111162621303140424100000516 1 1202308115.042500
0112162621303140424100000516 1 1202308115.042502
0116162621303140424100000516 1 1202308115.042504
0110162021313140424100000516 2 1202308115.042505
0116162021313140424100000516 2 1202308115.042507
0110162621313140424100000516 2 1202308115.042508
0112162621313140424100000516 2 1202308115.042510
0116162621313140424100000516 2 1202308115.042512
0110162021333140424100000516 2 1202308115.042513
0116162021333140424100000516 2 1202308115.042515
0110162621333140424100000516 2 1202308115.042517
0112162621333140424100000516 2 1202308115.042518
0116162621333140424100000516 2 1202308115.042520
0110162021343140424100000516 2 1202308115.042522
0116162021343140424100000516 2 1202308115.042523
0110162621343140424100000516 2 1202308115.042525
0112162621343140424100000516 2 1202308115.042527
0116162621343140424100000516 2 1202308115.042528
0110162021353140424100000516 2 1202308115.042530
0116162021353140424100000516 2 1202308115.042531
0110162621353140424100000516 2 1202308115.042533
0112162621353140424100000516 2 1202308115.042535
0116162621353140424100000516 2 1202308115.042536
0110162021363140424100000516 1 1202308115.042540
0116162021363140424100000516 1 1202308115.042550
0110162621363140424100000516 1 1202308115.042555
0111162621363140424100000516 1 1202308115.042557
0112162621363140424100000516 1 1202308115.042559
0116162621363140424100000516 1 1202308115.042600
0111162625303540424100000516 1 1202308115.042607
0111162625363540424100000516 1 1202308115.042620
0110162021303640424100000516 1 1202308115.042622
0111162021303640424100000516 1 1202308115.042623
0112162021303640424100000516 1 1202308115.042625
0116162021303640424100000516 1 1202308115.042627
0110162121303640424100000516 1 1202308115.042629
0116162121303640424100000516 1 1202308115.042632
0111162521303640424100000516 1 1202308115.042634
0110162621303640424100000516 1 1202308115.042636
0111162621303640424100000516 1 1202308115.042638
0112162621303640424100000516 1 1202308115.042640
0116162621303640424100000516 1 1202308115.042641
0110162021313640424100000516 2 1202308115.042643
0112162021313640424100000516 2 1202308115.042645
0116162021313640424100000516 2 1202308115.042647
0110162621313640424100000516 2 1202308115.042649
0112162621313640424100000516 2 1202308115.042650
0116162621313640424100000516 2 1202308115.042652
0110162021333640424100000516 2 1202308115.042654
0112162021333640424100000516 2 1202308115.042655
0116162021333640424100000516 2 1202308115.042657
0110162621333640424100000516 2 1202308115.042659
0112162621333640424100000516 2 1202308115.042700
0116162621333640424100000516 2 1202308115.042702
0110162021343640424100000516 2 1202308115.042704
0112162021343640424100000516 2 1202308115.042706
0116162021343640424100000516 2 1202308115.042707
0110162621343640424100000516 2 1202308115.042709
0112162621343640424100000516 2 1202308115.042711
0116162621343640424100000516 2 1202308115.042712
0110162021353640424100000516 2 1202308115.042714
0112162021353640424100000516 2 1202308115.042716
0116162021353640424100000516 2 1202308115.042717
0110162621353640424100000516 2 1202308115.042721
0112162621353640424100000516 2 1202308115.042723
0116162621353640424100000516 2 1202308115.042724
0110162021363640424100000516 1 1202308115.042729
0111162021363640424100000516 1 1202308115.042732
0112162021363640424100000516 1 1202308115.042738
0116162021363640424100000516 1 1202308115.042739
0110162121363640424100000516 1 1202308115.042745
0116162121363640424100000516 1 1202308115.042750
0111162521363640424100000516 1 1202308115.042754
0110162621363640424100000516 1 1202308115.042800
0111162621363640424100000516 1 1202308115.042802
0112162621363640424100000516 1 1202308115.042807
0116162621363640424100000516 1 1202308115.042813
0120162621363141424100000516 1 1202308115.042856
0121162621363141424100000516 1 1202308115.042858
0122162621363141424100000516 1 1202308115.042859
0125162621363141424100000516 1 1202308115.042901
0126162621363141424100000516 1 1202308115.042903
0120162621363142424100000516 1 1202308115.042944
0121162621363142424100000516 1 1202308115.042946
0122162621363142424100000516 1 1202308115.042948
0125162621363142424100000516 1 1202308115.042949
0126162621363142424100000516 1 1202308115.042951
0121162020333004424100000516 2 1202308115.043005
0111162120333004424100000516 2 1202308115.043006
0121162120333004424100000516 2 1202308115.043008
0111162220333004424100000516 2 1202308115.043009
0120162021333104424100000516 2 1202308115.043012
0121162021333104424100000516 2 1202308115.043013
0122162021333104424100000516 2 1202308115.043015
0121162020333014424100000516 2 1202308115.043020
0111162120333014424100000516 2 1202308115.043021
0121162120333014424100000516 2 1202308115.043023
0111162220333014424100000516 2 1202308115.043025
0120162021333114424100000516 2 1202308115.043027
0121162021333114424100000516 2 1202308115.043028
0122162021333114424100000516 2 1202308115.043030
0121162020333024424100000516 2 1202308115.043035
0111162120333024424100000516 2 1202308115.043036
0121162120333024424100000516 2 1202308115.043038
0111162220333024424100000516 2 1202308115.043039
0120162021333124424100000516 2 1202308115.043042
0121162021333124424100000516 2 1202308115.043043
0122162021333124424100000516 2 1202308115.043045
0110162120303044424100000516 1 1202308115.043058
0116162120303044424100000516 1 1202308115.043103
0111162620303044424100000516 1 1202308115.043111
0121162020333044424100000516 2 1202308115.043116
0111162120333044424100000516 2 1202308115.043117
0121162120333044424100000516 2 1202308115.043119
0111162220333044424100000516 2 1202308115.043121
0110162120363044424100000516 1 1202308115.043131
0116162120363044424100000516 1 1202308115.043136
0111162620363044424100000516 1 1202308115.043152
0110162021303144424100000516 1 1202308115.043212
0116162021303144424100000516 1 1202308115.043213
0110162621303144424100000516 1 1202308115.043217
0111162621303144424100000516 1 1202308115.043219
0112162621303144424100000516 1 1202308115.043221
0116162621303144424100000516 1 1202308115.043223
0110162021313144424100000516 2 1202308115.043225
0116162021313144424100000516 2 1202308115.043226
0110162621313144424100000516 2 1202308115.043228
0112162621313144424100000516 2 1202308115.043230
0116162621313144424100000516 2 1202308115.043232
0110162021333144424100000516 2 1202308115.043234
0120162021333144424100000516 2 1202308115.043235
0121162021333144424100000516 2 1202308115.043237
0122162021333144424100000516 2 1202308115.043239
0116162021333144424100000516 2 1202308115.043240
0110162621333144424100000516 2 1202308115.043242
0112162621333144424100000516 2 1202308115.043244
0116162621333144424100000516 2 1202308115.043246
0110162021343144424100000516 2 1202308115.043247
0116162021343144424100000516 2 1202308115.043249
0110162621343144424100000516 2 1202308115.043251
0112162621343144424100000516 2 1202308115.043253
0116162621343144424100000516 2 1202308115.043254
0110162021353144424100000516 2 1202308115.043256
0116162021353144424100000516 2 1202308115.043258
0110162621353144424100000516 2 1202308115.043300
0112162621353144424100000516 2 1202308115.043301
0116162621353144424100000516 2 1202308115.043303
0110162021363144424100000516 1 1202308115.043307
0120162021363144424100000516 1 1202308115.043308
0122162021363144424100000516 1 1202308115.043310
0116162021363144424100000516 1 1202308115.043312
0126162021363144424100000516 1 1202308115.043314
0110162621363144424100000516 1 1202308115.043323
0120162621363144424100000516 1 1202308115.043325
0111162621363144424100000516 1 1202308115.043326
0121162621363144424100000516 1 1202308115.043328
0112162621363144424100000516 1 1202308115.043330
0122162621363144424100000516 1 1202308115.043332
0116162621363144424100000516 1 1202308115.043334
0126162621363144424100000516 1 1202308115.043336
0110162021303644424100000516 1 1202308115.043422
0111162021303644424100000516 1 1202308115.043424
0112162021303644424100000516 1 1202308115.043426
0116162021303644424100000516 1 1202308115.043428
0110162121303644424100000516 1 1202308115.043430
0116162121303644424100000516 1 1202308115.043433
0111162521303644424100000516 1 1202308115.043435
0110162621303644424100000516 1 1202308115.043437
0111162621303644424100000516 1 1202308115.043439
0112162621303644424100000516 1 1202308115.043441
0116162621303644424100000516 1 1202308115.043443
0110162021313644424100000516 2 1202308115.043445
0112162021313644424100000516 2 1202308115.043447
0116162021313644424100000516 2 1202308115.043449
0110162621313644424100000516 2 1202308115.043451
0112162621313644424100000516 2 1202308115.043453
0116162621313644424100000516 2 1202308115.043454
0110162021333644424100000516 2 1202308115.043456
0112162021333644424100000516 2 1202308115.043458
0116162021333644424100000516 2 1202308115.043500
0110162621333644424100000516 2 1202308115.043501
0112162621333644424100000516 2 1202308115.043503
0116162621333644424100000516 2 1202308115.043505
0110162021343644424100000516 2 1202308115.043506
0112162021343644424100000516 2 1202308115.043508
0116162021343644424100000516 2 1202308115.043510
0110162621343644424100000516 2 1202308115.043511
0112162621343644424100000516 2 1202308115.043513
0116162621343644424100000516 2 1202308115.043515
0110162021353644424100000516 2 1202308115.043517
0112162021353644424100000516 2 1202308115.043518
0116162021353644424100000516 2 1202308115.043520
0110162621353644424100000516 2 1202308115.043522
0112162621353644424100000516 2 1202308115.043523
0116162621353644424100000516 2 1202308115.043525
0110162021363644424100000516 1 1202308115.043528
0111162021363644424100000516 1 1202308115.043533
0112162021363644424100000516 1 1202308115.043535
0116162021363644424100000516 1 1202308115.043536
0110162121363644424100000516 1 1202308115.043542
0116162121363644424100000516 1 1202308115.043547
0111162521363644424100000516 1 1202308115.043553
0110162621363644424100000516 1 1202308115.043559
0111162621363644424100000516 1 1202308115.043604
0112162621363644424100000516 1 1202308115.043610
0116162621363644424100000516 1 1202308115.043615
0121162020333054424100000516 2 1202308115.043620
0111162120333054424100000516 2 1202308115.043622
0121162120333054424100000516 2 1202308115.043623
0111162220333054424100000516 2 1202308115.043625
0120162021333154424100000516 2 1202308115.043627
0121162021333154424100000516 2 1202308115.043629
0122162021333154424100000516 2 1202308115.043631
0121162020333064424100000516 2 1202308115.043635
0111162120333064424100000516 2 1202308115.043637
0121162120333064424100000516 2 1202308115.043638
0111162220333064424100000516 2 1202308115.043640
0120162021333164424100000516 2 1202308115.043642
0121162021333164424100000516 2 1202308115.043644
0122162021333164424100000516 2 1202308115.043645
0110162120303046424100000516 1 1202308115.043803
0116162120303046424100000516 1 1202308115.043807
0111162620303046424100000516 1 1202308115.043811
0126162020363046424100000516 1 1202308115.043825
0110162120363046424100000516 1 1202308115.043827
0116162120363046424100000516 1 1202308115.043830
0111162620363046424100000516 1 1202308115.043839
0126162620363046424100000516 1 1202308115.043846
0110162021303146424100000516 1 1202308115.043858
0116162021303146424100000516 1 1202308115.043900
0110162621303146424100000516 1 1202308115.043901
0111162621303146424100000516 1 1202308115.043903
0112162621303146424100000516 1 1202308115.043905
0116162621303146424100000516 1 1202308115.043907
0110162021313146424100000516 2 1202308115.043909
0116162021313146424100000516 2 1202308115.043910
0110162621313146424100000516 2 1202308115.043912
0112162621313146424100000516 2 1202308115.043914
0116162621313146424100000516 2 1202308115.043915
0110162021333146424100000516 2 1202308115.043917
0116162021333146424100000516 2 1202308115.043918
0110162621333146424100000516 2 1202308115.043920
0112162621333146424100000516 2 1202308115.043922
0116162621333146424100000516 2 1202308115.043924
0110162021343146424100000516 2 1202308115.043925
0116162021343146424100000516 2 1202308115.043927
0110162621343146424100000516 2 1202308115.043929
0112162621343146424100000516 2 1202308115.043931
0116162621343146424100000516 2 1202308115.043932
0110162021353146424100000516 2 1202308115.043934
0116162021353146424100000516 2 1202308115.043936
0110162621353146424100000516 2 1202308115.043937
0112162621353146424100000516 2 1202308115.043939
0116162621353146424100000516 2 1202308115.043941
0110162021363146424100000516 1 1202308115.043944
0120162021363146424100000516 1 1202308115.043945
0122162021363146424100000516 1 1202308115.043949
0116162021363146424100000516 1 1202308115.043953
0126162021363146424100000516 1 1202308115.043954
0110162621363146424100000516 1 1202308115.044000
0120162621363146424100000516 1 1202308115.044002
0111162621363146424100000516 1 1202308115.044004
0121162621363146424100000516 1 1202308115.044006
0112162621363146424100000516 1 1202308115.044008
0122162621363146424100000516 1 1202308115.044010
0125162621363146424100000516 1 1202308115.044011
0116162621363146424100000516 1 1202308115.044013
0126162621363146424100000516 1 1202308115.044015
0111162625303546424100000516 1 1202308115.044021
0111162625363546424100000516 1 1202308115.044037
0110162021303646424100000516 1 1202308115.044041
0111162021303646424100000516 1 1202308115.044043
0112162021303646424100000516 1 1202308115.044045
0116162021303646424100000516 1 1202308115.044047
0110162121303646424100000516 1 1202308115.044048
0116162121303646424100000516 1 1202308115.044052
0111162521303646424100000516 1 1202308115.044054
0110162621303646424100000516 1 1202308115.044057
0111162621303646424100000516 1 1202308115.044058
0112162621303646424100000516 1 1202308115.044100
0116162621303646424100000516 1 1202308115.044102
0110162021313646424100000516 2 1202308115.044104
0112162021313646424100000516 2 1202308115.044106
0116162021313646424100000516 2 1202308115.044107
0110162621313646424100000516 2 1202308115.044109
0112162621313646424100000516 2 1202308115.044111
0116162621313646424100000516 2 1202308115.044112
0110162021333646424100000516 2 1202308115.044114
0112162021333646424100000516 2 1202308115.044116
0116162021333646424100000516 2 1202308115.044117
0110162621333646424100000516 2 1202308115.044119
0112162621333646424100000516 2 1202308115.044121
0116162621333646424100000516 2 1202308115.044123
0110162021343646424100000516 2 1202308115.044124
0112162021343646424100000516 2 1202308115.044126
0116162021343646424100000516 2 1202308115.044128
0110162621343646424100000516 2 1202308115.044129
0112162621343646424100000516 2 1202308115.044131
0116162621343646424100000516 2 1202308115.044133
0110162021353646424100000516 2 1202308115.044135
0112162021353646424100000516 2 1202308115.044137
0116162021353646424100000516 2 1202308115.044139
0110162621353646424100000516 2 1202308115.044140
0112162621353646424100000516 2 1202308115.044142
0116162621353646424100000516 2 1202308115.044144
0110162021363646424100000516 1 1202308115.044147
0111162021363646424100000516 1 1202308115.044152
0112162021363646424100000516 1 1202308115.044154
0116162021363646424100000516 1 1202308115.044156
0110162121363646424100000516 1 1202308115.044201
0116162121363646424100000516 1 1202308115.044205
0111162521363646424100000516 1 1202308115.044211
0110162621363646424100000516 1 1202308115.044217
0111162621363646424100000516 1 1202308115.044222
0112162621363646424100000516 1 1202308115.044228
0116162621363646424100000516 1 1202308115.044233
0112162621343520454100000516 2 1202308115.044335
0112162621343526454100000516 2 1202308115.044524
0112162621343020404200000516 1 1202308115.044748
0112162621343021404200000516 1 1202308115.044818
0112162621343026404200000516 1 1202308115.044959
0110162020343120414200000516 1 1202308115.045025
0116162020343120414200000516 1 1202308115.045026
0110162620343120414200000516 1 1202308115.045028
0116162620343120414200000516 1 1202308115.045029
0110162021343120414200000516 1 1202308115.045031
0116162021343120414200000516 1 1202308115.045033
0110162621343120414200000516 1 1202308115.045035
0112162621343120414200000516 1 1202308115.045036
0116162621343120414200000516 1 1202308115.045038
0110162023343120414200000516 1 1202308115.045040
0116162023343120414200000516 1 1202308115.045042
0110162623343120414200000516 1 1202308115.045043
0116162623343120414200000516 1 1202308115.045045
0110162024343120414200000516 1 1202308115.045046
0116162024343120414200000516 1 1202308115.045048
0110162624343120414200000516 1 1202308115.045050
0116162624343120414200000516 1 1202308115.045051
0110162025343120414200000516 1 1202308115.045053
0116162025343120414200000516 1 1202308115.045055
0110162625343120414200000516 1 1202308115.045056
0116162625343120414200000516 1 1202308115.045058
0110162026343120414200000516 1 1202308115.045100
0116162026343120414200000516 1 1202308115.045101
0110162626343120414200000516 1 1202308115.045103
0116162626343120414200000516 1 1202308115.045105
0110162020343620414200000516 1 1202308115.045110
0116162020343620414200000516 1 1202308115.045111
0110162620343620414200000516 1 1202308115.045113
0116162620343620414200000516 1 1202308115.045115
0110162021343620414200000516 1 1202308115.045116
0112162021343620414200000516 1 1202308115.045118
0116162021343620414200000516 1 1202308115.045120
0110162621343620414200000516 1 1202308115.045122
0112162621343620414200000516 1 1202308115.045124
0116162621343620414200000516 1 1202308115.045125
0110162023343620414200000516 1 1202308115.045127
0116162023343620414200000516 1 1202308115.045129
0110162623343620414200000516 1 1202308115.045130
0116162623343620414200000516 1 1202308115.045132
0110162024343620414200000516 1 1202308115.045133
0116162024343620414200000516 1 1202308115.045135
0110162624343620414200000516 1 1202308115.045137
0116162624343620414200000516 1 1202308115.045138
0110162025343620414200000516 1 1202308115.045140
0116162025343620414200000516 1 1202308115.045142
0110162625343620414200000516 1 1202308115.045143
0116162625343620414200000516 1 1202308115.045145
0110162026343620414200000516 1 1202308115.045146
0116162026343620414200000516 1 1202308115.045148
0110162626343620414200000516 1 1202308115.045150
0116162626343620414200000516 1 1202308115.045151
0110162020343121414200000516 1 1202308115.045216
0116162020343121414200000516 1 1202308115.045218
0110162620343121414200000516 1 1202308115.045219
0116162620343121414200000516 1 1202308115.045222
0110162021343121414200000516 1 1202308115.045223
0116162021343121414200000516 1 1202308115.045225
0110162621343121414200000516 1 1202308115.045227
0112162621343121414200000516 1 1202308115.045229
0116162621343121414200000516 1 1202308115.045231
0110162023343121414200000516 1 1202308115.045233
0116162023343121414200000516 1 1202308115.045235
0110162623343121414200000516 1 1202308115.045236
0116162623343121414200000516 1 1202308115.045238
0110162024343121414200000516 1 1202308115.045240
0116162024343121414200000516 1 1202308115.045241
0110162624343121414200000516 1 1202308115.045243
0116162624343121414200000516 1 1202308115.045245
0110162025343121414200000516 1 1202308115.045247
0116162025343121414200000516 1 1202308115.045248
0110162625343121414200000516 1 1202308115.045250
0116162625343121414200000516 1 1202308115.045252
0110162026343121414200000516 1 1202308115.045254
0116162026343121414200000516 1 1202308115.045255
0110162626343121414200000516 1 1202308115.045257
0116162626343121414200000516 1 1202308115.045259
0110162020343621414200000516 1 1202308115.045305
0116162020343621414200000516 1 1202308115.045306
0110162620343621414200000516 1 1202308115.045308
0116162620343621414200000516 1 1202308115.045309
0110162021343621414200000516 1 1202308115.045311
0112162021343621414200000516 1 1202308115.045313
0116162021343621414200000516 1 1202308115.045315
0110162621343621414200000516 1 1202308115.045316
0112162621343621414200000516 1 1202308115.045318
0116162621343621414200000516 1 1202308115.045320
0110162023343621414200000516 1 1202308115.045322
0116162023343621414200000516 1 1202308115.045323
0110162623343621414200000516 1 1202308115.045325
0116162623343621414200000516 1 1202308115.045327
0110162024343621414200000516 1 1202308115.045329
0116162024343621414200000516 1 1202308115.045330
0110162624343621414200000516 1 1202308115.045332
0116162624343621414200000516 1 1202308115.045334
0110162025343621414200000516 1 1202308115.045336
0116162025343621414200000516 1 1202308115.045338
0110162625343621414200000516 1 1202308115.045339
0116162625343621414200000516 1 1202308115.045341
0110162026343621414200000516 1 1202308115.045342
0116162026343621414200000516 1 1202308115.045344
0110162626343621414200000516 1 1202308115.045346
0116162626343621414200000516 1 1202308115.045347
0110162024343122414200000516 1 1202308115.045409
0116162024343122414200000516 1 1202308115.045411
0110162624343122414200000516 1 1202308115.045413
0116162624343122414200000516 1 1202308115.045415
0110162024343622414200000516 1 1202308115.045420
0116162024343622414200000516 1 1202308115.045421
0110162624343622414200000516 1 1202308115.045423
0116162624343622414200000516 1 1202308115.045424
0110162020343126414200000516 1 1202308115.045535
0116162020343126414200000516 1 1202308115.045536
0110162620343126414200000516 1 1202308115.045538
0116162620343126414200000516 1 1202308115.045540
0110162021343126414200000516 1 1202308115.045542
0116162021343126414200000516 1 1202308115.045543
0110162621343126414200000516 1 1202308115.045545
0112162621343126414200000516 1 1202308115.045547
0116162621343126414200000516 1 1202308115.045549
0110162023343126414200000516 1 1202308115.045550
0116162023343126414200000516 1 1202308115.045552
0110162623343126414200000516 1 1202308115.045553
0116162623343126414200000516 1 1202308115.045555
0110162024343126414200000516 1 1202308115.045557
0116162024343126414200000516 1 1202308115.045558
0110162624343126414200000516 1 1202308115.045600
0116162624343126414200000516 1 1202308115.045601
0110162025343126414200000516 1 1202308115.045603
0116162025343126414200000516 1 1202308115.045605
0110162625343126414200000516 1 1202308115.045606
0116162625343126414200000516 1 1202308115.045608
0110162026343126414200000516 1 1202308115.045610
0116162026343126414200000516 1 1202308115.045611
0110162626343126414200000516 1 1202308115.045613
0116162626343126414200000516 1 1202308115.045615
0110162020343626414200000516 1 1202308115.045620
0116162020343626414200000516 1 1202308115.045622
0110162620343626414200000516 1 1202308115.045624
0116162620343626414200000516 1 1202308115.045625
0110162021343626414200000516 1 1202308115.045627
0112162021343626414200000516 1 1202308115.045629
0116162021343626414200000516 1 1202308115.045631
0110162621343626414200000516 1 1202308115.045632
0112162621343626414200000516 1 1202308115.045634
0116162621343626414200000516 1 1202308115.045636
0110162023343626414200000516 1 1202308115.045638
0116162023343626414200000516 1 1202308115.045639
0110162623343626414200000516 1 1202308115.045641
0116162623343626414200000516 1 1202308115.045643
0110162024343626414200000516 1 1202308115.045644
0116162024343626414200000516 1 1202308115.045646
0110162624343626414200000516 1 1202308115.045647
0116162624343626414200000516 1 1202308115.045649
0110162025343626414200000516 1 1202308115.045651
0116162025343626414200000516 1 1202308115.045652
0110162625343626414200000516 1 1202308115.045654
0116162625343626414200000516 1 1202308115.045656
0110162026343626414200000516 1 1202308115.045657
0116162026343626414200000516 1 1202308115.045659
0110162626343626414200000516 1 1202308115.045701
0116162626343626414200000516 1 1202308115.045703
0110162120303040424200000516 1 1202308115.045732
0116162120303040424200000516 1 1202308115.045737
0111162620303040424200000516 1 1202308115.045742
0110162120363040424200000516 1 1202308115.045802
0116162120363040424200000516 1 1202308115.045810
0111162620363040424200000516 1 1202308115.045820
0110162021303140424200000516 1 1202308115.045835
0116162021303140424200000516 1 1202308115.045836
0110162621303140424200000516 1 1202308115.045838
0111162621303140424200000516 1 1202308115.045840
0112162621303140424200000516 1 1202308115.045841
0116162621303140424200000516 1 1202308115.045843
0110162021313140424200000516 2 1202308115.045845
0116162021313140424200000516 2 1202308115.045847
0110162621313140424200000516 2 1202308115.045848
0112162621313140424200000516 2 1202308115.045850
0116162621313140424200000516 2 1202308115.045852
0110162021333140424200000516 2 1202308115.045854
0116162021333140424200000516 2 1202308115.045855
0110162621333140424200000516 2 1202308115.045857
0112162621333140424200000516 2 1202308115.045859
0116162621333140424200000516 2 1202308115.045900
0110162021343140424200000516 2 1202308115.045902
0116162021343140424200000516 2 1202308115.045904
0110162621343140424200000516 2 1202308115.045906
0112162621343140424200000516 2 1202308115.045907
0116162621343140424200000516 2 1202308115.045909
0110162021353140424200000516 2 1202308115.045911
0116162021353140424200000516 2 1202308115.045913
0110162621353140424200000516 2 1202308115.045914
0112162621353140424200000516 2 1202308115.045916
0116162621353140424200000516 2 1202308115.045918
0110162021363140424200000516 1 1202308115.045922
0116162021363140424200000516 1 1202308115.045932
0110162621363140424200000516 1 1202308115.045937
0111162621363140424200000516 1 1202308115.045939
0112162621363140424200000516 1 1202308115.045941
0116162621363140424200000516 1 1202308115.045942
0111162625303540424200000516 1 1202308115.045949
0111162625363540424200000516 1 1202308115.050002
0110162021303640424200000516 1 1202308115.050004
0111162021303640424200000516 1 1202308115.050006
0112162021303640424200000516 1 1202308115.050008
0116162021303640424200000516 1 1202308115.050010
0110162121303640424200000516 1 1202308115.050011
0116162121303640424200000516 1 1202308115.050015
0111162521303640424200000516 1 1202308115.050017
0110162621303640424200000516 1 1202308115.050019
0111162621303640424200000516 1 1202308115.050021
0112162621303640424200000516 1 1202308115.050023
0116162621303640424200000516 1 1202308115.050024
0110162021313640424200000516 2 1202308115.050026
0112162021313640424200000516 2 1202308115.050028
0116162021313640424200000516 2 1202308115.050030
0110162621313640424200000516 2 1202308115.050032
0112162621313640424200000516 2 1202308115.050033
0116162621313640424200000516 2 1202308115.050035
0110162021333640424200000516 2 1202308115.050037
0112162021333640424200000516 2 1202308115.050038
0116162021333640424200000516 2 1202308115.050040
0110162621333640424200000516 2 1202308115.050042
0112162621333640424200000516 2 1202308115.050044
0116162621333640424200000516 2 1202308115.050045
0110162021343640424200000516 2 1202308115.050047
0112162021343640424200000516 2 1202308115.050049
0116162021343640424200000516 2 1202308115.050051
0110162621343640424200000516 2 1202308115.050052
0112162621343640424200000516 2 1202308115.050054
0116162621343640424200000516 2 1202308115.050056
0110162021353640424200000516 2 1202308115.050057
0112162021353640424200000516 2 1202308115.050059
0116162021353640424200000516 2 1202308115.050101
0110162621353640424200000516 2 1202308115.050104
0112162621353640424200000516 2 1202308115.050106
0116162621353640424200000516 2 1202308115.050108
0110162021363640424200000516 1 1202308115.050112
0111162021363640424200000516 1 1202308115.050116
0112162021363640424200000516 1 1202308115.050121
0116162021363640424200000516 1 1202308115.050123
0110162121363640424200000516 1 1202308115.050128
0116162121363640424200000516 1 1202308115.050133
0111162521363640424200000516 1 1202308115.050138
0110162621363640424200000516 1 1202308115.050144
0111162621363640424200000516 1 1202308115.050146
0112162621363640424200000516 1 1202308115.050151
0116162621363640424200000516 1 1202308115.050156
0120162621363141424200000516 1 1202308115.050240
0121162621363141424200000516 1 1202308115.050242
0122162621363141424200000516 1 1202308115.050243
0125162621363141424200000516 1 1202308115.050245
0126162621363141424200000516 1 1202308115.050247
0120162621363142424200000516 1 1202308115.050329
0121162621363142424200000516 1 1202308115.050331
0122162621363142424200000516 1 1202308115.050332
0125162621363142424200000516 1 1202308115.050334
0126162621363142424200000516 1 1202308115.050336
0121162020333004424200000516 2 1202308115.050350
0111162120333004424200000516 2 1202308115.050352
0121162120333004424200000516 2 1202308115.050353
0111162220333004424200000516 2 1202308115.050355
0120162021333104424200000516 2 1202308115.050357
0121162021333104424200000516 2 1202308115.050359
0122162021333104424200000516 2 1202308115.050401
0121162020333014424200000516 2 1202308115.050405
0111162120333014424200000516 2 1202308115.050407
0121162120333014424200000516 2 1202308115.050409
0111162220333014424200000516 2 1202308115.050410
0120162021333114424200000516 2 1202308115.050412
0121162021333114424200000516 2 1202308115.050414
0122162021333114424200000516 2 1202308115.050416
0121162020333024424200000516 2 1202308115.050420
0111162120333024424200000516 2 1202308115.050422
0121162120333024424200000516 2 1202308115.050423
0111162220333024424200000516 2 1202308115.050425
0120162021333124424200000516 2 1202308115.050427
0121162021333124424200000516 2 1202308115.050429
0122162021333124424200000516 2 1202308115.050431
0110162120303044424200000516 1 1202308115.050444
0116162120303044424200000516 1 1202308115.050449
0111162620303044424200000516 1 1202308115.050457
0121162020333044424200000516 2 1202308115.050502
0111162120333044424200000516 2 1202308115.050504
0121162120333044424200000516 2 1202308115.050505
0111162220333044424200000516 2 1202308115.050507
0110162120363044424200000516 1 1202308115.050517
0116162120363044424200000516 1 1202308115.050522
0111162620363044424200000516 1 1202308115.050538
0110162021303144424200000516 1 1202308115.050557
0116162021303144424200000516 1 1202308115.050559
0110162621303144424200000516 1 1202308115.050602
0111162621303144424200000516 1 1202308115.050604
0112162621303144424200000516 1 1202308115.050606
0116162621303144424200000516 1 1202308115.050608
0110162021313144424200000516 2 1202308115.050610
0116162021313144424200000516 2 1202308115.050611
0110162621313144424200000516 2 1202308115.050613
0112162621313144424200000516 2 1202308115.050615
0116162621313144424200000516 2 1202308115.050617
0110162021333144424200000516 2 1202308115.050619
0120162021333144424200000516 2 1202308115.050620
0121162021333144424200000516 2 1202308115.050622
0122162021333144424200000516 2 1202308115.050624
0116162021333144424200000516 2 1202308115.050625
0110162621333144424200000516 2 1202308115.050628
0112162621333144424200000516 2 1202308115.050629
0116162621333144424200000516 2 1202308115.050631
0110162021343144424200000516 2 1202308115.050633
0116162021343144424200000516 2 1202308115.050635
0110162621343144424200000516 2 1202308115.050636
0112162621343144424200000516 2 1202308115.050638
0116162621343144424200000516 2 1202308115.050640
0110162021353144424200000516 2 1202308115.050642
0116162021353144424200000516 2 1202308115.050644
0110162621353144424200000516 2 1202308115.050645
0112162621353144424200000516 2 1202308115.050647
0116162621353144424200000516 2 1202308115.050649
0110162021363144424200000516 1 1202308115.050652
0120162021363144424200000516 1 1202308115.050654
0122162021363144424200000516 1 1202308115.050656
0116162021363144424200000516 1 1202308115.050659
0126162021363144424200000516 1 1202308115.050700
0110162621363144424200000516 1 1202308115.050709
0120162621363144424200000516 1 1202308115.050711
0111162621363144424200000516 1 1202308115.050712
0121162621363144424200000516 1 1202308115.050714
0112162621363144424200000516 1 1202308115.050716
0122162621363144424200000516 1 1202308115.050718
0116162621363144424200000516 1 1202308115.050720
0126162621363144424200000516 1 1202308115.050722
0110162021303644424200000516 1 1202308115.050810
0111162021303644424200000516 1 1202308115.050812
0112162021303644424200000516 1 1202308115.050814
0116162021303644424200000516 1 1202308115.050816
0110162121303644424200000516 1 1202308115.050818
0116162121303644424200000516 1 1202308115.050821
0111162521303644424200000516 1 1202308115.050823
0110162621303644424200000516 1 1202308115.050825
0111162621303644424200000516 1 1202308115.050827
0112162621303644424200000516 1 1202308115.050828
0116162621303644424200000516 1 1202308115.050830
0110162021313644424200000516 2 1202308115.050832
0112162021313644424200000516 2 1202308115.050834
0116162021313644424200000516 2 1202308115.050836
0110162621313644424200000516 2 1202308115.050838
0112162621313644424200000516 2 1202308115.050839
0116162621313644424200000516 2 1202308115.050841
0110162021333644424200000516 2 1202308115.050843
0112162021333644424200000516 2 1202308115.050845
0116162021333644424200000516 2 1202308115.050847
0110162621333644424200000516 2 1202308115.050849
0112162621333644424200000516 2 1202308115.050851
0116162621333644424200000516 2 1202308115.050852
0110162021343644424200000516 2 1202308115.050854
0112162021343644424200000516 2 1202308115.050856
0116162021343644424200000516 2 1202308115.050858
0110162621343644424200000516 2 1202308115.050900
0112162621343644424200000516 2 1202308115.050902
0116162621343644424200000516 2 1202308115.050903
0110162021353644424200000516 2 1202308115.050905
0112162021353644424200000516 2 1202308115.050907
0116162021353644424200000516 2 1202308115.050909
0110162621353644424200000516 2 1202308115.050910
0112162621353644424200000516 2 1202308115.050912
0116162621353644424200000516 2 1202308115.050914
0110162021363644424200000516 1 1202308115.050916
0111162021363644424200000516 1 1202308115.050921
0112162021363644424200000516 1 1202308115.050923
0116162021363644424200000516 1 1202308115.050925
0110162121363644424200000516 1 1202308115.050930
0116162121363644424200000516 1 1202308115.050935
0111162521363644424200000516 1 1202308115.050942
0110162621363644424200000516 1 1202308115.050947
0111162621363644424200000516 1 1202308115.050953
0112162621363644424200000516 1 1202308115.050958
0116162621363644424200000516 1 1202308115.051003
0121162020333054424200000516 2 1202308115.051009
0111162120333054424200000516 2 1202308115.051010
0121162120333054424200000516 2 1202308115.051012
0111162220333054424200000516 2 1202308115.051013
0120162021333154424200000516 2 1202308115.051016
0121162021333154424200000516 2 1202308115.051017
0122162021333154424200000516 2 1202308115.051019
0121162020333064424200000516 2 1202308115.051023
0111162120333064424200000516 2 1202308115.051025
0121162120333064424200000516 2 1202308115.051027
0111162220333064424200000516 2 1202308115.051028
0120162021333164424200000516 2 1202308115.051030
0121162021333164424200000516 2 1202308115.051032
0122162021333164424200000516 2 1202308115.051034
0110162120303046424200000516 1 1202308115.051152
0116162120303046424200000516 1 1202308115.051155
0111162620303046424200000516 1 1202308115.051200
0126162020363046424200000516 1 1202308115.051214
0110162120363046424200000516 1 1202308115.051216
0116162120363046424200000516 1 1202308115.051219
0111162620363046424200000516 1 1202308115.051229
0126162620363046424200000516 1 1202308115.051235
0110162021303146424200000516 1 1202308115.051246
0116162021303146424200000516 1 1202308115.051248
0110162621303146424200000516 1 1202308115.051250
0111162621303146424200000516 1 1202308115.051251
0112162621303146424200000516 1 1202308115.051253
0116162621303146424200000516 1 1202308115.051255
0110162021313146424200000516 2 1202308115.051257
0116162021313146424200000516 2 1202308115.051258
0110162621313146424200000516 2 1202308115.051300
0112162621313146424200000516 2 1202308115.051302
0116162621313146424200000516 2 1202308115.051303
0110162021333146424200000516 2 1202308115.051305
0116162021333146424200000516 2 1202308115.051306
0110162621333146424200000516 2 1202308115.051308
0112162621333146424200000516 2 1202308115.051310
0116162621333146424200000516 2 1202308115.051312
0110162021343146424200000516 2 1202308115.051314
0116162021343146424200000516 2 1202308115.051316
0110162621343146424200000516 2 1202308115.051318
0112162621343146424200000516 2 1202308115.051319
0116162621343146424200000516 2 1202308115.051321
0110162021353146424200000516 2 1202308115.051323
0116162021353146424200000516 2 1202308115.051324
0110162621353146424200000516 2 1202308115.051326
0112162621353146424200000516 2 1202308115.051328
0116162621353146424200000516 2 1202308115.051329
0110162021363146424200000516 1 1202308115.051332
0120162021363146424200000516 1 1202308115.051334
0122162021363146424200000516 1 1202308115.051337
0116162021363146424200000516 1 1202308115.051341
0126162021363146424200000516 1 1202308115.051342
0110162621363146424200000516 1 1202308115.051348
0120162621363146424200000516 1 1202308115.051350
0111162621363146424200000516 1 1202308115.051352
0121162621363146424200000516 1 1202308115.051353
0112162621363146424200000516 1 1202308115.051355
0122162621363146424200000516 1 1202308115.051357
0125162621363146424200000516 1 1202308115.051358
0116162621363146424200000516 1 1202308115.051400
0126162621363146424200000516 1 1202308115.051402
0111162625303546424200000516 1 1202308115.051408
0111162625363546424200000516 1 1202308115.051424
0110162021303646424200000516 1 1202308115.051427
0111162021303646424200000516 1 1202308115.051429
0112162021303646424200000516 1 1202308115.051431
0116162021303646424200000516 1 1202308115.051433
0110162121303646424200000516 1 1202308115.051435
0116162121303646424200000516 1 1202308115.051438
0111162521303646424200000516 1 1202308115.051440
0110162621303646424200000516 1 1202308115.051442
0111162621303646424200000516 1 1202308115.051444
0112162621303646424200000516 1 1202308115.051446
0116162621303646424200000516 1 1202308115.051448
0110162021313646424200000516 2 1202308115.051450
0112162021313646424200000516 2 1202308115.051452
0116162021313646424200000516 2 1202308115.051454
0110162621313646424200000516 2 1202308115.051455
0112162621313646424200000516 2 1202308115.051457
0116162621313646424200000516 2 1202308115.051459
0110162021333646424200000516 2 1202308115.051501
0112162021333646424200000516 2 1202308115.051503
0116162021333646424200000516 2 1202308115.051504
0110162621333646424200000516 2 1202308115.051506
0112162621333646424200000516 2 1202308115.051508
0116162621333646424200000516 2 1202308115.051510
0110162021343646424200000516 2 1202308115.051512
0112162021343646424200000516 2 1202308115.051514
0116162021343646424200000516 2 1202308115.051515
0110162621343646424200000516 2 1202308115.051517
0112162621343646424200000516 2 1202308115.051519
0116162621343646424200000516 2 1202308115.051521
0110162021353646424200000516 2 1202308115.051523
0112162021353646424200000516 2 1202308115.051524
0116162021353646424200000516 2 1202308115.051526
0110162621353646424200000516 2 1202308115.051528
0112162621353646424200000516 2 1202308115.051530
0116162621353646424200000516 2 1202308115.051531
0110162021363646424200000516 1 1202308115.051534
0111162021363646424200000516 1 1202308115.051540
0112162021363646424200000516 1 1202308115.051541
0116162021363646424200000516 1 1202308115.051543
0110162121363646424200000516 1 1202308115.051549
0116162121363646424200000516 1 1202308115.051552
0111162521363646424200000516 1 1202308115.051559
0110162621363646424200000516 1 1202308115.051606
0111162621363646424200000516 1 1202308115.051612
0112162621363646424200000516 1 1202308115.051617
0116162621363646424200000516 1 1202308115.051622
0112162621343520454200000516 2 1202308115.051720
0112162621343526454200000516 2 1202308115.051907
0520103621153042464100001202 2 1202308115.053437
0520103621153042464200001202 2 1202308115.055100
0520103621153042464600001202 2 1202308115.060657
0524153621313144424110001202 2 1202308115.062320
0524105521353141464110001202 2 1202308115.063427
0524106521353141464110001202 2 1202308115.063428
0524105621353141464110001202 2 1202308115.063431
0524106621353141464110001202 2 1202308115.063433
0524105521363141464110001202 2 1202308115.063441
0524106521363141464110001202 2 1202308115.063443
0524105621363141464110001202 2 1202308115.063446
0524106621363141464110001202 2 1202308115.063447
0524103521313142464110001202 2 1202308115.063627
0524103621313142464110001202 2 1202308115.063629
0524153525313144464110001202 2 1202308115.063759
0524153625313144464110001202 2 1202308115.063801
0524153621313144424210001202 2 1202308115.065823
0524105521353141464210001202 2 1202308115.070821
0524106521353141464210001202 2 1202308115.070823
0524105621353141464210001202 2 1202308115.070826
0524106621353141464210001202 2 1202308115.070827
0524105521363141464210001202 2 1202308115.070836
0524106521363141464210001202 2 1202308115.070837
0524105621363141464210001202 2 1202308115.070840
0524106621363141464210001202 2 1202308115.070842
0524103521313142464210001202 2 1202308115.071005
0524103621313142464210001202 2 1202308115.071007
0524153525313144464210001202 2 1202308115.071103
0524153625313144464210001202 2 1202308115.071105
0524153621313144424510001202 2 1202308115.072753
0524105521353141464510001202 2 1202308115.073726
0524106521353141464510001202 2 1202308115.073728
0524105621353141464510001202 2 1202308115.073731
0524106621353141464510001202 2 1202308115.073732
0524105521363141464510001202 2 1202308115.073741
0524106521363141464510001202 2 1202308115.073743
0524105621363141464510001202 2 1202308115.073746
0524106621363141464510001202 2 1202308115.073747
0524103521313142464510001202 2 1202308115.073909
0524103621313142464510001202 2 1202308115.073911
0524153525313144464510001202 2 1202308115.074006
0524153625313144464510001202 2 1202308115.074008
0524153521313144424610001202 2 1202308115.075746
0524153621313144424610001202 2 1202308115.075748
0524105521353141464610001202 2 1202308115.080716
0524106521353141464610001202 2 1202308115.080717
0524105621353141464610001202 2 1202308115.080720
0524106621353141464610001202 2 1202308115.080722
0524105521363141464610001202 2 1202308115.080730
0524106521363141464610001202 2 1202308115.080732
0524105621363141464610001202 2 1202308115.080735
0524106621363141464610001202 2 1202308115.080736
0524103521313142464610001202 2 1202308115.080859
0524103621313142464610001202 2 1202308115.080901
0524153525313144464610001202 2 1202308115.080957
0524153625313144464610001202 2 1202308115.080959
