0414162021353144424100000114 2 1202308126.135754
0146102621353141424200000114 2 1202308126.140912
0146102621353022424200000114 2 1202308126.140945
0146102621353122424200000114 2 1202308126.140947
0146102621353042424200000114 2 1202308126.140957
0146102621353142424200000114 2 1202308126.141000
0146102621353642424200000114 2 1202308126.141023
0146102621353124424200000114 2 1202308126.141042
0646102621353124424200000114 2 1202308126.141044
0414162021353144424200000114 2 1202308126.141054
0146102621353144424200000114 2 1202308126.141057
0146102621353046424200000114 2 1202308126.141217
0146102621353146424200000114 2 1202308126.141221
