0612162521303040424100000611 1 1202308115.180547
0612162521303540424100000611 1 1202308115.180600
0612162521303044424100000611 1 1202308115.180749
0062102621353644424100000611 2 1202308115.180839
0612162521303046424100000611 1 1202308115.180940
0612162521303546424100000611 1 1202308115.180955
0612162521303040424200000611 1 1202308115.182039
0612162521303540424200000611 1 1202308115.182052
0612162521303044424200000611 1 1202308115.182241
0062102621353644424200000611 2 1202308115.182330
0612162521303046424200000611 1 1202308115.182431
0612162521303546424200000611 1 1202308115.182446
