0561106524343020414601621322 6 1202308115.054800
0561106524343021414601621322 6 1202308115.054850
0561106524343022414601621322 6 1202308115.055018
0561106524343024414601621322 6 1202308115.055151
0561106524343025414601621322 6 1202308115.055310
0515106524343125414601621322 6 1202308115.055315
0561106524343026414601621322 6 1202308115.055414
0561106620343126414601621322 2 1202308115.055416
0116106523343126414601621322 6 1202308115.055418
0424150021353141424601621322 2 1202308115.055641
0524103021153042424601621322 2 1202308115.055827
0444153021133142424601621322 2 1202308115.055847
0524103021153144424601621322 2 1202308115.060107
0145100121353045424601621322 2 1202308115.060226
0041105021353145424601621322 2 1202308115.060240
0145100121353145424601621322 2 1202308115.060243
0145100121353046424601621322 6 1202308115.060343
0145100121353146424601621322 2 1202308115.060352
0561106620343126454601621322 2 1202308115.061023
0154103025103144424111621322 6 1202308115.062232
0114105025303144424111621322 6 1202308115.062234
0154103025103144424211621322 6 1202308115.064151
0114105025303144424211621322 6 1202308115.064152
0154103025103144424511621322 6 1202308115.070054
0114105025303144424511621322 6 1202308115.070056
0154103025103144424611621322 6 1202308115.072154
0114105025303144424611621322 6 1202308115.072156
