0524123225163545414110001615 2 1202308152.024732
0524153525163142424110001615 2 1202308152.025157
0564152521303144424110001615 1 1202308152.025425
0564152525303144424110001615 1 1202308152.025426
0564152521313144424110001615 2 1202308152.025428
0564152525313144424110001615 2 1202308152.025429
0564152521333144424110001615 2 1202308152.025431
0564152525333144424110001615 2 1202308152.025432
0564152521343144424110001615 2 1202308152.025434
0564152525343144424110001615 2 1202308152.025435
0564152521353144424110001615 1 1202308152.025437
0564152525353144424110001615 1 1202308152.025438
0524103521163144424110001615 2 1202308152.025441
0524153521163144424110001615 2 1202308152.025442
0524103525163144424110001615 2 1202308152.025444
0524153525163144424110001615 2 1202308152.025445
0564152521363144424110001615 2 1202308152.025446
0564152525363144424110001615 2 1202308152.025448
0524153521663144424110001615 2 1202308152.025449
0524153525663144424110001615 2 1202308152.025450
0524153021163545424110001615 2 1202308152.025632
0524153521163545424110001615 2 1202308152.025633
0524123225163545414210001615 2 1202308152.031555
0524153525163142424210001615 2 1202308152.031949
0564152521303144424210001615 1 1202308152.032121
0564152525303144424210001615 1 1202308152.032122
0564152521313144424210001615 2 1202308152.032124
0564152525313144424210001615 2 1202308152.032125
0564152521333144424210001615 2 1202308152.032126
0564152525333144424210001615 2 1202308152.032128
0564152521343144424210001615 2 1202308152.032129
0564152525343144424210001615 2 1202308152.032130
0564152521353144424210001615 1 1202308152.032132
0564152525353144424210001615 1 1202308152.032133
0524103521163144424210001615 2 1202308152.032136
0524153521163144424210001615 2 1202308152.032137
0524103525163144424210001615 2 1202308152.032139
0524153525163144424210001615 2 1202308152.032140
0564152521363144424210001615 2 1202308152.032141
0564152525363144424210001615 2 1202308152.032142
0524153521663144424210001615 2 1202308152.032144
0524153525663144424210001615 2 1202308152.032145
0524153021163545424210001615 2 1202308152.032252
0524153521163545424210001615 2 1202308152.032253
0524123225163545414510001615 2 1202308152.034114
0524153525163142424510001615 2 1202308152.034458
0564152521303144424510001615 1 1202308152.034625
0564152525303144424510001615 1 1202308152.034626
0564152521313144424510001615 2 1202308152.034628
0564152525313144424510001615 2 1202308152.034629
0564152521333144424510001615 2 1202308152.034630
0564152525333144424510001615 2 1202308152.034632
0564152521343144424510001615 2 1202308152.034633
0564152525343144424510001615 2 1202308152.034634
0564152521353144424510001615 1 1202308152.034636
0564152525353144424510001615 1 1202308152.034637
0524103521163144424510001615 2 1202308152.034639
0524153521163144424510001615 2 1202308152.034640
0524103525163144424510001615 2 1202308152.034642
0524153525163144424510001615 2 1202308152.034643
0564152521363144424510001615 2 1202308152.034645
0564152525363144424510001615 2 1202308152.034646
0524153521663144424510001615 2 1202308152.034647
0524153525663144424510001615 2 1202308152.034649
0524153021163545424510001615 2 1202308152.034750
0524153521163545424510001615 2 1202308152.034752
0524123225163545414610001615 2 1202308152.040630
0524153525163142424610001615 2 1202308152.041245
0564152521303144424610001615 1 1202308152.041506
0564152525303144424610001615 1 1202308152.041508
0564152521313144424610001615 2 1202308152.041510
0524153521313144424610001615 2 1202308152.041511
0564152525313144424610001615 2 1202308152.041514
0564152521333144424610001615 2 1202308152.041516
0564152525333144424610001615 2 1202308152.041517
0564152521343144424610001615 2 1202308152.041519
0564152525343144424610001615 2 1202308152.041520
0564152521353144424610001615 1 1202308152.041523
0564152525353144424610001615 1 1202308152.041526
0524103521163144424610001615 2 1202308152.041528
0524153521163144424610001615 2 1202308152.041529
0524103525163144424610001615 2 1202308152.041531
0524153525163144424610001615 2 1202308152.041532
0564152521363144424610001615 2 1202308152.041533
0564152525363144424610001615 2 1202308152.041535
0524153521663144424610001615 2 1202308152.041537
0524153525663144424610001615 2 1202308152.041538
0524153021163545424610001615 2 1202308152.041805
0524153521163545424610001615 2 1202308152.041806
