0154103020103140464113631226 6 1202308141.093755
0114105020303140464113631226 6 1202308141.093756
0154103020103144464113631226 6 1202308141.093923
0154103021103144464113631226 2 1202308141.093924
0114105020303144464113631226 6 1202308141.093925
0114105021303144464113631226 2 1202308141.093927
0154103020103140464213631226 6 1202308141.095733
0114105020303140464213631226 6 1202308141.095735
0154103020103144464213631226 6 1202308141.095900
0154103021103144464213631226 2 1202308141.095902
0114105020303144464213631226 6 1202308141.095903
0114105021303144464213631226 2 1202308141.095904
0154103020103140464513631226 6 1202308141.101638
0114105020303140464513631226 6 1202308141.101639
0154103020103144464513631226 6 1202308141.101816
0154103021103144464513631226 2 1202308141.101817
0114105020303144464513631226 6 1202308141.101819
0114105021303144464513631226 2 1202308141.101821
0154103020103140464613631226 6 1202308141.103623
0114105020303140464613631226 6 1202308141.103624
0154103020103144464613631226 6 1202308141.103754
0154103021103144464613631226 2 1202308141.103755
0114105020303144464613631226 6 1202308141.103756
0114105021303144464613631226 2 1202308141.103758
