0524153521313144424610002353 2 1202308115.050533
0564153521103144424110001526 2 1202308115.064946
0564153525103144424110001526 2 1202308115.064947
0564153526103144424110001526 6 1202308115.064948
0514156521303144424110001526 2 1202308115.064950
0514156525303144424110001526 2 1202308115.064953
0514156526303144424110001526 6 1202308115.064955
0564153521113144424110001526 2 1202308115.064957
0564153525113144424110001526 2 1202308115.064958
0514156521313144424110001526 2 1202308115.065000
0514156525313144424110001526 2 1202308115.065001
0564153521133144424110001526 2 1202308115.065003
0564153525133144424110001526 2 1202308115.065005
0514156521333144424110001526 2 1202308115.065006
0514156525333144424110001526 2 1202308115.065008
0564153521143144424110001526 2 1202308115.065010
0564153525143144424110001526 2 1202308115.065011
0514156521343144424110001526 2 1202308115.065012
0514156525343144424110001526 2 1202308115.065014
0564153521153144424110001526 2 1202308115.065015
0564153525153144424110001526 2 1202308115.065017
0564153526153144424110001526 6 1202308115.065019
0514156521353144424110001526 2 1202308115.065021
0514156525353144424110001526 2 1202308115.065024
0514156526353144424110001526 6 1202308115.065028
0564153521163144424110001526 2 1202308115.065029
0564153525163144424110001526 2 1202308115.065031
0514156521363144424110001526 2 1202308115.065032
0514156525363144424110001526 2 1202308115.065034
0621156225433101454110001526 1 1202308115.070416
0621156225433111454110001526 1 1202308115.070429
0621156225433121454110001526 1 1202308115.070443
0621156225433141454110001526 1 1202308115.070500
0621156225433151454110001526 1 1202308115.070513
0621156225433161454110001526 1 1202308115.070526
0621156020433112454110001526 1 1202308115.070549
0621156120433112454110001526 1 1202308115.070550
0621156220433112454110001526 1 1202308115.070551
0621156520433112454110001526 1 1202308115.070552
0621156521433112454110001526 1 1202308115.070553
0621156020433162454110001526 1 1202308115.070635
0621156120433162454110001526 1 1202308115.070636
0621156220433162454110001526 1 1202308115.070637
0621156520433162454110001526 1 1202308115.070638
0621156521433162454110001526 1 1202308115.070639
0564153521103144424210001526 2 1202308115.073945
0564153525103144424210001526 2 1202308115.073946
0564153526103144424210001526 6 1202308115.073948
0514156521303144424210001526 2 1202308115.073949
0514156525303144424210001526 2 1202308115.073951
0514156526303144424210001526 6 1202308115.073953
0564153521113144424210001526 2 1202308115.073954
0564153525113144424210001526 2 1202308115.073956
0514156521313144424210001526 2 1202308115.073957
0514156525313144424210001526 2 1202308115.073959
0564153521133144424210001526 2 1202308115.074001
0564153525133144424210001526 2 1202308115.074002
0514156521333144424210001526 2 1202308115.074003
0514156525333144424210001526 2 1202308115.074005
0564153521143144424210001526 2 1202308115.074006
0564153525143144424210001526 2 1202308115.074007
0514156521343144424210001526 2 1202308115.074009
0514156525343144424210001526 2 1202308115.074010
0564153521153144424210001526 2 1202308115.074011
0564153525153144424210001526 2 1202308115.074013
0564153526153144424210001526 6 1202308115.074015
0514156521353144424210001526 2 1202308115.074017
0514156525353144424210001526 2 1202308115.074019
0514156526353144424210001526 6 1202308115.074022
0564153521163144424210001526 2 1202308115.074024
0564153525163144424210001526 2 1202308115.074025
0514156521363144424210001526 2 1202308115.074026
0514156525363144424210001526 2 1202308115.074028
0621156225433101454210001526 1 1202308115.075055
0621156225433111454210001526 1 1202308115.075109
0621156225433121454210001526 1 1202308115.075124
0621156225433141454210001526 1 1202308115.075143
0621156225433151454210001526 1 1202308115.075156
0621156225433161454210001526 1 1202308115.075210
0621156020433112454210001526 1 1202308115.075234
0621156120433112454210001526 1 1202308115.075235
0621156220433112454210001526 1 1202308115.075236
0621156520433112454210001526 1 1202308115.075237
0621156521433112454210001526 1 1202308115.075238
0621156020433162454210001526 1 1202308115.075320
0621156120433162454210001526 1 1202308115.075321
0621156220433162454210001526 1 1202308115.075322
0621156520433162454210001526 1 1202308115.075323
0621156521433162454210001526 1 1202308115.075324
0564153521103144424510001526 2 1202308115.082615
0564153525103144424510001526 2 1202308115.082616
0564153526103144424510001526 6 1202308115.082618
0514156521303144424510001526 2 1202308115.082619
0514156525303144424510001526 2 1202308115.082621
0514156526303144424510001526 6 1202308115.082623
0564153521113144424510001526 2 1202308115.082624
0564153525113144424510001526 2 1202308115.082625
0514156521313144424510001526 2 1202308115.082627
0514156525313144424510001526 2 1202308115.082628
0564153521133144424510001526 2 1202308115.082630
0564153525133144424510001526 2 1202308115.082631
0514156521333144424510001526 2 1202308115.082633
0514156525333144424510001526 2 1202308115.082634
0564153521143144424510001526 2 1202308115.082635
0564153525143144424510001526 2 1202308115.082637
0514156521343144424510001526 2 1202308115.082638
0514156525343144424510001526 2 1202308115.082639
0564153521153144424510001526 2 1202308115.082641
0564153525153144424510001526 2 1202308115.082642
0564153526153144424510001526 6 1202308115.082644
0514156521353144424510001526 2 1202308115.082646
0514156525353144424510001526 2 1202308115.082648
0514156526353144424510001526 6 1202308115.082651
0564153521163144424510001526 2 1202308115.082653
0564153525163144424510001526 2 1202308115.082654
0514156521363144424510001526 2 1202308115.082655
0514156525363144424510001526 2 1202308115.082657
0621156225433101454510001526 1 1202308115.083545
0621156225433111454510001526 1 1202308115.083558
0621156225433121454510001526 1 1202308115.083611
0621156225433141454510001526 1 1202308115.083629
0621156225433151454510001526 1 1202308115.083641
0621156225433161454510001526 1 1202308115.083654
0621156020433112454510001526 1 1202308115.083716
0621156120433112454510001526 1 1202308115.083717
0621156220433112454510001526 1 1202308115.083718
0621156520433112454510001526 1 1202308115.083719
0621156521433112454510001526 1 1202308115.083720
0621156020433162454510001526 1 1202308115.083758
0621156120433162454510001526 1 1202308115.083759
0621156220433162454510001526 1 1202308115.083800
0621156520433162454510001526 1 1202308115.083801
0621156521433162454510001526 1 1202308115.083802
0564153521103144424610001526 2 1202308115.091316
0564153525103144424610001526 2 1202308115.091318
0564153526103144424610001526 6 1202308115.091319
0514156521303144424610001526 2 1202308115.091321
0514156525303144424610001526 2 1202308115.091323
0514156526303144424610001526 6 1202308115.091324
0564153521113144424610001526 2 1202308115.091326
0564153525113144424610001526 2 1202308115.091328
0524153521313144424610001526 2 1202308115.091330
0514156521313144424610001526 2 1202308115.091331
0514156525313144424610001526 2 1202308115.091334
0564153521133144424610001526 2 1202308115.091342
0564153525133144424610001526 2 1202308115.091345
0514156521333144424610001526 2 1202308115.091347
0514156525333144424610001526 2 1202308115.091351
0564153521143144424610001526 2 1202308115.091401
0564153525143144424610001526 2 1202308115.091402
0514156521343144424610001526 2 1202308115.091404
0514156525343144424610001526 2 1202308115.091405
0564153521153144424610001526 2 1202308115.091407
0564153525153144424610001526 2 1202308115.091409
0564153526153144424610001526 6 1202308115.091410
0514156521353144424610001526 2 1202308115.091413
0514156525353144424610001526 2 1202308115.091416
0514156526353144424610001526 6 1202308115.091419
0564153521163144424610001526 2 1202308115.091421
0564153525163144424610001526 2 1202308115.091422
0514156521363144424610001526 2 1202308115.091423
0514156525363144424610001526 2 1202308115.091425
0621156225433101454610001526 1 1202308115.092546
0621156225433111454610001526 1 1202308115.092559
0621156225433121454610001526 1 1202308115.092613
0621156225433141454610001526 1 1202308115.092631
0621156225433151454610001526 1 1202308115.092643
0621156225433161454610001526 1 1202308115.092656
0621156020433112454610001526 1 1202308115.092719
0621156120433112454610001526 1 1202308115.092720
0621156220433112454610001526 1 1202308115.092721
0621156520433112454610001526 1 1202308115.092722
0621156521433112454610001526 1 1202308115.092723
0621156020433162454610001526 1 1202308115.092804
0621156120433162454610001526 1 1202308115.092805
0621156220433162454610001526 1 1202308115.092806
0621156520433162454610001526 1 1202308115.092807
0621156521433162454610001526 1 1202308115.092808
