0524123225163545414110001115 2 1202308115.111039
0524105526353141424110001115 2 1202308115.111410
0524100126333641424110001115 2 1202308115.111428
0524105126333641424110001115 2 1202308115.111429
0524100526333641424110001115 2 1202308115.111430
0524105526333641424110001115 2 1202308115.111431
0524100626333641424110001115 2 1202308115.111433
0524105626333641424110001115 2 1202308115.111434
0124100126363641424110001115 2 1202308115.111444
0124100526363641424110001115 2 1202308115.111446
0524103526313142424110001115 2 1202308115.111607
0524153525163142424110001115 2 1202308115.111621
0524153526163142424110001115 2 1202308115.111623
0524153026103642424110001115 2 1202308115.111715
0524153026603642424110001115 2 1202308115.111719
0524153026153642424110001115 2 1202308115.111734
0124103021163642424110001115 2 1202308115.111740
0524103021163642424110001115 2 1202308115.111741
0124103025163642424110001115 2 1202308115.111742
0524103025163642424110001115 2 1202308115.111744
0524153025163642424110001115 2 1202308115.111745
0564152521303144424110001115 1 1202308115.111956
0564152525303144424110001115 1 1202308115.111957
0124153026603144424110001115 2 1202308115.112001
0564152521313144424110001115 2 1202308115.112003
0564152525313144424110001115 2 1202308115.112005
0564152521333144424110001115 2 1202308115.112010
0564152525333144424110001115 2 1202308115.112011
0564152521343144424110001115 2 1202308115.112015
0564152525343144424110001115 2 1202308115.112017
0564152521353144424110001115 1 1202308115.112019
0564152525353144424110001115 1 1202308115.112021
0524103521163144424110001115 2 1202308115.112029
0524153521163144424110001115 2 1202308115.112030
0524103525163144424110001115 2 1202308115.112032
0524153525163144424110001115 2 1202308115.112033
0524153526163144424110001115 2 1202308115.112034
0564152521363144424110001115 2 1202308115.112035
0564152525363144424110001115 2 1202308115.112037
0524153521663144424110001115 2 1202308115.112040
0524153525663144424110001115 2 1202308115.112041
0164102021303644424110001115 1 1202308115.112112
0564102021303644424110001115 1 1202308115.112113
0164102025303644424110001115 1 1202308115.112116
0564102025303644424110001115 1 1202308115.112118
0164102026303644424110001115 1 1202308115.112119
0564102026303644424110001115 1 1202308115.112120
0524153526603644424110001115 2 1202308115.112127
0164102021313644424110001115 2 1202308115.112130
0564102021313644424110001115 2 1202308115.112131
0164102025313644424110001115 2 1202308115.112133
0564102025313644424110001115 2 1202308115.112135
0164102026313644424110001115 2 1202308115.112137
0564102026313644424110001115 2 1202308115.112138
0124103026313644424110001115 2 1202308115.112139
0524103026313644424110001115 2 1202308115.112140
0164102021333644424110001115 2 1202308115.112147
0564102021333644424110001115 2 1202308115.112148
0164102025333644424110001115 2 1202308115.112151
0564102025333644424110001115 2 1202308115.112152
0164102026333644424110001115 2 1202308115.112154
0564102026333644424110001115 2 1202308115.112155
0164102021343644424110001115 2 1202308115.112201
0564102021343644424110001115 2 1202308115.112202
0164102025343644424110001115 2 1202308115.112204
0564102025343644424110001115 2 1202308115.112206
0164102026343644424110001115 2 1202308115.112207
0564102026343644424110001115 2 1202308115.112208
0164102021353644424110001115 1 1202308115.112212
0564102021353644424110001115 1 1202308115.112214
0164102025353644424110001115 1 1202308115.112217
0564102025353644424110001115 1 1202308115.112218
0164102026353644424110001115 1 1202308115.112221
0564102026353644424110001115 1 1202308115.112222
0124103021163644424110001115 2 1202308115.112229
0524103021163644424110001115 2 1202308115.112230
0524153021163644424110001115 2 1202308115.112231
0524103521163644424110001115 2 1202308115.112233
0124103025163644424110001115 2 1202308115.112234
0524103025163644424110001115 2 1202308115.112235
0524153025163644424110001115 2 1202308115.112236
0524103525163644424110001115 2 1202308115.112237
0524153525163644424110001115 2 1202308115.112239
0124103026163644424110001115 2 1202308115.112240
0524103026163644424110001115 2 1202308115.112241
0524103526163644424110001115 2 1202308115.112242
0164102021363644424110001115 2 1202308115.112243
0564102021363644424110001115 2 1202308115.112244
0164102025363644424110001115 2 1202308115.112247
0564102025363644424110001115 2 1202308115.112248
0164102026363644424110001115 2 1202308115.112249
0564102026363644424110001115 2 1202308115.112250
0124103021663644424110001115 2 1202308115.112253
0524103021663644424110001115 2 1202308115.112254
0124103025663644424110001115 2 1202308115.112256
0524103025663644424110001115 2 1202308115.112257
0124103026663644424110001115 2 1202308115.112258
0524103026663644424110001115 2 1202308115.112259
0124103026163145424110001115 2 1202308115.112446
0524103026163145424110001115 2 1202308115.112447
0524153021163545424110001115 2 1202308115.112506
0524153521163545424110001115 2 1202308115.112508
0124103026163545424110001115 2 1202308115.112517
0524103026163545424110001115 2 1202308115.112518
0524103526163545424110001115 2 1202308115.112520
0564102526303645424110001115 1 1202308115.112527
0124153026603645424110001115 2 1202308115.112530
0524103521313645424110001115 2 1202308115.112534
0524103525313645424110001115 2 1202308115.112536
0564102526313645424110001115 2 1202308115.112540
0524103526313645424110001115 2 1202308115.112541
0124105526313645424110001115 2 1202308115.112542
0524100126333645424110001115 2 1202308115.112544
0524105126333645424110001115 2 1202308115.112545
0524100526333645424110001115 2 1202308115.112546
0524102526333645424110001115 2 1202308115.112547
0564102526333645424110001115 2 1202308115.112548
0524103526333645424110001115 2 1202308115.112550
0524105526333645424110001115 2 1202308115.112551
0524100626333645424110001115 2 1202308115.112552
0524105626333645424110001115 2 1202308115.112553
0564102526343645424110001115 2 1202308115.112555
0564102526353645424110001115 1 1202308115.112607
0524103526163645424110001115 2 1202308115.112614
0124100126363645424110001115 2 1202308115.112616
0124100526363645424110001115 2 1202308115.112617
0564102526363645424110001115 2 1202308115.112618
0524103526663645424110001115 2 1202308115.112620
0524100126313146424110001115 2 1202308115.112742
0524100526313146424110001115 2 1202308115.112744
0524100126353146424110001115 2 1202308115.112752
0524100526353146424110001115 2 1202308115.112754
0524105526353146424110001115 2 1202308115.112756
0524100126333646424110001115 2 1202308115.112818
0524105126333646424110001115 2 1202308115.112820
0524100526333646424110001115 2 1202308115.112821
0524105526333646424110001115 2 1202308115.112822
0524100626333646424110001115 2 1202308115.112823
0524105626333646424110001115 2 1202308115.112824
0524123225163545414210001115 2 1202308115.114731
0524105526353141424210001115 2 1202308115.115054
0524100126333641424210001115 2 1202308115.115113
0524105126333641424210001115 2 1202308115.115114
0524100526333641424210001115 2 1202308115.115115
0524105526333641424210001115 2 1202308115.115116
0524100626333641424210001115 2 1202308115.115117
0524105626333641424210001115 2 1202308115.115119
0124100126363641424210001115 2 1202308115.115130
0124100526363641424210001115 2 1202308115.115131
0524103526313142424210001115 2 1202308115.115213
0524153525163142424210001115 2 1202308115.115225
0524153526163142424210001115 2 1202308115.115226
0524153026103642424210001115 2 1202308115.115315
0524153026603642424210001115 2 1202308115.115320
0524153026153642424210001115 2 1202308115.115327
0124103021163642424210001115 2 1202308115.115333
0524103021163642424210001115 2 1202308115.115335
0124103025163642424210001115 2 1202308115.115336
0524103025163642424210001115 2 1202308115.115337
0524153025163642424210001115 2 1202308115.115338
0564152521303144424210001115 1 1202308115.115433
0564152525303144424210001115 1 1202308115.115435
0124153026603144424210001115 2 1202308115.115439
0564152521313144424210001115 2 1202308115.115441
0564152525313144424210001115 2 1202308115.115442
0564152521333144424210001115 2 1202308115.115446
0564152525333144424210001115 2 1202308115.115448
0564152521343144424210001115 2 1202308115.115450
0564152525343144424210001115 2 1202308115.115451
0564152521353144424210001115 1 1202308115.115454
0564152525353144424210001115 1 1202308115.115456
0524103521163144424210001115 2 1202308115.115504
0524153521163144424210001115 2 1202308115.115505
0524103525163144424210001115 2 1202308115.115507
0524153525163144424210001115 2 1202308115.115508
0524153526163144424210001115 2 1202308115.115509
0564152521363144424210001115 2 1202308115.115510
0564152525363144424210001115 2 1202308115.115512
0524153521663144424210001115 2 1202308115.115514
0524153525663144424210001115 2 1202308115.115516
0164102021303644424210001115 1 1202308115.115542
0564102021303644424210001115 1 1202308115.115543
0164102025303644424210001115 1 1202308115.115546
0564102025303644424210001115 1 1202308115.115547
0164102026303644424210001115 1 1202308115.115549
0564102026303644424210001115 1 1202308115.115550
0524153526603644424210001115 2 1202308115.115557
0164102021313644424210001115 2 1202308115.115600
0564102021313644424210001115 2 1202308115.115601
0164102025313644424210001115 2 1202308115.115604
0564102025313644424210001115 2 1202308115.115605
0164102026313644424210001115 2 1202308115.115607
0564102026313644424210001115 2 1202308115.115608
0124103026313644424210001115 2 1202308115.115609
0524103026313644424210001115 2 1202308115.115610
0164102021333644424210001115 2 1202308115.115614
0564102021333644424210001115 2 1202308115.115616
0164102025333644424210001115 2 1202308115.115618
0564102025333644424210001115 2 1202308115.115619
0164102026333644424210001115 2 1202308115.115620
0564102026333644424210001115 2 1202308115.115622
0164102021343644424210001115 2 1202308115.115624
0564102021343644424210001115 2 1202308115.115625
0164102025343644424210001115 2 1202308115.115627
0564102025343644424210001115 2 1202308115.115629
0164102026343644424210001115 2 1202308115.115630
0564102026343644424210001115 2 1202308115.115631
0164102021353644424210001115 1 1202308115.115636
0564102021353644424210001115 1 1202308115.115637
0164102025353644424210001115 1 1202308115.115641
0564102025353644424210001115 1 1202308115.115642
0164102026353644424210001115 1 1202308115.115644
0564102026353644424210001115 1 1202308115.115645
0124103021163644424210001115 2 1202308115.115652
0524103021163644424210001115 2 1202308115.115654
0524153021163644424210001115 2 1202308115.115655
0524103521163644424210001115 2 1202308115.115656
0124103025163644424210001115 2 1202308115.115657
0524103025163644424210001115 2 1202308115.115658
0524153025163644424210001115 2 1202308115.115659
0524103525163644424210001115 2 1202308115.115701
0524153525163644424210001115 2 1202308115.115702
0124103026163644424210001115 2 1202308115.115703
0524103026163644424210001115 2 1202308115.115704
0524103526163644424210001115 2 1202308115.115705
0164102021363644424210001115 2 1202308115.115707
0564102021363644424210001115 2 1202308115.115708
0164102025363644424210001115 2 1202308115.115710
0564102025363644424210001115 2 1202308115.115711
0164102026363644424210001115 2 1202308115.115713
0564102026363644424210001115 2 1202308115.115714
0124103021663644424210001115 2 1202308115.115716
0524103021663644424210001115 2 1202308115.115717
0124103025663644424210001115 2 1202308115.115719
0524103025663644424210001115 2 1202308115.115720
0124103026663644424210001115 2 1202308115.115722
0524103026663644424210001115 2 1202308115.115723
0124103026163145424210001115 2 1202308115.115830
0524103026163145424210001115 2 1202308115.115832
0524153021163545424210001115 2 1202308115.115851
0524153521163545424210001115 2 1202308115.115852
0124103026163545424210001115 2 1202308115.115902
0524103026163545424210001115 2 1202308115.115903
0524103526163545424210001115 2 1202308115.115904
0564102526303645424210001115 1 1202308115.115912
0124153026603645424210001115 2 1202308115.115915
0524103521313645424210001115 2 1202308115.115918
0524103525313645424210001115 2 1202308115.115920
0564102526313645424210001115 2 1202308115.115924
0524103526313645424210001115 2 1202308115.115925
0124105526313645424210001115 2 1202308115.115927
0524100126333645424210001115 2 1202308115.115928
0524105126333645424210001115 2 1202308115.115929
0524100526333645424210001115 2 1202308115.115931
0524102526333645424210001115 2 1202308115.115932
0564102526333645424210001115 2 1202308115.115933
0524103526333645424210001115 2 1202308115.115934
0524105526333645424210001115 2 1202308115.115935
0524100626333645424210001115 2 1202308115.115937
0524105626333645424210001115 2 1202308115.115938
0564102526343645424210001115 2 1202308115.115939
0564102526353645424210001115 1 1202308115.115952
0524103526163645424210001115 2 1202308115.115959
0124100126363645424210001115 2 1202308115.120000
0124100526363645424210001115 2 1202308115.120002
0564102526363645424210001115 2 1202308115.120003
0524103526663645424210001115 2 1202308115.120004
0524100126313146424210001115 2 1202308115.120056
0524100526313146424210001115 2 1202308115.120057
0524100126353146424210001115 2 1202308115.120103
0524100526353146424210001115 2 1202308115.120105
0524105526353146424210001115 2 1202308115.120107
0524100126333646424210001115 2 1202308115.120124
0524105126333646424210001115 2 1202308115.120126
0524100526333646424210001115 2 1202308115.120127
0524105526333646424210001115 2 1202308115.120128
0524100626333646424210001115 2 1202308115.120129
0524105626333646424210001115 2 1202308115.120130
0524123225163545414510001115 2 1202308115.121955
0524105526353141424510001115 2 1202308115.122313
0524100126333641424510001115 2 1202308115.122330
0524105126333641424510001115 2 1202308115.122331
0524100526333641424510001115 2 1202308115.122333
0524105526333641424510001115 2 1202308115.122334
0524100626333641424510001115 2 1202308115.122335
0524105626333641424510001115 2 1202308115.122336
0124100126363641424510001115 2 1202308115.122347
0124100526363641424510001115 2 1202308115.122348
0524103526313142424510001115 2 1202308115.122428
0524153525163142424510001115 2 1202308115.122439
0524153526163142424510001115 2 1202308115.122441
0524153026103642424510001115 2 1202308115.122529
0524153026603642424510001115 2 1202308115.122534
0524153026153642424510001115 2 1202308115.122540
0124103021163642424510001115 2 1202308115.122546
0524103021163642424510001115 2 1202308115.122548
0124103025163642424510001115 2 1202308115.122549
0524103025163642424510001115 2 1202308115.122550
0524153025163642424510001115 2 1202308115.122552
0564152521303144424510001115 1 1202308115.122642
0564152525303144424510001115 1 1202308115.122643
0124153026603144424510001115 2 1202308115.122648
0564152521313144424510001115 2 1202308115.122650
0564152525313144424510001115 2 1202308115.122651
0564152521333144424510001115 2 1202308115.122655
0564152525333144424510001115 2 1202308115.122656
0564152521343144424510001115 2 1202308115.122659
0564152525343144424510001115 2 1202308115.122700
0564152521353144424510001115 1 1202308115.122703
0564152525353144424510001115 1 1202308115.122705
0524103521163144424510001115 2 1202308115.122712
0524153521163144424510001115 2 1202308115.122713
0524103525163144424510001115 2 1202308115.122715
0524153525163144424510001115 2 1202308115.122716
0524153526163144424510001115 2 1202308115.122717
0564152521363144424510001115 2 1202308115.122719
0564152525363144424510001115 2 1202308115.122720
0524153521663144424510001115 2 1202308115.122723
0524153525663144424510001115 2 1202308115.122724
0164102021303644424510001115 1 1202308115.122750
0564102021303644424510001115 1 1202308115.122751
0164102025303644424510001115 1 1202308115.122754
0564102025303644424510001115 1 1202308115.122755
0164102026303644424510001115 1 1202308115.122757
0564102026303644424510001115 1 1202308115.122758
0524153526603644424510001115 2 1202308115.122805
0164102021313644424510001115 2 1202308115.122807
0564102021313644424510001115 2 1202308115.122809
0164102025313644424510001115 2 1202308115.122811
0564102025313644424510001115 2 1202308115.122813
0164102026313644424510001115 2 1202308115.122815
0564102026313644424510001115 2 1202308115.122816
0124103026313644424510001115 2 1202308115.122817
0524103026313644424510001115 2 1202308115.122818
0164102021333644424510001115 2 1202308115.122822
0564102021333644424510001115 2 1202308115.122823
0164102025333644424510001115 2 1202308115.122826
0564102025333644424510001115 2 1202308115.122827
0164102026333644424510001115 2 1202308115.122828
0564102026333644424510001115 2 1202308115.122829
0164102021343644424510001115 2 1202308115.122832
0564102021343644424510001115 2 1202308115.122833
0164102025343644424510001115 2 1202308115.122835
0564102025343644424510001115 2 1202308115.122836
0164102026343644424510001115 2 1202308115.122837
0564102026343644424510001115 2 1202308115.122839
0164102021353644424510001115 1 1202308115.122843
0564102021353644424510001115 1 1202308115.122844
0164102025353644424510001115 1 1202308115.122848
0564102025353644424510001115 1 1202308115.122849
0164102026353644424510001115 1 1202308115.122852
0564102026353644424510001115 1 1202308115.122853
0124103021163644424510001115 2 1202308115.122900
0524103021163644424510001115 2 1202308115.122901
0524153021163644424510001115 2 1202308115.122902
0524103521163644424510001115 2 1202308115.122903
0124103025163644424510001115 2 1202308115.122904
0524103025163644424510001115 2 1202308115.122905
0524153025163644424510001115 2 1202308115.122907
0524103525163644424510001115 2 1202308115.122908
0524153525163644424510001115 2 1202308115.122909
0124103026163644424510001115 2 1202308115.122910
0524103026163644424510001115 2 1202308115.122911
0524103526163644424510001115 2 1202308115.122913
0164102021363644424510001115 2 1202308115.122914
0564102021363644424510001115 2 1202308115.122915
0164102025363644424510001115 2 1202308115.122917
0564102025363644424510001115 2 1202308115.122918
0164102026363644424510001115 2 1202308115.122920
0564102026363644424510001115 2 1202308115.122921
0124103021663644424510001115 2 1202308115.122923
0524103021663644424510001115 2 1202308115.122924
0124103025663644424510001115 2 1202308115.122926
0524103025663644424510001115 2 1202308115.122928
0124103026663644424510001115 2 1202308115.122929
0524103026663644424510001115 2 1202308115.122930
0124103026163145424510001115 2 1202308115.123034
0524103026163145424510001115 2 1202308115.123035
0524153021163545424510001115 2 1202308115.123054
0524153521163545424510001115 2 1202308115.123055
0124103026163545424510001115 2 1202308115.123104
0524103026163545424510001115 2 1202308115.123106
0524103526163545424510001115 2 1202308115.123107
0564102526303645424510001115 1 1202308115.123115
0124153026603645424510001115 2 1202308115.123118
0524103521313645424510001115 2 1202308115.123121
0524103525313645424510001115 2 1202308115.123123
0564102526313645424510001115 2 1202308115.123127
0524103526313645424510001115 2 1202308115.123128
0124105526313645424510001115 2 1202308115.123129
0524100126333645424510001115 2 1202308115.123131
0524105126333645424510001115 2 1202308115.123132
0524100526333645424510001115 2 1202308115.123133
0524102526333645424510001115 2 1202308115.123135
0564102526333645424510001115 2 1202308115.123136
0524103526333645424510001115 2 1202308115.123137
0524105526333645424510001115 2 1202308115.123138
0524100626333645424510001115 2 1202308115.123139
0524105626333645424510001115 2 1202308115.123141
0564102526343645424510001115 2 1202308115.123142
0564102526353645424510001115 1 1202308115.123154
0524103526163645424510001115 2 1202308115.123202
0124100126363645424510001115 2 1202308115.123203
0124100526363645424510001115 2 1202308115.123204
0564102526363645424510001115 2 1202308115.123205
0524103526663645424510001115 2 1202308115.123207
0524100126313146424510001115 2 1202308115.123254
0524100526313146424510001115 2 1202308115.123256
0524100126353146424510001115 2 1202308115.123302
0524100526353146424510001115 2 1202308115.123304
0524105526353146424510001115 2 1202308115.123305
0524100126333646424510001115 2 1202308115.123322
0524105126333646424510001115 2 1202308115.123324
0524100526333646424510001115 2 1202308115.123325
0524105526333646424510001115 2 1202308115.123326
0524100626333646424510001115 2 1202308115.123327
0524105626333646424510001115 2 1202308115.123328
0524123225163545414610001115 2 1202308115.125210
0524105526353141424610001115 2 1202308115.125745
0524100126333641424610001115 2 1202308115.125813
0524105126333641424610001115 2 1202308115.125814
0524100526333641424610001115 2 1202308115.125815
0524105526333641424610001115 2 1202308115.125817
0524100626333641424610001115 2 1202308115.125818
0524105626333641424610001115 2 1202308115.125819
0124100126363641424610001115 2 1202308115.125833
0124100526363641424610001115 2 1202308115.125834
0524103526313142424610001115 2 1202308115.125947
0524153525163142424610001115 2 1202308115.130005
0524153526163142424610001115 2 1202308115.130006
0524153026103642424610001115 2 1202308115.130106
0524153026603642424610001115 2 1202308115.130114
0524153026153642424610001115 2 1202308115.130124
0124103021163642424610001115 2 1202308115.130134
0524103021163642424610001115 2 1202308115.130135
0124103025163642424610001115 2 1202308115.130136
0524103025163642424610001115 2 1202308115.130137
0524153025163642424610001115 2 1202308115.130139
0564152521303144424610001115 1 1202308115.130314
0564152525303144424610001115 1 1202308115.130316
0124153026603144424610001115 2 1202308115.130321
0564152521313144424610001115 2 1202308115.130323
0524153521313144424610001115 2 1202308115.130325
0564152525313144424610001115 2 1202308115.130327
0564152521333144424610001115 2 1202308115.130332
0564152525333144424610001115 2 1202308115.130333
0564152521343144424610001115 2 1202308115.130336
0564152525343144424610001115 2 1202308115.130338
0564152521353144424610001115 1 1202308115.130342
0564152525353144424610001115 1 1202308115.130345
0524103521163144424610001115 2 1202308115.130353
0524153521163144424610001115 2 1202308115.130354
0524103525163144424610001115 2 1202308115.130356
0524153525163144424610001115 2 1202308115.130357
0524153526163144424610001115 2 1202308115.130358
0564152521363144424610001115 2 1202308115.130359
0564152525363144424610001115 2 1202308115.130401
0524153521663144424610001115 2 1202308115.130404
0524153525663144424610001115 2 1202308115.130405
0164102021303644424610001115 1 1202308115.130444
0564102021303644424610001115 1 1202308115.130445
0164102025303644424610001115 1 1202308115.130449
0564102025303644424610001115 1 1202308115.130450
0164102026303644424610001115 1 1202308115.130453
0564102026303644424610001115 1 1202308115.130454
0524153526603644424610001115 2 1202308115.130501
0164102021313644424610001115 2 1202308115.130503
0564102021313644424610001115 2 1202308115.130505
0164102025313644424610001115 2 1202308115.130507
0564102025313644424610001115 2 1202308115.130509
0164102026313644424610001115 2 1202308115.130512
0564102026313644424610001115 2 1202308115.130513
0124103026313644424610001115 2 1202308115.130514
0524103026313644424610001115 2 1202308115.130515
0164102021333644424610001115 2 1202308115.130519
0564102021333644424610001115 2 1202308115.130520
0164102025333644424610001115 2 1202308115.130523
0564102025333644424610001115 2 1202308115.130524
0164102026333644424610001115 2 1202308115.130526
0564102026333644424610001115 2 1202308115.130527
0164102021343644424610001115 2 1202308115.130529
0564102021343644424610001115 2 1202308115.130531
0164102025343644424610001115 2 1202308115.130533
0564102025343644424610001115 2 1202308115.130534
0164102026343644424610001115 2 1202308115.130536
0564102026343644424610001115 2 1202308115.130537
0164102021353644424610001115 1 1202308115.130542
0564102021353644424610001115 1 1202308115.130543
0164102025353644424610001115 1 1202308115.130547
0564102025353644424610001115 1 1202308115.130549
0164102026353644424610001115 1 1202308115.130553
0564102026353644424610001115 1 1202308115.130554
0124103021163644424610001115 2 1202308115.130601
0524103021163644424610001115 2 1202308115.130602
0524153021163644424610001115 2 1202308115.130603
0524103521163644424610001115 2 1202308115.130604
0124103025163644424610001115 2 1202308115.130606
0524103025163644424610001115 2 1202308115.130607
0524153025163644424610001115 2 1202308115.130608
0524103525163644424610001115 2 1202308115.130609
0524153525163644424610001115 2 1202308115.130610
0124103026163644424610001115 2 1202308115.130611
0524103026163644424610001115 2 1202308115.130613
0524103526163644424610001115 2 1202308115.130614
0164102021363644424610001115 2 1202308115.130615
0564102021363644424610001115 2 1202308115.130616
0164102025363644424610001115 2 1202308115.130619
0564102025363644424610001115 2 1202308115.130620
0164102026363644424610001115 2 1202308115.130622
0564102026363644424610001115 2 1202308115.130623
0124103021663644424610001115 2 1202308115.130625
0524103021663644424610001115 2 1202308115.130626
0124103025663644424610001115 2 1202308115.130629
0524103025663644424610001115 2 1202308115.130630
0124103026663644424610001115 2 1202308115.130631
0524103026663644424610001115 2 1202308115.130632
0124103026163145424610001115 2 1202308115.130831
0524103026163145424610001115 2 1202308115.130832
0524153021163545424610001115 2 1202308115.130916
0524153521163545424610001115 2 1202308115.130917
0124103026163545424610001115 2 1202308115.130926
0524103026163545424610001115 2 1202308115.130927
0524103526163545424610001115 2 1202308115.130929
0564102526303645424610001115 1 1202308115.130939
0124153026603645424610001115 2 1202308115.130942
0524103521313645424610001115 2 1202308115.130946
0524103525313645424610001115 2 1202308115.130948
0564102526313645424610001115 2 1202308115.130952
0524103526313645424610001115 2 1202308115.130954
0124105526313645424610001115 2 1202308115.130955
0524100126333645424610001115 2 1202308115.130957
0524105126333645424610001115 2 1202308115.130959
0524100526333645424610001115 2 1202308115.131000
0524102526333645424610001115 2 1202308115.131001
0564102526333645424610001115 2 1202308115.131002
0524103526333645424610001115 2 1202308115.131003
0524105526333645424610001115 2 1202308115.131005
0524100626333645424610001115 2 1202308115.131006
0524105626333645424610001115 2 1202308115.131007
0564102526343645424610001115 2 1202308115.131009
0564102526353645424610001115 1 1202308115.131023
0524103526163645424610001115 2 1202308115.131031
0124100126363645424610001115 2 1202308115.131033
0124100526363645424610001115 2 1202308115.131034
0564102526363645424610001115 2 1202308115.131036
0524103526663645424610001115 2 1202308115.131037
0524100126313146424610001115 2 1202308115.131127
0524100526313146424610001115 2 1202308115.131128
0524100126353146424610001115 2 1202308115.131134
0524100526353146424610001115 2 1202308115.131136
0524105526353146424610001115 2 1202308115.131137
0524100126333646424610001115 2 1202308115.131155
0524105126333646424610001115 2 1202308115.131156
0524100526333646424610001115 2 1202308115.131157
0524105526333646424610001115 2 1202308115.131158
0524100626333646424610001115 2 1202308115.131159
0524105626333646424610001115 2 1202308115.131201
