0524123225163545414110001612 2 1202308115.111334
0524153525163142424110001612 2 1202308115.111658
0564152521303144424110001612 1 1202308115.111846
0564152525303144424110001612 1 1202308115.111847
0564152521313144424110001612 2 1202308115.111849
0564152525313144424110001612 2 1202308115.111850
0564152521333144424110001612 2 1202308115.111851
0564152525333144424110001612 2 1202308115.111853
0564152521343144424110001612 2 1202308115.111855
0564152525343144424110001612 2 1202308115.111856
0564152521353144424110001612 1 1202308115.111857
0564152525353144424110001612 1 1202308115.111859
0524103521163144424110001612 2 1202308115.111901
0524153521163144424110001612 2 1202308115.111902
0524103525163144424110001612 2 1202308115.111904
0524153525163144424110001612 2 1202308115.111905
0564152521363144424110001612 2 1202308115.111906
0564152525363144424110001612 2 1202308115.111908
0524153521663144424110001612 2 1202308115.111909
0524153525663144424110001612 2 1202308115.111911
0524153021163545424110001612 2 1202308115.112029
0524153521163545424110001612 2 1202308115.112031
0524123225163545414210001612 2 1202308115.113539
0524153525163142424210001612 2 1202308115.113850
0564152521303144424210001612 1 1202308115.114016
0564152525303144424210001612 1 1202308115.114018
0564152521313144424210001612 2 1202308115.114019
0564152525313144424210001612 2 1202308115.114020
0564152521333144424210001612 2 1202308115.114022
0564152525333144424210001612 2 1202308115.114023
0564152521343144424210001612 2 1202308115.114024
0564152525343144424210001612 2 1202308115.114026
0564152521353144424210001612 1 1202308115.114027
0564152525353144424210001612 1 1202308115.114029
0524103521163144424210001612 2 1202308115.114031
0524153521163144424210001612 2 1202308115.114032
0524103525163144424210001612 2 1202308115.114034
0524153525163144424210001612 2 1202308115.114035
0564152521363144424210001612 2 1202308115.114036
0564152525363144424210001612 2 1202308115.114038
0524153521663144424210001612 2 1202308115.114039
0524153525663144424210001612 2 1202308115.114040
0524153021163545424210001612 2 1202308115.114140
0524153521163545424210001612 2 1202308115.114141
0524123225163545414510001612 2 1202308115.115609
0524153525163142424510001612 2 1202308115.115912
0564152521303144424510001612 1 1202308115.120035
0564152525303144424510001612 1 1202308115.120036
0564152521313144424510001612 2 1202308115.120038
0564152525313144424510001612 2 1202308115.120039
0564152521333144424510001612 2 1202308115.120040
0564152525333144424510001612 2 1202308115.120042
0564152521343144424510001612 2 1202308115.120043
0564152525343144424510001612 2 1202308115.120044
0564152521353144424510001612 1 1202308115.120045
0564152525353144424510001612 1 1202308115.120047
0524103521163144424510001612 2 1202308115.120049
0524153521163144424510001612 2 1202308115.120050
0524103525163144424510001612 2 1202308115.120052
0524153525163144424510001612 2 1202308115.120053
0564152521363144424510001612 2 1202308115.120055
0564152525363144424510001612 2 1202308115.120056
0524153521663144424510001612 2 1202308115.120057
0524153525663144424510001612 2 1202308115.120059
0524153021163545424510001612 2 1202308115.120156
0524153521163545424510001612 2 1202308115.120157
0524123225163545414610001612 2 1202308115.121623
0524153525163142424610001612 2 1202308115.122144
0564152521303144424610001612 1 1202308115.122349
0564152525303144424610001612 1 1202308115.122351
0564152521313144424610001612 2 1202308115.122353
0524153521313144424610001612 2 1202308115.122354
0564152525313144424610001612 2 1202308115.122357
0564152521333144424610001612 2 1202308115.122358
0564152525333144424610001612 2 1202308115.122400
0564152521343144424610001612 2 1202308115.122401
0564152525343144424610001612 2 1202308115.122403
0564152521353144424610001612 1 1202308115.122406
0564152525353144424610001612 1 1202308115.122408
0524103521163144424610001612 2 1202308115.122411
0524153521163144424610001612 2 1202308115.122412
0524103525163144424610001612 2 1202308115.122414
0524153525163144424610001612 2 1202308115.122415
0564152521363144424610001612 2 1202308115.122416
0564152525363144424610001612 2 1202308115.122418
0524153521663144424610001612 2 1202308115.122419
0524153525663144424610001612 2 1202308115.122420
0524153021163545424610001612 2 1202308115.122636
0524153521163545424610001612 2 1202308115.122637
