0524105521353141464110001252 2 1202308104.205636
0524106521353141464110001252 2 1202308104.205637
0524103521313142464110001252 2 1202308104.205751
0524103621313142464110001252 2 1202308104.205753
0524153525313144464110001252 2 1202308104.205908
0524100121313146464110001252 2 1202308104.210206
0524100521313146464110001252 2 1202308104.210208
0524153521313146464110001252 2 1202308104.210210
0524100121353146464110001252 2 1202308104.210222
0524100521353146464110001252 2 1202308104.210224
0524102521353146464110001252 1 1202308104.210225
0524103521353146464110001252 2 1202308104.210227
0524105521353146464110001252 2 1202308104.210228
0524106521353146464110001252 2 1202308104.210230
0524105521353141464210001252 2 1202308104.212308
0524106521353141464210001252 2 1202308104.212309
0524103521313142464210001252 2 1202308104.212408
0524103621313142464210001252 2 1202308104.212410
0524153525313144464210001252 2 1202308104.212455
0524100121313146464210001252 2 1202308104.212711
0524100521313146464210001252 2 1202308104.212713
0524153521313146464210001252 2 1202308104.212716
0524100121353146464210001252 2 1202308104.212727
0524100521353146464210001252 2 1202308104.212729
0524102521353146464210001252 1 1202308104.212731
0524103521353146464210001252 2 1202308104.212732
0524105521353146464210001252 2 1202308104.212734
0524106521353146464210001252 2 1202308104.212735
0524105521353141464510001252 2 1202308104.214727
0524106521353141464510001252 2 1202308104.214728
0524103521313142464510001252 2 1202308104.214826
0524103621313142464510001252 2 1202308104.214828
0524153525313144464510001252 2 1202308104.214912
0524100121313146464510001252 2 1202308104.215126
0524100521313146464510001252 2 1202308104.215128
0524153521313146464510001252 2 1202308104.215130
0524100121353146464510001252 2 1202308104.215142
0524100521353146464510001252 2 1202308104.215144
0524102521353146464510001252 1 1202308104.215145
0524103521353146464510001252 2 1202308104.215147
0524105521353146464510001252 2 1202308104.215148
0524106521353146464510001252 2 1202308104.215150
0524153521313144424610001252 2 1202308104.220345
0524105521353141464610001252 2 1202308104.221204
0524106521353141464610001252 2 1202308104.221206
0524103521313142464610001252 2 1202308104.221304
0524103621313142464610001252 2 1202308104.221306
0524153525313144464610001252 2 1202308104.221350
0524100121313146464610001252 2 1202308104.221605
0524100521313146464610001252 2 1202308104.221607
0524153521313146464610001252 2 1202308104.221609
0524100121353146464610001252 2 1202308104.221621
0524100521353146464610001252 2 1202308104.221623
0524102521353146464610001252 1 1202308104.221624
0524103521353146464610001252 2 1202308104.221626
0524105521353146464610001252 2 1202308104.221627
0524106521353146464610001252 2 1202308104.221629
