0524123225163545414110001013 2 1202308141.181438
0524153525163142424110001013 2 1202308141.181738
0564152521303144424110001013 1 1202308141.181925
0564152525303144424110001013 1 1202308141.181926
0564152526303144424110001013 1 1202308141.181927
0564152521313144424110001013 2 1202308141.181929
0564152525313144424110001013 2 1202308141.181930
0564152521333144424110001013 2 1202308141.181932
0564152525333144424110001013 2 1202308141.181933
0564152521343144424110001013 2 1202308141.181935
0564152525343144424110001013 2 1202308141.181937
0564152521353144424110001013 1 1202308141.181938
0564152525353144424110001013 1 1202308141.181940
0564152526353144424110001013 1 1202308141.181941
0524103521163144424110001013 2 1202308141.181943
0524153521163144424110001013 2 1202308141.181944
0524103525163144424110001013 2 1202308141.181946
0524153525163144424110001013 2 1202308141.181947
0564152521363144424110001013 2 1202308141.181949
0564152525363144424110001013 2 1202308141.181950
0524153521663144424110001013 2 1202308141.181951
0524153525663144424110001013 2 1202308141.181953
0524153021163545424110001013 2 1202308141.182111
0524153521163545424110001013 2 1202308141.182113
0524123225163545414210001013 2 1202308141.192039
0524153525163142424210001013 2 1202308141.192422
0564152521303144424210001013 1 1202308141.192655
0564152525303144424210001013 1 1202308141.192656
0564152526303144424210001013 1 1202308141.192658
0564152521313144424210001013 2 1202308141.192701
0564152525313144424210001013 2 1202308141.192702
0564152521333144424210001013 2 1202308141.192704
0564152525333144424210001013 2 1202308141.192705
0564152521343144424210001013 2 1202308141.192707
0564152525343144424210001013 2 1202308141.192708
0564152521353144424210001013 1 1202308141.192711
0564152525353144424210001013 1 1202308141.192712
0564152526353144424210001013 1 1202308141.192714
0524103521163144424210001013 2 1202308141.192718
0524153521163144424210001013 2 1202308141.192719
0524103525163144424210001013 2 1202308141.192721
0524153525163144424210001013 2 1202308141.192722
0564152521363144424210001013 2 1202308141.192723
0564152525363144424210001013 2 1202308141.192725
0524153521663144424210001013 2 1202308141.192726
0524153525663144424210001013 2 1202308141.192727
0524153021163545424210001013 2 1202308141.192927
0524153521163545424210001013 2 1202308141.192929
0524123225163545414510001013 2 1202308141.202841
0524153525163142424510001013 2 1202308141.203118
0564152521303144424510001013 1 1202308141.203234
0564152525303144424510001013 1 1202308141.203236
0564152526303144424510001013 1 1202308141.203237
0564152521313144424510001013 2 1202308141.203238
0564152525313144424510001013 2 1202308141.203240
0564152521333144424510001013 2 1202308141.203241
0564152525333144424510001013 2 1202308141.203242
0564152521343144424510001013 2 1202308141.203243
0564152525343144424510001013 2 1202308141.203245
0564152521353144424510001013 1 1202308141.203246
0564152525353144424510001013 1 1202308141.203248
0564152526353144424510001013 1 1202308141.203249
0524103521163144424510001013 2 1202308141.203251
0524153521163144424510001013 2 1202308141.203252
0524103525163144424510001013 2 1202308141.203254
0524153525163144424510001013 2 1202308141.203255
0564152521363144424510001013 2 1202308141.203257
0564152525363144424510001013 2 1202308141.203258
0524153521663144424510001013 2 1202308141.203259
0524153525663144424510001013 2 1202308141.203301
0524153021163545424510001013 2 1202308141.203352
0524153521163545424510001013 2 1202308141.203353
0524123225163545414610001013 2 1202308141.213239
0524153525163142424610001013 2 1202308141.213752
0564152521303144424610001013 1 1202308141.213954
0564152525303144424610001013 1 1202308141.213956
0564152526303144424610001013 1 1202308141.213958
0564152521313144424610001013 2 1202308141.214000
0524153521313144424610001013 2 1202308141.214001
0564152525313144424610001013 2 1202308141.214004
0564152521333144424610001013 2 1202308141.214005
0564152525333144424610001013 2 1202308141.214007
0564152521343144424610001013 2 1202308141.214008
0564152525343144424610001013 2 1202308141.214010
0564152521353144424610001013 1 1202308141.214012
0564152525353144424610001013 1 1202308141.214015
0564152526353144424610001013 1 1202308141.214017
0524103521163144424610001013 2 1202308141.214019
0524153521163144424610001013 2 1202308141.214020
0524103525163144424610001013 2 1202308141.214022
0524153525163144424610001013 2 1202308141.214023
0564152521363144424610001013 2 1202308141.214024
0564152525363144424610001013 2 1202308141.214026
0524153521663144424610001013 2 1202308141.214028
0524153525663144424610001013 2 1202308141.214029
0524153021163545424610001013 2 1202308141.214252
0524153521163545424610001013 2 1202308141.214254
