0524105526353141424110001120 6 1202308104.204036
0564153521103144424110001120 2 1202308104.204629
0564153525103144424110001120 2 1202308104.204630
0514156521303144424110001120 2 1202308104.204636
0514156525303144424110001120 2 1202308104.204638
0564153521113144424110001120 2 1202308104.204646
0564153525113144424110001120 2 1202308104.204647
0514156521313144424110001120 2 1202308104.204650
0514156525313144424110001120 2 1202308104.204652
0564153521133144424110001120 2 1202308104.204658
0564153525133144424110001120 2 1202308104.204659
0514156521333144424110001120 2 1202308104.204702
0514156525333144424110001120 2 1202308104.204704
0564153521143144424110001120 2 1202308104.204709
0564153525143144424110001120 2 1202308104.204710
0514156521343144424110001120 2 1202308104.204713
0514156525343144424110001120 2 1202308104.204715
0564153521153144424110001120 2 1202308104.204719
0564153525153144424110001120 2 1202308104.204720
0514156521353144424110001120 2 1202308104.204726
0514156525353144424110001120 2 1202308104.204729
0564153521163144424110001120 2 1202308104.204739
0564153525163144424110001120 2 1202308104.204741
0514156521363144424110001120 2 1202308104.204743
0514156525363144424110001120 2 1202308104.204745
0524105526353141424210001120 6 1202308104.213429
0564153521103144424210001120 2 1202308104.213828
0564153525103144424210001120 2 1202308104.213830
0514156521303144424210001120 2 1202308104.213835
0514156525303144424210001120 2 1202308104.213837
0564153521113144424210001120 2 1202308104.213844
0564153525113144424210001120 2 1202308104.213845
0514156521313144424210001120 2 1202308104.213848
0514156525313144424210001120 2 1202308104.213849
0564153521133144424210001120 2 1202308104.213855
0564153525133144424210001120 2 1202308104.213857
0514156521333144424210001120 2 1202308104.213859
0514156525333144424210001120 2 1202308104.213901
0564153521143144424210001120 2 1202308104.213905
0564153525143144424210001120 2 1202308104.213906
0514156521343144424210001120 2 1202308104.213909
0514156525343144424210001120 2 1202308104.213910
0564153521153144424210001120 2 1202308104.213914
0564153525153144424210001120 2 1202308104.213915
0514156521353144424210001120 2 1202308104.213921
0514156525353144424210001120 2 1202308104.213923
0564153521163144424210001120 2 1202308104.213933
0564153525163144424210001120 2 1202308104.213934
0514156521363144424210001120 2 1202308104.213937
0514156525363144424210001120 2 1202308104.213938
0524105526353141424510001120 6 1202308104.222245
0564153521103144424510001120 2 1202308104.222616
0564153525103144424510001120 2 1202308104.222618
0514156521303144424510001120 2 1202308104.222623
0514156525303144424510001120 2 1202308104.222625
0564153521113144424510001120 2 1202308104.222632
0564153525113144424510001120 2 1202308104.222633
0514156521313144424510001120 2 1202308104.222636
0514156525313144424510001120 2 1202308104.222638
0564153521133144424510001120 2 1202308104.222643
0564153525133144424510001120 2 1202308104.222645
0514156521333144424510001120 2 1202308104.222647
0514156525333144424510001120 2 1202308104.222649
0564153521143144424510001120 2 1202308104.222652
0564153525143144424510001120 2 1202308104.222654
0514156521343144424510001120 2 1202308104.222656
0514156525343144424510001120 2 1202308104.222658
0564153521153144424510001120 2 1202308104.222702
0564153525153144424510001120 2 1202308104.222703
0514156521353144424510001120 2 1202308104.222708
0514156525353144424510001120 2 1202308104.222710
0564153521163144424510001120 2 1202308104.222721
0564153525163144424510001120 2 1202308104.222722
0514156521363144424510001120 2 1202308104.222725
0514156525363144424510001120 2 1202308104.222726
0524105526353141424610001120 6 1202308104.231240
0564153521103144424610001120 2 1202308104.232726
0564153525103144424610001120 2 1202308104.232727
0514156521303144424610001120 2 1202308104.232732
0514156525303144424610001120 2 1202308104.232734
0564153521113144424610001120 2 1202308104.232742
0564153525113144424610001120 2 1202308104.232744
0524153521313144424610001120 2 1202308104.232747
0514156521313144424610001120 2 1202308104.232748
0514156525313144424610001120 2 1202308104.232752
0564153521133144424610001120 2 1202308104.232804
0564153525133144424610001120 2 1202308104.232808
0514156521333144424610001120 2 1202308104.232812
0514156525333144424610001120 2 1202308104.232816
0564153521143144424610001120 2 1202308104.232832
0564153525143144424610001120 2 1202308104.232833
0514156521343144424610001120 2 1202308104.232836
0514156525343144424610001120 2 1202308104.232837
0564153521153144424610001120 2 1202308104.232841
0564153525153144424610001120 2 1202308104.232843
0514156521353144424610001120 2 1202308104.232849
0514156525353144424610001120 2 1202308104.232852
0564153521163144424610001120 2 1202308104.232902
0564153525163144424610001120 2 1202308104.232904
0514156521363144424610001120 2 1202308104.232906
0514156525363144424610001120 2 1202308104.232908
