0111102520343121414606162311 1 1202308141.093750
0125102520343121414606162311 1 1202308141.093752
0111102521343121414606162311 1 1202308141.093753
0125102521343121414606162311 1 1202308141.093755
0111102523343121414606162311 1 1202308141.093756
0125102523343121414606162311 1 1202308141.093758
0111102524343121414606162311 1 1202308141.093759
0112102524343121414606162311 1 1202308141.093800
0125102524343121414606162311 1 1202308141.093802
0111102525343121414606162311 1 1202308141.093803
0125102525343121414606162311 1 1202308141.093804
0125102521343022414606162311 1 1202308141.093816
0121102520343122414606162311 2 1202308141.093818
0111102524343122414606162311 1 1202308141.093820
0112102524343122414606162311 1 1202308141.093821
0125102524343122414606162311 1 1202308141.093823
0114102521303144424606162311 1 1202308141.093950
0114102521313144424606162311 2 1202308141.093951
0114102521333144424606162311 2 1202308141.093953
0114102521343144424606162311 2 1202308141.093954
0114102521353144424606162311 1 1202308141.093956
