0441152021333140424601601616 2 1202308141.095656
0441152021333142424601601616 2 1202308141.095744
0446152021303144424601601616 1 1202308141.095809
0446152021313144424601601616 2 1202308141.095810
0446152021333144424601601616 2 1202308141.095812
0446152021343144424601601616 2 1202308141.095813
0446152021353144424601601616 1 1202308141.095815
0446152021363144424601601616 2 1202308141.095816
0124103025653542424111601616 2 1202308141.101028
0154102025303144424111601616 1 1202308141.101050
0154102025313144424111601616 2 1202308141.101052
0154102025333144424111601616 2 1202308141.101053
0154102025343144424111601616 2 1202308141.101054
0154102025353144424111601616 2 1202308141.101056
0124103025553144424111601616 2 1202308141.101057
0124103025653144424111601616 2 1202308141.101058
0154102025363144424111601616 2 1202308141.101100
0124103025653544424111601616 2 1202308141.101104
0124103025653542424211601616 2 1202308141.102335
0154102025303144424211601616 1 1202308141.102357
0154102025313144424211601616 2 1202308141.102358
0154102025333144424211601616 2 1202308141.102359
0154102025343144424211601616 2 1202308141.102401
0154102025353144424211601616 2 1202308141.102402
0124103025553144424211601616 2 1202308141.102403
0124103025653144424211601616 2 1202308141.102404
0154102025363144424211601616 2 1202308141.102406
0124103025653544424211601616 2 1202308141.102410
0124103025653542424511601616 2 1202308141.103616
0154102025303144424511601616 1 1202308141.103636
0154102025313144424511601616 2 1202308141.103637
0154102025333144424511601616 2 1202308141.103638
0154102025343144424511601616 2 1202308141.103640
0154102025353144424511601616 2 1202308141.103641
0124103025553144424511601616 2 1202308141.103642
0124103025653144424511601616 2 1202308141.103643
0154102025363144424511601616 2 1202308141.103645
0124103025653544424511601616 2 1202308141.103649
0124103025653542424611601616 2 1202308141.104859
0154102025303144424611601616 1 1202308141.104919
0154102025313144424611601616 2 1202308141.104921
0154102025333144424611601616 2 1202308141.104922
0154102025343144424611601616 2 1202308141.104923
0154102025353144424611601616 2 1202308141.104925
0124103025553144424611601616 2 1202308141.104926
0124103025653144424611601616 2 1202308141.104927
0154102025363144424611601616 2 1202308141.104929
0124103025653544424611601616 2 1202308141.104933
