0122153021143000464110003200 2 1202308104.185806
0122153025143000464110003200 2 1202308104.185807
0122150025343501464110003200 2 1202308104.185825
0122150021343511464110003200 2 1202308104.185829
0122150025343511464110003200 2 1202308104.185830
0122150025343521464110003200 2 1202308104.185834
0122150025343541464110003200 2 1202308104.185837
0122150021343551464110003200 2 1202308104.185841
0122150025343551464110003200 2 1202308104.185842
0122150021343502464110003200 2 1202308104.185846
0122152021343502464110003200 2 1202308104.185847
0122153021343502464110003200 2 1202308104.185848
0122155021343502464110003200 2 1202308104.185849
0122156021343502464110003200 2 1202308104.185850
0122150025343502464110003200 2 1202308104.185851
0122152025343502464110003200 2 1202308104.185852
0122153025343502464110003200 2 1202308104.185853
0122155025343502464110003200 2 1202308104.185854
0122156025343502464110003200 2 1202308104.185855
0122150021343512464110003200 2 1202308104.185859
0122152021343512464110003200 2 1202308104.185900
0122153021343512464110003200 2 1202308104.185901
0122155021343512464110003200 2 1202308104.185902
0122156021343512464110003200 2 1202308104.185903
0122150025343512464110003200 2 1202308104.185904
0122152025343512464110003200 2 1202308104.185905
0122153025343512464110003200 2 1202308104.185906
0122155025343512464110003200 2 1202308104.185907
0122156025343512464110003200 2 1202308104.185908
0122150021343522464110003200 2 1202308104.185912
0122152021343522464110003200 2 1202308104.185913
0122153021343522464110003200 2 1202308104.185914
0122155021343522464110003200 2 1202308104.185915
0122156021343522464110003200 2 1202308104.185916
0122150025343522464110003200 2 1202308104.185917
0122152025343522464110003200 2 1202308104.185918
0122153025343522464110003200 2 1202308104.185919
0122155025343522464110003200 2 1202308104.185920
0122156025343522464110003200 2 1202308104.185921
0122150021343542464110003200 2 1202308104.185925
0122152021343542464110003200 2 1202308104.185926
0122153021343542464110003200 2 1202308104.185927
0122155021343542464110003200 2 1202308104.185928
0122156021343542464110003200 2 1202308104.185929
0122150025343542464110003200 2 1202308104.185930
0122152025343542464110003200 2 1202308104.185930
0122153025343542464110003200 2 1202308104.185931
0122155025343542464110003200 2 1202308104.185932
0122156025343542464110003200 2 1202308104.185933
0122150021343552464110003200 2 1202308104.185938
0122152021343552464110003200 2 1202308104.185939
0122153021343552464110003200 2 1202308104.185940
0122155021343552464110003200 2 1202308104.185940
0122156021343552464110003200 2 1202308104.185941
0122150025343552464110003200 2 1202308104.185942
0122152025343552464110003200 2 1202308104.185943
0122153025343552464110003200 2 1202308104.185944
0122155025343552464110003200 2 1202308104.185945
0122156025343552464110003200 2 1202308104.185946
0122150025343505464110003200 2 1202308104.190004
0122152025343505464110003200 2 1202308104.190005
0122153025343505464110003200 2 1202308104.190006
0122155025343505464110003200 2 1202308104.190007
0122156025343505464110003200 2 1202308104.190008
0122150021343515464110003200 2 1202308104.190012
0122150025343515464110003200 2 1202308104.190013
0122152025343515464110003200 2 1202308104.190014
0122153025343515464110003200 2 1202308104.190015
0122155025343515464110003200 2 1202308104.190016
0122156025343515464110003200 2 1202308104.190017
0122150025343525464110003200 2 1202308104.190021
0122152025343525464110003200 2 1202308104.190022
0122153025343525464110003200 2 1202308104.190023
0122155025343525464110003200 2 1202308104.190024
0122156025343525464110003200 2 1202308104.190025
0122150025343545464110003200 2 1202308104.190029
0122152025343545464110003200 2 1202308104.190030
0122153025343545464110003200 2 1202308104.190031
0122155025343545464110003200 2 1202308104.190032
0122156025343545464110003200 2 1202308104.190032
0122150021343555464110003200 2 1202308104.190037
0122152021343555464110003200 2 1202308104.190037
0122153021343555464110003200 2 1202308104.190038
0122155021343555464110003200 2 1202308104.190039
0122156021343555464110003200 2 1202308104.190040
0122150025343555464110003200 2 1202308104.190041
0122152025343555464110003200 2 1202308104.190042
0122153025343555464110003200 2 1202308104.190043
0122155025343555464110003200 2 1202308104.190044
0122156025343555464110003200 2 1202308104.190045
0122153021143000464210003200 2 1202308104.190939
0122153025143000464210003200 2 1202308104.190940
0122150025343501464210003200 2 1202308104.190958
0122150021343511464210003200 2 1202308104.191002
0122150025343511464210003200 2 1202308104.191003
0122150025343521464210003200 2 1202308104.191007
0122150025343541464210003200 2 1202308104.191011
0122150021343551464210003200 2 1202308104.191015
0122150025343551464210003200 2 1202308104.191016
0122150021343502464210003200 2 1202308104.191020
0122152021343502464210003200 2 1202308104.191021
0122153021343502464210003200 2 1202308104.191022
0122155021343502464210003200 2 1202308104.191023
0122156021343502464210003200 2 1202308104.191024
0122150025343502464210003200 2 1202308104.191025
0122152025343502464210003200 2 1202308104.191026
0122153025343502464210003200 2 1202308104.191027
0122155025343502464210003200 2 1202308104.191028
0122156025343502464210003200 2 1202308104.191029
0122150021343512464210003200 2 1202308104.191033
0122152021343512464210003200 2 1202308104.191034
0122153021343512464210003200 2 1202308104.191035
0122155021343512464210003200 2 1202308104.191036
0122156021343512464210003200 2 1202308104.191037
0122150025343512464210003200 2 1202308104.191038
0122152025343512464210003200 2 1202308104.191039
0122153025343512464210003200 2 1202308104.191040
0122155025343512464210003200 2 1202308104.191041
0122156025343512464210003200 2 1202308104.191042
0122150021343522464210003200 2 1202308104.191046
0122152021343522464210003200 2 1202308104.191047
0122153021343522464210003200 2 1202308104.191048
0122155021343522464210003200 2 1202308104.191049
0122156021343522464210003200 2 1202308104.191050
0122150025343522464210003200 2 1202308104.191051
0122152025343522464210003200 2 1202308104.191052
0122153025343522464210003200 2 1202308104.191053
0122155025343522464210003200 2 1202308104.191054
0122156025343522464210003200 2 1202308104.191055
0122150021343542464210003200 2 1202308104.191058
0122152021343542464210003200 2 1202308104.191059
0122153021343542464210003200 2 1202308104.191100
0122155021343542464210003200 2 1202308104.191101
0122156021343542464210003200 2 1202308104.191102
0122150025343542464210003200 2 1202308104.191103
0122152025343542464210003200 2 1202308104.191104
0122153025343542464210003200 2 1202308104.191105
0122155025343542464210003200 2 1202308104.191106
0122156025343542464210003200 2 1202308104.191107
0122150021343552464210003200 2 1202308104.191111
0122152021343552464210003200 2 1202308104.191112
0122153021343552464210003200 2 1202308104.191113
0122155021343552464210003200 2 1202308104.191114
0122156021343552464210003200 2 1202308104.191115
0122150025343552464210003200 2 1202308104.191116
0122152025343552464210003200 2 1202308104.191117
0122153025343552464210003200 2 1202308104.191118
0122155025343552464210003200 2 1202308104.191119
0122156025343552464210003200 2 1202308104.191120
0122150025343505464210003200 2 1202308104.191138
0122152025343505464210003200 2 1202308104.191139
0122153025343505464210003200 2 1202308104.191140
0122155025343505464210003200 2 1202308104.191141
0122156025343505464210003200 2 1202308104.191142
0122150021343515464210003200 2 1202308104.191146
0122150025343515464210003200 2 1202308104.191147
0122152025343515464210003200 2 1202308104.191148
0122153025343515464210003200 2 1202308104.191149
0122155025343515464210003200 2 1202308104.191150
0122156025343515464210003200 2 1202308104.191151
0122150025343525464210003200 2 1202308104.191155
0122152025343525464210003200 2 1202308104.191156
0122153025343525464210003200 2 1202308104.191157
0122155025343525464210003200 2 1202308104.191158
0122156025343525464210003200 2 1202308104.191159
0122150025343545464210003200 2 1202308104.191203
0122152025343545464210003200 2 1202308104.191204
0122153025343545464210003200 2 1202308104.191205
0122155025343545464210003200 2 1202308104.191206
0122156025343545464210003200 2 1202308104.191207
0122150021343555464210003200 2 1202308104.191211
0122152021343555464210003200 2 1202308104.191212
0122153021343555464210003200 2 1202308104.191213
0122155021343555464210003200 2 1202308104.191214
0122156021343555464210003200 2 1202308104.191215
0122150025343555464210003200 2 1202308104.191216
0122152025343555464210003200 2 1202308104.191217
0122153025343555464210003200 2 1202308104.191218
0122155025343555464210003200 2 1202308104.191219
0122156025343555464210003200 2 1202308104.191220
0122153021143000464510003200 2 1202308104.192101
0122153025143000464510003200 2 1202308104.192102
0122150025343501464510003200 2 1202308104.192120
0122150021343511464510003200 2 1202308104.192124
0122150025343511464510003200 2 1202308104.192125
0122150025343521464510003200 2 1202308104.192129
0122150025343541464510003200 2 1202308104.192133
0122150021343551464510003200 2 1202308104.192137
0122150025343551464510003200 2 1202308104.192138
0122150021343502464510003200 2 1202308104.192142
0122152021343502464510003200 2 1202308104.192143
0122153021343502464510003200 2 1202308104.192144
0122155021343502464510003200 2 1202308104.192145
0122156021343502464510003200 2 1202308104.192146
0122150025343502464510003200 2 1202308104.192147
0122152025343502464510003200 2 1202308104.192147
0122153025343502464510003200 2 1202308104.192148
0122155025343502464510003200 2 1202308104.192149
0122156025343502464510003200 2 1202308104.192150
0122150021343512464510003200 2 1202308104.192154
0122152021343512464510003200 2 1202308104.192155
0122153021343512464510003200 2 1202308104.192156
0122155021343512464510003200 2 1202308104.192157
0122156021343512464510003200 2 1202308104.192158
0122150025343512464510003200 2 1202308104.192159
0122152025343512464510003200 2 1202308104.192200
0122153025343512464510003200 2 1202308104.192201
0122155025343512464510003200 2 1202308104.192202
0122156025343512464510003200 2 1202308104.192203
0122150021343522464510003200 2 1202308104.192207
0122152021343522464510003200 2 1202308104.192208
0122153021343522464510003200 2 1202308104.192209
0122155021343522464510003200 2 1202308104.192210
0122156021343522464510003200 2 1202308104.192211
0122150025343522464510003200 2 1202308104.192212
0122152025343522464510003200 2 1202308104.192213
0122153025343522464510003200 2 1202308104.192214
0122155025343522464510003200 2 1202308104.192215
0122156025343522464510003200 2 1202308104.192216
0122150021343542464510003200 2 1202308104.192220
0122152021343542464510003200 2 1202308104.192221
0122153021343542464510003200 2 1202308104.192222
0122155021343542464510003200 2 1202308104.192223
0122156021343542464510003200 2 1202308104.192224
0122150025343542464510003200 2 1202308104.192225
0122152025343542464510003200 2 1202308104.192226
0122153025343542464510003200 2 1202308104.192227
0122155025343542464510003200 2 1202308104.192228
0122156025343542464510003200 2 1202308104.192229
0122150021343552464510003200 2 1202308104.192233
0122152021343552464510003200 2 1202308104.192234
0122153021343552464510003200 2 1202308104.192235
0122155021343552464510003200 2 1202308104.192236
0122156021343552464510003200 2 1202308104.192237
0122150025343552464510003200 2 1202308104.192238
0122152025343552464510003200 2 1202308104.192239
0122153025343552464510003200 2 1202308104.192240
0122155025343552464510003200 2 1202308104.192241
0122156025343552464510003200 2 1202308104.192242
0122150025343505464510003200 2 1202308104.192259
0122152025343505464510003200 2 1202308104.192300
0122153025343505464510003200 2 1202308104.192301
0122155025343505464510003200 2 1202308104.192302
0122156025343505464510003200 2 1202308104.192303
0122150021343515464510003200 2 1202308104.192307
0122150025343515464510003200 2 1202308104.192308
0122152025343515464510003200 2 1202308104.192309
0122153025343515464510003200 2 1202308104.192310
0122155025343515464510003200 2 1202308104.192311
0122156025343515464510003200 2 1202308104.192312
0122150025343525464510003200 2 1202308104.192316
0122152025343525464510003200 2 1202308104.192317
0122153025343525464510003200 2 1202308104.192318
0122155025343525464510003200 2 1202308104.192319
0122156025343525464510003200 2 1202308104.192320
0122150025343545464510003200 2 1202308104.192324
0122152025343545464510003200 2 1202308104.192325
0122153025343545464510003200 2 1202308104.192326
0122155025343545464510003200 2 1202308104.192327
0122156025343545464510003200 2 1202308104.192328
0122150021343555464510003200 2 1202308104.192332
0122152021343555464510003200 2 1202308104.192333
0122153021343555464510003200 2 1202308104.192334
0122155021343555464510003200 2 1202308104.192335
0122156021343555464510003200 2 1202308104.192336
0122150025343555464510003200 2 1202308104.192337
0122152025343555464510003200 2 1202308104.192338
0122153025343555464510003200 2 1202308104.192339
0122155025343555464510003200 2 1202308104.192340
0122156025343555464510003200 2 1202308104.192340
