0126162125343022404100001016 1 1202308163.062646
0126162125343022404200001016 1 1202308163.064456
0126162125343022404600001016 1 1202308163.070249
0524123225163545414110001016 2 1202308163.072945
0524160121333141424110001016 2 1202308163.073331
0524165121333141424110001016 2 1202308163.073333
0524160521333141424110001016 2 1202308163.073334
0524165521333141424110001016 2 1202308163.073335
0524160621333141424110001016 2 1202308163.073336
0524165621333141424110001016 2 1202308163.073337
0524153525163142424110001016 2 1202308163.073505
0564152521303144424110001016 1 1202308163.073747
0564152525303144424110001016 1 1202308163.073749
0564152526303144424110001016 1 1202308163.073751
0564152521313144424110001016 2 1202308163.073752
0564152525313144424110001016 2 1202308163.073754
0564152521333144424110001016 2 1202308163.073756
0564152525333144424110001016 2 1202308163.073758
0564152521343144424110001016 2 1202308163.073801
0564152525343144424110001016 2 1202308163.073802
0564152521353144424110001016 1 1202308163.073804
0564152525353144424110001016 1 1202308163.073806
0564152526353144424110001016 1 1202308163.073808
0524103521163144424110001016 2 1202308163.073810
0524153521163144424110001016 2 1202308163.073811
0524103525163144424110001016 2 1202308163.073813
0524153525163144424110001016 2 1202308163.073814
0564152521363144424110001016 2 1202308163.073816
0564152525363144424110001016 2 1202308163.073817
0524153521663144424110001016 2 1202308163.073818
0524153525663144424110001016 2 1202308163.073820
0524160121333145424110001016 2 1202308163.074005
0524165121333145424110001016 2 1202308163.074006
0524160521333145424110001016 2 1202308163.074007
0524165521333145424110001016 2 1202308163.074008
0524160621333145424110001016 2 1202308163.074009
0524165621333145424110001016 2 1202308163.074011
0524153021163545424110001016 2 1202308163.074030
0524153521163545424110001016 2 1202308163.074031
0524160121333146424110001016 2 1202308163.074213
0524165121333146424110001016 2 1202308163.074215
0524160521333146424110001016 2 1202308163.074216
0524165521333146424110001016 2 1202308163.074217
0524160621333146424110001016 2 1202308163.074218
0524165621333146424110001016 2 1202308163.074220
0524123225163545414210001016 2 1202308163.080656
0524160121333141424210001016 2 1202308163.081033
0524165121333141424210001016 2 1202308163.081034
0524160521333141424210001016 2 1202308163.081036
0524165521333141424210001016 2 1202308163.081037
0524160621333141424210001016 2 1202308163.081038
0524165621333141424210001016 2 1202308163.081039
0524153525163142424210001016 2 1202308163.081145
0564152521303144424210001016 1 1202308163.081326
0564152525303144424210001016 1 1202308163.081327
0564152526303144424210001016 1 1202308163.081329
0564152521313144424210001016 2 1202308163.081331
0564152525313144424210001016 2 1202308163.081332
0564152521333144424210001016 2 1202308163.081334
0564152525333144424210001016 2 1202308163.081335
0564152521343144424210001016 2 1202308163.081337
0564152525343144424210001016 2 1202308163.081338
0564152521353144424210001016 1 1202308163.081340
0564152525353144424210001016 1 1202308163.081343
0564152526353144424210001016 1 1202308163.081344
0524103521163144424210001016 2 1202308163.081346
0524153521163144424210001016 2 1202308163.081348
0524103525163144424210001016 2 1202308163.081349
0524153525163144424210001016 2 1202308163.081351
0564152521363144424210001016 2 1202308163.081352
0564152525363144424210001016 2 1202308163.081353
0524153521663144424210001016 2 1202308163.081355
0524153525663144424210001016 2 1202308163.081356
0524160121333145424210001016 2 1202308163.081457
0524165121333145424210001016 2 1202308163.081458
0524160521333145424210001016 2 1202308163.081500
0524165521333145424210001016 2 1202308163.081501
0524160621333145424210001016 2 1202308163.081502
0524165621333145424210001016 2 1202308163.081503
0524153021163545424210001016 2 1202308163.081522
0524153521163545424210001016 2 1202308163.081523
0524160121333146424210001016 2 1202308163.081631
0524165121333146424210001016 2 1202308163.081632
0524160521333146424210001016 2 1202308163.081633
0524165521333146424210001016 2 1202308163.081634
0524160621333146424210001016 2 1202308163.081635
0524165621333146424210001016 2 1202308163.081637
0126162120343022404510001016 1 1202308163.083144
0524123225163545414510001016 2 1202308163.083947
0524160121333141424510001016 2 1202308163.084313
0524165121333141424510001016 2 1202308163.084314
0524160521333141424510001016 2 1202308163.084316
0524165521333141424510001016 2 1202308163.084317
0524160621333141424510001016 2 1202308163.084318
0524165621333141424510001016 2 1202308163.084319
0524153525163142424510001016 2 1202308163.084422
0564152521303144424510001016 1 1202308163.084557
0564152525303144424510001016 1 1202308163.084559
0564152526303144424510001016 1 1202308163.084600
0564152521313144424510001016 2 1202308163.084602
0564152525313144424510001016 2 1202308163.084604
0564152521333144424510001016 2 1202308163.084605
0564152525333144424510001016 2 1202308163.084606
0564152521343144424510001016 2 1202308163.084608
0564152525343144424510001016 2 1202308163.084609
0564152521353144424510001016 1 1202308163.084611
0564152525353144424510001016 1 1202308163.084614
0564152526353144424510001016 1 1202308163.084615
0524103521163144424510001016 2 1202308163.084617
0524153521163144424510001016 2 1202308163.084619
0524103525163144424510001016 2 1202308163.084620
0524153525163144424510001016 2 1202308163.084622
0564152521363144424510001016 2 1202308163.084623
0564152525363144424510001016 2 1202308163.084624
0524153521663144424510001016 2 1202308163.084626
0524153525663144424510001016 2 1202308163.084627
0524160121333145424510001016 2 1202308163.084722
0524165121333145424510001016 2 1202308163.084723
0524160521333145424510001016 2 1202308163.084724
0524165521333145424510001016 2 1202308163.084725
0524160621333145424510001016 2 1202308163.084727
0524165621333145424510001016 2 1202308163.084728
0524153021163545424510001016 2 1202308163.084746
0524153521163545424510001016 2 1202308163.084748
0524160121333146424510001016 2 1202308163.084849
0524165121333146424510001016 2 1202308163.084850
0524160521333146424510001016 2 1202308163.084852
0524165521333146424510001016 2 1202308163.084853
0524160621333146424510001016 2 1202308163.084854
0524165621333146424510001016 2 1202308163.084855
0524123225163545414610001016 2 1202308163.090953
0524160121333141424610001016 2 1202308163.091518
0524165121333141424610001016 2 1202308163.091519
0524160521333141424610001016 2 1202308163.091520
0524165521333141424610001016 2 1202308163.091522
0524160621333141424610001016 2 1202308163.091523
0524165621333141424610001016 2 1202308163.091524
0524153525163142424610001016 2 1202308163.091705
0564152521303144424610001016 1 1202308163.091926
0564152525303144424610001016 1 1202308163.091929
0564152526303144424610001016 1 1202308163.091931
0564152521313144424610001016 2 1202308163.091933
0524153521313144424610001016 2 1202308163.091934
0564152525313144424610001016 2 1202308163.091937
0564152521333144424610001016 2 1202308163.091939
0564152525333144424610001016 2 1202308163.091941
0564152521343144424610001016 2 1202308163.091942
0564152525343144424610001016 2 1202308163.091944
0564152521353144424610001016 1 1202308163.091947
0564152525353144424610001016 1 1202308163.091951
0564152526353144424610001016 1 1202308163.091953
0524103521163144424610001016 2 1202308163.091955
0524153521163144424610001016 2 1202308163.091956
0524103525163144424610001016 2 1202308163.091958
0524153525163144424610001016 2 1202308163.091959
0564152521363144424610001016 2 1202308163.092001
0564152525363144424610001016 2 1202308163.092002
0524153521663144424610001016 2 1202308163.092004
0524153525663144424610001016 2 1202308163.092005
0524160121333145424610001016 2 1202308163.092204
0524165121333145424610001016 2 1202308163.092205
0524160521333145424610001016 2 1202308163.092207
0524165521333145424610001016 2 1202308163.092208
0524160621333145424610001016 2 1202308163.092209
0524165621333145424610001016 2 1202308163.092210
0524153021163545424610001016 2 1202308163.092258
0524153521163545424610001016 2 1202308163.092259
0524160121333146424610001016 2 1202308163.092410
0524165121333146424610001016 2 1202308163.092411
0524160521333146424610001016 2 1202308163.092413
0524165521333146424610001016 2 1202308163.092414
0524160621333146424610001016 2 1202308163.092415
0524165621333146424610001016 2 1202308163.092416
