0124162021333154424100000140 2 1202308104.192643
0114162021353140424200000140 2 1202308104.193720
0114162021353640424200000140 2 1202308104.193724
0114162021353141424200000140 2 1202308104.193750
0114162021353042424200000140 2 1202308104.193820
0114162021353142424200000140 2 1202308104.193822
0114162021353642424200000140 2 1202308104.193826
0124165021333104424200000140 2 1202308104.193841
0124165021333114424200000140 2 1202308104.193847
0124165021333124424200000140 2 1202308104.193852
0124165021333144424200000140 2 1202308104.193858
0114162021353144424200000140 2 1202308104.193900
0124160021333154424200000140 2 1202308104.193910
0124162021333154424200000140 2 1202308104.193911
0124163021333154424200000140 2 1202308104.193913
0124165021333154424200000140 2 1202308104.193914
0121166021333154424200000140 2 1202308104.193916
0124166021333154424200000140 2 1202308104.193920
0124165021333164424200000140 2 1202308104.193929
0524153521313144424610002540 2 1202308104.235555
