0524126225613545414110001536 2 1202308115.052718
0524156525613142424110001536 2 1202308115.053023
0514152521603144424110001536 1 1202308115.053234
0514152525603144424110001536 1 1202308115.053235
0514152526603144424110001536 1 1202308115.053236
0524156521113144424110001536 2 1202308115.053237
0524156525113144424110001536 2 1202308115.053239
0514152521613144424110001536 2 1202308115.053240
0524106521613144424110001536 2 1202308115.053241
0524156521613144424110001536 2 1202308115.053243
0514152525613144424110001536 2 1202308115.053245
0524106525613144424110001536 2 1202308115.053246
0524156525613144424110001536 2 1202308115.053247
0514152521633144424110001536 2 1202308115.053248
0514152525633144424110001536 2 1202308115.053250
0514152521643144424110001536 2 1202308115.053251
0514152525643144424110001536 2 1202308115.053252
0514152521653144424110001536 1 1202308115.053256
0514152525653144424110001536 1 1202308115.053258
0514152526653144424110001536 1 1202308115.053300
0524150121363144424110001536 2 1202308115.053303
0524150521363144424110001536 2 1202308115.053304
0524152521363144424110001536 2 1202308115.053305
0524153521363144424110001536 2 1202308115.053306
0524155521363144424110001536 2 1202308115.053308
0524156521363144424110001536 2 1202308115.053309
0514152521663144424110001536 2 1202308115.053317
0514152525663144424110001536 2 1202308115.053319
0524156021613545424110001536 2 1202308115.053511
0524156521613545424110001536 2 1202308115.053512
0524126225613545414210001536 2 1202308115.060358
0524156525613142424210001536 2 1202308115.060707
0514152521603144424210001536 1 1202308115.060851
0514152525603144424210001536 1 1202308115.060852
0514152526603144424210001536 1 1202308115.060853
0524156521113144424210001536 2 1202308115.060855
0524156525113144424210001536 2 1202308115.060856
0514152521613144424210001536 2 1202308115.060857
0524106521613144424210001536 2 1202308115.060859
0524156521613144424210001536 2 1202308115.060900
0514152525613144424210001536 2 1202308115.060902
0524106525613144424210001536 2 1202308115.060903
0524156525613144424210001536 2 1202308115.060904
0514152521633144424210001536 2 1202308115.060905
0514152525633144424210001536 2 1202308115.060907
0514152521643144424210001536 2 1202308115.060908
0514152525643144424210001536 2 1202308115.060909
0514152521653144424210001536 1 1202308115.060913
0514152525653144424210001536 1 1202308115.060916
0514152526653144424210001536 1 1202308115.060918
0524150121363144424210001536 2 1202308115.060920
0524150521363144424210001536 2 1202308115.060921
0524152521363144424210001536 2 1202308115.060922
0524153521363144424210001536 2 1202308115.060923
0524155521363144424210001536 2 1202308115.060925
0524156521363144424210001536 2 1202308115.060926
0514152521663144424210001536 2 1202308115.060933
0514152525663144424210001536 2 1202308115.060935
0524156021613545424210001536 2 1202308115.061059
0524156521613545424210001536 2 1202308115.061100
0524126225613545414510001536 2 1202308115.063653
0524156525613142424510001536 2 1202308115.063854
0514152521603144424510001536 1 1202308115.064018
0514152525603144424510001536 1 1202308115.064019
0514152526603144424510001536 1 1202308115.064020
0524156521113144424510001536 2 1202308115.064022
0524156525113144424510001536 2 1202308115.064023
0514152521613144424510001536 2 1202308115.064024
0524106521613144424510001536 2 1202308115.064026
0524156521613144424510001536 2 1202308115.064027
0514152525613144424510001536 2 1202308115.064029
0524106525613144424510001536 2 1202308115.064030
0524156525613144424510001536 2 1202308115.064031
0514152521633144424510001536 2 1202308115.064032
0514152525633144424510001536 2 1202308115.064034
0514152521643144424510001536 2 1202308115.064035
0514152525643144424510001536 2 1202308115.064036
0514152521653144424510001536 1 1202308115.064039
0514152525653144424510001536 1 1202308115.064042
0514152526653144424510001536 1 1202308115.064044
0524150121363144424510001536 2 1202308115.064046
0524150521363144424510001536 2 1202308115.064047
0524152521363144424510001536 2 1202308115.064048
0524153521363144424510001536 2 1202308115.064049
0524155521363144424510001536 2 1202308115.064050
0524156521363144424510001536 2 1202308115.064052
0514152521663144424510001536 2 1202308115.064059
0514152525663144424510001536 2 1202308115.064100
0524156021613545424510001536 2 1202308115.064145
0524156521613545424510001536 2 1202308115.064147
0524126225613545414610001536 2 1202308115.070738
0524156525613142424610001536 2 1202308115.071003
0514152521603144424610001536 1 1202308115.071134
0514152525603144424610001536 1 1202308115.071136
0514152526603144424610001536 1 1202308115.071137
0524156521113144424610001536 2 1202308115.071138
0524156525113144424610001536 2 1202308115.071139
0524153521313144424610001536 2 1202308115.071141
0514152521613144424610001536 2 1202308115.071144
0524106521613144424610001536 2 1202308115.071145
0524156521613144424610001536 2 1202308115.071146
0514152525613144424610001536 2 1202308115.071148
0524106525613144424610001536 2 1202308115.071149
0524156525613144424610001536 2 1202308115.071150
0514152521633144424610001536 2 1202308115.071152
0514152525633144424610001536 2 1202308115.071153
0514152521643144424610001536 2 1202308115.071154
0514152525643144424610001536 2 1202308115.071156
0514152521653144424610001536 1 1202308115.071200
0514152525653144424610001536 1 1202308115.071203
0514152526653144424610001536 1 1202308115.071204
0524150121363144424610001536 2 1202308115.071207
0524150521363144424610001536 2 1202308115.071208
0524152521363144424610001536 2 1202308115.071209
0524153521363144424610001536 2 1202308115.071210
0524155521363144424610001536 2 1202308115.071211
0524156521363144424610001536 2 1202308115.071212
0514152521663144424610001536 2 1202308115.071220
0514152525663144424610001536 2 1202308115.071221
0524156021613545424610001536 2 1202308115.071315
0524156521613545424610001536 2 1202308115.071316
