0116102224333162404600112544 6 1202308115.042443
0162102524333162414600112544 6 1202308115.043147
0144102521333045424600112544 2 1202308115.043944
0515102020343161414110112544 1 1202308115.045933
0515102021343161414110112544 1 1202308115.045935
0515102023343161414110112544 1 1202308115.045937
0515102024343161414110112544 1 1202308115.045939
0515102025343161414110112544 1 1202308115.045940
0522150124353161414110112544 6 1202308115.045943
0515102024343162414110112544 1 1202308115.050131
0522150624343162414110112544 6 1202308115.050133
0515102020343161454110112544 2 1202308115.050857
0515152120343161454110112544 2 1202308115.050858
0555152120343161454110112544 2 1202308115.050900
0515102021343161454110112544 2 1202308115.050901
0515102020343161414210112544 1 1202308115.052335
0515102021343161414210112544 1 1202308115.052336
0515102023343161414210112544 1 1202308115.052339
0515102024343161414210112544 1 1202308115.052340
0515102025343161414210112544 1 1202308115.052342
0522150124353161414210112544 6 1202308115.052345
0515102024343162414210112544 1 1202308115.052541
0522150624343162414210112544 6 1202308115.052542
0515102020343161454210112544 2 1202308115.053513
0515152120343161454210112544 2 1202308115.053514
0555152120343161454210112544 2 1202308115.053516
0515102021343161454210112544 2 1202308115.053517
0515102020343161414510112544 1 1202308115.055140
0515102021343161414510112544 1 1202308115.055141
0515102023343161414510112544 1 1202308115.055144
0515102024343161414510112544 1 1202308115.055145
0515102025343161414510112544 1 1202308115.055147
0522150124353161414510112544 6 1202308115.055150
0515102024343162414510112544 1 1202308115.055341
0522150624343162414510112544 6 1202308115.055342
0515102020343161454510112544 2 1202308115.060122
0515152120343161454510112544 2 1202308115.060124
0555152120343161454510112544 2 1202308115.060125
0515102021343161454510112544 2 1202308115.060126
0515102020343161414610112544 1 1202308115.061600
0515102021343161414610112544 1 1202308115.061602
0515102023343161414610112544 1 1202308115.061604
0515102024343161414610112544 1 1202308115.061606
0515102025343161414610112544 1 1202308115.061607
0522150124353161414610112544 6 1202308115.061610
0515102024343162414610112544 1 1202308115.061804
0522150624343162414610112544 6 1202308115.061806
0524150121353141424610112544 2 1202308115.062118
0515152120343121454610112544 2 1202308115.062506
0515102020343161454610112544 2 1202308115.062530
0515152120343161454610112544 2 1202308115.062532
0555152120343161454610112544 2 1202308115.062533
0515102021343161454610112544 2 1202308115.062534
