0524123225163545414110001012 2 1202308152.022217
0524153525163142424110001012 2 1202308152.022716
0564152521303144424110001012 1 1202308152.023040
0564152525303144424110001012 1 1202308152.023042
0564152526303144424110001012 1 1202308152.023043
0564152521313144424110001012 2 1202308152.023045
0564152525313144424110001012 2 1202308152.023047
0564152521333144424110001012 2 1202308152.023049
0564152525333144424110001012 2 1202308152.023051
0564152521343144424110001012 2 1202308152.023054
0564152525343144424110001012 2 1202308152.023055
0564152521353144424110001012 1 1202308152.023057
0564152525353144424110001012 1 1202308152.023100
0564152526353144424110001012 1 1202308152.023101
0524103521163144424110001012 2 1202308152.023103
0524153521163144424110001012 2 1202308152.023104
0524103525163144424110001012 2 1202308152.023107
0524153525163144424110001012 2 1202308152.023108
0564152521363144424110001012 2 1202308152.023109
0564152525363144424110001012 2 1202308152.023111
0524153521663144424110001012 2 1202308152.023112
0524153525663144424110001012 2 1202308152.023114
0524153021163545424110001012 2 1202308152.023344
0524153521163545424110001012 2 1202308152.023346
0616162124343121454110001012 1 1202308152.023849
0616162224343121454110001012 1 1202308152.023850
0616162124343122454110001012 1 1202308152.023930
0616162224343122454110001012 1 1202308152.023931
0524123225163545414210001012 2 1202308152.025256
0524153525163142424210001012 2 1202308152.025703
0564152521303144424210001012 1 1202308152.025851
0564152525303144424210001012 1 1202308152.025853
0564152526303144424210001012 1 1202308152.025855
0564152521313144424210001012 2 1202308152.025856
0564152525313144424210001012 2 1202308152.025858
0564152521333144424210001012 2 1202308152.025859
0564152525333144424210001012 2 1202308152.025901
0564152521343144424210001012 2 1202308152.025902
0564152525343144424210001012 2 1202308152.025904
0564152521353144424210001012 1 1202308152.025905
0564152525353144424210001012 1 1202308152.025908
0564152526353144424210001012 1 1202308152.025909
0524103521163144424210001012 2 1202308152.025912
0524153521163144424210001012 2 1202308152.025913
0524103525163144424210001012 2 1202308152.025915
0524153525163144424210001012 2 1202308152.025916
0564152521363144424210001012 2 1202308152.025918
0564152525363144424210001012 2 1202308152.025920
0524153521663144424210001012 2 1202308152.025921
0524153525663144424210001012 2 1202308152.025922
0524153021163545424210001012 2 1202308152.030054
0524153521163545424210001012 2 1202308152.030055
0616162124343121454210001012 1 1202308152.030501
0616162224343121454210001012 1 1202308152.030502
0616162124343122454210001012 1 1202308152.030539
0616162224343122454210001012 1 1202308152.030540
0524123225163545414510001012 2 1202308152.031711
0524153525163142424510001012 2 1202308152.032109
0564152521303144424510001012 1 1202308152.032254
0564152525303144424510001012 1 1202308152.032256
0564152526303144424510001012 1 1202308152.032257
0564152521313144424510001012 2 1202308152.032259
0564152525313144424510001012 2 1202308152.032300
0564152521333144424510001012 2 1202308152.032302
0564152525333144424510001012 2 1202308152.032303
0564152521343144424510001012 2 1202308152.032305
0564152525343144424510001012 2 1202308152.032306
0564152521353144424510001012 1 1202308152.032308
0564152525353144424510001012 1 1202308152.032310
0564152526353144424510001012 1 1202308152.032312
0524103521163144424510001012 2 1202308152.032314
0524153521163144424510001012 2 1202308152.032315
0524103525163144424510001012 2 1202308152.032317
0524153525163144424510001012 2 1202308152.032319
0564152521363144424510001012 2 1202308152.032320
0564152525363144424510001012 2 1202308152.032322
0524153521663144424510001012 2 1202308152.032323
0524153525663144424510001012 2 1202308152.032325
0524153021163545424510001012 2 1202308152.032452
0524153521163545424510001012 2 1202308152.032454
0616162124343121454510001012 1 1202308152.032840
0616162224343121454510001012 1 1202308152.032841
0616162124343122454510001012 1 1202308152.032918
0616162224343122454510001012 1 1202308152.032919
0524123225163545414610001012 2 1202308152.034125
0524153525163142424610001012 2 1202308152.034834
0564152521303144424610001012 1 1202308152.035130
0564152525303144424610001012 1 1202308152.035133
0564152526303144424610001012 1 1202308152.035134
0564152521313144424610001012 2 1202308152.035136
0524153521313144424610001012 2 1202308152.035138
0564152525313144424610001012 2 1202308152.035141
0564152521333144424610001012 2 1202308152.035142
0564152525333144424610001012 2 1202308152.035145
0564152521343144424610001012 2 1202308152.035146
0564152525343144424610001012 2 1202308152.035148
0564152521353144424610001012 1 1202308152.035151
0564152525353144424610001012 1 1202308152.035155
0564152526353144424610001012 1 1202308152.035157
0524103521163144424610001012 2 1202308152.035159
0524153521163144424610001012 2 1202308152.035200
0524103525163144424610001012 2 1202308152.035202
0524153525163144424610001012 2 1202308152.035204
0564152521363144424610001012 2 1202308152.035205
0564152525363144424610001012 2 1202308152.035207
0524153521663144424610001012 2 1202308152.035209
0524153525663144424610001012 2 1202308152.035210
0524153021163545424610001012 2 1202308152.035534
0524153521163545424610001012 2 1202308152.035535
0616162124343121454610001012 1 1202308152.035927
0616162224343121454610001012 1 1202308152.035929
0616162124343122454610001012 1 1202308152.040006
0616162224343122454610001012 1 1202308152.040008
