0111162520303040424104140140 1 1202308152.195941
0112162521303040424104140140 1 1202308152.195942
0115162521303040424104140140 1 1202308152.195944
0111162520353040424104140140 1 1202308152.195949
0111162521353040424104140140 1 1202308152.195952
0112162521353040424104140140 1 1202308152.195955
0115162521353040424104140140 1 1202308152.200002
0111162520303140424104140140 1 1202308152.200006
0514162021303140424104140140 1 1202308152.200007
0111162521303140424104140140 1 1202308152.200010
0511162521303140424104140140 1 1202308152.200012
0012162521303140424104140140 1 1202308152.200013
0112162521303140424104140140 1 1202308152.200014
0512162521303140424104140140 1 1202308152.200017
0014162521303140424104140140 1 1202308152.200018
0114162521303140424104140140 1 1202308152.200020
0514162521303140424104140140 1 1202308152.200023
0115162521303140424104140140 1 1202308152.200024
0215162521303140424104140140 1 1202308152.200025
0515162521303140424104140140 1 1202308152.200026
0511162621303140424104140140 1 1202308152.200027
0514162621303140424104140140 2 1202308152.200029
0615102021333140424104140140 2 1202308152.200034
0115162021333140424104140140 2 1202308152.200037
0111162521333140424104140140 2 1202308152.200039
0041162521333140424104140140 2 1202308152.200042
0141162521333140424104140140 2 1202308152.200043
0541162521333140424104140140 2 1202308152.200044
0112162521333140424104140140 2 1202308152.200046
0512162521333140424104140140 2 1202308152.200048
0142162521333140424104140140 2 1202308152.200050
0542162521333140424104140140 2 1202308152.200052
0014162521333140424104140140 2 1202308152.200053
0114162521333140424104140140 2 1202308152.200055
0514162521333140424104140140 2 1202308152.200056
0144162521333140424104140140 2 1202308152.200057
0115162521333140424104140140 2 1202308152.200058
0515162521333140424104140140 2 1202308152.200100
0145162521333140424104140140 2 1202308152.200101
0545162521333140424104140140 2 1202308152.200103
0016162521333140424104140140 2 1202308152.200104
0111162520353140424104140140 1 1202308152.200112
0141162520353140424104140140 1 1202308152.200113
0511162021353140424104140140 1 1202308152.200116
0114162021353140424104140140 1 1202308152.200123
0514162021353140424104140140 1 1202308152.200125
0011162521353140424104140140 1 1202308152.200128
0111162521353140424104140140 1 1202308152.200129
0511162521353140424104140140 1 1202308152.200132
0141162521353140424104140140 1 1202308152.200137
0012162521353140424104140140 1 1202308152.200141
0112162521353140424104140140 1 1202308152.200142
0512162521353140424104140140 1 1202308152.200145
0142162521353140424104140140 1 1202308152.200151
0014162521353140424104140140 1 1202308152.200155
0114162521353140424104140140 1 1202308152.200156
0514162521353140424104140140 1 1202308152.200159
0144162521353140424104140140 1 1202308152.200202
0115162521353140424104140140 1 1202308152.200204
0215162521353140424104140140 1 1202308152.200205
0515162521353140424104140140 1 1202308152.200206
0411162621353140424104140140 1 1202308152.200207
0511162621353140424104140140 1 1202308152.200209
0514162621353140424104140140 2 1202308152.200212
0111162520303640424104140140 1 1202308152.200222
0615102021303640424104140140 1 1202308152.200223
0111162521303640424104140140 1 1202308152.200227
0511162521303640424104140140 1 1202308152.200229
0012162521303640424104140140 1 1202308152.200230
0112162521303640424104140140 1 1202308152.200231
0512162521303640424104140140 1 1202308152.200234
0014162521303640424104140140 1 1202308152.200235
0114162521303640424104140140 1 1202308152.200236
0514162521303640424104140140 1 1202308152.200238
0115162521303640424104140140 1 1202308152.200239
0515162521303640424104140140 1 1202308152.200241
0511162621303640424104140140 1 1202308152.200242
0512162621303640424104140140 2 1202308152.200243
0514162621303640424104140140 2 1202308152.200245
0615102021333640424104140140 2 1202308152.200254
0111162520353640424104140140 1 1202308152.200301
0615102021353640424104140140 1 1202308152.200304
0114162021353640424104140140 1 1202308152.200312
0011162521353640424104140140 1 1202308152.200316
0111162521353640424104140140 1 1202308152.200317
0511162521353640424104140140 1 1202308152.200319
0012162521353640424104140140 1 1202308152.200329
0112162521353640424104140140 1 1202308152.200330
0512162521353640424104140140 1 1202308152.200333
0014162521353640424104140140 1 1202308152.200343
0114162521353640424104140140 1 1202308152.200344
0514162521353640424104140140 1 1202308152.200346
0115162521353640424104140140 1 1202308152.200354
0515162521353640424104140140 1 1202308152.200355
0511162621353640424104140140 1 1202308152.200401
0512162621353640424104140140 2 1202308152.200404
0514162621353640424104140140 2 1202308152.200406
0111162520303041424104140140 1 1202308152.200556
0111162521303041424104140140 1 1202308152.200557
0112162521303041424104140140 1 1202308152.200558
0115162521303041424104140140 1 1202308152.200600
0111162520353041424104140140 1 1202308152.200602
0121162520353041424104140140 1 1202308152.200604
0141162520353041424104140140 2 1202308152.200605
0114162021353041424104140140 1 1202308152.200606
0111162521353041424104140140 1 1202308152.200608
0121162521353041424104140140 1 1202308152.200609
0141162521353041424104140140 1 1202308152.200611
0112162521353041424104140140 1 1202308152.200612
0122162521353041424104140140 1 1202308152.200613
0142162521353041424104140140 1 1202308152.200614
0124162521353041424104140140 1 1202308152.200615
0144162521353041424104140140 1 1202308152.200616
0115162521353041424104140140 1 1202308152.200618
0111162520303141424104140140 1 1202308152.200620
0514162021303141424104140140 1 1202308152.200623
0111162521303141424104140140 1 1202308152.200627
0112162521303141424104140140 1 1202308152.200631
0512162521303141424104140140 1 1202308152.200634
0114162521303141424104140140 1 1202308152.200635
0115162521303141424104140140 1 1202308152.200638
0515162521303141424104140140 1 1202308152.200641
0615102621303141424104140140 2 1202308152.200644
0511162621303141424104140140 2 1202308152.200645
0514162621303141424104140140 2 1202308152.200649
0015162621303141424104140140 1 1202308152.200650
0111162520353141424104140140 1 1202308152.200655
0121162520353141424104140140 1 1202308152.200656
0141162520353141424104140140 1 1202308152.200657
0114162021353141424104140140 1 1202308152.200707
0514162021353141424104140140 1 1202308152.200708
0124162021353141424104140140 2 1202308152.200710
0524162021353141424104140140 2 1202308152.200712
0111162521353141424104140140 1 1202308152.200720
0511162521353141424104140140 1 1202308152.200723
0121162521353141424104140140 1 1202308152.200725
0521162521353141424104140140 1 1202308152.200730
0041162521353141424104140140 1 1202308152.200731
0141162521353141424104140140 1 1202308152.200732
0541162521353141424104140140 1 1202308152.200734
0112162521353141424104140140 1 1202308152.200735
0512162521353141424104140140 1 1202308152.200738
0122162521353141424104140140 1 1202308152.200739
0522162521353141424104140140 1 1202308152.200744
0042162521353141424104140140 1 1202308152.200746
0142162521353141424104140140 1 1202308152.200747
0542162521353141424104140140 1 1202308152.200748
0114162521353141424104140140 1 1202308152.200750
0024162521353141424104140140 1 1202308152.200752
0124162521353141424104140140 1 1202308152.200753
0144162521353141424104140140 1 1202308152.200756
0544162521353141424104140140 1 1202308152.200758
0115162521353141424104140140 1 1202308152.200759
0515162521353141424104140140 1 1202308152.200802
0125162521353141424104140140 1 1202308152.200803
0225162521353141424104140140 1 1202308152.200804
0615102621353141424104140140 2 1202308152.200810
0411162621353141424104140140 1 1202308152.200812
0511162621353141424104140140 1 1202308152.200813
0421162621353141424104140140 1 1202308152.200814
0521162621353141424104140140 1 1202308152.200815
0412162621353141424104140140 1 1202308152.200817
0422162621353141424104140140 2 1202308152.200821
0522162621353141424104140140 2 1202308152.200822
0514162621353141424104140140 2 1202308152.200824
0124162621353141424104140140 2 1202308152.200826
0524162621353141424104140140 2 1202308152.200827
0015162621353141424104140140 1 1202308152.200828
0114102521363141424104140140 2 1202308152.200838
0111162520303641424104140140 2 1202308152.200841
0011162521303641424104140140 1 1202308152.200844
0111162521303641424104140140 1 1202308152.200845
0511162521303641424104140140 1 1202308152.200849
0012162521303641424104140140 1 1202308152.200850
0112162521303641424104140140 1 1202308152.200851
0512162521303641424104140140 1 1202308152.200856
0014162521303641424104140140 1 1202308152.200857
0114162521303641424104140140 1 1202308152.200858
0514162521303641424104140140 1 1202308152.200901
0115162521303641424104140140 1 1202308152.200902
0511162621303641424104140140 1 1202308152.200904
0514162621303641424104140140 1 1202308152.200905
0141162520353641424104140140 1 1202308152.200909
0114162021353641424104140140 1 1202308152.200914
0011162521353641424104140140 1 1202308152.200923
0111162521353641424104140140 1 1202308152.200924
0511162521353641424104140140 1 1202308152.200929
0041162521353641424104140140 1 1202308152.200932
0141162521353641424104140140 1 1202308152.200933
0012162521353641424104140140 1 1202308152.200937
0112162521353641424104140140 1 1202308152.200938
0512162521353641424104140140 1 1202308152.200943
0042162521353641424104140140 1 1202308152.200946
0142162521353641424104140140 1 1202308152.200947
0014162521353641424104140140 1 1202308152.200950
0114162521353641424104140140 1 1202308152.200952
0514162521353641424104140140 1 1202308152.200954
0115162521353641424104140140 1 1202308152.201000
0145162521353641424104140140 1 1202308152.201001
0411162621353641424104140140 1 1202308152.201003
0511162621353641424104140140 1 1202308152.201004
0412162621353641424104140140 1 1202308152.201005
0514162621353641424104140140 1 1202308152.201007
0111162521303042424104140140 1 1202308152.201230
0112162521303042424104140140 1 1202308152.201231
0115162521303042424104140140 1 1202308152.201232
0112162521333042424104140140 2 1202308152.201236
0144162521333042424104140140 2 1202308152.201238
0115162521333042424104140140 2 1202308152.201239
0114162021353042424104140140 1 1202308152.201243
0111162521353042424104140140 1 1202308152.201245
0121162521353042424104140140 1 1202308152.201246
0141162521353042424104140140 1 1202308152.201247
0112162521353042424104140140 1 1202308152.201248
0122162521353042424104140140 1 1202308152.201249
0142162521353042424104140140 1 1202308152.201251
0124162521353042424104140140 1 1202308152.201252
0144162521353042424104140140 1 1202308152.201253
0115162521353042424104140140 1 1202308152.201254
0514162021303142424104140140 1 1202308152.201258
0111162521303142424104140140 1 1202308152.201303
0112162521303142424104140140 1 1202308152.201307
0512162521303142424104140140 1 1202308152.201310
0114162521303142424104140140 1 1202308152.201311
0115162521303142424104140140 1 1202308152.201314
0515162521303142424104140140 1 1202308152.201317
0541162021333142424104140140 2 1202308152.201335
0514162021333142424104140140 2 1202308152.201336
0015162021333142424104140140 2 1202308152.201337
0111162521333142424104140140 2 1202308152.201339
0211162521333142424104140140 2 1202308152.201340
0511162521333142424104140140 2 1202308152.201342
0021162521333142424104140140 2 1202308152.201344
0121162521333142424104140140 2 1202308152.201345
0521162521333142424104140140 2 1202308152.201346
0041162521333142424104140140 2 1202308152.201348
0541162521333142424104140140 2 1202308152.201349
0112162521333142424104140140 2 1202308152.201351
0512162521333142424104140140 2 1202308152.201354
0122162521333142424104140140 2 1202308152.201355
0042162521333142424104140140 2 1202308152.201358
0142162521333142424104140140 2 1202308152.201359
0542162521333142424104140140 2 1202308152.201401
0014162521333142424104140140 2 1202308152.201403
0114162521333142424104140140 2 1202308152.201404
0514162521333142424104140140 2 1202308152.201405
0124162521333142424104140140 2 1202308152.201407
0524162521333142424104140140 2 1202308152.201408
0144162521333142424104140140 2 1202308152.201409
0115162521333142424104140140 2 1202308152.201411
0515162521333142424104140140 2 1202308152.201412
0125162521333142424104140140 2 1202308152.201413
0525162521333142424104140140 2 1202308152.201415
0145162521333142424104140140 2 1202308152.201417
0545162521333142424104140140 2 1202308152.201419
0526162521333142424104140140 2 1202308152.201423
0141162520353142424104140140 2 1202308152.201432
0114162021353142424104140140 1 1202308152.201439
0514162021353142424104140140 1 1202308152.201441
0111162521353142424104140140 1 1202308152.201450
0511162521353142424104140140 1 1202308152.201453
0121162521353142424104140140 1 1202308152.201454
0521162521353142424104140140 1 1202308152.201459
0041162521353142424104140140 1 1202308152.201500
0141162521353142424104140140 1 1202308152.201501
0541162521353142424104140140 1 1202308152.201503
0112162521353142424104140140 1 1202308152.201505
0512162521353142424104140140 1 1202308152.201508
0122162521353142424104140140 1 1202308152.201509
0522162521353142424104140140 1 1202308152.201514
0042162521353142424104140140 1 1202308152.201515
0142162521353142424104140140 1 1202308152.201516
0542162521353142424104140140 1 1202308152.201518
0114162521353142424104140140 1 1202308152.201519
0024162521353142424104140140 1 1202308152.201522
0124162521353142424104140140 1 1202308152.201523
0144162521353142424104140140 1 1202308152.201526
0544162521353142424104140140 1 1202308152.201527
0115162521353142424104140140 1 1202308152.201528
0515162521353142424104140140 1 1202308152.201532
0125162521353142424104140140 1 1202308152.201533
0225162521353142424104140140 1 1202308152.201534
0011162521303642424104140140 1 1202308152.201614
0111162521303642424104140140 1 1202308152.201615
0511162521303642424104140140 1 1202308152.201618
0012162521303642424104140140 1 1202308152.201620
0112162521303642424104140140 1 1202308152.201621
0512162521303642424104140140 1 1202308152.201626
0014162521303642424104140140 1 1202308152.201627
0114162521303642424104140140 1 1202308152.201628
0514162521303642424104140140 1 1202308152.201631
0115162521303642424104140140 1 1202308152.201632
0514162021333642424104140140 2 1202308152.201641
0111162521333642424104140140 2 1202308152.201644
0012162521333642424104140140 2 1202308152.201647
0112162521333642424104140140 2 1202308152.201648
0512162521333642424104140140 2 1202308152.201651
0014162521333642424104140140 2 1202308152.201652
0114162521333642424104140140 2 1202308152.201653
0514162521333642424104140140 2 1202308152.201655
0115162521333642424104140140 2 1202308152.201656
0515162521333642424104140140 2 1202308152.201657
0114162021353642424104140140 1 1202308152.201713
0011162521353642424104140140 1 1202308152.201722
0111162521353642424104140140 1 1202308152.201723
0511162521353642424104140140 1 1202308152.201728
0041162521353642424104140140 1 1202308152.201731
0141162521353642424104140140 1 1202308152.201732
0012162521353642424104140140 1 1202308152.201735
0112162521353642424104140140 1 1202308152.201737
0512162521353642424104140140 1 1202308152.201741
0042162521353642424104140140 1 1202308152.201744
0142162521353642424104140140 1 1202308152.201745
0014162521353642424104140140 1 1202308152.201749
0114162521353642424104140140 1 1202308152.201750
0514162521353642424104140140 1 1202308152.201753
0115162521353642424104140140 1 1202308152.201758
0145162521353642424104140140 1 1202308152.201800
0141162521033114424104140140 2 1202308152.202050
0111162520303044424104140140 1 1202308152.202122
0115162521303044424104140140 1 1202308152.202124
0111162520353044424104140140 1 1202308152.202128
0115162521353044424104140140 1 1202308152.202140
0111162520303144424104140140 1 1202308152.202143
0514162021303144424104140140 1 1202308152.202144
0511162521303144424104140140 1 1202308152.202151
0112162521303144424104140140 1 1202308152.202153
0512162521303144424104140140 1 1202308152.202155
0014162521303144424104140140 1 1202308152.202156
0114162521303144424104140140 1 1202308152.202157
0514162521303144424104140140 1 1202308152.202159
0115162521303144424104140140 1 1202308152.202203
0515162521303144424104140140 1 1202308152.202204
0111162520333144424104140140 2 1202308152.202218
0121162520333144424104140140 2 1202308152.202219
0141162520333144424104140140 2 1202308152.202220
0615102021333144424104140140 2 1202308152.202222
0541162021333144424104140140 2 1202308152.202223
0112162521333144424104140140 2 1202308152.202230
0512162521333144424104140140 2 1202308152.202231
0014162521333144424104140140 2 1202308152.202235
0114162521333144424104140140 2 1202308152.202236
0514162521333144424104140140 2 1202308152.202237
0115162521333144424104140140 2 1202308152.202241
0515162521333144424104140140 2 1202308152.202242
0016162521333144424104140140 2 1202308152.202245
0111162520353144424104140140 1 1202308152.202307
0121162520353144424104140140 2 1202308152.202309
0141162520353144424104140140 1 1202308152.202310
0522162021353144424104140140 1 1202308152.202316
0114162021353144424104140140 1 1202308152.202318
0514162021353144424104140140 1 1202308152.202319
0124162021353144424104140140 2 1202308152.202322
0524162021353144424104140140 2 1202308152.202323
0111162521353144424104140140 1 1202308152.202327
0511162521353144424104140140 1 1202308152.202329
0121162521353144424104140140 1 1202308152.202331
0141162521353144424104140140 1 1202308152.202339
0112162521353144424104140140 1 1202308152.202345
0512162521353144424104140140 1 1202308152.202347
0122162521353144424104140140 1 1202308152.202348
0142162521353144424104140140 1 1202308152.202356
0014162521353144424104140140 1 1202308152.202402
0114162521353144424104140140 1 1202308152.202403
0514162521353144424104140140 1 1202308152.202405
0024162521353144424104140140 1 1202308152.202409
0124162521353144424104140140 1 1202308152.202410
0044162521353144424104140140 1 1202308152.202412
0144162521353144424104140140 1 1202308152.202413
0115162521353144424104140140 1 1202308152.202417
0515162521353144424104140140 1 1202308152.202419
0114102521363144424104140140 2 1202308152.202449
0124162021333154424104140140 2 1202308152.202713
0111162520303045424104140140 1 1202308152.203053
0112162521303045424104140140 1 1202308152.203055
0115162521303045424104140140 1 1202308152.203058
0122162521333045424104140140 2 1202308152.203102
0142162521333045424104140140 2 1202308152.203103
0144162521333045424104140140 2 1202308152.203105
0111162520353045424104140140 1 1202308152.203107
0121162520353045424104140140 1 1202308152.203109
0141162520353045424104140140 2 1202308152.203110
0111162521353045424104140140 1 1202308152.203113
0121162521353045424104140140 1 1202308152.203114
0141162521353045424104140140 1 1202308152.203115
0112162521353045424104140140 1 1202308152.203116
0122162521353045424104140140 1 1202308152.203118
0142162521353045424104140140 1 1202308152.203119
0144162521353045424104140140 1 1202308152.203122
0115162521353045424104140140 1 1202308152.203123
0125162521353045424104140140 1 1202308152.203124
0145162521353045424104140140 1 1202308152.203125
0111162520303145424104140140 1 1202308152.203130
0114162021303145424104140140 1 1202308152.203136
0514162021303145424104140140 1 1202308152.203137
0111162521303145424104140140 1 1202308152.203140
0511162521303145424104140140 1 1202308152.203142
0012162521303145424104140140 1 1202308152.203143
0112162521303145424104140140 1 1202308152.203144
0512162521303145424104140140 1 1202308152.203147
0014162521303145424104140140 1 1202308152.203149
0114162521303145424104140140 1 1202308152.203150
0514162521303145424104140140 1 1202308152.203153
0115162521303145424104140140 1 1202308152.203154
0215162521303145424104140140 1 1202308152.203155
0515162521303145424104140140 1 1202308152.203156
0411162621303145424104140140 2 1202308152.203159
0511162621303145424104140140 2 1202308152.203200
0514162621303145424104140140 2 1202308152.203203
0615102021333145424104140140 2 1202308152.203206
0114162021333145424104140140 2 1202308152.203209
0115162021333145424104140140 2 1202308152.203210
0111162521333145424104140140 2 1202308152.203211
0021162521333145424104140140 2 1202308152.203214
0121162521333145424104140140 2 1202308152.203215
0521162521333145424104140140 2 1202308152.203218
0041162521333145424104140140 2 1202308152.203219
0541162521333145424104140140 2 1202308152.203221
0112162521333145424104140140 2 1202308152.203222
0512162521333145424104140140 2 1202308152.203225
0122162521333145424104140140 2 1202308152.203226
0522162521333145424104140140 2 1202308152.203229
0042162521333145424104140140 2 1202308152.203230
0142162521333145424104140140 2 1202308152.203231
0542162521333145424104140140 2 1202308152.203234
0014162521333145424104140140 2 1202308152.203235
0114162521333145424104140140 2 1202308152.203236
0514162521333145424104140140 2 1202308152.203238
0024162521333145424104140140 2 1202308152.203239
0124162521333145424104140140 2 1202308152.203240
0144162521333145424104140140 2 1202308152.203243
0544162521333145424104140140 2 1202308152.203245
0115162521333145424104140140 2 1202308152.203246
0515162521333145424104140140 2 1202308152.203247
0125162521333145424104140140 2 1202308152.203248
0225162521333145424104140140 2 1202308152.203249
0525162521333145424104140140 2 1202308152.203250
0145162521333145424104140140 2 1202308152.203251
0545162521333145424104140140 2 1202308152.203254
0016162521333145424104140140 2 1202308152.203255
0026162521333145424104140140 2 1202308152.203257
0526162521333145424104140140 2 1202308152.203258
0111162520353145424104140140 1 1202308152.203302
0121162520353145424104140140 1 1202308152.203303
0141162520353145424104140140 1 1202308152.203304
0511162021353145424104140140 1 1202308152.203308
0114162021353145424104140140 1 1202308152.203316
0514162021353145424104140140 1 1202308152.203317
0011162521353145424104140140 1 1202308152.203321
0111162521353145424104140140 1 1202308152.203322
0511162521353145424104140140 1 1202308152.203325
0021162521353145424104140140 1 1202308152.203326
0221162521353145424104140140 1 1202308152.203327
0521162521353145424104140140 1 1202308152.203328
0141162521353145424104140140 1 1202308152.203332
0541162521353145424104140140 1 1202308152.203335
0012162521353145424104140140 1 1202308152.203336
0112162521353145424104140140 1 1202308152.203337
0512162521353145424104140140 1 1202308152.203340
0022162521353145424104140140 1 1202308152.203341
0222162521353145424104140140 1 1202308152.203342
0522162521353145424104140140 1 1202308152.203343
0142162521353145424104140140 1 1202308152.203347
0542162521353145424104140140 1 1202308152.203350
0014162521353145424104140140 1 1202308152.203351
0114162521353145424104140140 1 1202308152.203352
0514162521353145424104140140 1 1202308152.203355
0024162521353145424104140140 1 1202308152.203356
0124162521353145424104140140 1 1202308152.203358
0224162521353145424104140140 1 1202308152.203359
0144162521353145424104140140 1 1202308152.203400
0544162521353145424104140140 1 1202308152.203402
0115162521353145424104140140 1 1202308152.203403
0215162521353145424104140140 1 1202308152.203404
0515162521353145424104140140 1 1202308152.203405
0125162521353145424104140140 1 1202308152.203406
0145162521353145424104140140 1 1202308152.203407
0411162621353145424104140140 2 1202308152.203410
0511162621353145424104140140 1 1202308152.203412
0421162621353145424104140140 1 1202308152.203413
0521162621353145424104140140 1 1202308152.203414
0522162621353145424104140140 1 1202308152.203419
0514162621353145424104140140 2 1202308152.203421
0524162621353145424104140140 1 1202308152.203423
0525162621353145424104140140 1 1202308152.203425
0111162520303645424104140140 1 1202308152.203430
0615102021303645424104140140 1 1202308152.203432
0114162021303645424104140140 1 1202308152.203434
0111162521303645424104140140 1 1202308152.203438
0511162521303645424104140140 1 1202308152.203439
0012162521303645424104140140 1 1202308152.203441
0112162521303645424104140140 1 1202308152.203442
0512162521303645424104140140 1 1202308152.203445
0014162521303645424104140140 1 1202308152.203446
0114162521303645424104140140 1 1202308152.203447
0514162521303645424104140140 1 1202308152.203449
0115162521303645424104140140 1 1202308152.203450
0515162521303645424104140140 1 1202308152.203452
0511162621303645424104140140 1 1202308152.203453
0512162621303645424104140140 2 1202308152.203456
0514162621303645424104140140 2 1202308152.203458
0615102021333645424104140140 2 1202308152.203506
0111162520353645424104140140 1 1202308152.203510
0615102021353645424104140140 1 1202308152.203512
0114162021353645424104140140 1 1202308152.203520
0011162521353645424104140140 1 1202308152.203526
0111162521353645424104140140 1 1202308152.203527
0511162521353645424104140140 1 1202308152.203530
0141162521353645424104140140 1 1202308152.203534
0012162521353645424104140140 1 1202308152.203538
0112162521353645424104140140 1 1202308152.203539
0512162521353645424104140140 1 1202308152.203542
0142162521353645424104140140 1 1202308152.203546
0014162521353645424104140140 1 1202308152.203550
0114162521353645424104140140 1 1202308152.203551
0514162521353645424104140140 1 1202308152.203553
0144162521353645424104140140 1 1202308152.203557
0115162521353645424104140140 1 1202308152.203600
0515162521353645424104140140 1 1202308152.203602
0511162621353645424104140140 1 1202308152.203608
0512162621353645424104140140 2 1202308152.203610
0514162621353645424104140140 2 1202308152.203612
0514162021303146424104140140 1 1202308152.203950
0111162521303146424104140140 1 1202308152.203952
0511162521303146424104140140 1 1202308152.203953
0112162521303146424104140140 1 1202308152.203955
0512162521303146424104140140 1 1202308152.203957
0014162521303146424104140140 1 1202308152.203958
0114162521303146424104140140 1 1202308152.203959
0514162521303146424104140140 1 1202308152.204002
0115162521303146424104140140 1 1202308152.204003
0514162021333146424104140140 2 1202308152.204010
0041162521333146424104140140 2 1202308152.204015
0541162521333146424104140140 2 1202308152.204018
0112162521333146424104140140 2 1202308152.204019
0512162521333146424104140140 2 1202308152.204020
0142162521333146424104140140 2 1202308152.204022
0542162521333146424104140140 2 1202308152.204024
0014162521333146424104140140 2 1202308152.204025
0114162521333146424104140140 2 1202308152.204026
0144162521333146424104140140 2 1202308152.204030
0115162521333146424104140140 2 1202308152.204031
0515162521333146424104140140 2 1202308152.204033
0545162521333146424104140140 2 1202308152.204035
0111162520353146424104140140 1 1202308152.204038
0141162520353146424104140140 1 1202308152.204040
0514162021353146424104140140 1 1202308152.204048
0111162521353146424104140140 1 1202308152.204059
0511162521353146424104140140 1 1202308152.204101
0141162521353146424104140140 1 1202308152.204107
0112162521353146424104140140 1 1202308152.204112
0512162521353146424104140140 1 1202308152.204114
0142162521353146424104140140 1 1202308152.204120
0014162521353146424104140140 1 1202308152.204125
0114162521353146424104140140 1 1202308152.204126
0514162521353146424104140140 1 1202308152.204128
0144162521353146424104140140 1 1202308152.204133
0115162521353146424104140140 1 1202308152.204134
0111162520303040424204140140 1 1202308152.205841
0112162521303040424204140140 1 1202308152.205845
0115162521303040424204140140 1 1202308152.205852
0112162521313040424204140140 2 1202308152.205854
0115162521313040424204140140 2 1202308152.205858
0112162521333040424204140140 2 1202308152.205900
0115162521333040424204140140 2 1202308152.205904
0112162521343040424204140140 2 1202308152.205905
0115162521343040424204140140 2 1202308152.205909
0111162520353040424204140140 1 1202308152.205910
0111162521353040424204140140 1 1202308152.205914
0112162521353040424204140140 1 1202308152.205917
0115162521353040424204140140 1 1202308152.205924
0112162521363040424204140140 2 1202308152.205930
0115162521363040424204140140 1 1202308152.205936
0111162520303140424204140140 1 1202308152.205937
0514162021303140424204140140 1 1202308152.205939
0111162521303140424204140140 1 1202308152.205942
0511162521303140424204140140 1 1202308152.205944
0041162521303140424204140140 1 1202308152.205945
0141162521303140424204140140 1 1202308152.205946
0012162521303140424204140140 1 1202308152.205949
0112162521303140424204140140 1 1202308152.205950
0512162521303140424204140140 1 1202308152.205953
0042162521303140424204140140 1 1202308152.205954
0142162521303140424204140140 1 1202308152.205955
0542162521303140424204140140 1 1202308152.205958
0014162521303140424204140140 1 1202308152.205959
0114162521303140424204140140 1 1202308152.210000
0514162521303140424204140140 1 1202308152.210003
0144162521303140424204140140 1 1202308152.210007
0544162521303140424204140140 1 1202308152.210008
0115162521303140424204140140 1 1202308152.210009
0215162521303140424204140140 1 1202308152.210010
0515162521303140424204140140 1 1202308152.210011
0514162021313140424204140140 2 1202308152.210013
0012162521313140424204140140 2 1202308152.210014
0112162521313140424204140140 2 1202308152.210015
0512162521313140424204140140 2 1202308152.210017
0142162521313140424204140140 2 1202308152.210020
0014162521313140424204140140 2 1202308152.210022
0114162521313140424204140140 2 1202308152.210023
0514162521313140424204140140 2 1202308152.210025
0144162521313140424204140140 2 1202308152.210028
0115162521313140424204140140 2 1202308152.210029
0215162521313140424204140140 2 1202308152.210030
0515162521313140424204140140 2 1202308152.210031
0514162021333140424204140140 2 1202308152.210033
0111162521333140424204140140 2 1202308152.210034
0511162521333140424204140140 2 1202308152.210036
0041162521333140424204140140 2 1202308152.210037
0141162521333140424204140140 2 1202308152.210038
0012162521333140424204140140 2 1202308152.210039
0112162521333140424204140140 2 1202308152.210040
0512162521333140424204140140 2 1202308152.210042
0142162521333140424204140140 2 1202308152.210045
0014162521333140424204140140 2 1202308152.210047
0114162521333140424204140140 2 1202308152.210048
0514162521333140424204140140 2 1202308152.210050
0144162521333140424204140140 2 1202308152.210053
0115162521333140424204140140 2 1202308152.210054
0215162521333140424204140140 2 1202308152.210055
0515162521333140424204140140 2 1202308152.210056
0514162021343140424204140140 2 1202308152.210057
0012162521343140424204140140 2 1202308152.210059
0112162521343140424204140140 2 1202308152.210100
0512162521343140424204140140 2 1202308152.210102
0142162521343140424204140140 2 1202308152.210104
0014162521343140424204140140 2 1202308152.210107
0114162521343140424204140140 2 1202308152.210108
0514162521343140424204140140 2 1202308152.210110
0144162521343140424204140140 2 1202308152.210112
0115162521343140424204140140 2 1202308152.210114
0215162521343140424204140140 2 1202308152.210115
0515162521343140424204140140 2 1202308152.210116
0111162520353140424204140140 1 1202308152.210117
0141162520353140424204140140 1 1202308152.210118
0511162021353140424204140140 1 1202308152.210122
0114162021353140424204140140 1 1202308152.210126
0514162021353140424204140140 1 1202308152.210127
0011162521353140424204140140 1 1202308152.210130
0111162521353140424204140140 1 1202308152.210132
0511162521353140424204140140 1 1202308152.210135
0141162521353140424204140140 1 1202308152.210140
0012162521353140424204140140 1 1202308152.210144
0112162521353140424204140140 1 1202308152.210145
0512162521353140424204140140 1 1202308152.210148
0142162521353140424204140140 1 1202308152.210153
0014162521353140424204140140 1 1202308152.210157
0114162521353140424204140140 1 1202308152.210158
0514162521353140424204140140 1 1202308152.210202
0144162521353140424204140140 1 1202308152.210205
0115162521353140424204140140 1 1202308152.210206
0215162521353140424204140140 1 1202308152.210207
0515162521353140424204140140 1 1202308152.210208
0511162021363140424204140140 1 1202308152.210210
0514162021363140424204140140 1 1202308152.210211
0144102521363140424204140140 2 1202308152.210214
0111162521363140424204140140 1 1202308152.210216
0511162521363140424204140140 1 1202308152.210218
0141162521363140424204140140 1 1202308152.210220
0012162521363140424204140140 2 1202308152.210225
0112162521363140424204140140 1 1202308152.210226
0512162521363140424204140140 1 1202308152.210228
0042162521363140424204140140 1 1202308152.210232
0142162521363140424204140140 1 1202308152.210233
0542162521363140424204140140 1 1202308152.210236
0014162521363140424204140140 1 1202308152.210237
0114162521363140424204140140 1 1202308152.210238
0514162521363140424204140140 1 1202308152.210241
0144162521363140424204140140 1 1202308152.210245
0544162521363140424204140140 1 1202308152.210246
0115162521363140424204140140 1 1202308152.210247
0215162521363140424204140140 2 1202308152.210248
0515162521363140424204140140 1 1202308152.210249
0111162520303640424204140140 1 1202308152.210255
0615102021303640424204140140 1 1202308152.210256
0111162521303640424204140140 1 1202308152.210302
0511162521303640424204140140 1 1202308152.210304
0012162521303640424204140140 1 1202308152.210310
0112162521303640424204140140 1 1202308152.210311
0512162521303640424204140140 1 1202308152.210314
0014162521303640424204140140 1 1202308152.210324
0114162521303640424204140140 1 1202308152.210325
0514162521303640424204140140 1 1202308152.210327
0115162521303640424204140140 1 1202308152.210334
0515162521303640424204140140 1 1202308152.210336
0615102021313640424204140140 2 1202308152.210340
0012162521313640424204140140 2 1202308152.210342
0112162521313640424204140140 2 1202308152.210343
0512162521313640424204140140 2 1202308152.210345
0014162521313640424204140140 2 1202308152.210350
0114162521313640424204140140 2 1202308152.210351
0514162521313640424204140140 2 1202308152.210353
0115162521313640424204140140 2 1202308152.210357
0515162521313640424204140140 2 1202308152.210359
0615102021333640424204140140 2 1202308152.210401
0511162521333640424204140140 2 1202308152.210406
0012162521333640424204140140 2 1202308152.210409
0112162521333640424204140140 2 1202308152.210410
0512162521333640424204140140 2 1202308152.210412
0014162521333640424204140140 2 1202308152.210417
0114162521333640424204140140 2 1202308152.210418
0514162521333640424204140140 2 1202308152.210420
0115162521333640424204140140 2 1202308152.210424
0515162521333640424204140140 2 1202308152.210426
0615102021343640424204140140 2 1202308152.210428
0012162521343640424204140140 2 1202308152.210431
0112162521343640424204140140 2 1202308152.210432
0512162521343640424204140140 2 1202308152.210434
0014162521343640424204140140 2 1202308152.210439
0114162521343640424204140140 2 1202308152.210440
0514162521343640424204140140 2 1202308152.210442
0115162521343640424204140140 2 1202308152.210446
0515162521343640424204140140 2 1202308152.210448
0111162520353640424204140140 1 1202308152.210451
0615102021353640424204140140 1 1202308152.210454
0114162021353640424204140140 1 1202308152.210459
0011162521353640424204140140 1 1202308152.210502
0111162521353640424204140140 1 1202308152.210504
0511162521353640424204140140 1 1202308152.210506
0012162521353640424204140140 1 1202308152.210516
0112162521353640424204140140 1 1202308152.210517
0512162521353640424204140140 1 1202308152.210520
0014162521353640424204140140 1 1202308152.210530
0114162521353640424204140140 1 1202308152.210531
0514162521353640424204140140 1 1202308152.210533
0115162521353640424204140140 1 1202308152.210541
0515162521353640424204140140 1 1202308152.210542
0615102021363640424204140140 2 1202308152.210546
0514162021363640424204140140 1 1202308152.210548
0011162521363640424204140140 2 1202308152.210552
0111162521363640424204140140 1 1202308152.210553
0511162521363640424204140140 2 1202308152.210555
0012162521363640424204140140 2 1202308152.210602
0112162521363640424204140140 1 1202308152.210603
0512162521363640424204140140 1 1202308152.210607
0014162521363640424204140140 2 1202308152.210617
0114162521363640424204140140 1 1202308152.210618
0514162521363640424204140140 2 1202308152.210620
0115162521363640424204140140 1 1202308152.210627
0515162521363640424204140140 1 1202308152.210629
0111162520303041424204140140 1 1202308152.211301
0111162521303041424204140140 1 1202308152.211303
0112162521303041424204140140 1 1202308152.211306
0115162521303041424204140140 1 1202308152.211312
0111162520353041424204140140 1 1202308152.211317
0121162520353041424204140140 1 1202308152.211318
0141162520353041424204140140 1 1202308152.211320
0114162021353041424204140140 1 1202308152.211321
0111162521353041424204140140 1 1202308152.211323
0121162521353041424204140140 1 1202308152.211324
0141162521353041424204140140 1 1202308152.211326
0112162521353041424204140140 1 1202308152.211327
0122162521353041424204140140 1 1202308152.211328
0142162521353041424204140140 1 1202308152.211329
0124162521353041424204140140 1 1202308152.211330
0144162521353041424204140140 1 1202308152.211332
0115162521353041424204140140 1 1202308152.211333
0514162021303141424204140140 1 1202308152.211401
0111162521303141424204140140 1 1202308152.211405
0041162521303141424204140140 2 1202308152.211409
0141162521303141424204140140 1 1202308152.211411
0541162521303141424204140140 1 1202308152.211413
0112162521303141424204140140 1 1202308152.211415
0512162521303141424204140140 1 1202308152.211418
0042162521303141424204140140 1 1202308152.211419
0142162521303141424204140140 1 1202308152.211420
0542162521303141424204140140 1 1202308152.211423
0114162521303141424204140140 1 1202308152.211424
0044162521303141424204140140 1 1202308152.211426
0144162521303141424204140140 1 1202308152.211427
0544162521303141424204140140 2 1202308152.211429
0115162521303141424204140140 1 1202308152.211430
0515162521303141424204140140 1 1202308152.211433
0111162520353141424204140140 2 1202308152.211436
0121162520353141424204140140 1 1202308152.211437
0141162520353141424204140140 1 1202308152.211438
0114162021353141424204140140 1 1202308152.211444
0514162021353141424204140140 1 1202308152.211446
0124162021353141424204140140 2 1202308152.211447
0524162021353141424204140140 1 1202308152.211448
0111162521353141424204140140 1 1202308152.211456
0511162521353141424204140140 1 1202308152.211459
0121162521353141424204140140 1 1202308152.211501
0521162521353141424204140140 1 1202308152.211506
0041162521353141424204140140 1 1202308152.211507
0141162521353141424204140140 1 1202308152.211508
0541162521353141424204140140 1 1202308152.211510
0112162521353141424204140140 1 1202308152.211511
0512162521353141424204140140 1 1202308152.211514
0122162521353141424204140140 1 1202308152.211515
0522162521353141424204140140 1 1202308152.211520
0042162521353141424204140140 1 1202308152.211522
0142162521353141424204140140 1 1202308152.211523
0542162521353141424204140140 1 1202308152.211525
0114162521353141424204140140 1 1202308152.211526
0024162521353141424204140140 1 1202308152.211528
0124162521353141424204140140 1 1202308152.211529
0144162521353141424204140140 1 1202308152.211533
0544162521353141424204140140 1 1202308152.211534
0115162521353141424204140140 1 1202308152.211535
0515162521353141424204140140 1 1202308152.211538
0125162521353141424204140140 1 1202308152.211539
0225162521353141424204140140 1 1202308152.211540
0111102521363141424204140140 1 1202308152.211547
0114102521363141424204140140 1 1202308152.211549
0144102521363141424204140140 1 1202308152.211550
0111162521363141424204140140 1 1202308152.211552
0511162521363141424204140140 1 1202308152.211554
0021162521363141424204140140 2 1202308152.211555
0041162521363141424204140140 1 1202308152.211558
0141162521363141424204140140 1 1202308152.211600
0541162521363141424204140140 2 1202308152.211602
0012162521363141424204140140 1 1202308152.211603
0112162521363141424204140140 1 1202308152.211604
0212162521363141424204140140 1 1202308152.211605
0512162521363141424204140140 1 1202308152.211607
0022162521363141424204140140 1 1202308152.211608
0122162521363141424204140140 1 1202308152.211609
0522162521363141424204140140 1 1202308152.211612
0042162521363141424204140140 1 1202308152.211614
0142162521363141424204140140 1 1202308152.211615
0542162521363141424204140140 1 1202308152.211617
0014162521363141424204140140 1 1202308152.211618
0114162521363141424204140140 1 1202308152.211620
0514162521363141424204140140 1 1202308152.211621
0024162521363141424204140140 1 1202308152.211622
0124162521363141424204140140 1 1202308152.211624
0044162521363141424204140140 1 1202308152.211626
0144162521363141424204140140 1 1202308152.211627
0544162521363141424204140140 2 1202308152.211629
0115162521363141424204140140 1 1202308152.211630
0515162521363141424204140140 1 1202308152.211632
0125162521363141424204140140 1 1202308152.211634
0525162521363141424204140140 1 1202308152.211636
0111162520303641424204140140 2 1202308152.211639
0011162521303641424204140140 1 1202308152.211644
0111162521303641424204140140 1 1202308152.211646
0511162521303641424204140140 1 1202308152.211649
0012162521303641424204140140 1 1202308152.211655
0112162521303641424204140140 1 1202308152.211656
0512162521303641424204140140 1 1202308152.211701
0014162521303641424204140140 1 1202308152.211710
0114162521303641424204140140 1 1202308152.211711
0514162521303641424204140140 1 1202308152.211714
0115162521303641424204140140 1 1202308152.211722
0111162520353641424204140140 2 1202308152.211724
0141162520353641424204140140 1 1202308152.211725
0114162021353641424204140140 1 1202308152.211728
0011162521353641424204140140 1 1202308152.211737
0111162521353641424204140140 1 1202308152.211738
0511162521353641424204140140 1 1202308152.211743
0041162521353641424204140140 1 1202308152.211746
0141162521353641424204140140 1 1202308152.211747
0012162521353641424204140140 1 1202308152.211751
0112162521353641424204140140 1 1202308152.211752
0512162521353641424204140140 1 1202308152.211756
0042162521353641424204140140 1 1202308152.211759
0142162521353641424204140140 1 1202308152.211800
0014162521353641424204140140 1 1202308152.211804
0114162521353641424204140140 1 1202308152.211805
0514162521353641424204140140 1 1202308152.211808
0115162521353641424204140140 1 1202308152.211813
0145162521353641424204140140 1 1202308152.211815
0111162521363022424204140140 1 1202308152.212518
0112162521363022424204140140 1 1202308152.212519
0114162521363022424204140140 1 1202308152.212521
0115162521363022424204140140 1 1202308152.212523
0011162521363622424204140140 1 1202308152.212535
0111162521363622424204140140 1 1202308152.212536
0012162521363622424204140140 1 1202308152.212538
0112162521363622424204140140 1 1202308152.212539
0512162521363622424204140140 1 1202308152.212540
0014162521363622424204140140 1 1202308152.212544
0114162521363622424204140140 1 1202308152.212545
0514162521363622424204140140 1 1202308152.212546
0115162521363622424204140140 1 1202308152.212549
0515162521363622424204140140 1 1202308152.212550
0111162521303042424204140140 1 1202308152.212552
0141162521303042424204140140 1 1202308152.212554
0112162521303042424204140140 1 1202308152.212555
0142162521303042424204140140 2 1202308152.212557
0144162521303042424204140140 1 1202308152.212558
0115162521303042424204140140 1 1202308152.212559
0112162521313042424204140140 2 1202308152.212601
0142162521313042424204140140 2 1202308152.212602
0144162521313042424204140140 2 1202308152.212603
0115162521313042424204140140 2 1202308152.212604
0112162521333042424204140140 2 1202308152.212605
0142162521333042424204140140 2 1202308152.212607
0144162521333042424204140140 2 1202308152.212608
0115162521333042424204140140 2 1202308152.212609
0112162521343042424204140140 2 1202308152.212610
0142162521343042424204140140 2 1202308152.212611
0144162521343042424204140140 2 1202308152.212612
0115162521343042424204140140 2 1202308152.212614
0114162021353042424204140140 1 1202308152.212617
0111162521353042424204140140 1 1202308152.212619
0121162521353042424204140140 1 1202308152.212620
0141162521353042424204140140 1 1202308152.212622
0112162521353042424204140140 1 1202308152.212623
0122162521353042424204140140 1 1202308152.212624
0142162521353042424204140140 1 1202308152.212625
0124162521353042424204140140 1 1202308152.212626
0144162521353042424204140140 1 1202308152.212627
0115162521353042424204140140 1 1202308152.212629
0141162521363042424204140140 1 1202308152.212631
0112162521363042424204140140 2 1202308152.212632
0142162521363042424204140140 2 1202308152.212635
0144162521363042424204140140 1 1202308152.212637
0115162521363042424204140140 1 1202308152.212638
0514162021303142424204140140 1 1202308152.212641
0111162521303142424204140140 1 1202308152.212646
0141162521303142424204140140 1 1202308152.212652
0541162521303142424204140140 1 1202308152.212654
0112162521303142424204140140 1 1202308152.212655
0512162521303142424204140140 1 1202308152.212658
0042162521303142424204140140 1 1202308152.212659
0142162521303142424204140140 1 1202308152.212701
0542162521303142424204140140 1 1202308152.212702
0114162521303142424204140140 1 1202308152.212703
0144162521303142424204140140 1 1202308152.212707
0544162521303142424204140140 2 1202308152.212710
0115162521303142424204140140 1 1202308152.212711
0515162521303142424204140140 1 1202308152.212714
0514162021313142424204140140 2 1202308152.212718
0112162521313142424204140140 2 1202308152.212721
0512162521313142424204140140 2 1202308152.212723
0042162521313142424204140140 2 1202308152.212724
0142162521313142424204140140 2 1202308152.212725
0542162521313142424204140140 2 1202308152.212727
0114162521313142424204140140 2 1202308152.212728
0144162521313142424204140140 2 1202308152.212730
0544162521313142424204140140 2 1202308152.212731
0115162521313142424204140140 2 1202308152.212732
0515162521313142424204140140 2 1202308152.212734
0514162021333142424204140140 2 1202308152.212737
0111162521333142424204140140 2 1202308152.212740
0021162521333142424204140140 2 1202308152.212742
0121162521333142424204140140 2 1202308152.212744
0521162521333142424204140140 2 1202308152.212745
0141162521333142424204140140 2 1202308152.212746
0112162521333142424204140140 2 1202308152.212748
0512162521333142424204140140 2 1202308152.212750
0122162521333142424204140140 2 1202308152.212752
0222162521333142424204140140 2 1202308152.212753
0522162521333142424204140140 2 1202308152.212755
0042162521333142424204140140 2 1202308152.212756
0142162521333142424204140140 2 1202308152.212757
0542162521333142424204140140 2 1202308152.212758
0114162521333142424204140140 2 1202308152.212759
0024162521333142424204140140 2 1202308152.212801
0124162521333142424204140140 2 1202308152.212802
0524162521333142424204140140 2 1202308152.212804
0144162521333142424204140140 2 1202308152.212805
0544162521333142424204140140 2 1202308152.212806
0115162521333142424204140140 2 1202308152.212807
0515162521333142424204140140 2 1202308152.212809
0125162521333142424204140140 2 1202308152.212810
0225162521333142424204140140 2 1202308152.212811
0525162521333142424204140140 2 1202308152.212813
0514162021343142424204140140 2 1202308152.212815
0112162521343142424204140140 2 1202308152.212818
0512162521343142424204140140 2 1202308152.212820
0042162521343142424204140140 2 1202308152.212821
0142162521343142424204140140 2 1202308152.212823
0542162521343142424204140140 2 1202308152.212824
0114162521343142424204140140 2 1202308152.212825
0144162521343142424204140140 2 1202308152.212827
0544162521343142424204140140 2 1202308152.212828
0115162521343142424204140140 2 1202308152.212829
0515162521343142424204140140 2 1202308152.212831
0141162520353142424204140140 2 1202308152.212834
0114162021353142424204140140 1 1202308152.212837
0514162021353142424204140140 1 1202308152.212839
0111162521353142424204140140 1 1202308152.212847
0511162521353142424204140140 1 1202308152.212850
0121162521353142424204140140 1 1202308152.212851
0521162521353142424204140140 1 1202308152.212856
0041162521353142424204140140 1 1202308152.212857
0141162521353142424204140140 1 1202308152.212858
0541162521353142424204140140 1 1202308152.212900
0112162521353142424204140140 1 1202308152.212902
0512162521353142424204140140 1 1202308152.212905
0122162521353142424204140140 1 1202308152.212906
0522162521353142424204140140 1 1202308152.212911
0042162521353142424204140140 1 1202308152.212912
0142162521353142424204140140 1 1202308152.212913
0542162521353142424204140140 1 1202308152.212915
0114162521353142424204140140 1 1202308152.212916
0024162521353142424204140140 1 1202308152.212919
0124162521353142424204140140 1 1202308152.212920
0144162521353142424204140140 1 1202308152.212923
0544162521353142424204140140 1 1202308152.212924
0115162521353142424204140140 1 1202308152.212926
0515162521353142424204140140 1 1202308152.212929
0125162521353142424204140140 1 1202308152.212930
0225162521353142424204140140 1 1202308152.212931
0615102021363142424204140140 1 1202308152.212935
0514162021363142424204140140 2 1202308152.212937
0144102521363142424204140140 2 1202308152.212944
0111162521363142424204140140 1 1202308152.212946
0511162521363142424204140140 1 1202308152.212948
0021162521363142424204140140 1 1202308152.212949
0141162521363142424204140140 1 1202308152.212953
0541162521363142424204140140 1 1202308152.212955
0112162521363142424204140140 1 1202308152.212957
0512162521363142424204140140 1 1202308152.212959
0022162521363142424204140140 2 1202308152.213001
0122162521363142424204140140 1 1202308152.213002
0522162521363142424204140140 1 1202308152.213007
0042162521363142424204140140 1 1202308152.213008
0142162521363142424204140140 1 1202308152.213009
0542162521363142424204140140 1 1202308152.213011
0014162521363142424204140140 1 1202308152.213012
0114162521363142424204140140 1 1202308152.213013
0514162521363142424204140140 1 1202308152.213015
0024162521363142424204140140 1 1202308152.213016
0124162521363142424204140140 1 1202308152.213017
0144162521363142424204140140 1 1202308152.213020
0544162521363142424204140140 2 1202308152.213023
0115162521363142424204140140 1 1202308152.213024
0515162521363142424204140140 1 1202308152.213026
0011162521303642424204140140 1 1202308152.213035
0111162521303642424204140140 1 1202308152.213037
0511162521303642424204140140 1 1202308152.213040
0141162521303642424204140140 1 1202308152.213043
0541162521303642424204140140 1 1202308152.213044
0012162521303642424204140140 1 1202308152.213046
0112162521303642424204140140 1 1202308152.213047
0512162521303642424204140140 1 1202308152.213052
0042162521303642424204140140 1 1202308152.213053
0142162521303642424204140140 1 1202308152.213054
0014162521303642424204140140 1 1202308152.213057
0114162521303642424204140140 1 1202308152.213058
0514162521303642424204140140 1 1202308152.213101
0144162521303642424204140140 1 1202308152.213103
0115162521303642424204140140 1 1202308152.213105
0145162521303642424204140140 1 1202308152.213106
0012162521313642424204140140 2 1202308152.213109
0112162521313642424204140140 2 1202308152.213111
0512162521313642424204140140 2 1202308152.213113
0042162521313642424204140140 2 1202308152.213115
0142162521313642424204140140 2 1202308152.213116
0014162521313642424204140140 2 1202308152.213118
0114162521313642424204140140 2 1202308152.213119
0514162521313642424204140140 2 1202308152.213121
0115162521313642424204140140 2 1202308152.213123
0145162521313642424204140140 2 1202308152.213125
0111162521333642424204140140 2 1202308152.213128
0041162521333642424204140140 2 1202308152.213130
0012162521333642424204140140 2 1202308152.213132
0112162521333642424204140140 2 1202308152.213133
0512162521333642424204140140 2 1202308152.213136
0042162521333642424204140140 2 1202308152.213137
0142162521333642424204140140 2 1202308152.213139
0014162521333642424204140140 2 1202308152.213141
0114162521333642424204140140 2 1202308152.213142
0514162521333642424204140140 2 1202308152.213144
0115162521333642424204140140 2 1202308152.213146
0145162521333642424204140140 2 1202308152.213148
0012162521343642424204140140 2 1202308152.213151
0112162521343642424204140140 2 1202308152.213152
0512162521343642424204140140 2 1202308152.213155
0042162521343642424204140140 2 1202308152.213156
0142162521343642424204140140 2 1202308152.213157
0014162521343642424204140140 2 1202308152.213159
0114162521343642424204140140 2 1202308152.213201
0514162521343642424204140140 2 1202308152.213202
0115162521343642424204140140 2 1202308152.213205
0145162521343642424204140140 2 1202308152.213206
0114162021353642424204140140 1 1202308152.213209
0011162521353642424204140140 1 1202308152.213218
0111162521353642424204140140 1 1202308152.213219
0511162521353642424204140140 1 1202308152.213224
0041162521353642424204140140 1 1202308152.213227
0141162521353642424204140140 1 1202308152.213228
0012162521353642424204140140 1 1202308152.213231
0112162521353642424204140140 1 1202308152.213233
0512162521353642424204140140 1 1202308152.213237
0042162521353642424204140140 1 1202308152.213240
0142162521353642424204140140 1 1202308152.213241
0014162521353642424204140140 1 1202308152.213245
0114162521353642424204140140 1 1202308152.213246
0514162521353642424204140140 1 1202308152.213249
0115162521353642424204140140 1 1202308152.213254
0145162521353642424204140140 1 1202308152.213256
0511162021363642424204140140 2 1202308152.213257
0011162521363642424204140140 2 1202308152.213303
0111162521363642424204140140 1 1202308152.213304
0511162521363642424204140140 1 1202308152.213306
0141162521363642424204140140 1 1202308152.213309
0541162521363642424204140140 1 1202308152.213312
0012162521363642424204140140 2 1202308152.213313
0112162521363642424204140140 1 1202308152.213314
0512162521363642424204140140 1 1202308152.213318
0042162521363642424204140140 1 1202308152.213322
0142162521363642424204140140 1 1202308152.213323
0014162521363642424204140140 2 1202308152.213327
0114162521363642424204140140 1 1202308152.213328
0514162521363642424204140140 2 1202308152.213330
0144162521363642424204140140 1 1202308152.213333
0115162521363642424204140140 1 1202308152.213335
0145162521363642424204140140 1 1202308152.213336
0124165021333104424204140140 2 1202308152.213832
0521166021333104424204140140 2 1202308152.213833
0524166021333104424204140140 2 1202308152.213834
0124165021333114424204140140 2 1202308152.213945
0521166021333114424204140140 2 1202308152.213946
0524166021333114424204140140 2 1202308152.213947
0124165021333124424204140140 2 1202308152.213959
0521166021333124424204140140 2 1202308152.214001
0524166021333124424204140140 2 1202308152.214002
0111162520303044424204140140 2 1202308152.214014
0115162521303044424204140140 1 1202308152.214023
0115162521313044424204140140 2 1202308152.214027
0115162521333044424204140140 2 1202308152.214030
0115162521343044424204140140 2 1202308152.214035
0111162520353044424204140140 1 1202308152.214036
0115162521353044424204140140 1 1202308152.214046
0115162521363044424204140140 1 1202308152.214057
0111162520303144424204140140 2 1202308152.214059
0514162021303144424204140140 1 1202308152.214100
0511162521303144424204140140 1 1202308152.214107
0041162521303144424204140140 2 1202308152.214108
0141162521303144424204140140 1 1202308152.214109
0541162521303144424204140140 2 1202308152.214112
0112162521303144424204140140 1 1202308152.214114
0512162521303144424204140140 1 1202308152.214115
0142162521303144424204140140 1 1202308152.214119
0542162521303144424204140140 1 1202308152.214121
0014162521303144424204140140 1 1202308152.214122
0114162521303144424204140140 1 1202308152.214123
0514162521303144424204140140 1 1202308152.214125
0044162521303144424204140140 2 1202308152.214130
0144162521303144424204140140 1 1202308152.214131
0115162521303144424204140140 1 1202308152.214134
0515162521303144424204140140 1 1202308152.214136
0514162021313144424204140140 2 1202308152.214137
0112162521313144424204140140 2 1202308152.214139
0512162521313144424204140140 2 1202308152.214140
0142162521313144424204140140 2 1202308152.214143
0014162521313144424204140140 2 1202308152.214146
0114162521313144424204140140 2 1202308152.214147
0514162521313144424204140140 2 1202308152.214149
0044162521313144424204140140 2 1202308152.214151
0144162521313144424204140140 2 1202308152.214152
0115162521313144424204140140 2 1202308152.214155
0515162521313144424204140140 2 1202308152.214156
0111162520333144424204140140 2 1202308152.214158
0121162520333144424204140140 2 1202308152.214159
0141162520333144424204140140 2 1202308152.214201
0514162021333144424204140140 2 1202308152.214202
0124165021333144424204140140 2 1202308152.214205
0521166021333144424204140140 2 1202308152.214206
0524166021333144424204140140 2 1202308152.214207
0111162521333144424204140140 2 1202308152.214208
0021162521333144424204140140 2 1202308152.214211
0521162521333144424204140140 2 1202308152.214212
0141162521333144424204140140 2 1202308152.214214
0112162521333144424204140140 2 1202308152.214216
0512162521333144424204140140 2 1202308152.214218
0522162521333144424204140140 2 1202308152.214222
0142162521333144424204140140 2 1202308152.214225
0014162521333144424204140140 2 1202308152.214228
0114162521333144424204140140 2 1202308152.214229
0514162521333144424204140140 2 1202308152.214231
0024162521333144424204140140 2 1202308152.214233
0124162521333144424204140140 2 1202308152.214234
0524162521333144424204140140 2 1202308152.214237
0044162521333144424204140140 2 1202308152.214238
0144162521333144424204140140 2 1202308152.214239
0115162521333144424204140140 2 1202308152.214242
0515162521333144424204140140 2 1202308152.214243
0524166021633144424204140140 2 1202308152.214245
0514162021343144424204140140 2 1202308152.214246
0112162521343144424204140140 2 1202308152.214248
0512162521343144424204140140 2 1202308152.214249
0142162521343144424204140140 2 1202308152.214251
0014162521343144424204140140 2 1202308152.214255
0114162521343144424204140140 2 1202308152.214256
0514162521343144424204140140 2 1202308152.214257
0044162521343144424204140140 2 1202308152.214300
0144162521343144424204140140 2 1202308152.214301
0115162521343144424204140140 2 1202308152.214304
0515162521343144424204140140 2 1202308152.214305
0111162520353144424204140140 1 1202308152.214306
0121162520353144424204140140 2 1202308152.214307
0141162520353144424204140140 1 1202308152.214309
0114162021353144424204140140 1 1202308152.214313
0514162021353144424204140140 1 1202308152.214314
0524162021353144424204140140 2 1202308152.214316
0111162521353144424204140140 1 1202308152.214321
0511162521353144424204140140 1 1202308152.214322
0121162521353144424204140140 1 1202308152.214324
0141162521353144424204140140 1 1202308152.214332
0112162521353144424204140140 1 1202308152.214338
0512162521353144424204140140 1 1202308152.214340
0122162521353144424204140140 1 1202308152.214341
0142162521353144424204140140 1 1202308152.214349
0014162521353144424204140140 1 1202308152.214355
0114162521353144424204140140 1 1202308152.214356
0514162521353144424204140140 1 1202308152.214358
0024162521353144424204140140 1 1202308152.214402
0124162521353144424204140140 1 1202308152.214403
0044162521353144424204140140 1 1202308152.214405
0144162521353144424204140140 1 1202308152.214406
0115162521353144424204140140 1 1202308152.214410
0515162521353144424204140140 1 1202308152.214412
0514162021363144424204140140 1 1202308152.214414
0114102521363144424204140140 2 1202308152.214417
0144102521363144424204140140 2 1202308152.214419
0111162521363144424204140140 1 1202308152.214420
0511162521363144424204140140 1 1202308152.214422
0141162521363144424204140140 1 1202308152.214426
0541162521363144424204140140 2 1202308152.214429
0112162521363144424204140140 1 1202308152.214431
0212162521363144424204140140 1 1202308152.214432
0512162521363144424204140140 1 1202308152.214433
0122162521363144424204140140 1 1202308152.214435
0522162521363144424204140140 1 1202308152.214438
0142162521363144424204140140 1 1202308152.214441
0542162521363144424204140140 1 1202308152.214443
0014162521363144424204140140 1 1202308152.214445
0114162521363144424204140140 1 1202308152.214446
0514162521363144424204140140 1 1202308152.214448
0024162521363144424204140140 2 1202308152.214451
0124162521363144424204140140 1 1202308152.214452
0044162521363144424204140140 2 1202308152.214454
0144162521363144424204140140 1 1202308152.214455
0115162521363144424204140140 2 1202308152.214458
0515162521363144424204140140 2 1202308152.214500
0125162521363144424204140140 1 1202308152.214501
0525162521363144424204140140 1 1202308152.214503
0124160021333154424204140140 2 1202308152.214825
0124162021333154424204140140 2 1202308152.214827
0124163021333154424204140140 2 1202308152.214829
0124165021333154424204140140 2 1202308152.214831
0121166021333154424204140140 2 1202308152.214833
0521166021333154424204140140 2 1202308152.214835
0124166021333154424204140140 2 1202308152.214837
0524166021333154424204140140 2 1202308152.214838
0124165021333164424204140140 2 1202308152.214947
0521166021333164424204140140 2 1202308152.214949
0524166021333164424204140140 2 1202308152.214950
0111162520303045424204140140 1 1202308152.215500
0112162521303045424204140140 1 1202308152.215505
0142162521303045424204140140 1 1202308152.215506
0144162521303045424204140140 1 1202308152.215509
0115162521303045424204140140 1 1202308152.215510
0145162521303045424204140140 1 1202308152.215511
0112162521313045424204140140 2 1202308152.215514
0142162521313045424204140140 2 1202308152.215515
0144162521313045424204140140 2 1202308152.215517
0115162521313045424204140140 2 1202308152.215518
0145162521313045424204140140 2 1202308152.215519
0112162521333045424204140140 2 1202308152.215521
0122162521333045424204140140 2 1202308152.215522
0142162521333045424204140140 2 1202308152.215523
0144162521333045424204140140 2 1202308152.215525
0115162521333045424204140140 2 1202308152.215526
0145162521333045424204140140 2 1202308152.215528
0112162521343045424204140140 2 1202308152.215529
0142162521343045424204140140 2 1202308152.215530
0144162521343045424204140140 2 1202308152.215532
0115162521343045424204140140 2 1202308152.215533
0145162521343045424204140140 2 1202308152.215535
0111162520353045424204140140 1 1202308152.215536
0121162520353045424204140140 2 1202308152.215537
0141162520353045424204140140 1 1202308152.215538
0111162521353045424204140140 1 1202308152.215540
0121162521353045424204140140 1 1202308152.215542
0141162521353045424204140140 1 1202308152.215543
0112162521353045424204140140 1 1202308152.215544
0122162521353045424204140140 1 1202308152.215545
0142162521353045424204140140 1 1202308152.215546
0144162521353045424204140140 1 1202308152.215549
0115162521353045424204140140 1 1202308152.215551
0125162521353045424204140140 1 1202308152.215552
0145162521353045424204140140 1 1202308152.215553
0141162521363045424204140140 1 1202308152.215558
0112162521363045424204140140 2 1202308152.215600
0142162521363045424204140140 1 1202308152.215601
0144162521363045424204140140 1 1202308152.215605
0115162521363045424204140140 1 1202308152.215606
0125162521363045424204140140 2 1202308152.215607
0145162521363045424204140140 1 1202308152.215608
0111162520303145424204140140 1 1202308152.215609
0114162021303145424204140140 1 1202308152.215615
0514162021303145424204140140 1 1202308152.215616
0111162521303145424204140140 1 1202308152.215619
0511162521303145424204140140 1 1202308152.215621
0041162521303145424204140140 1 1202308152.215622
0141162521303145424204140140 1 1202308152.215623
0541162521303145424204140140 1 1202308152.215626
0012162521303145424204140140 1 1202308152.215627
0112162521303145424204140140 1 1202308152.215628
0512162521303145424204140140 1 1202308152.215631
0042162521303145424204140140 1 1202308152.215632
0142162521303145424204140140 1 1202308152.215633
0542162521303145424204140140 1 1202308152.215636
0014162521303145424204140140 1 1202308152.215638
0114162521303145424204140140 1 1202308152.215639
0514162521303145424204140140 1 1202308152.215642
0144162521303145424204140140 1 1202308152.215644
0544162521303145424204140140 1 1202308152.215646
0115162521303145424204140140 1 1202308152.215647
0215162521303145424204140140 1 1202308152.215648
0515162521303145424204140140 1 1202308152.215649
0145162521303145424204140140 1 1202308152.215650
0114162021313145424204140140 2 1202308152.215653
0514162021313145424204140140 2 1202308152.215654
0012162521313145424204140140 2 1202308152.215656
0112162521313145424204140140 2 1202308152.215657
0512162521313145424204140140 2 1202308152.215659
0142162521313145424204140140 2 1202308152.215701
0542162521313145424204140140 2 1202308152.215703
0014162521313145424204140140 2 1202308152.215705
0114162521313145424204140140 2 1202308152.215706
0514162521313145424204140140 2 1202308152.215708
0144162521313145424204140140 2 1202308152.215709
0544162521313145424204140140 2 1202308152.215710
0115162521313145424204140140 2 1202308152.215712
0215162521313145424204140140 2 1202308152.215713
0515162521313145424204140140 2 1202308152.215714
0145162521313145424204140140 2 1202308152.215715
0114162021333145424204140140 2 1202308152.215718
0514162021333145424204140140 2 1202308152.215719
0111162521333145424204140140 2 1202308152.215721
0511162521333145424204140140 2 1202308152.215722
0021162521333145424204140140 2 1202308152.215723
0121162521333145424204140140 2 1202308152.215725
0521162521333145424204140140 2 1202308152.215727
0541162521333145424204140140 2 1202308152.215729
0012162521333145424204140140 2 1202308152.215730
0112162521333145424204140140 2 1202308152.215731
0512162521333145424204140140 2 1202308152.215733
0022162521333145424204140140 2 1202308152.215735
0122162521333145424204140140 2 1202308152.215736
0142162521333145424204140140 2 1202308152.215740
0542162521333145424204140140 2 1202308152.215742
0014162521333145424204140140 2 1202308152.215743
0114162521333145424204140140 2 1202308152.215744
0514162521333145424204140140 2 1202308152.215746
0024162521333145424204140140 2 1202308152.215747
0124162521333145424204140140 2 1202308152.215748
0524162521333145424204140140 2 1202308152.215750
0144162521333145424204140140 2 1202308152.215752
0544162521333145424204140140 2 1202308152.215753
0115162521333145424204140140 2 1202308152.215754
0215162521333145424204140140 2 1202308152.215755
0515162521333145424204140140 2 1202308152.215756
0225162521333145424204140140 2 1202308152.215757
0145162521333145424204140140 2 1202308152.215758
0114162021343145424204140140 2 1202308152.215801
0514162021343145424204140140 2 1202308152.215802
0012162521343145424204140140 2 1202308152.215804
0112162521343145424204140140 2 1202308152.215805
0512162521343145424204140140 2 1202308152.215807
0142162521343145424204140140 2 1202308152.215809
0542162521343145424204140140 2 1202308152.215811
0014162521343145424204140140 2 1202308152.215812
0114162521343145424204140140 2 1202308152.215813
0514162521343145424204140140 2 1202308152.215816
0144162521343145424204140140 2 1202308152.215817
0544162521343145424204140140 2 1202308152.215818
0115162521343145424204140140 2 1202308152.215819
0215162521343145424204140140 2 1202308152.215820
0515162521343145424204140140 2 1202308152.215821
0145162521343145424204140140 2 1202308152.215823
0111162520353145424204140140 1 1202308152.215824
0121162520353145424204140140 1 1202308152.215825
0141162520353145424204140140 1 1202308152.215827
0511162021353145424204140140 1 1202308152.215830
0522162021353145424204140140 1 1202308152.215834
0114162021353145424204140140 1 1202308152.215835
0514162021353145424204140140 1 1202308152.215836
0011162521353145424204140140 1 1202308152.215840
0111162521353145424204140140 1 1202308152.215842
0511162521353145424204140140 1 1202308152.215845
0021162521353145424204140140 1 1202308152.215846
0221162521353145424204140140 1 1202308152.215847
0521162521353145424204140140 1 1202308152.215848
0141162521353145424204140140 1 1202308152.215851
0541162521353145424204140140 1 1202308152.215854
0012162521353145424204140140 1 1202308152.215856
0112162521353145424204140140 1 1202308152.215857
0512162521353145424204140140 1 1202308152.215900
0022162521353145424204140140 1 1202308152.215901
0222162521353145424204140140 1 1202308152.215902
0522162521353145424204140140 1 1202308152.215903
0142162521353145424204140140 1 1202308152.215907
0542162521353145424204140140 1 1202308152.215910
0014162521353145424204140140 1 1202308152.215911
0114162521353145424204140140 1 1202308152.215912
0514162521353145424204140140 1 1202308152.215915
0024162521353145424204140140 1 1202308152.215916
0124162521353145424204140140 1 1202308152.215917
0224162521353145424204140140 1 1202308152.215918
0144162521353145424204140140 1 1202308152.215920
0544162521353145424204140140 1 1202308152.215921
0115162521353145424204140140 1 1202308152.215922
0215162521353145424204140140 1 1202308152.215923
0515162521353145424204140140 1 1202308152.215925
0125162521353145424204140140 1 1202308152.215926
0145162521353145424204140140 1 1202308152.215927
0511162021363145424204140140 1 1202308152.215929
0114162021363145424204140140 1 1202308152.215931
0514162021363145424204140140 1 1202308152.215933
0111162521363145424204140140 1 1202308152.215941
0511162521363145424204140140 1 1202308152.215942
0041162521363145424204140140 1 1202308152.215945
0141162521363145424204140140 1 1202308152.215946
0541162521363145424204140140 2 1202308152.215949
0012162521363145424204140140 2 1202308152.215951
0112162521363145424204140140 1 1202308152.215952
0512162521363145424204140140 1 1202308152.215954
0022162521363145424204140140 1 1202308152.215956
0122162521363145424204140140 1 1202308152.215957
0522162521363145424204140140 1 1202308152.220000
0042162521363145424204140140 1 1202308152.220001
0142162521363145424204140140 1 1202308152.220002
0542162521363145424204140140 1 1202308152.220005
0014162521363145424204140140 1 1202308152.220006
0114162521363145424204140140 1 1202308152.220007
0514162521363145424204140140 1 1202308152.220010
0024162521363145424204140140 1 1202308152.220011
0124162521363145424204140140 1 1202308152.220013
0144162521363145424204140140 1 1202308152.220017
0544162521363145424204140140 1 1202308152.220019
0115162521363145424204140140 1 1202308152.220020
0215162521363145424204140140 2 1202308152.220021
0515162521363145424204140140 1 1202308152.220022
0145162521363145424204140140 1 1202308152.220023
0111162520303645424204140140 1 1202308152.220027
0615102021303645424204140140 1 1202308152.220029
0114162021303645424204140140 1 1202308152.220031
0111162521303645424204140140 1 1202308152.220036
0511162521303645424204140140 1 1202308152.220038
0141162521303645424204140140 1 1202308152.220039
0541162521303645424204140140 1 1202308152.220041
0012162521303645424204140140 1 1202308152.220042
0112162521303645424204140140 1 1202308152.220043
0512162521303645424204140140 1 1202308152.220046
0042162521303645424204140140 1 1202308152.220047
0142162521303645424204140140 1 1202308152.220048
0542162521303645424204140140 1 1202308152.220051
0014162521303645424204140140 1 1202308152.220052
0114162521303645424204140140 1 1202308152.220053
0514162521303645424204140140 1 1202308152.220055
0144162521303645424204140140 1 1202308152.220058
0544162521303645424204140140 1 1202308152.220059
0115162521303645424204140140 1 1202308152.220100
0515162521303645424204140140 1 1202308152.220102
0615102021313645424204140140 2 1202308152.220106
0114162021313645424204140140 2 1202308152.220108
0012162521313645424204140140 2 1202308152.220111
0112162521313645424204140140 2 1202308152.220112
0512162521313645424204140140 2 1202308152.220114
0142162521313645424204140140 2 1202308152.220116
0014162521313645424204140140 2 1202308152.220119
0114162521313645424204140140 2 1202308152.220120
0514162521313645424204140140 2 1202308152.220121
0144162521313645424204140140 2 1202308152.220123
0115162521313645424204140140 2 1202308152.220126
0515162521313645424204140140 2 1202308152.220127
0615102021333645424204140140 2 1202308152.220130
0114162021333645424204140140 2 1202308152.220132
0511162521333645424204140140 2 1202308152.220136
0141162521333645424204140140 2 1202308152.220138
0012162521333645424204140140 2 1202308152.220140
0112162521333645424204140140 2 1202308152.220141
0512162521333645424204140140 2 1202308152.220143
0142162521333645424204140140 2 1202308152.220145
0014162521333645424204140140 2 1202308152.220148
0114162521333645424204140140 2 1202308152.220149
0514162521333645424204140140 2 1202308152.220150
0144162521333645424204140140 2 1202308152.220152
0115162521333645424204140140 2 1202308152.220155
0515162521333645424204140140 2 1202308152.220156
0615102021343645424204140140 2 1202308152.220159
0114162021343645424204140140 2 1202308152.220200
0012162521343645424204140140 2 1202308152.220202
0112162521343645424204140140 2 1202308152.220204
0512162521343645424204140140 2 1202308152.220205
0142162521343645424204140140 2 1202308152.220208
0014162521343645424204140140 2 1202308152.220210
0114162521343645424204140140 2 1202308152.220212
0514162521343645424204140140 2 1202308152.220213
0144162521343645424204140140 2 1202308152.220215
0115162521343645424204140140 2 1202308152.220218
0515162521343645424204140140 2 1202308152.220219
0111162520353645424204140140 1 1202308152.220221
0615102021353645424204140140 1 1202308152.220223
0114162021353645424204140140 1 1202308152.220227
0011162521353645424204140140 1 1202308152.220232
0111162521353645424204140140 1 1202308152.220233
0511162521353645424204140140 1 1202308152.220236
0141162521353645424204140140 1 1202308152.220239
0012162521353645424204140140 1 1202308152.220244
0112162521353645424204140140 1 1202308152.220245
0512162521353645424204140140 1 1202308152.220248
0142162521353645424204140140 1 1202308152.220251
0014162521353645424204140140 1 1202308152.220256
0114162521353645424204140140 1 1202308152.220257
0514162521353645424204140140 1 1202308152.220258
0144162521353645424204140140 1 1202308152.220302
0115162521353645424204140140 1 1202308152.220306
0515162521353645424204140140 1 1202308152.220308
0615102021363645424204140140 2 1202308152.220311
0114162021363645424204140140 1 1202308152.220315
0514162021363645424204140140 1 1202308152.220316
0011162521363645424204140140 2 1202308152.220321
0111162521363645424204140140 1 1202308152.220322
0511162521363645424204140140 2 1202308152.220324
0141162521363645424204140140 1 1202308152.220328
0012162521363645424204140140 2 1202308152.220331
0112162521363645424204140140 1 1202308152.220332
0512162521363645424204140140 1 1202308152.220336
0042162521363645424204140140 1 1202308152.220339
0142162521363645424204140140 1 1202308152.220340
0542162521363645424204140140 1 1202308152.220343
0014162521363645424204140140 2 1202308152.220344
0114162521363645424204140140 1 1202308152.220345
0514162521363645424204140140 2 1202308152.220347
0144162521363645424204140140 1 1202308152.220351
0544162521363645424204140140 1 1202308152.220352
0115162521363645424204140140 1 1202308152.220353
0515162521363645424204140140 1 1202308152.220355
0514162021303146424204140140 1 1202308152.221201
0111162521303146424204140140 1 1202308152.221207
0511162521303146424204140140 1 1202308152.221208
0041162521303146424204140140 2 1202308152.221210
0141162521303146424204140140 2 1202308152.221212
0541162521303146424204140140 2 1202308152.221214
0112162521303146424204140140 1 1202308152.221216
0512162521303146424204140140 1 1202308152.221218
0142162521303146424204140140 1 1202308152.221221
0542162521303146424204140140 1 1202308152.221223
0014162521303146424204140140 1 1202308152.221224
0114162521303146424204140140 1 1202308152.221225
0514162521303146424204140140 1 1202308152.221228
0144162521303146424204140140 1 1202308152.221231
0544162521303146424204140140 1 1202308152.221232
0115162521303146424204140140 1 1202308152.221233
0514162021313146424204140140 2 1202308152.221237
0112162521313146424204140140 2 1202308152.221241
0512162521313146424204140140 2 1202308152.221242
0142162521313146424204140140 2 1202308152.221245
0014162521313146424204140140 2 1202308152.221248
0114162521313146424204140140 2 1202308152.221249
0514162521313146424204140140 2 1202308152.221250
0144162521313146424204140140 2 1202308152.221253
0115162521313146424204140140 2 1202308152.221254
0514162021333146424204140140 2 1202308152.221257
0111162521333146424204140140 2 1202308152.221300
0511162521333146424204140140 2 1202308152.221302
0041162521333146424204140140 2 1202308152.221304
0141162521333146424204140140 2 1202308152.221305
0112162521333146424204140140 2 1202308152.221306
0512162521333146424204140140 2 1202308152.221308
0142162521333146424204140140 2 1202308152.221310
0014162521333146424204140140 2 1202308152.221313
0114162521333146424204140140 2 1202308152.221314
0514162521333146424204140140 2 1202308152.221316
0144162521333146424204140140 2 1202308152.221318
0115162521333146424204140140 2 1202308152.221319
0514162021343146424204140140 2 1202308152.221322
0112162521343146424204140140 2 1202308152.221326
0512162521343146424204140140 2 1202308152.221327
0142162521343146424204140140 2 1202308152.221329
0014162521343146424204140140 2 1202308152.221332
0114162521343146424204140140 2 1202308152.221333
0514162521343146424204140140 2 1202308152.221335
0144162521343146424204140140 2 1202308152.221337
0115162521343146424204140140 2 1202308152.221339
0111162520353146424204140140 1 1202308152.221341
0514162021353146424204140140 1 1202308152.221347
0111162521353146424204140140 1 1202308152.221357
0511162521353146424204140140 1 1202308152.221359
0141162521353146424204140140 1 1202308152.221405
0112162521353146424204140140 1 1202308152.221410
0512162521353146424204140140 1 1202308152.221412
0142162521353146424204140140 1 1202308152.221419
0014162521353146424204140140 1 1202308152.221423
0114162521353146424204140140 1 1202308152.221424
0514162521353146424204140140 1 1202308152.221427
0144162521353146424204140140 1 1202308152.221431
0115162521353146424204140140 1 1202308152.221433
0514162021363146424204140140 2 1202308152.221438
0111162521363146424204140140 1 1202308152.221445
0511162521363146424204140140 2 1202308152.221448
0541162521363146424204140140 1 1202308152.221456
0112162521363146424204140140 1 1202308152.221458
0512162521363146424204140140 1 1202308152.221500
0142162521363146424204140140 1 1202308152.221505
0542162521363146424204140140 1 1202308152.221506
0014162521363146424204140140 1 1202308152.221508
0114162521363146424204140140 1 1202308152.221509
0514162521363146424204140140 1 1202308152.221511
0024162521363146424204140140 2 1202308152.221512
0144162521363146424204140140 1 1202308152.221517
0544162521363146424204140140 1 1202308152.221518
0115162521363146424204140140 1 1202308152.221520
