0664162521303144424215061010 1 1202308104.183240
0664162526303144424215061010 1 1202308104.183241
0664162521313144424215061010 2 1202308104.183242
0624163521313144424215061010 2 1202308104.183244
0664162526313144424215061010 2 1202308104.183245
0664162521333144424215061010 2 1202308104.183246
0664162526333144424215061010 2 1202308104.183248
0664162521343144424215061010 2 1202308104.183249
0664162526343144424215061010 2 1202308104.183250
0664162521353144424215061010 1 1202308104.183252
0664162526353144424215061010 1 1202308104.183254
0624103521163144424215061010 2 1202308104.183257
0624163521163144424215061010 2 1202308104.183258
0624103526163144424215061010 2 1202308104.183259
0624163526163144424215061010 2 1202308104.183300
0664162521363144424215061010 2 1202308104.183301
0664162526363144424215061010 2 1202308104.183302
0624163521663144424215061010 2 1202308104.183304
0624163526663144424215061010 2 1202308104.183305
0624163021163645424215061010 2 1202308104.183428
0624163521163645424215061010 2 1202308104.183430
0624123226163645414515061010 2 1202308104.185029
0624163526163142424515061010 2 1202308104.185423
0664162521303144424515061010 1 1202308104.185604
0664162526303144424515061010 1 1202308104.185605
0664162521313144424515061010 2 1202308104.185607
0624163521313144424515061010 2 1202308104.185608
0664162526313144424515061010 2 1202308104.185611
0664162521333144424515061010 2 1202308104.185612
0664162526333144424515061010 2 1202308104.185613
0664162521343144424515061010 2 1202308104.185615
0664162526343144424515061010 2 1202308104.185616
0664162521353144424515061010 1 1202308104.185618
0664162526353144424515061010 1 1202308104.185620
0624103521163144424515061010 2 1202308104.185623
0624163521163144424515061010 2 1202308104.185624
0624103526163144424515061010 2 1202308104.185626
0624163526163144424515061010 2 1202308104.185627
0664162521363144424515061010 2 1202308104.185628
0664162526363144424515061010 2 1202308104.185629
0624163521663144424515061010 2 1202308104.185631
0624163526663144424515061010 2 1202308104.185632
0624163021163645424515061010 2 1202308104.185754
0624163521163645424515061010 2 1202308104.185755
0624123226163645414615061010 2 1202308104.191348
0624163526163142424615061010 2 1202308104.191840
0664162521303144424615061010 1 1202308104.192009
0664162526303144424615061010 1 1202308104.192010
0664162521313144424615061010 2 1202308104.192012
0624163521313144424615061010 2 1202308104.192013
0664162526313144424615061010 2 1202308104.192015
0664162521333144424615061010 2 1202308104.192016
0664162526333144424615061010 2 1202308104.192018
0664162521343144424615061010 2 1202308104.192019
0664162526343144424615061010 2 1202308104.192020
0664162521353144424615061010 1 1202308104.192023
0664162526353144424615061010 1 1202308104.192026
0624103521163144424615061010 2 1202308104.192028
0624163521163144424615061010 2 1202308104.192029
0624103526163144424615061010 2 1202308104.192030
0624163526163144424615061010 2 1202308104.192031
0664162521363144424615061010 2 1202308104.192033
0664162526363144424615061010 2 1202308104.192034
0624163521663144424615061010 2 1202308104.192035
0624163526663144424615061010 2 1202308104.192037
0624163021163645424615061010 2 1202308104.192259
0624163521163645424615061010 2 1202308104.192300
0524153521313144424610002010 2 1202308104.223340
