0124106626363646424612161105 2 1202308115.042756
0524153520313144464110002105 6 1202308115.061755
0524153521313144464110002105 2 1202308115.061758
0524153523313144464110002105 6 1202308115.061759
0524153524313144464110002105 6 1202308115.061801
0524153525313144464110002105 2 1202308115.061804
0524153520313144464210002105 6 1202308115.064355
0524153521313144464210002105 2 1202308115.064357
0524153523313144464210002105 6 1202308115.064359
0524153524313144464210002105 6 1202308115.064400
0524153525313144464210002105 2 1202308115.064403
0524153520313144464510002105 6 1202308115.070756
0524153521313144464510002105 2 1202308115.070758
0524153523313144464510002105 6 1202308115.070800
0524153524313144464510002105 6 1202308115.070802
0524153525313144464510002105 2 1202308115.070805
0524153521313144424610002105 2 1202308115.072517
0524153520313144464610002105 6 1202308115.074035
0524153521313144464610002105 2 1202308115.074037
0524153523313144464610002105 6 1202308115.074039
0524153524313144464610002105 6 1202308115.074040
0524153525313144464610002105 2 1202308115.074043
