0524153520313144464110002150 6 1202308104.200215
0524153521313144464110002150 2 1202308104.200218
0524153523313144464110002150 6 1202308104.200219
0524153524313144464110002150 6 1202308104.200221
0524153525313144464110002150 2 1202308104.200224
0524153520313144464210002150 6 1202308104.202839
0524153521313144464210002150 2 1202308104.202841
0524153523313144464210002150 6 1202308104.202843
0524153524313144464210002150 6 1202308104.202844
0524153525313144464210002150 2 1202308104.202847
0524153520313144464510002150 6 1202308104.205309
0524153521313144464510002150 2 1202308104.205311
0524153523313144464510002150 6 1202308104.205313
0524153524313144464510002150 6 1202308104.205314
0524153525313144464510002150 2 1202308104.205317
0524153521313144424610002150 2 1202308104.211052
0524153520313144464610002150 6 1202308104.212614
0524153521313144464610002150 2 1202308104.212617
0524153523313144464610002150 6 1202308104.212618
0524153524313144464610002150 6 1202308104.212620
0524153525313144464610002150 2 1202308104.212623
