0566153521443126414110002431 2 1202308104.190809
0566153525443126414110002431 2 1202308104.190811
0564153521003144424110002431 2 1202308104.192215
0564153521103144424110002431 2 1202308104.192218
0564153521303144424110002431 2 1202308104.192221
0564153521403144424110002431 2 1202308104.192224
0564153521503144424110002431 2 1202308104.192227
0564153521013144424110002431 2 1202308104.192229
0564153521113144424110002431 2 1202308104.192232
0564153521313144424110002431 2 1202308104.192235
0564153521413144424110002431 2 1202308104.192238
0564153521513144424110002431 2 1202308104.192241
0564153521033144424110002431 2 1202308104.192244
0564153521133144424110002431 2 1202308104.192247
0564153521333144424110002431 2 1202308104.192250
0564153521433144424110002431 2 1202308104.192253
0564153521533144424110002431 2 1202308104.192256
0564153521043144424110002431 2 1202308104.192259
0564153521143144424110002431 2 1202308104.192302
0564153521343144424110002431 2 1202308104.192304
0564153521443144424110002431 2 1202308104.192307
0564153521543144424110002431 2 1202308104.192310
0564153521053144424110002431 2 1202308104.192313
0564153521153144424110002431 2 1202308104.192316
0564153521353144424110002431 2 1202308104.192319
0564153521453144424110002431 2 1202308104.192322
0564153521553144424110002431 2 1202308104.192325
0566153521443126414210002431 2 1202308104.194137
0566153525443126414210002431 2 1202308104.194139
0564153521003144424210002431 2 1202308104.195536
0564153521103144424210002431 2 1202308104.195539
0564153521303144424210002431 2 1202308104.195542
0564153521403144424210002431 2 1202308104.195545
0564153521503144424210002431 2 1202308104.195548
0564153521013144424210002431 2 1202308104.195551
0564153521113144424210002431 2 1202308104.195554
0564153521313144424210002431 2 1202308104.195557
0564153521413144424210002431 2 1202308104.195600
0564153521513144424210002431 2 1202308104.195603
0564153521033144424210002431 2 1202308104.195605
0564153521133144424210002431 2 1202308104.195608
0564153521333144424210002431 2 1202308104.195611
0564153521433144424210002431 2 1202308104.195614
0564153521533144424210002431 2 1202308104.195617
0564153521043144424210002431 2 1202308104.195620
0564153521143144424210002431 2 1202308104.195623
0564153521343144424210002431 2 1202308104.195626
0564153521443144424210002431 2 1202308104.195629
0564153521543144424210002431 2 1202308104.195632
0564153521053144424210002431 2 1202308104.195634
0564153521153144424210002431 2 1202308104.195637
0564153521353144424210002431 2 1202308104.195640
0564153521453144424210002431 2 1202308104.195643
0564153521553144424210002431 2 1202308104.195646
0566153521443126414510002431 2 1202308104.201433
0566153525443126414510002431 2 1202308104.201435
0564153521003144424510002431 2 1202308104.202826
0564153521103144424510002431 2 1202308104.202829
0564153521303144424510002431 2 1202308104.202832
0564153521403144424510002431 2 1202308104.202835
0564153521503144424510002431 2 1202308104.202837
0564153521013144424510002431 2 1202308104.202840
0564153521113144424510002431 2 1202308104.202843
0564153521313144424510002431 2 1202308104.202846
0564153521413144424510002431 2 1202308104.202849
0564153521513144424510002431 2 1202308104.202852
0564153521033144424510002431 2 1202308104.202855
0564153521133144424510002431 2 1202308104.202858
0564153521333144424510002431 2 1202308104.202901
0564153521433144424510002431 2 1202308104.202904
0564153521533144424510002431 2 1202308104.202906
0564153521043144424510002431 2 1202308104.202909
0564153521143144424510002431 2 1202308104.202912
0564153521343144424510002431 2 1202308104.202915
0564153521443144424510002431 2 1202308104.202918
0564153521543144424510002431 2 1202308104.202921
0564153521053144424510002431 2 1202308104.202924
0564153521153144424510002431 2 1202308104.202927
0564153521353144424510002431 2 1202308104.202930
0564153521453144424510002431 2 1202308104.202933
0564153521553144424510002431 2 1202308104.202936
0566153521443126414610002431 2 1202308104.204706
0566153525443126414610002431 2 1202308104.204709
0564153521003144424610002431 2 1202308104.210149
0564153521103144424610002431 2 1202308104.210152
0564153521303144424610002431 2 1202308104.210155
0564153521403144424610002431 2 1202308104.210157
0564153521503144424610002431 2 1202308104.210200
0564153521013144424610002431 2 1202308104.210203
0564153521113144424610002431 2 1202308104.210206
0524153521313144424610002431 2 1202308104.210210
0564153521313144424610002431 2 1202308104.210211
0564153521413144424610002431 2 1202308104.210215
0564153521513144424610002431 2 1202308104.210218
0564153521033144424610002431 2 1202308104.210221
0564153521133144424610002431 2 1202308104.210224
0564153521333144424610002431 2 1202308104.210226
0564153521433144424610002431 2 1202308104.210229
0564153521533144424610002431 2 1202308104.210232
0564153521043144424610002431 2 1202308104.210235
0564153521143144424610002431 2 1202308104.210238
0564153521343144424610002431 2 1202308104.210241
0564153521443144424610002431 2 1202308104.210244
0564153521543144424610002431 2 1202308104.210247
0564153521053144424610002431 2 1202308104.210250
0564153521153144424610002431 2 1202308104.210253
0564153521353144424610002431 2 1202308104.210257
0564153521453144424610002431 2 1202308104.210300
0564153521553144424610002431 2 1202308104.210303
