0164103020103140454112251355 5 1202308115.054552
0114106020303140454112251355 5 1202308115.054553
0164103020103144454112251355 5 1202308115.054724
0164103021103144454112251355 2 1202308115.054726
0114106020303144454112251355 5 1202308115.054727
0114106021303144454112251355 2 1202308115.054729
0164103020103140454212251355 5 1202308115.060408
0114106020303140454212251355 5 1202308115.060410
0164103020103144454212251355 5 1202308115.060537
0164103021103144454212251355 2 1202308115.060538
0114106020303144454212251355 5 1202308115.060539
0114106021303144454212251355 2 1202308115.060541
0164103020103140454512251355 5 1202308115.062246
0114106020303140454512251355 5 1202308115.062247
0164103020103144454512251355 5 1202308115.062418
0164103021103144454512251355 2 1202308115.062420
0114106020303144454512251355 5 1202308115.062421
0114106021303144454512251355 2 1202308115.062423
0164103020103140454612251355 5 1202308115.064054
0114106020303140454612251355 5 1202308115.064055
0164103020103144454612251355 5 1202308115.064233
0164103021103144454612251355 2 1202308115.064234
0114106020303144454612251355 5 1202308115.064236
0114106021303144454612251355 2 1202308115.064237
