0524123225163545414110001216 2 1202308115.050439
0524153525163142424110001216 2 1202308115.050817
0564152521303144424110001216 1 1202308115.051007
0564152525303144424110001216 1 1202308115.051008
0564152521313144424110001216 2 1202308115.051010
0564152525313144424110001216 2 1202308115.051011
0564152521333144424110001216 2 1202308115.051013
0564152525333144424110001216 2 1202308115.051014
0564152521343144424110001216 2 1202308115.051016
0564152525343144424110001216 2 1202308115.051018
0564152521353144424110001216 1 1202308115.051019
0564152525353144424110001216 1 1202308115.051021
0524103521163144424110001216 2 1202308115.051023
0524153521163144424110001216 2 1202308115.051024
0524103525163144424110001216 2 1202308115.051026
0524153525163144424110001216 2 1202308115.051027
0564152521363144424110001216 2 1202308115.051028
0564152525363144424110001216 2 1202308115.051030
0524153521663144424110001216 2 1202308115.051031
0524153525663144424110001216 2 1202308115.051032
0524153021163545424110001216 2 1202308115.051154
0524153521163545424110001216 2 1202308115.051155
0524123225163545414210001216 2 1202308115.053038
0524153525163142424210001216 2 1202308115.053403
0564152521303144424210001216 1 1202308115.053533
0564152525303144424210001216 1 1202308115.053534
0564152521313144424210001216 2 1202308115.053536
0564152525313144424210001216 2 1202308115.053537
0564152521333144424210001216 2 1202308115.053538
0564152525333144424210001216 2 1202308115.053540
0564152521343144424210001216 2 1202308115.053541
0564152525343144424210001216 2 1202308115.053543
0564152521353144424210001216 1 1202308115.053544
0564152525353144424210001216 1 1202308115.053546
0524103521163144424210001216 2 1202308115.053549
0524153521163144424210001216 2 1202308115.053550
0524103525163144424210001216 2 1202308115.053552
0524153525163144424210001216 2 1202308115.053553
0564152521363144424210001216 2 1202308115.053554
0564152525363144424210001216 2 1202308115.053556
0524153521663144424210001216 2 1202308115.053557
0524153525663144424210001216 2 1202308115.053559
0524153021163545424210001216 2 1202308115.053703
0524153521163545424210001216 2 1202308115.053705
0524123225163545414510001216 2 1202308115.055347
0524153525163142424510001216 2 1202308115.055706
0564152521303144424510001216 1 1202308115.055834
0564152525303144424510001216 1 1202308115.055836
0564152521313144424510001216 2 1202308115.055837
0564152525313144424510001216 2 1202308115.055838
0564152521333144424510001216 2 1202308115.055840
0564152525333144424510001216 2 1202308115.055841
0564152521343144424510001216 2 1202308115.055842
0564152525343144424510001216 2 1202308115.055844
0564152521353144424510001216 1 1202308115.055845
0564152525353144424510001216 1 1202308115.055847
0524103521163144424510001216 2 1202308115.055849
0524153521163144424510001216 2 1202308115.055850
0524103525163144424510001216 2 1202308115.055852
0524153525163144424510001216 2 1202308115.055853
0564152521363144424510001216 2 1202308115.055854
0564152525363144424510001216 2 1202308115.055856
0524153521663144424510001216 2 1202308115.055857
0524153525663144424510001216 2 1202308115.055858
0524153021163545424510001216 2 1202308115.055959
0524153521163545424510001216 2 1202308115.060000
0524123225163545414610001216 2 1202308115.061614
0524153525163142424610001216 2 1202308115.062147
0564152521303144424610001216 1 1202308115.062354
0564152525303144424610001216 1 1202308115.062356
0564152521313144424610001216 2 1202308115.062358
0524153521313144424610001216 2 1202308115.062400
0564152525313144424610001216 2 1202308115.062402
0564152521333144424610001216 2 1202308115.062404
0564152525333144424610001216 2 1202308115.062406
0564152521343144424610001216 2 1202308115.062407
0564152525343144424610001216 2 1202308115.062409
0564152521353144424610001216 1 1202308115.062411
0564152525353144424610001216 1 1202308115.062414
0524103521163144424610001216 2 1202308115.062416
0524153521163144424610001216 2 1202308115.062417
0524103525163144424610001216 2 1202308115.062419
0524153525163144424610001216 2 1202308115.062420
0564152521363144424610001216 2 1202308115.062422
0564152525363144424610001216 2 1202308115.062424
0524153521663144424610001216 2 1202308115.062425
0524153525663144424610001216 2 1202308115.062426
0524153021163545424610001216 2 1202308115.062644
0524153521163545424610001216 2 1202308115.062646
