0524153521313144424610002451 2 1202308115.052859
0564153521103144424110001020 2 1202308115.083457
0664153521103144424110001020 2 1202308115.083458
0564163521103144424110001020 2 1202308115.083459
0664163521103144424110001020 2 1202308115.083500
0564153525103144424110001020 2 1202308115.083502
0664153525103144424110001020 2 1202308115.083503
0564163525103144424110001020 2 1202308115.083504
0664163525103144424110001020 2 1202308115.083506
0564153526103144424110001020 2 1202308115.083507
0664153526103144424110001020 2 1202308115.083509
0564163526103144424110001020 2 1202308115.083510
0664163526103144424110001020 2 1202308115.083511
0514156521303144424110001020 2 1202308115.083513
0614156521303144424110001020 2 1202308115.083514
0514166521303144424110001020 2 1202308115.083516
0614166521303144424110001020 2 1202308115.083517
0514156525303144424110001020 2 1202308115.083521
0614156525303144424110001020 2 1202308115.083522
0514166525303144424110001020 2 1202308115.083523
0614166525303144424110001020 2 1202308115.083524
0514156526303144424110001020 2 1202308115.083528
0614156526303144424110001020 2 1202308115.083529
0514166526303144424110001020 2 1202308115.083531
0614166526303144424110001020 2 1202308115.083532
0564153521113144424110001020 2 1202308115.083534
0664153521113144424110001020 2 1202308115.083535
0564163521113144424110001020 2 1202308115.083536
0664163521113144424110001020 2 1202308115.083537
0564153525113144424110001020 2 1202308115.083539
0664153525113144424110001020 2 1202308115.083540
0564163525113144424110001020 2 1202308115.083541
0664163525113144424110001020 2 1202308115.083542
0564153526113144424110001020 2 1202308115.083544
0664153526113144424110001020 2 1202308115.083545
0564163526113144424110001020 2 1202308115.083546
0664163526113144424110001020 2 1202308115.083547
0624153521313144424110001020 2 1202308115.083549
0524163521313144424110001020 2 1202308115.083550
0624163521313144424110001020 2 1202308115.083552
0514156521313144424110001020 2 1202308115.083553
0614156521313144424110001020 2 1202308115.083554
0514166521313144424110001020 2 1202308115.083555
0614166521313144424110001020 2 1202308115.083556
0514156525313144424110001020 2 1202308115.083603
0614156525313144424110001020 2 1202308115.083604
0514166525313144424110001020 2 1202308115.083605
0614166525313144424110001020 2 1202308115.083606
0514156526313144424110001020 2 1202308115.083613
0614156526313144424110001020 2 1202308115.083614
0514166526313144424110001020 2 1202308115.083616
0614166526313144424110001020 2 1202308115.083617
0564153521133144424110001020 2 1202308115.083619
0664153521133144424110001020 2 1202308115.083620
0564163521133144424110001020 2 1202308115.083621
0664163521133144424110001020 2 1202308115.083622
0564153525133144424110001020 2 1202308115.083624
0664153525133144424110001020 2 1202308115.083625
0564163525133144424110001020 2 1202308115.083626
0664163525133144424110001020 2 1202308115.083628
0564153526133144424110001020 2 1202308115.083629
0664153526133144424110001020 2 1202308115.083631
0564163526133144424110001020 2 1202308115.083632
0664163526133144424110001020 2 1202308115.083633
0514156521333144424110001020 2 1202308115.083635
0614156521333144424110001020 2 1202308115.083636
0514166521333144424110001020 2 1202308115.083637
0614166521333144424110001020 2 1202308115.083638
0514156525333144424110001020 2 1202308115.083641
0614156525333144424110001020 2 1202308115.083642
0514166525333144424110001020 2 1202308115.083643
0614166525333144424110001020 2 1202308115.083644
0514156526333144424110001020 2 1202308115.083647
0614156526333144424110001020 2 1202308115.083648
0514166526333144424110001020 2 1202308115.083649
0614166526333144424110001020 2 1202308115.083651
0564153521143144424110001020 2 1202308115.083654
0664153521143144424110001020 2 1202308115.083655
0564163521143144424110001020 2 1202308115.083656
0664163521143144424110001020 2 1202308115.083658
0564153525143144424110001020 2 1202308115.083659
0664153525143144424110001020 2 1202308115.083700
0564163525143144424110001020 2 1202308115.083701
0664163525143144424110001020 2 1202308115.083703
0564153526143144424110001020 2 1202308115.083704
0664153526143144424110001020 2 1202308115.083705
0564163526143144424110001020 2 1202308115.083706
0664163526143144424110001020 2 1202308115.083708
0514156521343144424110001020 2 1202308115.083709
0614156521343144424110001020 2 1202308115.083710
0514166521343144424110001020 2 1202308115.083711
0614166521343144424110001020 2 1202308115.083713
0514156525343144424110001020 2 1202308115.083715
0614156525343144424110001020 2 1202308115.083716
0514166525343144424110001020 2 1202308115.083717
0614166525343144424110001020 2 1202308115.083719
0514156526343144424110001020 2 1202308115.083721
0614156526343144424110001020 2 1202308115.083722
0514166526343144424110001020 2 1202308115.083723
0614166526343144424110001020 2 1202308115.083724
0564153521153144424110001020 2 1202308115.083726
0664153521153144424110001020 2 1202308115.083727
0564163521153144424110001020 2 1202308115.083729
0664163521153144424110001020 2 1202308115.083730
0564153525153144424110001020 2 1202308115.083733
0664153525153144424110001020 2 1202308115.083734
0564163525153144424110001020 2 1202308115.083735
0664163525153144424110001020 2 1202308115.083736
0564153526153144424110001020 2 1202308115.083740
0664153526153144424110001020 2 1202308115.083741
0564163526153144424110001020 2 1202308115.083742
0664163526153144424110001020 2 1202308115.083743
0514156521353144424110001020 2 1202308115.083748
0614156521353144424110001020 2 1202308115.083749
0514166521353144424110001020 2 1202308115.083750
0614166521353144424110001020 2 1202308115.083751
0514156525353144424110001020 2 1202308115.083758
0614156525353144424110001020 2 1202308115.083759
0514166525353144424110001020 2 1202308115.083800
0614166525353144424110001020 2 1202308115.083801
0514156526353144424110001020 2 1202308115.083810
0614156526353144424110001020 2 1202308115.083811
0514166526353144424110001020 2 1202308115.083812
0614166526353144424110001020 2 1202308115.083813
0564153521163144424110001020 2 1202308115.083816
0664153521163144424110001020 2 1202308115.083817
0564163521163144424110001020 2 1202308115.083818
0664163521163144424110001020 2 1202308115.083819
0564153525163144424110001020 2 1202308115.083821
0664153525163144424110001020 2 1202308115.083822
0564163525163144424110001020 2 1202308115.083823
0664163525163144424110001020 2 1202308115.083825
0564153526163144424110001020 2 1202308115.083826
0664153526163144424110001020 2 1202308115.083827
0564163526163144424110001020 2 1202308115.083828
0664163526163144424110001020 2 1202308115.083829
0514156521363144424110001020 2 1202308115.083831
0614156521363144424110001020 2 1202308115.083832
0514166521363144424110001020 2 1202308115.083833
0614166521363144424110001020 2 1202308115.083834
0514156525363144424110001020 2 1202308115.083837
0614156525363144424110001020 2 1202308115.083838
0514166525363144424110001020 2 1202308115.083839
0614166525363144424110001020 2 1202308115.083840
0514156526363144424110001020 2 1202308115.083843
0614156526363144424110001020 2 1202308115.083844
0514166526363144424110001020 2 1202308115.083845
0614166526363144424110001020 2 1202308115.083846
0564153521103144424210001020 2 1202308115.094506
0664153521103144424210001020 2 1202308115.094507
0564163521103144424210001020 2 1202308115.094508
0664163521103144424210001020 2 1202308115.094509
0564153525103144424210001020 2 1202308115.094511
0664153525103144424210001020 2 1202308115.094512
0564163525103144424210001020 2 1202308115.094514
0664163525103144424210001020 2 1202308115.094515
0564153526103144424210001020 2 1202308115.094517
0664153526103144424210001020 2 1202308115.094518
0564163526103144424210001020 2 1202308115.094519
0664163526103144424210001020 2 1202308115.094520
0514156521303144424210001020 2 1202308115.094522
0614156521303144424210001020 2 1202308115.094523
0514166521303144424210001020 2 1202308115.094524
0614166521303144424210001020 2 1202308115.094525
0514156525303144424210001020 2 1202308115.094529
0614156525303144424210001020 2 1202308115.094530
0514166525303144424210001020 2 1202308115.094531
0614166525303144424210001020 2 1202308115.094532
0514156526303144424210001020 2 1202308115.094535
0614156526303144424210001020 2 1202308115.094536
0514166526303144424210001020 2 1202308115.094537
0614166526303144424210001020 2 1202308115.094538
0564153521113144424210001020 2 1202308115.094540
0664153521113144424210001020 2 1202308115.094541
0564163521113144424210001020 2 1202308115.094542
0664163521113144424210001020 2 1202308115.094543
0564153525113144424210001020 2 1202308115.094545
0664153525113144424210001020 2 1202308115.094546
0564163525113144424210001020 2 1202308115.094547
0664163525113144424210001020 2 1202308115.094548
0564153526113144424210001020 2 1202308115.094550
0664153526113144424210001020 2 1202308115.094551
0564163526113144424210001020 2 1202308115.094552
0664163526113144424210001020 2 1202308115.094554
0624153521313144424210001020 2 1202308115.094555
0524163521313144424210001020 2 1202308115.094557
0624163521313144424210001020 2 1202308115.094558
0514156521313144424210001020 2 1202308115.094559
0614156521313144424210001020 2 1202308115.094600
0514166521313144424210001020 2 1202308115.094601
0614166521313144424210001020 2 1202308115.094602
0514156525313144424210001020 2 1202308115.094609
0614156525313144424210001020 2 1202308115.094610
0514166525313144424210001020 2 1202308115.094611
0614166525313144424210001020 2 1202308115.094612
0514156526313144424210001020 2 1202308115.094619
0614156526313144424210001020 2 1202308115.094620
0514166526313144424210001020 2 1202308115.094621
0614166526313144424210001020 2 1202308115.094622
0564153521133144424210001020 2 1202308115.094624
0664153521133144424210001020 2 1202308115.094625
0564163521133144424210001020 2 1202308115.094626
0664163521133144424210001020 2 1202308115.094627
0564153525133144424210001020 2 1202308115.094629
0664153525133144424210001020 2 1202308115.094630
0564163525133144424210001020 2 1202308115.094631
0664163525133144424210001020 2 1202308115.094632
0564153526133144424210001020 2 1202308115.094634
0664153526133144424210001020 2 1202308115.094635
0564163526133144424210001020 2 1202308115.094636
0664163526133144424210001020 2 1202308115.094637
0514156521333144424210001020 2 1202308115.094639
0614156521333144424210001020 2 1202308115.094640
0514166521333144424210001020 2 1202308115.094641
0614166521333144424210001020 2 1202308115.094642
0514156525333144424210001020 2 1202308115.094644
0614156525333144424210001020 2 1202308115.094646
0514166525333144424210001020 2 1202308115.094647
0614166525333144424210001020 2 1202308115.094648
0514156526333144424210001020 2 1202308115.094650
0614156526333144424210001020 2 1202308115.094651
0514166526333144424210001020 2 1202308115.094652
0614166526333144424210001020 2 1202308115.094653
0564153521143144424210001020 2 1202308115.094655
0664153521143144424210001020 2 1202308115.094656
0564163521143144424210001020 2 1202308115.094657
0664163521143144424210001020 2 1202308115.094658
0564153525143144424210001020 2 1202308115.094700
0664153525143144424210001020 2 1202308115.094701
0564163525143144424210001020 2 1202308115.094702
0664163525143144424210001020 2 1202308115.094703
0564153526143144424210001020 2 1202308115.094705
0664153526143144424210001020 2 1202308115.094706
0564163526143144424210001020 2 1202308115.094707
0664163526143144424210001020 2 1202308115.094708
0514156521343144424210001020 2 1202308115.094710
0614156521343144424210001020 2 1202308115.094711
0514166521343144424210001020 2 1202308115.094712
0614166521343144424210001020 2 1202308115.094713
0514156525343144424210001020 2 1202308115.094715
0614156525343144424210001020 2 1202308115.094716
0514166525343144424210001020 2 1202308115.094718
0614166525343144424210001020 2 1202308115.094719
0514156526343144424210001020 2 1202308115.094721
0614156526343144424210001020 2 1202308115.094722
0514166526343144424210001020 2 1202308115.094723
0614166526343144424210001020 2 1202308115.094724
0564153521153144424210001020 2 1202308115.094726
0664153521153144424210001020 2 1202308115.094727
0564163521153144424210001020 2 1202308115.094728
0664163521153144424210001020 2 1202308115.094729
0564153525153144424210001020 2 1202308115.094732
0664153525153144424210001020 2 1202308115.094734
0564163525153144424210001020 2 1202308115.094735
0664163525153144424210001020 2 1202308115.094736
0564153526153144424210001020 2 1202308115.094740
0664153526153144424210001020 2 1202308115.094741
0564163526153144424210001020 2 1202308115.094742
0664163526153144424210001020 2 1202308115.094743
0514156521353144424210001020 2 1202308115.094747
0614156521353144424210001020 2 1202308115.094748
0514166521353144424210001020 2 1202308115.094750
0614166521353144424210001020 2 1202308115.094751
0514156525353144424210001020 2 1202308115.094756
0614156525353144424210001020 2 1202308115.094757
0514166525353144424210001020 2 1202308115.094759
0614166525353144424210001020 2 1202308115.094800
0514156526353144424210001020 2 1202308115.094807
0614156526353144424210001020 2 1202308115.094808
0514166526353144424210001020 2 1202308115.094809
0614166526353144424210001020 2 1202308115.094810
0564153521163144424210001020 2 1202308115.094813
0664153521163144424210001020 2 1202308115.094814
0564163521163144424210001020 2 1202308115.094815
0664163521163144424210001020 2 1202308115.094816
0564153525163144424210001020 2 1202308115.094818
0664153525163144424210001020 2 1202308115.094819
0564163525163144424210001020 2 1202308115.094820
0664163525163144424210001020 2 1202308115.094821
0564153526163144424210001020 2 1202308115.094823
0664153526163144424210001020 2 1202308115.094824
0564163526163144424210001020 2 1202308115.094825
0664163526163144424210001020 2 1202308115.094826
0514156521363144424210001020 2 1202308115.094828
0614156521363144424210001020 2 1202308115.094829
0514166521363144424210001020 2 1202308115.094830
0614166521363144424210001020 2 1202308115.094831
0514156525363144424210001020 2 1202308115.094833
0614156525363144424210001020 2 1202308115.094834
0514166525363144424210001020 2 1202308115.094836
0614166525363144424210001020 2 1202308115.094837
0514156526363144424210001020 2 1202308115.094839
0614156526363144424210001020 2 1202308115.094840
0514166526363144424210001020 2 1202308115.094841
0614166526363144424210001020 2 1202308115.094842
