0122150021633444424110003511 2 1202308115.043017
0122150025633444424110003511 2 1202308115.043018
0122150021643200434110003511 2 1202308115.043103
0122150025643200434110003511 2 1202308115.043104
0122150021643210434110003511 2 1202308115.043108
0122150025643210434110003511 2 1202308115.043109
0122150021643220434110003511 2 1202308115.043113
0122150025643220434110003511 2 1202308115.043114
0122150021643240434110003511 2 1202308115.043118
0122150025643240434110003511 2 1202308115.043119
0122150021643250434110003511 2 1202308115.043124
0122150025643250434110003511 2 1202308115.043124
0122150021643201434110003511 2 1202308115.043129
0122150025643201434110003511 2 1202308115.043130
0122150021643211434110003511 2 1202308115.043134
0122150025643211434110003511 2 1202308115.043135
0122150021643221434110003511 2 1202308115.043139
0122150025643221434110003511 2 1202308115.043140
0122150021643241434110003511 2 1202308115.043144
0122150025643241434110003511 2 1202308115.043145
0122150021643251434110003511 2 1202308115.043149
0122150025643251434110003511 2 1202308115.043150
0122150021643202434110003511 2 1202308115.043154
0122150025643202434110003511 2 1202308115.043155
0122150021643212434110003511 2 1202308115.043159
0122150025643212434110003511 2 1202308115.043200
0122150021643222434110003511 2 1202308115.043205
0122150025643222434110003511 2 1202308115.043206
0122150021643242434110003511 2 1202308115.043210
0122150025643242434110003511 2 1202308115.043211
0122150021643252434110003511 2 1202308115.043215
0122150025643252434110003511 2 1202308115.043216
0122150021643204434110003511 2 1202308115.043220
0122150025643204434110003511 2 1202308115.043221
0122150021643214434110003511 2 1202308115.043226
0122150025643214434110003511 2 1202308115.043227
0122150021643224434110003511 2 1202308115.043231
0122150025643224434110003511 2 1202308115.043232
0122150021643244434110003511 2 1202308115.043236
0122150025643244434110003511 2 1202308115.043237
0122150021643254434110003511 2 1202308115.043241
0122150025643254434110003511 2 1202308115.043242
0122150021643205434110003511 2 1202308115.043246
0122150025643205434110003511 2 1202308115.043247
0122150021643215434110003511 2 1202308115.043252
0122150025643215434110003511 2 1202308115.043253
0122150021643225434110003511 2 1202308115.043257
0122150025643225434110003511 2 1202308115.043258
0122150021643245434110003511 2 1202308115.043302
0122150025643245434110003511 2 1202308115.043303
0122150021643255434110003511 2 1202308115.043307
0122150025643255434110003511 2 1202308115.043308
0122150021633444424210003511 2 1202308115.044140
0122150025633444424210003511 2 1202308115.044141
0122150021643200434210003511 2 1202308115.044224
0122150025643200434210003511 2 1202308115.044225
0122150021643210434210003511 2 1202308115.044229
0122150025643210434210003511 2 1202308115.044230
0122150021643220434210003511 2 1202308115.044234
0122150025643220434210003511 2 1202308115.044235
0122150021643240434210003511 2 1202308115.044239
0122150025643240434210003511 2 1202308115.044240
0122150021643250434210003511 2 1202308115.044244
0122150025643250434210003511 2 1202308115.044245
0122150021643201434210003511 2 1202308115.044250
0122150025643201434210003511 2 1202308115.044251
0122150021643211434210003511 2 1202308115.044255
0122150025643211434210003511 2 1202308115.044256
0122150021643221434210003511 2 1202308115.044259
0122150025643221434210003511 2 1202308115.044300
0122150021643241434210003511 2 1202308115.044304
0122150025643241434210003511 2 1202308115.044305
0122150021643251434210003511 2 1202308115.044310
0122150025643251434210003511 2 1202308115.044311
0122150021643202434210003511 2 1202308115.044315
0122150025643202434210003511 2 1202308115.044316
0122150021643212434210003511 2 1202308115.044320
0122150025643212434210003511 2 1202308115.044321
0122150021643222434210003511 2 1202308115.044325
0122150025643222434210003511 2 1202308115.044326
0122150021643242434210003511 2 1202308115.044330
0122150025643242434210003511 2 1202308115.044331
0122150021643252434210003511 2 1202308115.044336
0122150025643252434210003511 2 1202308115.044336
0122150021643204434210003511 2 1202308115.044341
0122150025643204434210003511 2 1202308115.044342
0122150021643214434210003511 2 1202308115.044345
0122150025643214434210003511 2 1202308115.044346
0122150021643224434210003511 2 1202308115.044350
0122150025643224434210003511 2 1202308115.044351
0122150021643244434210003511 2 1202308115.044355
0122150025643244434210003511 2 1202308115.044356
0122150021643254434210003511 2 1202308115.044400
0122150025643254434210003511 2 1202308115.044401
0122150021643205434210003511 2 1202308115.044405
0122150025643205434210003511 2 1202308115.044406
0122150021643215434210003511 2 1202308115.044411
0122150025643215434210003511 2 1202308115.044412
0122150021643225434210003511 2 1202308115.044416
0122150025643225434210003511 2 1202308115.044417
0122150021643245434210003511 2 1202308115.044421
0122150025643245434210003511 2 1202308115.044422
0122150021643255434210003511 2 1202308115.044426
0122150025643255434210003511 2 1202308115.044427
0122150021633444424510003511 2 1202308115.045253
0122150025633444424510003511 2 1202308115.045254
0122150021643200434510003511 2 1202308115.045337
0122150025643200434510003511 2 1202308115.045338
0122150021643210434510003511 2 1202308115.045342
0122150025643210434510003511 2 1202308115.045343
0122150021643220434510003511 2 1202308115.045348
0122150025643220434510003511 2 1202308115.045349
0122150021643240434510003511 2 1202308115.045353
0122150025643240434510003511 2 1202308115.045354
0122150021643250434510003511 2 1202308115.045358
0122150025643250434510003511 2 1202308115.045359
0122150021643201434510003511 2 1202308115.045403
0122150025643201434510003511 2 1202308115.045404
0122150021643211434510003511 2 1202308115.045409
0122150025643211434510003511 2 1202308115.045410
0122150021643221434510003511 2 1202308115.045413
0122150025643221434510003511 2 1202308115.045414
0122150021643241434510003511 2 1202308115.045418
0122150025643241434510003511 2 1202308115.045419
0122150021643251434510003511 2 1202308115.045423
0122150025643251434510003511 2 1202308115.045424
0122150021643202434510003511 2 1202308115.045429
0122150025643202434510003511 2 1202308115.045430
0122150021643212434510003511 2 1202308115.045434
0122150025643212434510003511 2 1202308115.045435
0122150021643222434510003511 2 1202308115.045439
0122150025643222434510003511 2 1202308115.045440
0122150021643242434510003511 2 1202308115.045444
0122150025643242434510003511 2 1202308115.045446
0122150021643252434510003511 2 1202308115.045450
0122150025643252434510003511 2 1202308115.045451
0122150021643204434510003511 2 1202308115.045456
0122150025643204434510003511 2 1202308115.045457
0122150021643214434510003511 2 1202308115.045501
0122150025643214434510003511 2 1202308115.045502
0122150021643224434510003511 2 1202308115.045506
0122150025643224434510003511 2 1202308115.045507
0122150021643244434510003511 2 1202308115.045511
0122150025643244434510003511 2 1202308115.045512
0122150021643254434510003511 2 1202308115.045517
0122150025643254434510003511 2 1202308115.045518
0122150021643205434510003511 2 1202308115.045522
0122150025643205434510003511 2 1202308115.045523
0122150021643215434510003511 2 1202308115.045528
0122150025643215434510003511 2 1202308115.045529
0122150021643225434510003511 2 1202308115.045534
0122150025643225434510003511 2 1202308115.045535
0122150021643245434510003511 2 1202308115.045539
0122150025643245434510003511 2 1202308115.045540
0122150021643255434510003511 2 1202308115.045544
0122150025643255434510003511 2 1202308115.045545
