0524123225313644414110001506 2 1202308115.054436
0124153026103142424110001506 2 1202308115.055723
0524103526313142424110001506 2 1202308115.055731
0524103626313142424110001506 2 1202308115.055732
0124103526103642424110001506 2 1202308115.055851
0124103626103642424110001506 2 1202308115.055853
0524153621313144424110001506 2 1202308115.060636
0524163225313144424110001506 2 1202308115.060637
0524153526313144424110001506 2 1202308115.060641
0524153626313144424110001506 2 1202308115.060642
0524153021313644424110001506 2 1202308115.060918
0524153521313644424110001506 2 1202308115.060921
0524153621313644424110001506 2 1202308115.060923
0124103026313644424110001506 2 1202308115.060934
0524103026313644424110001506 2 1202308115.060935
0524113026313644424110001506 2 1202308115.060936
0524123026313644424110001506 2 1202308115.060937
0524133026313644424110001506 2 1202308115.060938
0524153026313644424110001506 2 1202308115.060940
0524163026313644424110001506 2 1202308115.060941
0524103126313644424110001506 2 1202308115.060942
0524113126313644424110001506 2 1202308115.060943
0524123126313644424110001506 2 1202308115.060944
0524133126313644424110001506 2 1202308115.060946
0524153126313644424110001506 2 1202308115.060947
0524163126313644424110001506 2 1202308115.060948
0524103226313644424110001506 2 1202308115.060949
0524113226313644424110001506 2 1202308115.060950
0524123226313644424110001506 2 1202308115.060951
0524133226313644424110001506 2 1202308115.060953
0524153226313644424110001506 2 1202308115.060954
0524163226313644424110001506 2 1202308115.060955
0524103326313644424110001506 2 1202308115.060956
0524113326313644424110001506 2 1202308115.060957
0524123326313644424110001506 2 1202308115.060958
0524133326313644424110001506 2 1202308115.061000
0524153326313644424110001506 2 1202308115.061001
0524163326313644424110001506 2 1202308115.061002
0524103526313644424110001506 2 1202308115.061003
0524113526313644424110001506 2 1202308115.061004
0524123526313644424110001506 2 1202308115.061005
0524133526313644424110001506 2 1202308115.061007
0524153526313644424110001506 2 1202308115.061008
0524163526313644424110001506 2 1202308115.061009
0524103626313644424110001506 2 1202308115.061010
0524113626313644424110001506 2 1202308115.061011
0524123626313644424110001506 2 1202308115.061012
0524133626313644424110001506 2 1202308115.061014
0524153626313644424110001506 2 1202308115.061015
0524163626313644424110001506 2 1202308115.061016
0524123225313644414210001506 2 1202308115.064617
0124153026103142424210001506 2 1202308115.065703
0524103526313142424210001506 2 1202308115.065711
0524103626313142424210001506 2 1202308115.065712
0124103526103642424210001506 2 1202308115.065812
0124103626103642424210001506 2 1202308115.065813
0524153621313144424210001506 2 1202308115.070023
0524163225313144424210001506 2 1202308115.070025
0524153526313144424210001506 2 1202308115.070028
0524153626313144424210001506 2 1202308115.070030
0524153021313644424210001506 2 1202308115.070149
0524153521313644424210001506 2 1202308115.070151
0524153621313644424210001506 2 1202308115.070154
0124103026313644424210001506 2 1202308115.070205
0524103026313644424210001506 2 1202308115.070206
0524113026313644424210001506 2 1202308115.070207
0524123026313644424210001506 2 1202308115.070208
0524133026313644424210001506 2 1202308115.070209
0524153026313644424210001506 2 1202308115.070211
0524163026313644424210001506 2 1202308115.070212
0524103126313644424210001506 2 1202308115.070213
0524113126313644424210001506 2 1202308115.070214
0524123126313644424210001506 2 1202308115.070215
0524133126313644424210001506 2 1202308115.070216
0524153126313644424210001506 2 1202308115.070218
0524163126313644424210001506 2 1202308115.070219
0524103226313644424210001506 2 1202308115.070220
0524113226313644424210001506 2 1202308115.070221
0524123226313644424210001506 2 1202308115.070222
0524133226313644424210001506 2 1202308115.070223
0524153226313644424210001506 2 1202308115.070225
0524163226313644424210001506 2 1202308115.070226
0524103326313644424210001506 2 1202308115.070227
0524113326313644424210001506 2 1202308115.070228
0524123326313644424210001506 2 1202308115.070229
0524133326313644424210001506 2 1202308115.070230
0524153326313644424210001506 2 1202308115.070232
0524163326313644424210001506 2 1202308115.070233
0524103526313644424210001506 2 1202308115.070234
0524113526313644424210001506 2 1202308115.070235
0524123526313644424210001506 2 1202308115.070236
0524133526313644424210001506 2 1202308115.070237
0524153526313644424210001506 2 1202308115.070239
0524163526313644424210001506 2 1202308115.070240
0524103626313644424210001506 2 1202308115.070241
0524113626313644424210001506 2 1202308115.070242
0524123626313644424210001506 2 1202308115.070243
0524133626313644424210001506 2 1202308115.070244
0524153626313644424210001506 2 1202308115.070246
0524163626313644424210001506 2 1202308115.070247
0524123225313644414510001506 2 1202308115.073038
0124153026103142424510001506 2 1202308115.074102
0524103526313142424510001506 2 1202308115.074110
0524103626313142424510001506 2 1202308115.074111
0124103526103642424510001506 2 1202308115.074211
0124103626103642424510001506 2 1202308115.074213
0524153621313144424510001506 2 1202308115.074411
0524163225313144424510001506 2 1202308115.074413
0524153526313144424510001506 2 1202308115.074416
0524153626313144424510001506 2 1202308115.074418
0524153021313644424510001506 2 1202308115.074535
0524153521313644424510001506 2 1202308115.074537
0524153621313644424510001506 2 1202308115.074539
0124103026313644424510001506 2 1202308115.074550
0524103026313644424510001506 2 1202308115.074552
0524113026313644424510001506 2 1202308115.074553
0524123026313644424510001506 2 1202308115.074554
0524133026313644424510001506 2 1202308115.074555
0524153026313644424510001506 2 1202308115.074556
0524163026313644424510001506 2 1202308115.074557
0524103126313644424510001506 2 1202308115.074559
0524113126313644424510001506 2 1202308115.074600
0524123126313644424510001506 2 1202308115.074601
0524133126313644424510001506 2 1202308115.074602
0524153126313644424510001506 2 1202308115.074603
0524163126313644424510001506 2 1202308115.074604
0524103226313644424510001506 2 1202308115.074606
0524113226313644424510001506 2 1202308115.074607
0524123226313644424510001506 2 1202308115.074608
0524133226313644424510001506 2 1202308115.074609
0524153226313644424510001506 2 1202308115.074610
0524163226313644424510001506 2 1202308115.074611
0524103326313644424510001506 2 1202308115.074613
0524113326313644424510001506 2 1202308115.074614
0524123326313644424510001506 2 1202308115.074615
0524133326313644424510001506 2 1202308115.074616
0524153326313644424510001506 2 1202308115.074617
0524163326313644424510001506 2 1202308115.074618
0524103526313644424510001506 2 1202308115.074620
0524113526313644424510001506 2 1202308115.074621
0524123526313644424510001506 2 1202308115.074622
0524133526313644424510001506 2 1202308115.074623
0524153526313644424510001506 2 1202308115.074624
0524163526313644424510001506 2 1202308115.074625
0524103626313644424510001506 2 1202308115.074627
0524113626313644424510001506 2 1202308115.074628
0524123626313644424510001506 2 1202308115.074629
0524133626313644424510001506 2 1202308115.074630
0524153626313644424510001506 2 1202308115.074631
0524163626313644424510001506 2 1202308115.074632
0524123225313644414610001506 2 1202308115.081420
0124153026103142424610001506 2 1202308115.082515
0524103526313142424610001506 2 1202308115.082523
0524103626313142424610001506 2 1202308115.082525
0124103526103642424610001506 2 1202308115.082629
0124103626103642424610001506 2 1202308115.082630
0524153521313144424610001506 2 1202308115.082833
0524153621313144424610001506 2 1202308115.082834
0524163225313144424610001506 2 1202308115.082837
0524153526313144424610001506 2 1202308115.082841
0524153626313144424610001506 2 1202308115.082842
0524153021313644424610001506 2 1202308115.083003
0524153521313644424610001506 2 1202308115.083006
0524153621313644424610001506 2 1202308115.083008
0124103026313644424610001506 2 1202308115.083019
0524103026313644424610001506 2 1202308115.083020
0524113026313644424610001506 2 1202308115.083021
0524123026313644424610001506 2 1202308115.083022
0524133026313644424610001506 2 1202308115.083024
0524153026313644424610001506 2 1202308115.083025
0524163026313644424610001506 2 1202308115.083026
0524103126313644424610001506 2 1202308115.083027
0524113126313644424610001506 2 1202308115.083028
0524123126313644424610001506 2 1202308115.083029
0524133126313644424610001506 2 1202308115.083031
0524153126313644424610001506 2 1202308115.083032
0524163126313644424610001506 2 1202308115.083033
0524103226313644424610001506 2 1202308115.083034
0524113226313644424610001506 2 1202308115.083035
0524123226313644424610001506 2 1202308115.083036
0524133226313644424610001506 2 1202308115.083038
0524153226313644424610001506 2 1202308115.083039
0524163226313644424610001506 2 1202308115.083040
0524103326313644424610001506 2 1202308115.083041
0524113326313644424610001506 2 1202308115.083042
0524123326313644424610001506 2 1202308115.083043
0524133326313644424610001506 2 1202308115.083045
0524153326313644424610001506 2 1202308115.083046
0524163326313644424610001506 2 1202308115.083047
0524103526313644424610001506 2 1202308115.083048
0524113526313644424610001506 2 1202308115.083049
0524123526313644424610001506 2 1202308115.083050
0524133526313644424610001506 2 1202308115.083052
0524153526313644424610001506 2 1202308115.083053
0524163526313644424610001506 2 1202308115.083054
0524103626313644424610001506 2 1202308115.083055
0524113626313644424610001506 2 1202308115.083056
0524123626313644424610001506 2 1202308115.083057
0524133626313644424610001506 2 1202308115.083059
0524153626313644424610001506 2 1202308115.083100
0524163626313644424610001506 2 1202308115.083101
