0154103025103144424111631520 6 1202308104.185331
0114105025303144424111631520 6 1202308104.185332
0154103025103144424211631520 6 1202308104.192348
0114105025303144424211631520 6 1202308104.192349
0154103025103144424511631520 6 1202308104.195253
0114105025303144424511631520 6 1202308104.195255
0154103025103144424611631520 6 1202308104.202253
0114105025303144424611631520 6 1202308104.202254
0524105526353141424110001151 2 1202308104.215523
0524106526353141424110001151 2 1202308104.215524
0524100126333641424110001151 2 1202308104.215543
0524105126333641424110001151 2 1202308104.215545
0524106126333641424110001151 2 1202308104.215546
0524100526333641424110001151 2 1202308104.215547
0524105526333641424110001151 2 1202308104.215548
0524106526333641424110001151 2 1202308104.215549
0524100626333641424110001151 2 1202308104.215551
0524105626333641424110001151 2 1202308104.215552
0524106626333641424110001151 2 1202308104.215553
0124100126363641424110001151 2 1202308104.215604
0124100526363641424110001151 2 1202308104.215605
0524155126303642424110001151 2 1202308104.215730
0524155626303642424110001151 2 1202308104.215731
0524156521333644424110001151 2 1202308104.215938
0524100126333645424110001151 2 1202308104.220139
0524105126333645424110001151 2 1202308104.220141
0524106126333645424110001151 2 1202308104.220142
0524100526333645424110001151 2 1202308104.220143
0524105526333645424110001151 2 1202308104.220144
0524106526333645424110001151 2 1202308104.220146
0524100626333645424110001151 2 1202308104.220147
0524105626333645424110001151 2 1202308104.220148
0524106626333645424110001151 2 1202308104.220149
0124106526353645424110001151 2 1202308104.220158
0124100126363645424110001151 2 1202308104.220200
0124100526363645424110001151 2 1202308104.220201
0524100126313146424110001151 2 1202308104.220332
0524100526313146424110001151 2 1202308104.220334
0524100126353146424110001151 2 1202308104.220344
0524100526353146424110001151 2 1202308104.220346
0524102526353146424110001151 1 1202308104.220347
0524105526353146424110001151 2 1202308104.220348
0524106526353146424110001151 2 1202308104.220350
0524100126333646424110001151 2 1202308104.220419
0524105126333646424110001151 2 1202308104.220420
0524106126333646424110001151 2 1202308104.220421
0524100526333646424110001151 2 1202308104.220423
0524105526333646424110001151 2 1202308104.220424
0524106526333646424110001151 2 1202308104.220425
0524100626333646424110001151 2 1202308104.220426
0524105626333646424110001151 2 1202308104.220428
0524106626333646424110001151 2 1202308104.220429
0524105526353141424210001151 2 1202308104.222753
0524106526353141424210001151 2 1202308104.222754
0524100126333641424210001151 2 1202308104.222814
0524105126333641424210001151 2 1202308104.222815
0524106126333641424210001151 2 1202308104.222816
0524100526333641424210001151 2 1202308104.222818
0524105526333641424210001151 2 1202308104.222819
0524106526333641424210001151 2 1202308104.222820
0524100626333641424210001151 2 1202308104.222821
0524105626333641424210001151 2 1202308104.222822
0524106626333641424210001151 2 1202308104.222824
0124100126363641424210001151 2 1202308104.222834
0124100526363641424210001151 2 1202308104.222835
0524155126303642424210001151 2 1202308104.222948
0524155626303642424210001151 2 1202308104.222950
0524156521333644424210001151 2 1202308104.223126
0524100126333645424210001151 2 1202308104.223313
0524105126333645424210001151 2 1202308104.223314
0524106126333645424210001151 2 1202308104.223315
0524100526333645424210001151 2 1202308104.223317
0524105526333645424210001151 2 1202308104.223318
0524106526333645424210001151 2 1202308104.223319
0524100626333645424210001151 2 1202308104.223320
0524105626333645424210001151 2 1202308104.223321
0524106626333645424210001151 2 1202308104.223323
0124106526353645424210001151 2 1202308104.223331
0124100126363645424210001151 2 1202308104.223334
0124100526363645424210001151 2 1202308104.223335
0524100126313146424210001151 2 1202308104.223507
0524100526313146424210001151 2 1202308104.223508
0524100126353146424210001151 2 1202308104.223519
0524100526353146424210001151 2 1202308104.223521
0524102526353146424210001151 1 1202308104.223522
0524105526353146424210001151 2 1202308104.223523
0524106526353146424210001151 2 1202308104.223525
0524100126333646424210001151 2 1202308104.223554
0524105126333646424210001151 2 1202308104.223555
0524106126333646424210001151 2 1202308104.223557
0524100526333646424210001151 2 1202308104.223558
0524105526333646424210001151 2 1202308104.223559
0524106526333646424210001151 2 1202308104.223600
0524100626333646424210001151 2 1202308104.223601
0524105626333646424210001151 2 1202308104.223603
0524106626333646424210001151 2 1202308104.223604
0524105526353141424510001151 2 1202308104.225906
0524106526353141424510001151 2 1202308104.225908
0524100126333641424510001151 2 1202308104.225927
0524105126333641424510001151 2 1202308104.225928
0524106126333641424510001151 2 1202308104.225930
0524100526333641424510001151 2 1202308104.225931
0524105526333641424510001151 2 1202308104.225932
0524106526333641424510001151 2 1202308104.225933
0524100626333641424510001151 2 1202308104.225934
0524105626333641424510001151 2 1202308104.225936
0524106626333641424510001151 2 1202308104.225937
0124100126363641424510001151 2 1202308104.225947
0124100526363641424510001151 2 1202308104.225948
0524155126303642424510001151 2 1202308104.230059
0524155626303642424510001151 2 1202308104.230101
0524156521333644424510001151 2 1202308104.230233
0524100126333645424510001151 2 1202308104.230417
0524105126333645424510001151 2 1202308104.230419
0524106126333645424510001151 2 1202308104.230420
0524100526333645424510001151 2 1202308104.230421
0524105526333645424510001151 2 1202308104.230422
0524106526333645424510001151 2 1202308104.230423
0524100626333645424510001151 2 1202308104.230425
0524105626333645424510001151 2 1202308104.230426
0524106626333645424510001151 2 1202308104.230427
0124106526353645424510001151 2 1202308104.230436
0124100126363645424510001151 2 1202308104.230438
0124100526363645424510001151 2 1202308104.230439
0524100126313146424510001151 2 1202308104.230609
0524100526313146424510001151 2 1202308104.230611
0524100126353146424510001151 2 1202308104.230621
0524100526353146424510001151 2 1202308104.230623
0524102526353146424510001151 1 1202308104.230624
0524105526353146424510001151 2 1202308104.230626
0524106526353146424510001151 2 1202308104.230627
0524100126333646424510001151 2 1202308104.230656
0524105126333646424510001151 2 1202308104.230658
0524106126333646424510001151 2 1202308104.230659
0524100526333646424510001151 2 1202308104.230700
0524105526333646424510001151 2 1202308104.230701
0524106526333646424510001151 2 1202308104.230702
0524100626333646424510001151 2 1202308104.230704
0524105626333646424510001151 2 1202308104.230705
0524106626333646424510001151 2 1202308104.230706
0524105526353141424610001151 2 1202308104.233033
0524106526353141424610001151 2 1202308104.233034
0524100126333641424610001151 2 1202308104.233055
0524105126333641424610001151 2 1202308104.233057
0524106126333641424610001151 2 1202308104.233058
0524100526333641424610001151 2 1202308104.233059
0524105526333641424610001151 2 1202308104.233100
0524106526333641424610001151 2 1202308104.233101
0524100626333641424610001151 2 1202308104.233103
0524105626333641424610001151 2 1202308104.233104
0524106626333641424610001151 2 1202308104.233105
0124100126363641424610001151 2 1202308104.233115
0124100526363641424610001151 2 1202308104.233117
0524155126303642424610001151 2 1202308104.233234
0524155626303642424610001151 2 1202308104.233236
0524153521313144424610001151 2 1202308104.233402
0524156521333644424610001151 2 1202308104.233428
0524100126333645424610001151 2 1202308104.233631
0524105126333645424610001151 2 1202308104.233632
0524106126333645424610001151 2 1202308104.233633
0524100526333645424610001151 2 1202308104.233634
0524105526333645424610001151 2 1202308104.233635
0524106526333645424610001151 2 1202308104.233637
0524100626333645424610001151 2 1202308104.233638
0524105626333645424610001151 2 1202308104.233639
0524106626333645424610001151 2 1202308104.233640
0124106526353645424610001151 2 1202308104.233649
0124100126363645424610001151 2 1202308104.233651
0124100526363645424610001151 2 1202308104.233652
0524100126313146424610001151 2 1202308104.233822
0524100526313146424610001151 2 1202308104.233824
0524100126353146424610001151 2 1202308104.233834
0524100526353146424610001151 2 1202308104.233836
0524102526353146424610001151 1 1202308104.233837
0524105526353146424610001151 2 1202308104.233839
0524106526353146424610001151 2 1202308104.233840
0524100126333646424610001151 2 1202308104.233909
0524105126333646424610001151 2 1202308104.233910
0524106126333646424610001151 2 1202308104.233912
0524100526333646424610001151 2 1202308104.233913
0524105526333646424610001151 2 1202308104.233914
0524106526333646424610001151 2 1202308104.233915
0524100626333646424610001151 2 1202308104.233916
0524105626333646424610001151 2 1202308104.233918
0524106626333646424610001151 2 1202308104.233919
