0122153021143000464110003255 2 1202308163.100306
0122153025143000464110003255 2 1202308163.100307
0122150025343501464110003255 2 1202308163.100325
0122150021343511464110003255 2 1202308163.100329
0122150025343511464110003255 2 1202308163.100330
0122150025343521464110003255 2 1202308163.100334
0122150025343541464110003255 2 1202308163.100338
0122150021343551464110003255 2 1202308163.100342
0122150025343551464110003255 2 1202308163.100343
0122150021343502464110003255 2 1202308163.100347
0122152021343502464110003255 2 1202308163.100348
0122153021343502464110003255 2 1202308163.100349
0122155021343502464110003255 2 1202308163.100350
0122156021343502464110003255 2 1202308163.100351
0122150025343502464110003255 2 1202308163.100352
0122152025343502464110003255 2 1202308163.100353
0122153025343502464110003255 2 1202308163.100354
0122155025343502464110003255 2 1202308163.100355
0122156025343502464110003255 2 1202308163.100356
0122150021343512464110003255 2 1202308163.100400
0122152021343512464110003255 2 1202308163.100401
0122153021343512464110003255 2 1202308163.100402
0122155021343512464110003255 2 1202308163.100403
0122156021343512464110003255 2 1202308163.100404
0122150025343512464110003255 2 1202308163.100405
0122152025343512464110003255 2 1202308163.100406
0122153025343512464110003255 2 1202308163.100407
0122155025343512464110003255 2 1202308163.100408
0122156025343512464110003255 2 1202308163.100409
0122150021343522464110003255 2 1202308163.100413
0122152021343522464110003255 2 1202308163.100414
0122153021343522464110003255 2 1202308163.100415
0122155021343522464110003255 2 1202308163.100416
0122156021343522464110003255 2 1202308163.100417
0122150025343522464110003255 2 1202308163.100418
0122152025343522464110003255 2 1202308163.100419
0122153025343522464110003255 2 1202308163.100420
0122155025343522464110003255 2 1202308163.100420
0122156025343522464110003255 2 1202308163.100421
0122150021343542464110003255 2 1202308163.100425
0122152021343542464110003255 2 1202308163.100426
0122153021343542464110003255 2 1202308163.100427
0122155021343542464110003255 2 1202308163.100428
0122156021343542464110003255 2 1202308163.100429
0122150025343542464110003255 2 1202308163.100430
0122152025343542464110003255 2 1202308163.100431
0122153025343542464110003255 2 1202308163.100432
0122155025343542464110003255 2 1202308163.100433
0122156025343542464110003255 2 1202308163.100434
0122150021343552464110003255 2 1202308163.100438
0122152021343552464110003255 2 1202308163.100439
0122153021343552464110003255 2 1202308163.100440
0122155021343552464110003255 2 1202308163.100441
0122156021343552464110003255 2 1202308163.100442
0122150025343552464110003255 2 1202308163.100443
0122152025343552464110003255 2 1202308163.100444
0122153025343552464110003255 2 1202308163.100445
0122155025343552464110003255 2 1202308163.100446
0122156025343552464110003255 2 1202308163.100447
0122150025343505464110003255 2 1202308163.100505
0122152025343505464110003255 2 1202308163.100506
0122153025343505464110003255 2 1202308163.100507
0122155025343505464110003255 2 1202308163.100508
0122156025343505464110003255 2 1202308163.100509
0122150021343515464110003255 2 1202308163.100513
0122150025343515464110003255 2 1202308163.100514
0122152025343515464110003255 2 1202308163.100515
0122153025343515464110003255 2 1202308163.100516
0122155025343515464110003255 2 1202308163.100517
0122156025343515464110003255 2 1202308163.100518
0122150025343525464110003255 2 1202308163.100522
0122152025343525464110003255 2 1202308163.100523
0122153025343525464110003255 2 1202308163.100524
0122155025343525464110003255 2 1202308163.100525
0122156025343525464110003255 2 1202308163.100525
0122150025343545464110003255 2 1202308163.100529
0122152025343545464110003255 2 1202308163.100530
0122153025343545464110003255 2 1202308163.100531
0122155025343545464110003255 2 1202308163.100532
0122156025343545464110003255 2 1202308163.100533
0122150021343555464110003255 2 1202308163.100537
0122152021343555464110003255 2 1202308163.100538
0122153021343555464110003255 2 1202308163.100539
0122155021343555464110003255 2 1202308163.100540
0122156021343555464110003255 2 1202308163.100540
0122150025343555464110003255 2 1202308163.100541
0122152025343555464110003255 2 1202308163.100542
0122153025343555464110003255 2 1202308163.100543
0122155025343555464110003255 2 1202308163.100544
0122156025343555464110003255 2 1202308163.100545
0122153021143000464210003255 2 1202308163.101436
0122153025143000464210003255 2 1202308163.101437
0122150025343501464210003255 2 1202308163.101455
0122150021343511464210003255 2 1202308163.101500
0122150025343511464210003255 2 1202308163.101500
0122150025343521464210003255 2 1202308163.101505
0122150025343541464210003255 2 1202308163.101508
0122150021343551464210003255 2 1202308163.101512
0122150025343551464210003255 2 1202308163.101513
0122150021343502464210003255 2 1202308163.101518
0122152021343502464210003255 2 1202308163.101519
0122153021343502464210003255 2 1202308163.101520
0122155021343502464210003255 2 1202308163.101521
0122156021343502464210003255 2 1202308163.101522
0122150025343502464210003255 2 1202308163.101522
0122152025343502464210003255 2 1202308163.101523
0122153025343502464210003255 2 1202308163.101524
0122155025343502464210003255 2 1202308163.101525
0122156025343502464210003255 2 1202308163.101526
0122150021343512464210003255 2 1202308163.101531
0122152021343512464210003255 2 1202308163.101531
0122153021343512464210003255 2 1202308163.101532
0122155021343512464210003255 2 1202308163.101533
0122156021343512464210003255 2 1202308163.101534
0122150025343512464210003255 2 1202308163.101535
0122152025343512464210003255 2 1202308163.101536
0122153025343512464210003255 2 1202308163.101537
0122155025343512464210003255 2 1202308163.101538
0122156025343512464210003255 2 1202308163.101539
0122150021343522464210003255 2 1202308163.101543
0122152021343522464210003255 2 1202308163.101544
0122153021343522464210003255 2 1202308163.101545
0122155021343522464210003255 2 1202308163.101546
0122156021343522464210003255 2 1202308163.101547
0122150025343522464210003255 2 1202308163.101548
0122152025343522464210003255 2 1202308163.101549
0122153025343522464210003255 2 1202308163.101550
0122155025343522464210003255 2 1202308163.101551
0122156025343522464210003255 2 1202308163.101552
0122150021343542464210003255 2 1202308163.101556
0122152021343542464210003255 2 1202308163.101557
0122153021343542464210003255 2 1202308163.101558
0122155021343542464210003255 2 1202308163.101559
0122156021343542464210003255 2 1202308163.101600
0122150025343542464210003255 2 1202308163.101601
0122152025343542464210003255 2 1202308163.101602
0122153025343542464210003255 2 1202308163.101603
0122155025343542464210003255 2 1202308163.101604
0122156025343542464210003255 2 1202308163.101605
0122150021343552464210003255 2 1202308163.101609
0122152021343552464210003255 2 1202308163.101610
0122153021343552464210003255 2 1202308163.101611
0122155021343552464210003255 2 1202308163.101612
0122156021343552464210003255 2 1202308163.101613
0122150025343552464210003255 2 1202308163.101614
0122152025343552464210003255 2 1202308163.101615
0122153025343552464210003255 2 1202308163.101616
0122155025343552464210003255 2 1202308163.101617
0122156025343552464210003255 2 1202308163.101618
0122150025343505464210003255 2 1202308163.101636
0122152025343505464210003255 2 1202308163.101637
0122153025343505464210003255 2 1202308163.101638
0122155025343505464210003255 2 1202308163.101639
0122156025343505464210003255 2 1202308163.101640
0122150021343515464210003255 2 1202308163.101644
0122150025343515464210003255 2 1202308163.101645
0122152025343515464210003255 2 1202308163.101646
0122153025343515464210003255 2 1202308163.101647
0122155025343515464210003255 2 1202308163.101648
0122156025343515464210003255 2 1202308163.101649
0122150025343525464210003255 2 1202308163.101653
0122152025343525464210003255 2 1202308163.101654
0122153025343525464210003255 2 1202308163.101655
0122155025343525464210003255 2 1202308163.101656
0122156025343525464210003255 2 1202308163.101657
0122150025343545464210003255 2 1202308163.101701
0122152025343545464210003255 2 1202308163.101701
0122153025343545464210003255 2 1202308163.101702
0122155025343545464210003255 2 1202308163.101703
0122156025343545464210003255 2 1202308163.101704
0122150021343555464210003255 2 1202308163.101708
0122152021343555464210003255 2 1202308163.101709
0122153021343555464210003255 2 1202308163.101710
0122155021343555464210003255 2 1202308163.101711
0122156021343555464210003255 2 1202308163.101712
0122150025343555464210003255 2 1202308163.101713
0122152025343555464210003255 2 1202308163.101714
0122153025343555464210003255 2 1202308163.101715
0122155025343555464210003255 2 1202308163.101716
0122156025343555464210003255 2 1202308163.101717
0122153021143000464510003255 2 1202308163.102559
0122153025143000464510003255 2 1202308163.102600
0122150025343501464510003255 2 1202308163.102619
0122150021343511464510003255 2 1202308163.102623
0122150025343511464510003255 2 1202308163.102624
0122150025343521464510003255 2 1202308163.102628
0122150025343541464510003255 2 1202308163.102631
0122150021343551464510003255 2 1202308163.102635
0122150025343551464510003255 2 1202308163.102636
0122150021343502464510003255 2 1202308163.102640
0122152021343502464510003255 2 1202308163.102641
0122153021343502464510003255 2 1202308163.102642
0122155021343502464510003255 2 1202308163.102643
0122156021343502464510003255 2 1202308163.102644
0122150025343502464510003255 2 1202308163.102645
0122152025343502464510003255 2 1202308163.102646
0122153025343502464510003255 2 1202308163.102647
0122155025343502464510003255 2 1202308163.102648
0122156025343502464510003255 2 1202308163.102649
0122150021343512464510003255 2 1202308163.102653
0122152021343512464510003255 2 1202308163.102654
0122153021343512464510003255 2 1202308163.102655
0122155021343512464510003255 2 1202308163.102656
0122156021343512464510003255 2 1202308163.102657
0122150025343512464510003255 2 1202308163.102658
0122152025343512464510003255 2 1202308163.102659
0122153025343512464510003255 2 1202308163.102700
0122155025343512464510003255 2 1202308163.102701
0122156025343512464510003255 2 1202308163.102702
0122150021343522464510003255 2 1202308163.102706
0122152021343522464510003255 2 1202308163.102707
0122153021343522464510003255 2 1202308163.102708
0122155021343522464510003255 2 1202308163.102709
0122156021343522464510003255 2 1202308163.102710
0122150025343522464510003255 2 1202308163.102711
0122152025343522464510003255 2 1202308163.102712
0122153025343522464510003255 2 1202308163.102713
0122155025343522464510003255 2 1202308163.102714
0122156025343522464510003255 2 1202308163.102715
0122150021343542464510003255 2 1202308163.102719
0122152021343542464510003255 2 1202308163.102720
0122153021343542464510003255 2 1202308163.102721
0122155021343542464510003255 2 1202308163.102722
0122156021343542464510003255 2 1202308163.102723
0122150025343542464510003255 2 1202308163.102723
0122152025343542464510003255 2 1202308163.102724
0122153025343542464510003255 2 1202308163.102725
0122155025343542464510003255 2 1202308163.102726
0122156025343542464510003255 2 1202308163.102727
0122150021343552464510003255 2 1202308163.102731
0122152021343552464510003255 2 1202308163.102732
0122153021343552464510003255 2 1202308163.102733
0122155021343552464510003255 2 1202308163.102734
0122156021343552464510003255 2 1202308163.102735
0122150025343552464510003255 2 1202308163.102736
0122152025343552464510003255 2 1202308163.102737
0122153025343552464510003255 2 1202308163.102738
0122155025343552464510003255 2 1202308163.102739
0122156025343552464510003255 2 1202308163.102740
0122150025343505464510003255 2 1202308163.102758
0122152025343505464510003255 2 1202308163.102759
0122153025343505464510003255 2 1202308163.102800
0122155025343505464510003255 2 1202308163.102801
0122156025343505464510003255 2 1202308163.102802
0122150021343515464510003255 2 1202308163.102806
0122150025343515464510003255 2 1202308163.102807
0122152025343515464510003255 2 1202308163.102808
0122153025343515464510003255 2 1202308163.102809
0122155025343515464510003255 2 1202308163.102810
0122156025343515464510003255 2 1202308163.102811
0122150025343525464510003255 2 1202308163.102815
0122152025343525464510003255 2 1202308163.102816
0122153025343525464510003255 2 1202308163.102817
0122155025343525464510003255 2 1202308163.102818
0122156025343525464510003255 2 1202308163.102819
0122150025343545464510003255 2 1202308163.102822
0122152025343545464510003255 2 1202308163.102823
0122153025343545464510003255 2 1202308163.102824
0122155025343545464510003255 2 1202308163.102825
0122156025343545464510003255 2 1202308163.102826
0122150021343555464510003255 2 1202308163.102830
0122152021343555464510003255 2 1202308163.102831
0122153021343555464510003255 2 1202308163.102832
0122155021343555464510003255 2 1202308163.102833
0122156021343555464510003255 2 1202308163.102833
0122150025343555464510003255 2 1202308163.102834
0122152025343555464510003255 2 1202308163.102835
0122153025343555464510003255 2 1202308163.102836
0122155025343555464510003255 2 1202308163.102837
0122156025343555464510003255 2 1202308163.102838
