0521100121343121414601612500 2 1202308104.183535
0521100121343122414601612500 2 1202308104.183623
0521100121343162414601612500 2 1202308104.183705
0521100121343166414601612500 2 1202308104.183904
0514102121353540424601612500 1 1202308104.183950
0514102125353540424601612500 2 1202308104.183953
0514102120353540464601612500 6 1202308104.185215
0514102121353540464601612500 6 1202308104.185218
0514102123353540464601612500 6 1202308104.185220
0514102124353540464601612500 6 1202308104.185222
0514102125353540464601612500 2 1202308104.185225
0122100124343562414111612500 5 1202308104.190631
0121100021343562454111612500 6 1202308104.191901
0122100124343562454111612500 5 1202308104.191902
0121100020343565454111612500 6 1202308104.192023
0121100021343565454111612500 6 1202308104.192026
0121100023343565454111612500 6 1202308104.192027
0121100024343565454111612500 6 1202308104.192029
0121100025343565454111612500 2 1202308104.192032
0522100124343566454111612500 5 1202308104.192119
0122100124343562414211612500 5 1202308104.193426
0121100021343562454211612500 6 1202308104.194838
0122100124343562454211612500 5 1202308104.194839
0121100020343565454211612500 6 1202308104.195038
0121100021343565454211612500 6 1202308104.195040
0121100023343565454211612500 6 1202308104.195042
0121100024343565454211612500 6 1202308104.195044
0121100025343565454211612500 2 1202308104.195047
0522100124343566454211612500 5 1202308104.195154
0122100124343562414511612500 5 1202308104.200336
0121100021343562454511612500 6 1202308104.201629
0122100124343562454511612500 5 1202308104.201630
0121100020343565454511612500 6 1202308104.201752
0121100021343565454511612500 6 1202308104.201754
0121100023343565454511612500 6 1202308104.201756
0121100024343565454511612500 6 1202308104.201758
0121100025343565454511612500 2 1202308104.201801
0522100124343566454511612500 5 1202308104.201849
0122100124343562414611612500 5 1202308104.202948
0121100021343562454611612500 6 1202308104.204229
0122100124343562454611612500 5 1202308104.204230
0121100020343565454611612500 6 1202308104.204348
0121100021343565454611612500 6 1202308104.204351
0121100023343565454611612500 6 1202308104.204353
0121100024343565454611612500 6 1202308104.204354
0121100025343565454611612500 2 1202308104.204357
0522100124343566454611612500 5 1202308104.204443
0654126620303640414113111020 6 1202308104.205410
0664123620503640414113111020 6 1202308104.205411
0654126620303644414113111020 6 1202308104.205641
0654126226303644414113111020 2 1202308104.205642
0654126626303644414113111020 2 1202308104.205644
0664123620503644414113111020 6 1202308104.205645
0664123226503644414113111020 2 1202308104.205646
0664123626503644414113111020 2 1202308104.205647
0654126226313644414113111020 2 1202308104.205648
0664123226513644414113111020 2 1202308104.205649
0654126226333644414113111020 2 1202308104.205651
0664123226533644414113111020 2 1202308104.205652
0654126226343644414113111020 2 1202308104.205653
0664123226543644414113111020 2 1202308104.205654
0654126226353644414113111020 2 1202308104.205656
0664123226553644414113111020 2 1202308104.205657
0654126226363644414113111020 2 1202308104.205658
0664123226563644414113111020 2 1202308104.205659
0654166021303644424113111020 2 1202308104.210419
0654166121303644424113111020 6 1202308104.210420
0654166221303644424113111020 6 1202308104.210422
0654166321303644424113111020 6 1202308104.210423
0654166521303644424113111020 6 1202308104.210424
0654166621303644424113111020 6 1202308104.210425
0664163021503644424113111020 2 1202308104.210427
0664163121503644424113111020 6 1202308104.210428
0664163221503644424113111020 6 1202308104.210429
0664163321503644424113111020 6 1202308104.210431
0664163521503644424113111020 6 1202308104.210432
0664163621503644424113111020 6 1202308104.210433
0654166021313644424113111020 2 1202308104.210434
0664163021513644424113111020 2 1202308104.210436
0654166021333644424113111020 2 1202308104.210438
0664163021533644424113111020 2 1202308104.210439
0654166021343644424113111020 2 1202308104.210441
0664163021543644424113111020 2 1202308104.210442
0654166021353644424113111020 2 1202308104.210444
0664163021553644424113111020 2 1202308104.210446
0654166021363644424113111020 2 1202308104.210448
0664163021563644424113111020 2 1202308104.210449
0654126620303640414213111020 6 1202308104.212151
0664123620503640414213111020 6 1202308104.212152
0654126620303644414213111020 6 1202308104.212425
0654126226303644414213111020 2 1202308104.212427
0654126626303644414213111020 2 1202308104.212428
0664123620503644414213111020 6 1202308104.212429
0664123226503644414213111020 2 1202308104.212430
0664123626503644414213111020 2 1202308104.212431
0654126226313644414213111020 2 1202308104.212433
0664123226513644414213111020 2 1202308104.212434
0654126226333644414213111020 2 1202308104.212435
0664123226533644414213111020 2 1202308104.212436
0654126226343644414213111020 2 1202308104.212437
0664123226543644414213111020 2 1202308104.212439
0654126226353644414213111020 2 1202308104.212440
0664123226553644414213111020 2 1202308104.212441
0654126226363644414213111020 2 1202308104.212442
0664123226563644414213111020 2 1202308104.212444
0654166021303644424213111020 2 1202308104.213159
0654166121303644424213111020 6 1202308104.213200
0654166221303644424213111020 6 1202308104.213201
0654166321303644424213111020 6 1202308104.213202
0654166521303644424213111020 6 1202308104.213203
0654166621303644424213111020 6 1202308104.213205
0664163021503644424213111020 2 1202308104.213206
0664163121503644424213111020 6 1202308104.213207
0664163221503644424213111020 6 1202308104.213209
0664163321503644424213111020 6 1202308104.213210
0664163521503644424213111020 6 1202308104.213211
0664163621503644424213111020 6 1202308104.213212
0654166021313644424213111020 2 1202308104.213214
0664163021513644424213111020 2 1202308104.213215
0654166021333644424213111020 2 1202308104.213217
0664163021533644424213111020 2 1202308104.213218
0654166021343644424213111020 2 1202308104.213219
0664163021543644424213111020 2 1202308104.213221
0654166021353644424213111020 2 1202308104.213223
0664163021553644424213111020 2 1202308104.213224
0654166021363644424213111020 2 1202308104.213226
0664163021563644424213111020 2 1202308104.213227
0654126620303640414513111020 6 1202308104.214923
0664123620503640414513111020 6 1202308104.214925
0654126620303644414513111020 6 1202308104.215214
0654126226303644414513111020 2 1202308104.215215
0654126626303644414513111020 2 1202308104.215216
0664123620503644414513111020 6 1202308104.215218
0664123226503644414513111020 2 1202308104.215219
0664123626503644414513111020 2 1202308104.215220
0654126226313644414513111020 2 1202308104.215221
0664123226513644414513111020 2 1202308104.215223
0654126226333644414513111020 2 1202308104.215224
0664123226533644414513111020 2 1202308104.215225
0654126226343644414513111020 2 1202308104.215226
0664123226543644414513111020 2 1202308104.215228
0654126226353644414513111020 2 1202308104.215229
0664123226553644414513111020 2 1202308104.215230
0654126226363644414513111020 2 1202308104.215231
0664123226563644414513111020 2 1202308104.215233
0654166021303644424513111020 2 1202308104.220109
0654166121303644424513111020 6 1202308104.220110
0654166221303644424513111020 6 1202308104.220111
0654166321303644424513111020 6 1202308104.220113
0654166521303644424513111020 6 1202308104.220114
0654166621303644424513111020 6 1202308104.220115
0664163021503644424513111020 2 1202308104.220119
0664163121503644424513111020 6 1202308104.220120
0664163221503644424513111020 6 1202308104.220121
0664163321503644424513111020 6 1202308104.220122
0664163521503644424513111020 6 1202308104.220124
0664163621503644424513111020 6 1202308104.220125
0654166021313644424513111020 2 1202308104.220126
0664163021513644424513111020 2 1202308104.220129
0654166021333644424513111020 2 1202308104.220131
0664163021533644424513111020 2 1202308104.220133
0654166021343644424513111020 2 1202308104.220134
0664163021543644424513111020 2 1202308104.220136
0654166021353644424513111020 2 1202308104.220138
0664163021553644424513111020 2 1202308104.220140
0654166021363644424513111020 2 1202308104.220142
0664163021563644424513111020 2 1202308104.220144
0654126620303640414613111020 6 1202308104.221807
0664123620503640414613111020 6 1202308104.221808
0654126620303644414613111020 6 1202308104.222049
0654126226303644414613111020 2 1202308104.222050
0654126626303644414613111020 2 1202308104.222051
0664123620503644414613111020 6 1202308104.222052
0664123226503644414613111020 2 1202308104.222053
0664123626503644414613111020 2 1202308104.222055
0654126226313644414613111020 2 1202308104.222056
0664123226513644414613111020 2 1202308104.222057
0654126226333644414613111020 2 1202308104.222059
0664123226533644414613111020 2 1202308104.222100
0654126226343644414613111020 2 1202308104.222101
0664123226543644414613111020 2 1202308104.222102
0654126226353644414613111020 2 1202308104.222104
0664123226553644414613111020 2 1202308104.222105
0654126226363644414613111020 2 1202308104.222106
0664123226563644414613111020 2 1202308104.222107
0654166021303644424613111020 2 1202308104.223107
0654166121303644424613111020 6 1202308104.223108
0654166221303644424613111020 6 1202308104.223109
0654166321303644424613111020 6 1202308104.223110
0654166521303644424613111020 6 1202308104.223112
0654166621303644424613111020 6 1202308104.223113
0664163021503644424613111020 2 1202308104.223114
0664163121503644424613111020 6 1202308104.223116
0664163221503644424613111020 6 1202308104.223117
0664163321503644424613111020 6 1202308104.223118
0664163521503644424613111020 6 1202308104.223119
0664163621503644424613111020 6 1202308104.223120
0654166021313644424613111020 2 1202308104.223122
0664163021513644424613111020 2 1202308104.223123
0654166021333644424613111020 2 1202308104.223127
0664163021533644424613111020 2 1202308104.223130
0654166021343644424613111020 2 1202308104.223134
0664163021543644424613111020 2 1202308104.223135
0654166021353644424613111020 2 1202308104.223138
0664163021553644424613111020 2 1202308104.223140
0654166021363644424613111020 2 1202308104.223142
0664163021563644424613111020 2 1202308104.223143
