0610152020303040424100000111 1 1202308104.185509
0610152520303040424100000111 1 1202308104.185516
0611152620303040424100000111 1 1202308104.185519
0610152020363040424100000111 1 1202308104.185522
0610152520363040424100000111 1 1202308104.185542
0611152620363040424100000111 1 1202308104.185551
0610152021303140424100000111 1 1202308104.185606
0611152021303140424100000111 1 1202308104.185608
0612152021303140424100000111 1 1202308104.185610
0610152521303140424100000111 1 1202308104.185611
0611152521303140424100000111 1 1202308104.185613
0611152621303140424100000111 1 1202308104.185615
0612152621303140424100000111 1 1202308104.185617
0612152021333140424100000111 2 1202308104.185619
0612152621333140424100000111 2 1202308104.185621
0610152021363140424100000111 1 1202308104.185624
0611152021363140424100000111 1 1202308104.185629
0612152021363140424100000111 1 1202308104.185631
0610152521363140424100000111 1 1202308104.185637
0611152521363140424100000111 1 1202308104.185641
0611152621363140424100000111 1 1202308104.185648
0612152621363140424100000111 1 1202308104.185653
0610152021303540424100000111 1 1202308104.185710
0616152021303540424100000111 1 1202308104.185719
0610152521303540424100000111 1 1202308104.185726
0616152521303540424100000111 1 1202308104.185730
0610152621303540424100000111 1 1202308104.185731
0616152621303540424100000111 1 1202308104.185740
0610152021363540424100000111 1 1202308104.185749
0616152021363540424100000111 1 1202308104.185802
0610152521363540424100000111 1 1202308104.185822
0616152521363540424100000111 1 1202308104.185831
0610152621363540424100000111 1 1202308104.185840
0616152621363540424100000111 1 1202308104.185856
0610152026303640424100000111 1 1202308104.185923
0611152026303640424100000111 1 1202308104.185925
0612152026303640424100000111 1 1202308104.185926
0610152526303640424100000111 2 1202308104.185935
0612152526303640424100000111 2 1202308104.185939
0611152626303640424100000111 1 1202308104.185941
0610152026363640424100000111 1 1202308104.185948
0611152026363640424100000111 1 1202308104.185953
0612152026363640424100000111 1 1202308104.185955
0610152526363640424100000111 2 1202308104.190017
0612152526363640424100000111 2 1202308104.190023
0611152626363640424100000111 1 1202308104.190030
0621152621363141424100000111 1 1202308104.190108
0622152621363141424100000111 1 1202308104.190110
0624152621363141424100000111 1 1202308104.190111
0146152026363141424100000111 1 1202308104.190117
0612152021333142424100000111 2 1202308104.190226
0612152621333142424100000111 2 1202308104.190228
0621152621363142424100000111 1 1202308104.190234
0622152621363142424100000111 1 1202308104.190236
0624152621363142424100000111 1 1202308104.190238
0621152020333004424100000111 2 1202308104.190312
0611152220333004424100000111 2 1202308104.190314
0620152021333104424100000111 2 1202308104.190318
0621152021333104424100000111 2 1202308104.190320
0622152021333104424100000111 2 1202308104.190322
0620152026333604424100000111 2 1202308104.190331
0621152026333604424100000111 2 1202308104.190333
0622152026333604424100000111 2 1202308104.190335
0610152226333604424100000111 2 1202308104.190338
0611152226333604424100000111 2 1202308104.190342
0612152226333604424100000111 2 1202308104.190345
0616152226333604424100000111 2 1202308104.190349
0621152020333014424100000111 2 1202308104.190354
0611152220333014424100000111 2 1202308104.190356
0620152021333114424100000111 2 1202308104.190359
0621152021333114424100000111 2 1202308104.190400
0622152021333114424100000111 2 1202308104.190402
0620152026333614424100000111 2 1202308104.190407
0621152026333614424100000111 2 1202308104.190409
0622152026333614424100000111 2 1202308104.190410
0610152226333614424100000111 2 1202308104.190413
0611152226333614424100000111 2 1202308104.190417
0612152226333614424100000111 2 1202308104.190420
0616152226333614424100000111 2 1202308104.190424
0621152020333024424100000111 2 1202308104.190428
0611152220333024424100000111 2 1202308104.190430
0620152021333124424100000111 2 1202308104.190433
0621152021333124424100000111 2 1202308104.190434
0622152021333124424100000111 2 1202308104.190436
0620152026333624424100000111 2 1202308104.190441
0621152026333624424100000111 2 1202308104.190442
0622152026333624424100000111 2 1202308104.190444
0610152226333624424100000111 2 1202308104.190447
0611152226333624424100000111 2 1202308104.190451
0612152226333624424100000111 2 1202308104.190454
0616152226333624424100000111 2 1202308104.190458
0610152020303044424100000111 1 1202308104.190502
0611152220303044424100000111 2 1202308104.190507
0610152520303044424100000111 1 1202308104.190509
0611152520303044424100000111 1 1202308104.190511
0621152020333044424100000111 2 1202308104.190513
0611152220333044424100000111 2 1202308104.190515
0610152020363044424100000111 1 1202308104.190517
0611152220363044424100000111 2 1202308104.190528
0610152520363044424100000111 1 1202308104.190530
0611152520363044424100000111 1 1202308104.190532
0610152021303144424100000111 1 1202308104.190542
0611152021303144424100000111 1 1202308104.190544
0612152021303144424100000111 1 1202308104.190545
0611152621303144424100000111 1 1202308104.190551
0612152621303144424100000111 1 1202308104.190553
0620152021333144424100000111 2 1202308104.190555
0621152021333144424100000111 2 1202308104.190557
0622152021333144424100000111 2 1202308104.190600
0610152021363144424100000111 1 1202308104.190605
0611152021363144424100000111 1 1202308104.190611
0612152021363144424100000111 1 1202308104.190616
0611152621363144424100000111 1 1202308104.190630
0612152621363144424100000111 1 1202308104.190635
0610152026303644424100000111 1 1202308104.190934
0612152026303644424100000111 1 1202308104.190936
0610152526303644424100000111 2 1202308104.190949
0612152526303644424100000111 2 1202308104.190951
0611152626303644424100000111 1 1202308104.190952
0620152026333644424100000111 2 1202308104.190955
0621152026333644424100000111 2 1202308104.190957
0622152026333644424100000111 2 1202308104.190958
0610152226333644424100000111 2 1202308104.191001
0611152226333644424100000111 2 1202308104.191005
0612152226333644424100000111 2 1202308104.191008
0616152226333644424100000111 2 1202308104.191012
0610152026363644424100000111 1 1202308104.191018
0612152026363644424100000111 1 1202308104.191024
0610152526363644424100000111 2 1202308104.191052
0612152526363644424100000111 2 1202308104.191055
0620152626363644424100000111 1 1202308104.191059
0611152626363644424100000111 1 1202308104.191101
0621152626363644424100000111 1 1202308104.191103
0622152626363644424100000111 1 1202308104.191104
0621152020333054424100000111 2 1202308104.191107
0611152220333054424100000111 2 1202308104.191108
0620152021333154424100000111 2 1202308104.191112
0621152021333154424100000111 2 1202308104.191114
0622152021333154424100000111 2 1202308104.191115
0620152026333654424100000111 2 1202308104.191120
0621152026333654424100000111 2 1202308104.191122
0622152026333654424100000111 2 1202308104.191124
0610152226333654424100000111 2 1202308104.191130
0611152226333654424100000111 2 1202308104.191134
0612152226333654424100000111 2 1202308104.191137
0616152226333654424100000111 2 1202308104.191141
0621152020333064424100000111 2 1202308104.191145
0611152220333064424100000111 2 1202308104.191147
0620152021333164424100000111 2 1202308104.191149
0621152021333164424100000111 2 1202308104.191151
0622152021333164424100000111 2 1202308104.191153
0620152026333664424100000111 2 1202308104.191157
0621152026333664424100000111 2 1202308104.191159
0622152026333664424100000111 2 1202308104.191201
0610152226333664424100000111 2 1202308104.191204
0611152226333664424100000111 2 1202308104.191207
0612152226333664424100000111 2 1202308104.191211
0616152226333664424100000111 2 1202308104.191215
0620152621363145424100000111 1 1202308104.191313
0625152621363145424100000111 1 1202308104.191323
0610152020303046424100000111 1 1202308104.191533
0610152520303046424100000111 1 1202308104.191540
0611152620303046424100000111 1 1202308104.191544
0610152020363046424100000111 1 1202308104.191550
0621152020363046424100000111 1 1202308104.191553
0610152520363046424100000111 1 1202308104.191605
0611152620363046424100000111 1 1202308104.191612
0610152021303146424100000111 1 1202308104.191631
0611152021303146424100000111 1 1202308104.191633
0612152021303146424100000111 1 1202308104.191635
0610152521303146424100000111 1 1202308104.191636
0611152521303146424100000111 1 1202308104.191638
0611152621303146424100000111 1 1202308104.191640
0612152621303146424100000111 1 1202308104.191642
0612152021333146424100000111 2 1202308104.191644
0612152621333146424100000111 2 1202308104.191646
0610152021363146424100000111 1 1202308104.191649
0611152021363146424100000111 1 1202308104.191655
0612152021363146424100000111 1 1202308104.191658
0622152021363146424100000111 1 1202308104.191701
0610152521363146424100000111 1 1202308104.191703
0611152521363146424100000111 1 1202308104.191706
0611152621363146424100000111 1 1202308104.191710
0612152621363146424100000111 1 1202308104.191716
0610152021303546424100000111 1 1202308104.191723
0616152021303546424100000111 1 1202308104.191733
0610152521303546424100000111 1 1202308104.191740
0616152521303546424100000111 1 1202308104.191743
0610152621303546424100000111 1 1202308104.191745
0616152621303546424100000111 1 1202308104.191754
0610152021363546424100000111 1 1202308104.191759
0616152021363546424100000111 1 1202308104.191819
0610152521363546424100000111 1 1202308104.191833
0616152521363546424100000111 1 1202308104.191837
0610152621363546424100000111 1 1202308104.191841
0616152621363546424100000111 1 1202308104.191905
0610152026303646424100000111 1 1202308104.191923
0611152026303646424100000111 1 1202308104.191924
0612152026303646424100000111 1 1202308104.191926
0610152526303646424100000111 2 1202308104.191939
0612152526303646424100000111 2 1202308104.191942
0611152626303646424100000111 1 1202308104.191944
0610152026363646424100000111 1 1202308104.191950
0611152026363646424100000111 1 1202308104.191955
0621152026363646424100000111 1 1202308104.191957
0612152026363646424100000111 1 1202308104.191959
0622152026363646424100000111 2 1202308104.192003
0610152526363646424100000111 2 1202308104.192031
0612152526363646424100000111 2 1202308104.192036
0620152626363646424100000111 2 1202308104.192044
0611152626363646424100000111 1 1202308104.192046
0621152626363646424100000111 2 1202308104.192050
0622152626363646424100000111 2 1202308104.192052
0610152020303040424200000111 1 1202308104.193132
0610152520303040424200000111 1 1202308104.193139
0611152620303040424200000111 1 1202308104.193143
0610152020363040424200000111 1 1202308104.193145
0610152520363040424200000111 1 1202308104.193205
0611152620363040424200000111 1 1202308104.193214
0610152021303140424200000111 1 1202308104.193230
0611152021303140424200000111 1 1202308104.193232
0612152021303140424200000111 1 1202308104.193233
0610152521303140424200000111 1 1202308104.193235
0611152521303140424200000111 1 1202308104.193237
0611152621303140424200000111 1 1202308104.193239
0612152621303140424200000111 1 1202308104.193241
0612152021333140424200000111 2 1202308104.193243
0612152621333140424200000111 2 1202308104.193245
0610152021363140424200000111 1 1202308104.193248
0611152021363140424200000111 1 1202308104.193254
0612152021363140424200000111 1 1202308104.193255
0610152521363140424200000111 1 1202308104.193301
0611152521363140424200000111 1 1202308104.193305
0611152621363140424200000111 1 1202308104.193312
0612152621363140424200000111 1 1202308104.193318
0610152021303540424200000111 1 1202308104.193331
0616152021303540424200000111 1 1202308104.193340
0610152521303540424200000111 1 1202308104.193348
0616152521303540424200000111 1 1202308104.193351
0610152621303540424200000111 1 1202308104.193354
0616152621303540424200000111 1 1202308104.193403
0610152021363540424200000111 1 1202308104.193412
0616152021363540424200000111 1 1202308104.193425
0610152521363540424200000111 1 1202308104.193445
0616152521363540424200000111 1 1202308104.193454
0610152621363540424200000111 1 1202308104.193502
0616152621363540424200000111 1 1202308104.193519
0610152026303640424200000111 1 1202308104.193536
0611152026303640424200000111 1 1202308104.193538
0612152026303640424200000111 1 1202308104.193539
0610152526303640424200000111 2 1202308104.193548
0612152526303640424200000111 2 1202308104.193552
0611152626303640424200000111 1 1202308104.193554
0610152026363640424200000111 1 1202308104.193601
0611152026363640424200000111 1 1202308104.193606
0612152026363640424200000111 1 1202308104.193608
0610152526363640424200000111 2 1202308104.193632
0612152526363640424200000111 2 1202308104.193637
0611152626363640424200000111 1 1202308104.193645
0621152621363141424200000111 1 1202308104.193724
0622152621363141424200000111 1 1202308104.193726
0624152621363141424200000111 1 1202308104.193728
0146152026363141424200000111 1 1202308104.193734
0612152021333142424200000111 2 1202308104.193838
0612152621333142424200000111 2 1202308104.193840
0621152621363142424200000111 1 1202308104.193846
0622152621363142424200000111 1 1202308104.193848
0624152621363142424200000111 1 1202308104.193850
0621152020333004424200000111 2 1202308104.193926
0611152220333004424200000111 2 1202308104.193928
0620152021333104424200000111 2 1202308104.193931
0621152021333104424200000111 2 1202308104.193933
0622152021333104424200000111 2 1202308104.193935
0620152026333604424200000111 2 1202308104.193943
0621152026333604424200000111 2 1202308104.193945
0622152026333604424200000111 2 1202308104.193947
0610152226333604424200000111 2 1202308104.193950
0611152226333604424200000111 2 1202308104.193954
0612152226333604424200000111 2 1202308104.193958
0616152226333604424200000111 2 1202308104.194001
0621152020333014424200000111 2 1202308104.194006
0611152220333014424200000111 2 1202308104.194008
0620152021333114424200000111 2 1202308104.194011
0621152021333114424200000111 2 1202308104.194012
0622152021333114424200000111 2 1202308104.194014
0620152026333614424200000111 2 1202308104.194019
0621152026333614424200000111 2 1202308104.194021
0622152026333614424200000111 2 1202308104.194022
0610152226333614424200000111 2 1202308104.194026
0611152226333614424200000111 2 1202308104.194030
0612152226333614424200000111 2 1202308104.194033
0616152226333614424200000111 2 1202308104.194037
0621152020333024424200000111 2 1202308104.194041
0611152220333024424200000111 2 1202308104.194043
0620152021333124424200000111 2 1202308104.194045
0621152021333124424200000111 2 1202308104.194047
0622152021333124424200000111 2 1202308104.194049
0620152026333624424200000111 2 1202308104.194053
0621152026333624424200000111 2 1202308104.194055
0622152026333624424200000111 2 1202308104.194057
0610152226333624424200000111 2 1202308104.194101
0611152226333624424200000111 2 1202308104.194104
0612152226333624424200000111 2 1202308104.194108
0616152226333624424200000111 2 1202308104.194112
0610152020303044424200000111 1 1202308104.194116
0611152220303044424200000111 2 1202308104.194121
0610152520303044424200000111 1 1202308104.194123
0611152520303044424200000111 1 1202308104.194125
0621152020333044424200000111 2 1202308104.194127
0611152220333044424200000111 2 1202308104.194129
0610152020363044424200000111 1 1202308104.194131
0611152220363044424200000111 2 1202308104.194142
0610152520363044424200000111 1 1202308104.194144
0611152520363044424200000111 1 1202308104.194146
0610152021303144424200000111 1 1202308104.194156
0611152021303144424200000111 1 1202308104.194158
0612152021303144424200000111 1 1202308104.194200
0611152621303144424200000111 1 1202308104.194206
0612152621303144424200000111 1 1202308104.194208
0620152021333144424200000111 2 1202308104.194210
0621152021333144424200000111 2 1202308104.194212
0622152021333144424200000111 2 1202308104.194215
0610152021363144424200000111 1 1202308104.194221
0611152021363144424200000111 1 1202308104.194226
0612152021363144424200000111 1 1202308104.194232
0611152621363144424200000111 1 1202308104.194245
0612152621363144424200000111 1 1202308104.194250
0610152026303644424200000111 1 1202308104.194544
0612152026303644424200000111 1 1202308104.194546
0610152526303644424200000111 2 1202308104.194558
0612152526303644424200000111 2 1202308104.194600
0611152626303644424200000111 1 1202308104.194602
0620152026333644424200000111 2 1202308104.194604
0621152026333644424200000111 2 1202308104.194606
0622152026333644424200000111 2 1202308104.194608
0610152226333644424200000111 2 1202308104.194611
0611152226333644424200000111 2 1202308104.194615
0612152226333644424200000111 2 1202308104.194618
0616152226333644424200000111 2 1202308104.194622
0610152026363644424200000111 1 1202308104.194628
0612152026363644424200000111 1 1202308104.194634
0610152526363644424200000111 2 1202308104.194704
0612152526363644424200000111 2 1202308104.194707
0620152626363644424200000111 1 1202308104.194711
0611152626363644424200000111 1 1202308104.194713
0621152626363644424200000111 1 1202308104.194715
0622152626363644424200000111 1 1202308104.194717
0621152020333054424200000111 2 1202308104.194719
0611152220333054424200000111 2 1202308104.194721
0620152021333154424200000111 2 1202308104.194726
0621152021333154424200000111 2 1202308104.194728
0622152021333154424200000111 2 1202308104.194730
0620152026333654424200000111 2 1202308104.194735
0621152026333654424200000111 2 1202308104.194737
0622152026333654424200000111 2 1202308104.194739
0610152226333654424200000111 2 1202308104.194748
0611152226333654424200000111 2 1202308104.194751
0612152226333654424200000111 2 1202308104.194755
0616152226333654424200000111 2 1202308104.194758
0621152020333064424200000111 2 1202308104.194803
0611152220333064424200000111 2 1202308104.194804
0620152021333164424200000111 2 1202308104.194807
0621152021333164424200000111 2 1202308104.194809
0622152021333164424200000111 2 1202308104.194810
0620152026333664424200000111 2 1202308104.194815
0621152026333664424200000111 2 1202308104.194817
0622152026333664424200000111 2 1202308104.194819
0610152226333664424200000111 2 1202308104.194822
0611152226333664424200000111 2 1202308104.194826
0612152226333664424200000111 2 1202308104.194829
0616152226333664424200000111 2 1202308104.194833
0620152621363145424200000111 1 1202308104.194927
0625152621363145424200000111 1 1202308104.194936
0610152020303046424200000111 1 1202308104.195136
0610152520303046424200000111 1 1202308104.195143
0611152620303046424200000111 1 1202308104.195147
0610152020363046424200000111 1 1202308104.195153
0621152020363046424200000111 1 1202308104.195156
0610152520363046424200000111 1 1202308104.195208
0611152620363046424200000111 1 1202308104.195215
0610152021303146424200000111 1 1202308104.195235
0611152021303146424200000111 1 1202308104.195237
0612152021303146424200000111 1 1202308104.195239
0610152521303146424200000111 1 1202308104.195241
0611152521303146424200000111 1 1202308104.195242
0611152621303146424200000111 1 1202308104.195245
0612152621303146424200000111 1 1202308104.195246
0612152021333146424200000111 2 1202308104.195249
0612152621333146424200000111 2 1202308104.195251
0610152021363146424200000111 1 1202308104.195254
0611152021363146424200000111 1 1202308104.195300
0612152021363146424200000111 1 1202308104.195303
0622152021363146424200000111 1 1202308104.195306
0610152521363146424200000111 1 1202308104.195308
0611152521363146424200000111 1 1202308104.195311
0611152621363146424200000111 1 1202308104.195315
0612152621363146424200000111 1 1202308104.195320
0610152021303546424200000111 1 1202308104.195328
0616152021303546424200000111 1 1202308104.195337
0610152521303546424200000111 1 1202308104.195344
0616152521303546424200000111 1 1202308104.195348
0610152621303546424200000111 1 1202308104.195350
0616152621303546424200000111 1 1202308104.195359
0610152021363546424200000111 1 1202308104.195404
0616152021363546424200000111 1 1202308104.195424
0610152521363546424200000111 1 1202308104.195438
0616152521363546424200000111 1 1202308104.195441
0610152621363546424200000111 1 1202308104.195446
0616152621363546424200000111 1 1202308104.195509
0610152026303646424200000111 1 1202308104.195523
0611152026303646424200000111 1 1202308104.195524
0612152026303646424200000111 1 1202308104.195526
0610152526303646424200000111 2 1202308104.195539
0612152526303646424200000111 2 1202308104.195542
0611152626303646424200000111 1 1202308104.195544
0610152026363646424200000111 1 1202308104.195549
0611152026363646424200000111 1 1202308104.195555
0621152026363646424200000111 1 1202308104.195557
0612152026363646424200000111 1 1202308104.195558
0622152026363646424200000111 2 1202308104.195603
0610152526363646424200000111 2 1202308104.195632
0612152526363646424200000111 2 1202308104.195638
0620152626363646424200000111 2 1202308104.195646
0611152626363646424200000111 1 1202308104.195648
0621152626363646424200000111 2 1202308104.195652
0622152626363646424200000111 2 1202308104.195654
0424120226313645414206451511 2 1202308104.202009
0424160121313141424206451511 2 1202308104.202207
0624100621313141424206451511 2 1202308104.202209
0124160621313141424206451511 2 1202308104.202210
0624100121333141424206451511 2 1202308104.202213
0626100121353541424206451511 2 1202308104.202244
0624100021313641424206451511 2 1202308104.202258
0624100121333641424206451511 2 1202308104.202301
0624100621333641424206451511 2 1202308104.202304
0626100621333641424206451511 2 1202308104.202305
0626100121353641424206451511 2 1202308104.202308
0424160121313142424206451511 2 1202308104.202346
0424160621313142424206451511 2 1202308104.202348
0424160121363142424206451511 2 1202308104.202355
0624100121313542424206451511 2 1202308104.202403
0624160621313542424206451511 2 1202308104.202407
0626100121333542424206451511 2 1202308104.202409
0424160621363542424206451511 2 1202308104.202416
0624100121313642424206451511 2 1202308104.202423
0624100121333642424206451511 2 1202308104.202425
0624100621333642424206451511 2 1202308104.202427
0626100621353642424206451511 2 1202308104.202431
0424160021313144424206451511 2 1202308104.202513
0424160121313144424206451511 2 1202308104.202515
0424160121363144424206451511 2 1202308104.202525
0624100021313644424206451511 2 1202308104.202554
0624100121313644424206451511 2 1202308104.202556
0624100021333644424206451511 2 1202308104.202601
0624100121333644424206451511 2 1202308104.202604
0624100621333644424206451511 2 1202308104.202607
0626100121353644424206451511 2 1202308104.202610
0424160121313145424206451511 2 1202308104.202650
0424160121363145424206451511 2 1202308104.202654
0424160121313645424206451511 2 1202308104.202726
0624100621313046424206451511 2 1202308104.202804
0424160121313146424206451511 2 1202308104.202811
0124160621313146424206451511 2 1202308104.202812
0624100121333146424206451511 2 1202308104.202815
0626100121353546424206451511 2 1202308104.202835
0624100121313646424206451511 2 1202308104.202841
0624100121333646424206451511 2 1202308104.202845
0624100621333646424206451511 2 1202308104.202847
0626100621333646424206451511 2 1202308104.202849
0626100121353646424206451511 2 1202308104.202851
0164105021303144454612221012 2 1202308104.205036
0154103021603144454612221012 2 1202308104.205037
0164105021313144454612221012 2 1202308104.205039
0154103021613144454612221012 2 1202308104.205040
0164105021333144454612221012 2 1202308104.205042
0154103021633144454612221012 2 1202308104.205043
0164105021343144454612221012 2 1202308104.205044
0154103021643144454612221012 2 1202308104.205045
0164105021353144454612221012 2 1202308104.205047
0154103021653144454612221012 2 1202308104.205048
0164105021363144454612221012 2 1202308104.205049
0154103021663144454612221012 2 1202308104.205051
0524153621313144424110001203 2 1202308104.212615
0524153621313144424210001203 2 1202308104.214446
0524153621313144424510001203 2 1202308104.220120
0524153521313144424610001203 2 1202308104.221748
0524153621313144424610001203 2 1202308104.221749
