0524153520313144464110002135 6 1202308126.062603
0524153521313144464110002135 2 1202308126.062605
0524153523313144464110002135 6 1202308126.062607
0524153524313144464110002135 6 1202308126.062609
0524153525313144464110002135 2 1202308126.062612
0524153520313144464210002135 6 1202308126.085017
0524153521313144464210002135 2 1202308126.085021
0524153523313144464210002135 6 1202308126.085024
0524153524313144464210002135 6 1202308126.085026
0524153525313144464210002135 2 1202308126.085032
0524153520313144464510002135 6 1202308126.111947
0524153521313144464510002135 2 1202308126.111950
0524153523313144464510002135 6 1202308126.111952
0524153524313144464510002135 6 1202308126.111953
0524153525313144464510002135 2 1202308126.111957
0524153521313144424610002135 2 1202308126.123234
0524153520313144464610002135 6 1202308126.133932
0524153521313144464610002135 2 1202308126.133935
0524153523313144464610002135 6 1202308126.133937
0524153524313144464610002135 6 1202308126.133938
0524153525313144464610002135 2 1202308126.133942
