0041105121333140424206201136 2 1202308115.040834
0041105121363140424206201136 2 1202308115.040838
0041105121663140424206201136 2 1202308115.040841
0144105121663140424206201136 2 1202308115.040842
0041105521663140424206201136 2 1202308115.040844
0041105121633041424206201136 2 1202308115.040853
0041105121663041424206201136 2 1202308115.040856
0144105121663041424206201136 2 1202308115.040857
0041105521663041424206201136 2 1202308115.040859
0041105121333141424206201136 2 1202308115.040902
0041105121633141424206201136 2 1202308115.040905
0041105121363141424206201136 2 1202308115.040908
0041105521363141424206201136 2 1202308115.040910
0041105121663141424206201136 2 1202308115.040912
0041105521613042424206201136 2 1202308115.040924
0041105121633042424206201136 2 1202308115.040927
0041105521663042424206201136 2 1202308115.040933
0041105121333142424206201136 2 1202308115.040936
0041105121363142424206201136 2 1202308115.040941
0041105121663142424206201136 2 1202308115.040944
0041105521663142424206201136 2 1202308115.040946
0041105521333104424206201136 2 1202308115.040953
0041105521333114424206201136 2 1202308115.040955
0041105521333124424206201136 2 1202308115.040958
0041105121333144424206201136 2 1202308115.041016
0144105121333144424206201136 2 1202308115.041017
0041105521333144424206201136 2 1202308115.041019
0041105121633144424206201136 2 1202308115.041021
0041105521633144424206201136 2 1202308115.041024
0041105121363144424206201136 2 1202308115.041026
0041105521363144424206201136 2 1202308115.041028
0041105121663144424206201136 2 1202308115.041029
0041105521333154424206201136 2 1202308115.041035
0041105521333164424206201136 2 1202308115.041037
0041105121663045424206201136 2 1202308115.041044
0041105521663045424206201136 2 1202308115.041047
0041105121363145424206201136 2 1202308115.041049
0041105521363145424206201136 2 1202308115.041051
0041105121663145424206201136 2 1202308115.041053
0154106026103144424116201136 5 1202308115.042346
0114105026603144424116201136 5 1202308115.042348
0154106026103144424216201136 5 1202308115.044017
0114105026603144424216201136 5 1202308115.044018
0154106026103144424516201136 5 1202308115.045640
0114105026603144424516201136 5 1202308115.045641
0154106026103144424616201136 5 1202308115.051221
0114105026603144424616201136 5 1202308115.051223
0122153021143000464110003242 2 1202308115.054726
0122153025143000464110003242 2 1202308115.054727
0122150025343501464110003242 2 1202308115.054744
0122150021343511464110003242 2 1202308115.054748
0122150025343511464110003242 2 1202308115.054749
0122150025343521464110003242 2 1202308115.054753
0122150025343541464110003242 2 1202308115.054757
0122150021343551464110003242 2 1202308115.054800
0122150025343551464110003242 2 1202308115.054801
0122150021343502464110003242 2 1202308115.054805
0122152021343502464110003242 2 1202308115.054806
0122153021343502464110003242 2 1202308115.054807
0122155021343502464110003242 2 1202308115.054808
0122156021343502464110003242 2 1202308115.054809
0122150025343502464110003242 2 1202308115.054810
0122152025343502464110003242 2 1202308115.054811
0122153025343502464110003242 2 1202308115.054812
0122155025343502464110003242 2 1202308115.054813
0122156025343502464110003242 2 1202308115.054814
0122150021343512464110003242 2 1202308115.054818
0122152021343512464110003242 2 1202308115.054819
0122153021343512464110003242 2 1202308115.054820
0122155021343512464110003242 2 1202308115.054821
0122156021343512464110003242 2 1202308115.054822
0122150025343512464110003242 2 1202308115.054822
0122152025343512464110003242 2 1202308115.054823
0122153025343512464110003242 2 1202308115.054825
0122155025343512464110003242 2 1202308115.054826
0122156025343512464110003242 2 1202308115.054827
0122150021343522464110003242 2 1202308115.054831
0122152021343522464110003242 2 1202308115.054832
0122153021343522464110003242 2 1202308115.054833
0122155021343522464110003242 2 1202308115.054834
0122156021343522464110003242 2 1202308115.054835
0122150025343522464110003242 2 1202308115.054836
0122152025343522464110003242 2 1202308115.054837
0122153025343522464110003242 2 1202308115.054838
0122155025343522464110003242 2 1202308115.054839
0122156025343522464110003242 2 1202308115.054840
0122150021343542464110003242 2 1202308115.054843
0122152021343542464110003242 2 1202308115.054844
0122153021343542464110003242 2 1202308115.054845
0122155021343542464110003242 2 1202308115.054846
0122156021343542464110003242 2 1202308115.054847
0122150025343542464110003242 2 1202308115.054848
0122152025343542464110003242 2 1202308115.054849
0122153025343542464110003242 2 1202308115.054850
0122155025343542464110003242 2 1202308115.054851
0122156025343542464110003242 2 1202308115.054852
0122150021343552464110003242 2 1202308115.054856
0122152021343552464110003242 2 1202308115.054857
0122153021343552464110003242 2 1202308115.054858
0122155021343552464110003242 2 1202308115.054859
0122156021343552464110003242 2 1202308115.054900
0122150025343552464110003242 2 1202308115.054901
0122152025343552464110003242 2 1202308115.054902
0122153025343552464110003242 2 1202308115.054903
0122155025343552464110003242 2 1202308115.054904
0122156025343552464110003242 2 1202308115.054905
0122150025343505464110003242 2 1202308115.054923
0122152025343505464110003242 2 1202308115.054924
0122153025343505464110003242 2 1202308115.054925
0122155025343505464110003242 2 1202308115.054926
0122156025343505464110003242 2 1202308115.054927
0122150021343515464110003242 2 1202308115.054930
0122150025343515464110003242 2 1202308115.054931
0122152025343515464110003242 2 1202308115.054932
0122153025343515464110003242 2 1202308115.054933
0122155025343515464110003242 2 1202308115.054934
0122156025343515464110003242 2 1202308115.054935
0122150025343525464110003242 2 1202308115.054939
0122152025343525464110003242 2 1202308115.054940
0122153025343525464110003242 2 1202308115.054941
0122155025343525464110003242 2 1202308115.054942
0122156025343525464110003242 2 1202308115.054943
0122150025343545464110003242 2 1202308115.054947
0122152025343545464110003242 2 1202308115.054948
0122153025343545464110003242 2 1202308115.054949
0122155025343545464110003242 2 1202308115.054950
0122156025343545464110003242 2 1202308115.054951
0122150021343555464110003242 2 1202308115.054954
0122152021343555464110003242 2 1202308115.054955
0122153021343555464110003242 2 1202308115.054956
0122155021343555464110003242 2 1202308115.054957
0122156021343555464110003242 2 1202308115.054958
0122150025343555464110003242 2 1202308115.054959
0122152025343555464110003242 2 1202308115.055000
0122153025343555464110003242 2 1202308115.055001
0122155025343555464110003242 2 1202308115.055002
0122156025343555464110003242 2 1202308115.055003
0122153021143000464210003242 2 1202308115.055850
0122153025143000464210003242 2 1202308115.055851
0122150025343501464210003242 2 1202308115.055908
0122150021343511464210003242 2 1202308115.055913
0122150025343511464210003242 2 1202308115.055914
0122150025343521464210003242 2 1202308115.055918
0122150025343541464210003242 2 1202308115.055922
0122150021343551464210003242 2 1202308115.055925
0122150025343551464210003242 2 1202308115.055926
0122150021343502464210003242 2 1202308115.055931
0122152021343502464210003242 2 1202308115.055932
0122153021343502464210003242 2 1202308115.055933
0122155021343502464210003242 2 1202308115.055934
0122156021343502464210003242 2 1202308115.055935
0122150025343502464210003242 2 1202308115.055936
0122152025343502464210003242 2 1202308115.055937
0122153025343502464210003242 2 1202308115.055938
0122155025343502464210003242 2 1202308115.055938
0122156025343502464210003242 2 1202308115.055939
0122150021343512464210003242 2 1202308115.055943
0122152021343512464210003242 2 1202308115.055944
0122153021343512464210003242 2 1202308115.055945
0122155021343512464210003242 2 1202308115.055946
0122156021343512464210003242 2 1202308115.055947
0122150025343512464210003242 2 1202308115.055948
0122152025343512464210003242 2 1202308115.055949
0122153025343512464210003242 2 1202308115.055950
0122155025343512464210003242 2 1202308115.055951
0122156025343512464210003242 2 1202308115.055952
0122150021343522464210003242 2 1202308115.055956
0122152021343522464210003242 2 1202308115.055957
0122153021343522464210003242 2 1202308115.055958
0122155021343522464210003242 2 1202308115.055959
0122156021343522464210003242 2 1202308115.060000
0122150025343522464210003242 2 1202308115.060001
0122152025343522464210003242 2 1202308115.060002
0122153025343522464210003242 2 1202308115.060003
0122155025343522464210003242 2 1202308115.060004
0122156025343522464210003242 2 1202308115.060005
0122150021343542464210003242 2 1202308115.060008
0122152021343542464210003242 2 1202308115.060010
0122153021343542464210003242 2 1202308115.060010
0122155021343542464210003242 2 1202308115.060012
0122156021343542464210003242 2 1202308115.060013
0122150025343542464210003242 2 1202308115.060014
0122152025343542464210003242 2 1202308115.060015
0122153025343542464210003242 2 1202308115.060015
0122155025343542464210003242 2 1202308115.060016
0122156025343542464210003242 2 1202308115.060017
0122150021343552464210003242 2 1202308115.060021
0122152021343552464210003242 2 1202308115.060022
0122153021343552464210003242 2 1202308115.060024
0122155021343552464210003242 2 1202308115.060025
0122156021343552464210003242 2 1202308115.060026
0122150025343552464210003242 2 1202308115.060027
0122152025343552464210003242 2 1202308115.060028
0122153025343552464210003242 2 1202308115.060029
0122155025343552464210003242 2 1202308115.060030
0122156025343552464210003242 2 1202308115.060031
0122150025343505464210003242 2 1202308115.060049
0122152025343505464210003242 2 1202308115.060050
0122153025343505464210003242 2 1202308115.060051
0122155025343505464210003242 2 1202308115.060052
0122156025343505464210003242 2 1202308115.060053
0122150021343515464210003242 2 1202308115.060057
0122150025343515464210003242 2 1202308115.060058
0122152025343515464210003242 2 1202308115.060059
0122153025343515464210003242 2 1202308115.060100
0122155025343515464210003242 2 1202308115.060101
0122156025343515464210003242 2 1202308115.060102
0122150025343525464210003242 2 1202308115.060106
0122152025343525464210003242 2 1202308115.060107
0122153025343525464210003242 2 1202308115.060108
0122155025343525464210003242 2 1202308115.060109
0122156025343525464210003242 2 1202308115.060110
0122150025343545464210003242 2 1202308115.060113
0122152025343545464210003242 2 1202308115.060114
0122153025343545464210003242 2 1202308115.060115
0122155025343545464210003242 2 1202308115.060116
0122156025343545464210003242 2 1202308115.060117
0122150021343555464210003242 2 1202308115.060121
0122152021343555464210003242 2 1202308115.060122
0122153021343555464210003242 2 1202308115.060123
0122155021343555464210003242 2 1202308115.060124
0122156021343555464210003242 2 1202308115.060125
0122150025343555464210003242 2 1202308115.060126
0122152025343555464210003242 2 1202308115.060127
0122153025343555464210003242 2 1202308115.060128
0122155025343555464210003242 2 1202308115.060129
0122156025343555464210003242 2 1202308115.060130
0122153021143000464510003242 2 1202308115.061004
0122153025143000464510003242 2 1202308115.061004
0122150025343501464510003242 2 1202308115.061022
0122150021343511464510003242 2 1202308115.061025
0122150025343511464510003242 2 1202308115.061026
0122150025343521464510003242 2 1202308115.061030
0122150025343541464510003242 2 1202308115.061034
0122150021343551464510003242 2 1202308115.061037
0122150025343551464510003242 2 1202308115.061038
0122150021343502464510003242 2 1202308115.061042
0122152021343502464510003242 2 1202308115.061043
0122153021343502464510003242 2 1202308115.061044
0122155021343502464510003242 2 1202308115.061045
0122156021343502464510003242 2 1202308115.061046
0122150025343502464510003242 2 1202308115.061047
0122152025343502464510003242 2 1202308115.061048
0122153025343502464510003242 2 1202308115.061049
0122155025343502464510003242 2 1202308115.061050
0122156025343502464510003242 2 1202308115.061051
0122150021343512464510003242 2 1202308115.061055
0122152021343512464510003242 2 1202308115.061056
0122153021343512464510003242 2 1202308115.061057
0122155021343512464510003242 2 1202308115.061058
0122156021343512464510003242 2 1202308115.061059
0122150025343512464510003242 2 1202308115.061100
0122152025343512464510003242 2 1202308115.061101
0122153025343512464510003242 2 1202308115.061101
0122155025343512464510003242 2 1202308115.061102
0122156025343512464510003242 2 1202308115.061103
0122150021343522464510003242 2 1202308115.061107
0122152021343522464510003242 2 1202308115.061108
0122153021343522464510003242 2 1202308115.061109
0122155021343522464510003242 2 1202308115.061110
0122156021343522464510003242 2 1202308115.061111
0122150025343522464510003242 2 1202308115.061112
0122152025343522464510003242 2 1202308115.061113
0122153025343522464510003242 2 1202308115.061114
0122155025343522464510003242 2 1202308115.061115
0122156025343522464510003242 2 1202308115.061116
0122150021343542464510003242 2 1202308115.061119
0122152021343542464510003242 2 1202308115.061120
0122153021343542464510003242 2 1202308115.061121
0122155021343542464510003242 2 1202308115.061122
0122156021343542464510003242 2 1202308115.061123
0122150025343542464510003242 2 1202308115.061124
0122152025343542464510003242 2 1202308115.061125
0122153025343542464510003242 2 1202308115.061126
0122155025343542464510003242 2 1202308115.061127
0122156025343542464510003242 2 1202308115.061128
0122150021343552464510003242 2 1202308115.061132
0122152021343552464510003242 2 1202308115.061133
0122153021343552464510003242 2 1202308115.061134
0122155021343552464510003242 2 1202308115.061135
0122156021343552464510003242 2 1202308115.061136
0122150025343552464510003242 2 1202308115.061137
0122152025343552464510003242 2 1202308115.061138
0122153025343552464510003242 2 1202308115.061139
0122155025343552464510003242 2 1202308115.061140
0122156025343552464510003242 2 1202308115.061141
0122150025343505464510003242 2 1202308115.061158
0122152025343505464510003242 2 1202308115.061159
0122153025343505464510003242 2 1202308115.061200
0122155025343505464510003242 2 1202308115.061201
0122156025343505464510003242 2 1202308115.061202
0122150021343515464510003242 2 1202308115.061206
0122150025343515464510003242 2 1202308115.061207
0122152025343515464510003242 2 1202308115.061208
0122153025343515464510003242 2 1202308115.061209
0122155025343515464510003242 2 1202308115.061210
0122156025343515464510003242 2 1202308115.061210
0122150025343525464510003242 2 1202308115.061214
0122152025343525464510003242 2 1202308115.061215
0122153025343525464510003242 2 1202308115.061216
0122155025343525464510003242 2 1202308115.061217
0122156025343525464510003242 2 1202308115.061218
0122150025343545464510003242 2 1202308115.061222
0122152025343545464510003242 2 1202308115.061223
0122153025343545464510003242 2 1202308115.061224
0122155025343545464510003242 2 1202308115.061225
0122156025343545464510003242 2 1202308115.061226
0122150021343555464510003242 2 1202308115.061230
0122152021343555464510003242 2 1202308115.061231
0122153021343555464510003242 2 1202308115.061231
0122155021343555464510003242 2 1202308115.061232
0122156021343555464510003242 2 1202308115.061233
0122150025343555464510003242 2 1202308115.061234
0122152025343555464510003242 2 1202308115.061235
0122153025343555464510003242 2 1202308115.061236
0122155025343555464510003242 2 1202308115.061237
0122156025343555464510003242 2 1202308115.061238
