0124106026613544424116021130 2 1202308104.184441
0624106026153544424116021130 2 1202308104.184443
0124106026613145424116021130 2 1202308104.184515
0124106026613544424216021130 2 1202308104.185613
0624106026153544424216021130 2 1202308104.185614
0124106026613145424216021130 2 1202308104.185642
0124106026613544424516021130 2 1202308104.190627
0624106026153544424516021130 2 1202308104.190629
0124106026613145424516021130 2 1202308104.190655
0124106026613544424616021130 2 1202308104.191615
0624106026153544424616021130 2 1202308104.191616
0124106026613145424616021130 2 1202308104.191641
0116102120343621454610361111 2 1202308104.194239
0626102021453112454610361111 2 1202308104.194247
0626102021453512454610361111 2 1202308104.194249
0626102021453162454610361111 2 1202308104.194255
0626102021453562454610361111 2 1202308104.194256
0524153520313144464110002111 6 1202308104.204943
0524153521313144464110002111 2 1202308104.204945
0524153523313144464110002111 6 1202308104.204947
0524153524313144464110002111 6 1202308104.204948
0524153525313144464110002111 2 1202308104.204951
0524153520313144464210002111 6 1202308104.211241
0524153521313144464210002111 2 1202308104.211243
0524153523313144464210002111 6 1202308104.211245
0524153524313144464210002111 6 1202308104.211246
0524153525313144464210002111 2 1202308104.211249
0524153520313144464510002111 6 1202308104.213406
0524153521313144464510002111 2 1202308104.213409
0524153523313144464510002111 6 1202308104.213410
0524153524313144464510002111 6 1202308104.213412
0524153525313144464510002111 2 1202308104.213415
0524153521313144424610002111 2 1202308104.214902
0524153520313144464610002111 6 1202308104.220153
0524153521313144464610002111 2 1202308104.220155
0524153523313144464610002111 6 1202308104.220157
0524153524313144464610002111 6 1202308104.220158
0524153525313144464610002111 2 1202308104.220201
