0116166125433512404110001026 1 1202308115.055020
0166166125433512404110001026 1 1202308115.055021
0116166125433562404110001026 1 1202308115.055101
0166166125433562404110001026 1 1202308115.055102
0564153521103144424110001026 2 1202308115.061232
0564153525103144424110001026 2 1202308115.061234
0564153526103144424110001026 6 1202308115.061235
0514156521303144424110001026 2 1202308115.061237
0514156525303144424110001026 2 1202308115.061241
0514156526303144424110001026 6 1202308115.061244
0564153521113144424110001026 2 1202308115.061245
0564153525113144424110001026 2 1202308115.061247
0514156521313144424110001026 2 1202308115.061248
0514156525313144424110001026 2 1202308115.061250
0564153521133144424110001026 2 1202308115.061252
0564153525133144424110001026 2 1202308115.061253
0514156521333144424110001026 2 1202308115.061255
0514156525333144424110001026 2 1202308115.061256
0564153521143144424110001026 2 1202308115.061258
0564153525143144424110001026 2 1202308115.061300
0514156521343144424110001026 2 1202308115.061301
0514156525343144424110001026 2 1202308115.061303
0564153521153144424110001026 2 1202308115.061304
0564153525153144424110001026 2 1202308115.061306
0564153526153144424110001026 6 1202308115.061307
0514156521353144424110001026 2 1202308115.061310
0514156525353144424110001026 2 1202308115.061313
0514156526353144424110001026 6 1202308115.061317
0564153521163144424110001026 2 1202308115.061319
0564153525163144424110001026 2 1202308115.061320
0514156521363144424110001026 2 1202308115.061321
0514156525363144424110001026 2 1202308115.061323
0661166224343122454110001026 6 1202308115.062911
0661166624343122454110001026 6 1202308115.062912
0661166620343126454110001026 2 1202308115.063215
0661166621343126454110001026 6 1202308115.063217
0661166623343126454110001026 6 1202308115.063218
0661166224343126454110001026 6 1202308115.063221
0661166624343126454110001026 6 1202308115.063223
0661166625343126454110001026 2 1202308115.063226
0661166626343126454110001026 6 1202308115.063228
0661166625343126464110001026 2 1202308115.063858
0116166125433512404210001026 1 1202308115.064247
0166166125433512404210001026 1 1202308115.064248
0116166125433562404210001026 1 1202308115.064335
0166166125433562404210001026 1 1202308115.064335
0564153521103144424210001026 2 1202308115.070356
0564153525103144424210001026 2 1202308115.070358
0564153526103144424210001026 6 1202308115.070359
0514156521303144424210001026 2 1202308115.070401
0514156525303144424210001026 2 1202308115.070404
0514156526303144424210001026 6 1202308115.070406
0564153521113144424210001026 2 1202308115.070408
0564153525113144424210001026 2 1202308115.070409
0514156521313144424210001026 2 1202308115.070410
0514156525313144424210001026 2 1202308115.070412
0564153521133144424210001026 2 1202308115.070414
0564153525133144424210001026 2 1202308115.070415
0514156521333144424210001026 2 1202308115.070417
0514156525333144424210001026 2 1202308115.070418
0564153521143144424210001026 2 1202308115.070420
0564153525143144424210001026 2 1202308115.070421
0514156521343144424210001026 2 1202308115.070422
0514156525343144424210001026 2 1202308115.070423
0564153521153144424210001026 2 1202308115.070425
0564153525153144424210001026 2 1202308115.070427
0564153526153144424210001026 6 1202308115.070428
0514156521353144424210001026 2 1202308115.070430
0514156525353144424210001026 2 1202308115.070433
0514156526353144424210001026 6 1202308115.070436
0564153521163144424210001026 2 1202308115.070438
0564153525163144424210001026 2 1202308115.070439
0514156521363144424210001026 2 1202308115.070440
0514156525363144424210001026 2 1202308115.070442
0661166224343122454210001026 6 1202308115.071752
0661166624343122454210001026 6 1202308115.071754
0661166620343126454210001026 2 1202308115.072123
0661166621343126454210001026 6 1202308115.072125
0661166623343126454210001026 6 1202308115.072127
0661166224343126454210001026 6 1202308115.072129
0661166624343126454210001026 6 1202308115.072131
0661166625343126454210001026 2 1202308115.072134
0661166626343126454210001026 6 1202308115.072136
0661166625343126464210001026 2 1202308115.073001
0116166125433512404510001026 1 1202308115.073318
0166166125433512404510001026 1 1202308115.073319
0116166125433562404510001026 1 1202308115.073355
0166166125433562404510001026 1 1202308115.073356
0564153521103144424510001026 2 1202308115.075111
0564153525103144424510001026 2 1202308115.075113
0564153526103144424510001026 6 1202308115.075114
0514156521303144424510001026 2 1202308115.075116
0514156525303144424510001026 2 1202308115.075119
0514156526303144424510001026 6 1202308115.075121
0564153521113144424510001026 2 1202308115.075123
0564153525113144424510001026 2 1202308115.075124
0514156521313144424510001026 2 1202308115.075126
0514156525313144424510001026 2 1202308115.075127
0564153521133144424510001026 2 1202308115.075129
0564153525133144424510001026 2 1202308115.075130
0514156521333144424510001026 2 1202308115.075132
0514156525333144424510001026 2 1202308115.075133
0564153521143144424510001026 2 1202308115.075134
0564153525143144424510001026 2 1202308115.075136
0514156521343144424510001026 2 1202308115.075137
0514156525343144424510001026 2 1202308115.075138
0564153521153144424510001026 2 1202308115.075140
0564153525153144424510001026 2 1202308115.075141
0564153526153144424510001026 6 1202308115.075143
0514156521353144424510001026 2 1202308115.075145
0514156525353144424510001026 2 1202308115.075148
0514156526353144424510001026 6 1202308115.075151
0564153521163144424510001026 2 1202308115.075153
0564153525163144424510001026 2 1202308115.075154
0514156521363144424510001026 2 1202308115.075155
0514156525363144424510001026 2 1202308115.075157
0661166224343122454510001026 6 1202308115.080254
0661166624343122454510001026 6 1202308115.080255
0661166620343126454510001026 2 1202308115.080536
0661166621343126454510001026 6 1202308115.080538
0661166623343126454510001026 6 1202308115.080539
0661166224343126454510001026 6 1202308115.080542
0661166624343126454510001026 6 1202308115.080544
0661166625343126454510001026 2 1202308115.080546
0661166626343126454510001026 6 1202308115.080548
0661166620343126464510001026 2 1202308115.081041
0661166625343126464510001026 2 1202308115.081042
0116166125433512404610001026 1 1202308115.081326
0166166125433512404610001026 1 1202308115.081327
0116166125433562404610001026 1 1202308115.081404
0166166125433562404610001026 1 1202308115.081405
0564153521103144424610001026 2 1202308115.083824
0564153525103144424610001026 2 1202308115.083825
0564153526103144424610001026 6 1202308115.083827
0514156521303144424610001026 2 1202308115.083829
0514156525303144424610001026 2 1202308115.083832
0514156526303144424610001026 6 1202308115.083834
0564153521113144424610001026 2 1202308115.083836
0564153525113144424610001026 2 1202308115.083838
0524153521313144424610001026 2 1202308115.083840
0514156521313144424610001026 2 1202308115.083841
0514156525313144424610001026 2 1202308115.083844
0564153521133144424610001026 2 1202308115.083851
0564153525133144424610001026 2 1202308115.083854
0514156521333144424610001026 2 1202308115.083856
0514156525333144424610001026 2 1202308115.083900
0564153521143144424610001026 2 1202308115.083909
0564153525143144424610001026 2 1202308115.083911
0514156521343144424610001026 2 1202308115.083912
0514156525343144424610001026 2 1202308115.083913
0564153521153144424610001026 2 1202308115.083915
0564153525153144424610001026 2 1202308115.083917
0564153526153144424610001026 6 1202308115.083919
0514156521353144424610001026 2 1202308115.083922
0514156525353144424610001026 2 1202308115.083925
0514156526353144424610001026 6 1202308115.083928
0564153521163144424610001026 2 1202308115.083930
0564153525163144424610001026 2 1202308115.083931
0514156521363144424610001026 2 1202308115.083933
0514156525363144424610001026 2 1202308115.083934
0661166224343122454610001026 6 1202308115.085310
0661166624343122454610001026 6 1202308115.085312
0661166620343126454610001026 2 1202308115.085552
0661166621343126454610001026 6 1202308115.085554
0661166623343126454610001026 6 1202308115.085555
0661166224343126454610001026 6 1202308115.085558
0661166624343126454610001026 6 1202308115.085600
0661166625343126454610001026 2 1202308115.085603
0661166626343126454610001026 6 1202308115.085604
0661166625343126464610001026 2 1202308115.090126
