0520100121653042464100001232 2 1202308115.180416
0520100121653042464200001232 2 1202308115.180830
0520100121653042464600001232 2 1202308115.181203
0524126225613545414110001232 2 1202308115.181710
0524156525613142424110001232 2 1202308115.182004
0514152521603144424110001232 1 1202308115.182210
0514152525603144424110001232 1 1202308115.182212
0524156521113144424110001232 2 1202308115.182213
0524156525113144424110001232 2 1202308115.182214
0514152521613144424110001232 2 1202308115.182216
0524106521613144424110001232 2 1202308115.182217
0524156521613144424110001232 2 1202308115.182218
0514152525613144424110001232 2 1202308115.182220
0524106525613144424110001232 2 1202308115.182221
0524156525613144424110001232 2 1202308115.182223
0514152521633144424110001232 2 1202308115.182224
0514152525633144424110001232 2 1202308115.182226
0514152521643144424110001232 2 1202308115.182227
0514152525643144424110001232 2 1202308115.182228
0514152521653144424110001232 1 1202308115.182231
0514152525653144424110001232 1 1202308115.182233
0524150121363144424110001232 2 1202308115.182236
0524150521363144424110001232 2 1202308115.182238
0524152521363144424110001232 2 1202308115.182239
0524153521363144424110001232 2 1202308115.182240
0524155521363144424110001232 2 1202308115.182241
0524156521363144424110001232 2 1202308115.182242
0514152521663144424110001232 2 1202308115.182251
0514152525663144424110001232 2 1202308115.182252
0524156021613545424110001232 2 1202308115.182425
0524156521613545424110001232 2 1202308115.182427
0524105521353141464110001232 2 1202308115.183119
0524155521363141464110001232 2 1202308115.183134
0524103521313142464110001232 2 1202308115.183320
0524156521613142464110001232 2 1202308115.183322
0524100121363142464110001232 2 1202308115.183334
0524105121363142464110001232 2 1202308115.183335
0524100521363142464110001232 2 1202308115.183336
0524102521363142464110001232 2 1202308115.183337
0524103521363142464110001232 2 1202308115.183338
0524105521363142464110001232 2 1202308115.183339
0524106521363142464110001232 2 1202308115.183341
0514152520603144464110001232 1 1202308115.183453
0514152525603144464110001232 1 1202308115.183459
0524156525113144464110001232 2 1202308115.183501
0524153525313144464110001232 2 1202308115.183505
0524156521613144464110001232 2 1202308115.183508
0514152525613144464110001232 2 1202308115.183509
0524156525613144464110001232 2 1202308115.183510
0514152525633144464110001232 2 1202308115.183514
0514152525643144464110001232 2 1202308115.183517
0514152520653144464110001232 1 1202308115.183525
0514152525653144464110001232 1 1202308115.183530
0524150125363144464110001232 2 1202308115.183536
0524150525363144464110001232 2 1202308115.183538
0524152525363144464110001232 2 1202308115.183540
0524153525363144464110001232 2 1202308115.183541
0524155525363144464110001232 2 1202308115.183542
0524156525363144464110001232 2 1202308115.183544
0514152525663144464110001232 2 1202308115.183548
0124106021613145464110001232 2 1202308115.183808
0524106021613145464110001232 2 1202308115.183809
0124106025613145464110001232 2 1202308115.183813
0524106025613145464110001232 2 1202308115.183814
0124106021613545464110001232 2 1202308115.183916
0524106021613545464110001232 2 1202308115.183917
0524106521613545464110001232 2 1202308115.183920
0124106025613545464110001232 2 1202308115.183922
0524106025613545464110001232 2 1202308115.183924
0524116025613545464110001232 2 1202308115.183925
0524126025613545464110001232 2 1202308115.183926
0524136025613545464110001232 2 1202308115.183927
0524156025613545464110001232 2 1202308115.183929
0524166025613545464110001232 2 1202308115.183930
0524106125613545464110001232 2 1202308115.183933
0524116125613545464110001232 2 1202308115.183934
0524126125613545464110001232 2 1202308115.183935
0524136125613545464110001232 2 1202308115.183936
0524156125613545464110001232 2 1202308115.183938
0524166125613545464110001232 2 1202308115.183939
0524106225613545464110001232 2 1202308115.183941
0524116225613545464110001232 2 1202308115.183943
0524126225613545464110001232 2 1202308115.183944
0524136225613545464110001232 2 1202308115.183945
0524156225613545464110001232 2 1202308115.183946
0524166225613545464110001232 2 1202308115.183948
0524106325613545464110001232 2 1202308115.183950
0524116325613545464110001232 2 1202308115.183952
0524126325613545464110001232 2 1202308115.183953
0524136325613545464110001232 2 1202308115.183954
0524156325613545464110001232 2 1202308115.183955
0524166325613545464110001232 2 1202308115.183957
0524106525613545464110001232 2 1202308115.183959
0524116525613545464110001232 2 1202308115.184000
0524126525613545464110001232 2 1202308115.184002
0524136525613545464110001232 2 1202308115.184003
0524156525613545464110001232 2 1202308115.184004
0524166525613545464110001232 2 1202308115.184005
0524106625613545464110001232 2 1202308115.184008
0524116625613545464110001232 2 1202308115.184009
0524126625613545464110001232 2 1202308115.184010
0524136625613545464110001232 2 1202308115.184012
0524156625613545464110001232 2 1202308115.184013
0524166625613545464110001232 2 1202308115.184014
0524126225613545414210001232 2 1202308115.184617
0524156525613142424210001232 2 1202308115.184826
0514152521603144424210001232 1 1202308115.184954
0514152525603144424210001232 1 1202308115.184956
0524156521113144424210001232 2 1202308115.184957
0524156525113144424210001232 2 1202308115.184958
0514152521613144424210001232 2 1202308115.185000
0524106521613144424210001232 2 1202308115.185001
0524156521613144424210001232 2 1202308115.185002
0514152525613144424210001232 2 1202308115.185004
0524106525613144424210001232 2 1202308115.185006
0524156525613144424210001232 2 1202308115.185007
0514152521633144424210001232 2 1202308115.185008
0514152525633144424210001232 2 1202308115.185009
0514152521643144424210001232 2 1202308115.185010
0514152525643144424210001232 2 1202308115.185012
0514152521653144424210001232 1 1202308115.185014
0514152525653144424210001232 1 1202308115.185017
0524150121363144424210001232 2 1202308115.185019
0524150521363144424210001232 2 1202308115.185020
0524152521363144424210001232 2 1202308115.185022
0524153521363144424210001232 2 1202308115.185023
0524155521363144424210001232 2 1202308115.185024
0524156521363144424210001232 2 1202308115.185025
0514152521663144424210001232 2 1202308115.185032
0514152525663144424210001232 2 1202308115.185034
0524156021613545424210001232 2 1202308115.185122
0524156521613545424210001232 2 1202308115.185124
0524105521353141464210001232 2 1202308115.185733
0524155521363141464210001232 2 1202308115.185748
0524103521313142464210001232 2 1202308115.185918
0524156521613142464210001232 2 1202308115.185920
0524100121363142464210001232 2 1202308115.185930
0524105121363142464210001232 2 1202308115.185931
0524100521363142464210001232 2 1202308115.185932
0524102521363142464210001232 2 1202308115.185933
0524103521363142464210001232 2 1202308115.185934
0524105521363142464210001232 2 1202308115.185936
0524106521363142464210001232 2 1202308115.185937
0514152520603144464210001232 1 1202308115.190015
0514152525603144464210001232 1 1202308115.190021
0524156525113144464210001232 2 1202308115.190023
0524153525313144464210001232 2 1202308115.190027
0524156521613144464210001232 2 1202308115.190030
0514152525613144464210001232 2 1202308115.190031
0524156525613144464210001232 2 1202308115.190032
0514152525633144464210001232 2 1202308115.190035
0514152525643144464210001232 2 1202308115.190038
0514152520653144464210001232 1 1202308115.190046
0514152525653144464210001232 1 1202308115.190051
0524150125363144464210001232 2 1202308115.190056
0524150525363144464210001232 2 1202308115.190058
0524152525363144464210001232 2 1202308115.190100
0524153525363144464210001232 2 1202308115.190101
0524155525363144464210001232 2 1202308115.190102
0524156525363144464210001232 2 1202308115.190104
0514152525663144464210001232 2 1202308115.190107
0124106021613145464210001232 2 1202308115.190226
0524106021613145464210001232 2 1202308115.190228
0124106025613145464210001232 2 1202308115.190231
0524106025613145464210001232 2 1202308115.190232
0124106021613545464210001232 2 1202308115.190325
0524106021613545464210001232 2 1202308115.190326
0524106521613545464210001232 2 1202308115.190329
0124106025613545464210001232 2 1202308115.190332
0524106025613545464210001232 2 1202308115.190333
0524116025613545464210001232 2 1202308115.190334
0524126025613545464210001232 2 1202308115.190335
0524136025613545464210001232 2 1202308115.190337
0524156025613545464210001232 2 1202308115.190338
0524166025613545464210001232 2 1202308115.190339
0524106125613545464210001232 2 1202308115.190342
0524116125613545464210001232 2 1202308115.190343
0524126125613545464210001232 2 1202308115.190344
0524136125613545464210001232 2 1202308115.190346
0524156125613545464210001232 2 1202308115.190347
0524166125613545464210001232 2 1202308115.190348
0524106225613545464210001232 2 1202308115.190351
0524116225613545464210001232 2 1202308115.190352
0524126225613545464210001232 2 1202308115.190353
0524136225613545464210001232 2 1202308115.190354
0524156225613545464210001232 2 1202308115.190356
0524166225613545464210001232 2 1202308115.190357
0524106325613545464210001232 2 1202308115.190400
0524116325613545464210001232 2 1202308115.190401
0524126325613545464210001232 2 1202308115.190402
0524136325613545464210001232 2 1202308115.190403
0524156325613545464210001232 2 1202308115.190405
0524166325613545464210001232 2 1202308115.190406
0524106525613545464210001232 2 1202308115.190408
0524116525613545464210001232 2 1202308115.190410
0524126525613545464210001232 2 1202308115.190411
0524136525613545464210001232 2 1202308115.190412
0524156525613545464210001232 2 1202308115.190413
0524166525613545464210001232 2 1202308115.190415
0524106625613545464210001232 2 1202308115.190417
0524116625613545464210001232 2 1202308115.190418
0524126625613545464210001232 2 1202308115.190420
0524136625613545464210001232 2 1202308115.190421
0524156625613545464210001232 2 1202308115.190422
0524166625613545464210001232 2 1202308115.190423
0524126225613545414510001232 2 1202308115.190923
0524156525613142424510001232 2 1202308115.191117
0514152521603144424510001232 1 1202308115.191241
0514152525603144424510001232 1 1202308115.191242
0524156521113144424510001232 2 1202308115.191244
0524156525113144424510001232 2 1202308115.191245
0514152521613144424510001232 2 1202308115.191247
0524106521613144424510001232 2 1202308115.191248
0524156521613144424510001232 2 1202308115.191249
0514152525613144424510001232 2 1202308115.191251
0524106525613144424510001232 2 1202308115.191252
0524156525613144424510001232 2 1202308115.191253
0514152521633144424510001232 2 1202308115.191254
0514152525633144424510001232 2 1202308115.191256
0514152521643144424510001232 2 1202308115.191257
0514152525643144424510001232 2 1202308115.191258
0514152521653144424510001232 1 1202308115.191301
0514152525653144424510001232 1 1202308115.191303
0524150121363144424510001232 2 1202308115.191306
0524150521363144424510001232 2 1202308115.191307
0524152521363144424510001232 2 1202308115.191308
0524153521363144424510001232 2 1202308115.191309
0524155521363144424510001232 2 1202308115.191310
0524156521363144424510001232 2 1202308115.191311
0514152521663144424510001232 2 1202308115.191319
0514152525663144424510001232 2 1202308115.191320
0524156021613545424510001232 2 1202308115.191402
0524156521613545424510001232 2 1202308115.191403
0524105521353141464510001232 2 1202308115.191947
0524155521363141464510001232 2 1202308115.192001
0524103521313142464510001232 2 1202308115.192130
0524156521613142464510001232 2 1202308115.192132
0524100121363142464510001232 2 1202308115.192141
0524105121363142464510001232 2 1202308115.192143
0524100521363142464510001232 2 1202308115.192144
0524102521363142464510001232 2 1202308115.192145
0524103521363142464510001232 2 1202308115.192146
0524105521363142464510001232 2 1202308115.192147
0524106521363142464510001232 2 1202308115.192148
0514152520603144464510001232 1 1202308115.192224
0514152525603144464510001232 1 1202308115.192230
0524156525113144464510001232 2 1202308115.192232
0524153525313144464510001232 2 1202308115.192236
0524156521613144464510001232 2 1202308115.192239
0514152525613144464510001232 2 1202308115.192240
0524156525613144464510001232 2 1202308115.192242
0514152525633144464510001232 2 1202308115.192244
0514152525643144464510001232 2 1202308115.192247
0514152520653144464510001232 1 1202308115.192255
0514152525653144464510001232 1 1202308115.192300
0524150125363144464510001232 2 1202308115.192306
0524150525363144464510001232 2 1202308115.192307
0524152525363144464510001232 2 1202308115.192309
0524153525363144464510001232 2 1202308115.192310
0524155525363144464510001232 2 1202308115.192311
0524156525363144464510001232 2 1202308115.192313
0514152525663144464510001232 2 1202308115.192316
0124106021613145464510001232 2 1202308115.192434
0524106021613145464510001232 2 1202308115.192435
0124106025613145464510001232 2 1202308115.192438
0524106025613145464510001232 2 1202308115.192440
0124106021613545464510001232 2 1202308115.192533
0524106021613545464510001232 2 1202308115.192534
0524106521613545464510001232 2 1202308115.192536
0124106025613545464510001232 2 1202308115.192539
0524106025613545464510001232 2 1202308115.192540
0524116025613545464510001232 2 1202308115.192541
0524126025613545464510001232 2 1202308115.192543
0524136025613545464510001232 2 1202308115.192544
0524156025613545464510001232 2 1202308115.192545
0524166025613545464510001232 2 1202308115.192546
0524106125613545464510001232 2 1202308115.192549
0524116125613545464510001232 2 1202308115.192550
0524126125613545464510001232 2 1202308115.192551
0524136125613545464510001232 2 1202308115.192553
0524156125613545464510001232 2 1202308115.192554
0524166125613545464510001232 2 1202308115.192555
0524106225613545464510001232 2 1202308115.192558
0524116225613545464510001232 2 1202308115.192559
0524126225613545464510001232 2 1202308115.192600
0524136225613545464510001232 2 1202308115.192602
0524156225613545464510001232 2 1202308115.192603
0524166225613545464510001232 2 1202308115.192604
0524106325613545464510001232 2 1202308115.192607
0524116325613545464510001232 2 1202308115.192608
0524126325613545464510001232 2 1202308115.192609
0524136325613545464510001232 2 1202308115.192610
0524156325613545464510001232 2 1202308115.192612
0524166325613545464510001232 2 1202308115.192613
0524106525613545464510001232 2 1202308115.192616
0524116525613545464510001232 2 1202308115.192617
0524126525613545464510001232 2 1202308115.192618
0524136525613545464510001232 2 1202308115.192619
0524156525613545464510001232 2 1202308115.192621
0524166525613545464510001232 2 1202308115.192622
0524106625613545464510001232 2 1202308115.192624
0524116625613545464510001232 2 1202308115.192626
0524126625613545464510001232 2 1202308115.192627
0524136625613545464510001232 2 1202308115.192628
0524156625613545464510001232 2 1202308115.192629
0524166625613545464510001232 2 1202308115.192631
0524126225613545414610001232 2 1202308115.193130
0524156525613142424610001232 2 1202308115.193351
0514152521603144424610001232 1 1202308115.193523
0514152525603144424610001232 1 1202308115.193525
0524156521113144424610001232 2 1202308115.193526
0524156525113144424610001232 2 1202308115.193527
0524153521313144424610001232 2 1202308115.193529
0514152521613144424610001232 2 1202308115.193532
0524106521613144424610001232 2 1202308115.193533
0524156521613144424610001232 2 1202308115.193534
0514152525613144424610001232 2 1202308115.193536
0524106525613144424610001232 2 1202308115.193537
0524156525613144424610001232 2 1202308115.193538
0514152521633144424610001232 2 1202308115.193540
0514152525633144424610001232 2 1202308115.193541
0514152521643144424610001232 2 1202308115.193542
0514152525643144424610001232 2 1202308115.193543
0514152521653144424610001232 1 1202308115.193548
0514152525653144424610001232 1 1202308115.193550
0524150121363144424610001232 2 1202308115.193552
0524150521363144424610001232 2 1202308115.193553
0524152521363144424610001232 2 1202308115.193555
0524153521363144424610001232 2 1202308115.193556
0524155521363144424610001232 2 1202308115.193557
0524156521363144424610001232 2 1202308115.193558
0514152521663144424610001232 2 1202308115.193605
0514152525663144424610001232 2 1202308115.193607
0524156021613545424610001232 2 1202308115.193657
0524156521613545424610001232 2 1202308115.193658
0524105521353141464610001232 2 1202308115.194220
0524155521363141464610001232 2 1202308115.194235
0524103521313142464610001232 2 1202308115.194404
0524156521613142464610001232 2 1202308115.194406
0524100121363142464610001232 2 1202308115.194416
0524105121363142464610001232 2 1202308115.194417
0524100521363142464610001232 2 1202308115.194418
0524102521363142464610001232 2 1202308115.194419
0524103521363142464610001232 2 1202308115.194420
0524105521363142464610001232 2 1202308115.194422
0524106521363142464610001232 2 1202308115.194423
0514152520603144464610001232 1 1202308115.194500
0514152525603144464610001232 1 1202308115.194505
0524156525113144464610001232 2 1202308115.194508
0524153525313144464610001232 2 1202308115.194512
0524156521613144464610001232 2 1202308115.194514
0514152525613144464610001232 2 1202308115.194516
0524156525613144464610001232 2 1202308115.194517
0514152525633144464610001232 2 1202308115.194520
0514152525643144464610001232 2 1202308115.194522
0514152520653144464610001232 1 1202308115.194531
0514152525653144464610001232 1 1202308115.194535
0524150125363144464610001232 2 1202308115.194541
0524150525363144464610001232 2 1202308115.194543
0524152525363144464610001232 2 1202308115.194544
0524153525363144464610001232 2 1202308115.194545
0524155525363144464610001232 2 1202308115.194547
0524156525363144464610001232 2 1202308115.194548
0514152525663144464610001232 2 1202308115.194552
0124106021613145464610001232 2 1202308115.194709
0524106021613145464610001232 2 1202308115.194711
0124106025613145464610001232 2 1202308115.194714
0524106025613145464610001232 2 1202308115.194715
0124106021613545464610001232 2 1202308115.194808
0524106021613545464610001232 2 1202308115.194809
0524106521613545464610001232 2 1202308115.194812
0124106025613545464610001232 2 1202308115.194815
0524106025613545464610001232 2 1202308115.194816
0524116025613545464610001232 2 1202308115.194817
0524126025613545464610001232 2 1202308115.194818
0524136025613545464610001232 2 1202308115.194819
0524156025613545464610001232 2 1202308115.194821
0524166025613545464610001232 2 1202308115.194822
0524106125613545464610001232 2 1202308115.194825
0524116125613545464610001232 2 1202308115.194826
0524126125613545464610001232 2 1202308115.194827
0524136125613545464610001232 2 1202308115.194828
0524156125613545464610001232 2 1202308115.194830
0524166125613545464610001232 2 1202308115.194831
0524106225613545464610001232 2 1202308115.194833
0524116225613545464610001232 2 1202308115.194835
0524126225613545464610001232 2 1202308115.194836
0524136225613545464610001232 2 1202308115.194837
0524156225613545464610001232 2 1202308115.194838
0524166225613545464610001232 2 1202308115.194840
0524106325613545464610001232 2 1202308115.194842
0524116325613545464610001232 2 1202308115.194844
0524126325613545464610001232 2 1202308115.194845
0524136325613545464610001232 2 1202308115.194846
0524156325613545464610001232 2 1202308115.194847
0524166325613545464610001232 2 1202308115.194849
0524106525613545464610001232 2 1202308115.194851
0524116525613545464610001232 2 1202308115.194852
0524126525613545464610001232 2 1202308115.194854
0524136525613545464610001232 2 1202308115.194855
0524156525613545464610001232 2 1202308115.194856
0524166525613545464610001232 2 1202308115.194857
0524106625613545464610001232 2 1202308115.194900
0524116625613545464610001232 2 1202308115.194901
0524126625613545464610001232 2 1202308115.194903
0524136625613545464610001232 2 1202308115.194904
0524156625613545464610001232 2 1202308115.194905
0524166625613545464610001232 2 1202308115.194906
