0524123225163545414110001310 2 1202308104.195028
0524153525163142424110001310 2 1202308104.195440
0564152521303144424110001310 1 1202308104.195654
0564152525303144424110001310 1 1202308104.195656
0564152521313144424110001310 2 1202308104.195657
0564152525313144424110001310 2 1202308104.195658
0564152521333144424110001310 2 1202308104.195700
0564152525333144424110001310 2 1202308104.195701
0564152521343144424110001310 2 1202308104.195703
0564152525343144424110001310 2 1202308104.195705
0564152521353144424110001310 1 1202308104.195706
0564152525353144424110001310 1 1202308104.195708
0524103521163144424110001310 2 1202308104.195710
0524153521163144424110001310 2 1202308104.195711
0524103525163144424110001310 2 1202308104.195713
0524153525163144424110001310 2 1202308104.195714
0564152521363144424110001310 2 1202308104.195715
0564152525363144424110001310 2 1202308104.195717
0524153521663144424110001310 2 1202308104.195718
0524153525663144424110001310 2 1202308104.195719
0524153021163545424110001310 2 1202308104.195855
0524153521163545424110001310 2 1202308104.195856
0524123225163545414210001310 2 1202308104.201554
0524153525163142424210001310 2 1202308104.201940
0564152521303144424210001310 1 1202308104.202105
0564152525303144424210001310 1 1202308104.202107
0564152521313144424210001310 2 1202308104.202108
0564152525313144424210001310 2 1202308104.202109
0564152521333144424210001310 2 1202308104.202111
0564152525333144424210001310 2 1202308104.202112
0564152521343144424210001310 2 1202308104.202113
0564152525343144424210001310 2 1202308104.202115
0564152521353144424210001310 1 1202308104.202116
0564152525353144424210001310 1 1202308104.202118
0524103521163144424210001310 2 1202308104.202120
0524153521163144424210001310 2 1202308104.202121
0524103525163144424210001310 2 1202308104.202123
0524153525163144424210001310 2 1202308104.202124
0564152521363144424210001310 2 1202308104.202125
0564152525363144424210001310 2 1202308104.202127
0524153521663144424210001310 2 1202308104.202128
0524153525663144424210001310 2 1202308104.202129
0524153021163545424210001310 2 1202308104.202227
0524153521163545424210001310 2 1202308104.202229
0524123225163545414510001310 2 1202308104.203810
0524153525163142424510001310 2 1202308104.204144
0564152521303144424510001310 1 1202308104.204303
0564152525303144424510001310 1 1202308104.204304
0564152521313144424510001310 2 1202308104.204306
0564152525313144424510001310 2 1202308104.204307
0564152521333144424510001310 2 1202308104.204308
0564152525333144424510001310 2 1202308104.204310
0564152521343144424510001310 2 1202308104.204311
0564152525343144424510001310 2 1202308104.204312
0564152521353144424510001310 1 1202308104.204313
0564152525353144424510001310 1 1202308104.204315
0524103521163144424510001310 2 1202308104.204317
0524153521163144424510001310 2 1202308104.204318
0524103525163144424510001310 2 1202308104.204320
0524153525163144424510001310 2 1202308104.204321
0564152521363144424510001310 2 1202308104.204323
0564152525363144424510001310 2 1202308104.204324
0524153521663144424510001310 2 1202308104.204325
0524153525663144424510001310 2 1202308104.204327
0524153021163545424510001310 2 1202308104.204419
0524153521163545424510001310 2 1202308104.204420
0524123225163545414610001310 2 1202308104.210002
0524153525163142424610001310 2 1202308104.210606
0564152521303144424610001310 1 1202308104.210816
0564152525303144424610001310 1 1202308104.210819
0564152521313144424610001310 2 1202308104.210821
0524153521313144424610001310 2 1202308104.210822
0564152525313144424610001310 2 1202308104.210824
0564152521333144424610001310 2 1202308104.210826
0564152525333144424610001310 2 1202308104.210828
0564152521343144424610001310 2 1202308104.210829
0564152525343144424610001310 2 1202308104.210831
0564152521353144424610001310 1 1202308104.210833
0564152525353144424610001310 1 1202308104.210836
0524103521163144424610001310 2 1202308104.210838
0524153521163144424610001310 2 1202308104.210839
0524103525163144424610001310 2 1202308104.210841
0524153525163144424610001310 2 1202308104.210842
0564152521363144424610001310 2 1202308104.210844
0564152525363144424610001310 2 1202308104.210846
0524153521663144424610001310 2 1202308104.210847
0524153525663144424610001310 2 1202308104.210848
0524153021163545424610001310 2 1202308104.211105
0524153521163545424610001310 2 1202308104.211107
