0524153520313144464110002154 6 1202308141.185301
0524153521313144464110002154 2 1202308141.185303
0524153523313144464110002154 6 1202308141.185305
0524153524313144464110002154 6 1202308141.185306
0524153525313144464110002154 2 1202308141.185309
0524153520313144464210002154 6 1202308141.191959
0524153521313144464210002154 2 1202308141.192001
0524153523313144464210002154 6 1202308141.192003
0524153524313144464210002154 6 1202308141.192004
0524153525313144464210002154 2 1202308141.192007
0524153520313144464510002154 6 1202308141.194522
0524153521313144464510002154 2 1202308141.194524
0524153523313144464510002154 6 1202308141.194526
0524153524313144464510002154 6 1202308141.194527
0524153525313144464510002154 2 1202308141.194530
0524153521313144424610002154 2 1202308141.200108
0524153520313144464610002154 6 1202308141.201648
0524153521313144464610002154 2 1202308141.201651
0524153523313144464610002154 6 1202308141.201652
0524153524313144464610002154 6 1202308141.201654
0524153525313144464610002154 2 1202308141.201657
