0516152020343121414101220522 1 1202308104.204032
0515162020343121414101220522 1 1202308104.204034
0662106121313140424101220522 2 1202308104.204303
0661106121313141424101220522 2 1202308104.204345
0666105521313141424101220522 2 1202308104.204352
0666106521313141424101220522 2 1202308104.204354
0666105621313141424101220522 2 1202308104.204357
0616106621313141424101220522 2 1202308104.204400
0666106621313141424101220522 2 1202308104.204402
0661106121313142424101220522 2 1202308104.204433
0611106621333104424101220522 2 1202308104.204509
0611106621333114424101220522 2 1202308104.204537
0611106621333124424101220522 2 1202308104.204605
0666103521113144424101220522 2 1202308104.204632
0662103621113144424101220522 2 1202308104.204634
0666103621113144424101220522 2 1202308104.204636
0611106121313144424101220522 2 1202308104.204640
0666103521313144424101220522 2 1202308104.204645
0662103621313144424101220522 2 1202308104.204652
0666103621313144424101220522 2 1202308104.204653
0611106621333144424101220522 2 1202308104.204716
0611106621333154424101220522 2 1202308104.204748
0611106621333164424101220522 2 1202308104.204816
0666103521113145424101220522 2 1202308104.204848
0662103621113145424101220522 2 1202308104.204850
0666103621113145424101220522 2 1202308104.204852
0666103521313145424101220522 2 1202308104.204857
0666103621313145424101220522 2 1202308104.204905
0666103521113146424101220522 2 1202308104.204949
0662103621113146424101220522 2 1202308104.204951
0666103621113146424101220522 2 1202308104.204953
0666103521313146424101220522 2 1202308104.204959
0666103621313146424101220522 2 1202308104.205006
0516152020343121414201220522 1 1202308104.205907
0515162020343121414201220522 1 1202308104.205909
0041106121303140424201220522 2 1202308104.210141
0662106121313140424201220522 2 1202308104.210146
0661106121313141424201220522 2 1202308104.210232
0666105521313141424201220522 2 1202308104.210239
0666106521313141424201220522 2 1202308104.210242
0666105621313141424201220522 2 1202308104.210244
0616106621313141424201220522 2 1202308104.210247
0666106621313141424201220522 2 1202308104.210249
0661106121313142424201220522 2 1202308104.210329
0611106621333104424201220522 2 1202308104.210410
0611106621333114424201220522 2 1202308104.210440
0611106621333124424201220522 2 1202308104.210510
0666103521113144424201220522 2 1202308104.210543
0662103621113144424201220522 2 1202308104.210544
0666103621113144424201220522 2 1202308104.210546
0611106121313144424201220522 2 1202308104.210550
0666103521313144424201220522 2 1202308104.210556
0662103621313144424201220522 2 1202308104.210602
0666103621313144424201220522 2 1202308104.210604
0611106621333144424201220522 2 1202308104.210628
0611106621333154424201220522 2 1202308104.210703
0611106621333164424201220522 2 1202308104.210733
0666103521113145424201220522 2 1202308104.210806
0662103621113145424201220522 2 1202308104.210808
0666103621113145424201220522 2 1202308104.210810
0666103521313145424201220522 2 1202308104.210816
0666103621313145424201220522 2 1202308104.210824
0666103521113146424201220522 2 1202308104.210910
0662103621113146424201220522 2 1202308104.210912
0666103621113146424201220522 2 1202308104.210914
0666103521313146424201220522 2 1202308104.210920
0666103621313146424201220522 2 1202308104.210928
0524153621313144424110001503 2 1202308104.220336
0524153621313144424210001503 2 1202308104.225908
0524153621313144424510001503 2 1202308104.234500
0524153521313144424610001503 2 1202308115.003047
0524153621313144424610001503 2 1202308115.003048
