0126100121343166414605212550 2 1202308104.191513
0651105121303542424605212550 2 1202308104.191917
0552105121303542424605212550 2 1202308104.191919
0520100126653042424100001131 2 1202308104.205848
0520100126653042424200001131 2 1202308104.210402
0520100126653042424600001131 2 1202308104.210851
0524126225613545414110001131 2 1202308104.211657
0524105526353141424110001131 2 1202308104.211928
0524155526363141424110001131 2 1202308104.211939
0124155026603641424110001131 2 1202308104.211956
0524100126333641424110001131 2 1202308104.212004
0524105126333641424110001131 2 1202308104.212005
0524100526333641424110001131 2 1202308104.212007
0524105526333641424110001131 2 1202308104.212008
0524155026653641424110001131 2 1202308104.212017
0524100121363641424110001131 2 1202308104.212022
0524105121363641424110001131 2 1202308104.212023
0524155121363641424110001131 2 1202308104.212024
0524100521363641424110001131 2 1202308104.212026
0524105521363641424110001131 2 1202308104.212027
0524100125363641424110001131 2 1202308104.212029
0524105125363641424110001131 2 1202308104.212030
0524155125363641424110001131 2 1202308104.212031
0524100525363641424110001131 2 1202308104.212032
0524105525363641424110001131 2 1202308104.212034
0524100126363641424110001131 2 1202308104.212035
0524105126363641424110001131 2 1202308104.212036
0524155126363641424110001131 2 1202308104.212038
0524100526363641424110001131 2 1202308104.212039
0524105526363641424110001131 2 1202308104.212040
0524156525613142424110001131 2 1202308104.212129
0524100126363142424110001131 2 1202308104.212141
0524105126363142424110001131 2 1202308104.212143
0524100526363142424110001131 2 1202308104.212144
0524105526363142424110001131 2 1202308104.212145
0124105526603542424110001131 2 1202308104.212151
0524155126303642424110001131 2 1202308104.212259
0524150026603642424110001131 2 1202308104.212302
0524155526603642424110001131 2 1202308104.212305
0524150026613642424110001131 2 1202308104.212308
0524150026653642424110001131 2 1202308104.212315
0524155526363642424110001131 2 1202308104.212318
0514152521603144424110001131 1 1202308104.212418
0514152525603144424110001131 1 1202308104.212419
0524156521113144424110001131 2 1202308104.212422
0524156525113144424110001131 2 1202308104.212424
0514152521613144424110001131 2 1202308104.212426
0524106521613144424110001131 2 1202308104.212427
0524156521613144424110001131 2 1202308104.212428
0514152525613144424110001131 2 1202308104.212430
0524106525613144424110001131 2 1202308104.212431
0524156525613144424110001131 2 1202308104.212433
0514152521633144424110001131 2 1202308104.212434
0514152525633144424110001131 2 1202308104.212436
0514152521643144424110001131 2 1202308104.212437
0514152525643144424110001131 2 1202308104.212438
0514152521653144424110001131 1 1202308104.212443
0514152525653144424110001131 1 1202308104.212445
0524150121363144424110001131 2 1202308104.212450
0524150521363144424110001131 2 1202308104.212451
0524152521363144424110001131 2 1202308104.212452
0524153521363144424110001131 2 1202308104.212454
0524155521363144424110001131 2 1202308104.212455
0524156521363144424110001131 2 1202308104.212456
0514152521663144424110001131 2 1202308104.212506
0514152525663144424110001131 2 1202308104.212507
0524155121363644424110001131 2 1202308104.212555
0524155521363644424110001131 2 1202308104.212556
0524155125363644424110001131 2 1202308104.212558
0524155525363644424110001131 2 1202308104.212559
0524155126363644424110001131 2 1202308104.212601
0524155121663644424110001131 2 1202308104.212604
0524155126663644424110001131 2 1202308104.212607
0524155526663644424110001131 2 1202308104.212610
0524156021613545424110001131 2 1202308104.212742
0524156521613545424110001131 2 1202308104.212743
0524100126333645424110001131 2 1202308104.212823
0524105126333645424110001131 2 1202308104.212824
0524100526333645424110001131 2 1202308104.212825
0524105526333645424110001131 2 1202308104.212826
0524100121363645424110001131 2 1202308104.212840
0524105121363645424110001131 2 1202308104.212841
0524100521363645424110001131 2 1202308104.212842
0524105521363645424110001131 2 1202308104.212844
0524100125363645424110001131 2 1202308104.212846
0524105125363645424110001131 2 1202308104.212847
0524100525363645424110001131 2 1202308104.212848
0524105525363645424110001131 2 1202308104.212850
0524100126363645424110001131 2 1202308104.212851
0524105126363645424110001131 2 1202308104.212852
0524100526363645424110001131 2 1202308104.212853
0524105526363645424110001131 2 1202308104.212855
0524126225613545414210001131 2 1202308104.214154
0524105526353141424210001131 2 1202308104.214400
0524155526363141424210001131 2 1202308104.214411
0124155026603641424210001131 2 1202308104.214428
0524100126333641424210001131 2 1202308104.214437
0524105126333641424210001131 2 1202308104.214438
0524100526333641424210001131 2 1202308104.214439
0524105526333641424210001131 2 1202308104.214440
0524155026653641424210001131 2 1202308104.214449
0524100121363641424210001131 2 1202308104.214454
0524105121363641424210001131 2 1202308104.214455
0524155121363641424210001131 2 1202308104.214457
0524100521363641424210001131 2 1202308104.214458
0524105521363641424210001131 2 1202308104.214459
0524100125363641424210001131 2 1202308104.214501
0524105125363641424210001131 2 1202308104.214502
0524155125363641424210001131 2 1202308104.214503
0524100525363641424210001131 2 1202308104.214505
0524105525363641424210001131 2 1202308104.214506
0524100126363641424210001131 2 1202308104.214508
0524105126363641424210001131 2 1202308104.214509
0524155126363641424210001131 2 1202308104.214510
0524100526363641424210001131 2 1202308104.214511
0524105526363641424210001131 2 1202308104.214512
0524156525613142424210001131 2 1202308104.214551
0524100126363142424210001131 2 1202308104.214601
0524105126363142424210001131 2 1202308104.214602
0524100526363142424210001131 2 1202308104.214603
0524105526363142424210001131 2 1202308104.214604
0124105526603542424210001131 2 1202308104.214609
0524155126303642424210001131 2 1202308104.214711
0524150026603642424210001131 2 1202308104.214714
0524155526603642424210001131 2 1202308104.214717
0524150026613642424210001131 2 1202308104.214720
0524150026653642424210001131 2 1202308104.214727
0524155526363642424210001131 2 1202308104.214730
0514152521603144424210001131 1 1202308104.214812
0514152525603144424210001131 1 1202308104.214813
0524156521113144424210001131 2 1202308104.214816
0524156525113144424210001131 2 1202308104.214818
0514152521613144424210001131 2 1202308104.214820
0524106521613144424210001131 2 1202308104.214821
0524156521613144424210001131 2 1202308104.214822
0514152525613144424210001131 2 1202308104.214824
0524106525613144424210001131 2 1202308104.214826
0524156525613144424210001131 2 1202308104.214827
0514152521633144424210001131 2 1202308104.214828
0514152525633144424210001131 2 1202308104.214829
0514152521643144424210001131 2 1202308104.214831
0514152525643144424210001131 2 1202308104.214832
0514152521653144424210001131 1 1202308104.214836
0514152525653144424210001131 1 1202308104.214839
0524150121363144424210001131 2 1202308104.214843
0524150521363144424210001131 2 1202308104.214844
0524152521363144424210001131 2 1202308104.214845
0524153521363144424210001131 2 1202308104.214846
0524155521363144424210001131 2 1202308104.214847
0524156521363144424210001131 2 1202308104.214848
0514152521663144424210001131 2 1202308104.214857
0514152525663144424210001131 2 1202308104.214859
0524155121363644424210001131 2 1202308104.214940
0524155521363644424210001131 2 1202308104.214941
0524155125363644424210001131 2 1202308104.214943
0524155525363644424210001131 2 1202308104.214944
0524155126363644424210001131 2 1202308104.214946
0524155121663644424210001131 2 1202308104.214949
0524155126663644424210001131 2 1202308104.214952
0524155526663644424210001131 2 1202308104.214955
0524156021613545424210001131 2 1202308104.215059
0524156521613545424210001131 2 1202308104.215100
0524100126333645424210001131 2 1202308104.215136
0524105126333645424210001131 2 1202308104.215137
0524100526333645424210001131 2 1202308104.215138
0524105526333645424210001131 2 1202308104.215140
0524100121363645424210001131 2 1202308104.215152
0524105121363645424210001131 2 1202308104.215153
0524100521363645424210001131 2 1202308104.215155
0524105521363645424210001131 2 1202308104.215156
0524100125363645424210001131 2 1202308104.215158
0524105125363645424210001131 2 1202308104.215159
0524100525363645424210001131 2 1202308104.215200
0524105525363645424210001131 2 1202308104.215201
0524100126363645424210001131 2 1202308104.215202
0524105126363645424210001131 2 1202308104.215204
0524100526363645424210001131 2 1202308104.215205
0524105526363645424210001131 2 1202308104.215206
0524126225613545414510001131 2 1202308104.220435
0524105526353141424510001131 2 1202308104.220630
0524155526363141424510001131 2 1202308104.220641
0124155026603641424510001131 2 1202308104.220658
0524100126333641424510001131 2 1202308104.220708
0524105126333641424510001131 2 1202308104.220709
0524100526333641424510001131 2 1202308104.220710
0524105526333641424510001131 2 1202308104.220711
0524155026653641424510001131 2 1202308104.220720
0524100121363641424510001131 2 1202308104.220725
0524105121363641424510001131 2 1202308104.220726
0524155121363641424510001131 2 1202308104.220728
0524100521363641424510001131 2 1202308104.220729
0524105521363641424510001131 2 1202308104.220730
0524100125363641424510001131 2 1202308104.220732
0524105125363641424510001131 2 1202308104.220733
0524155125363641424510001131 2 1202308104.220734
0524100525363641424510001131 2 1202308104.220736
0524105525363641424510001131 2 1202308104.220737
0524100126363641424510001131 2 1202308104.220739
0524105126363641424510001131 2 1202308104.220740
0524155126363641424510001131 2 1202308104.220741
0524100526363641424510001131 2 1202308104.220742
0524105526363641424510001131 2 1202308104.220743
0524156525613142424510001131 2 1202308104.220820
0524100126363142424510001131 2 1202308104.220830
0524105126363142424510001131 2 1202308104.220831
0524100526363142424510001131 2 1202308104.220832
0524105526363142424510001131 2 1202308104.220833
0124105526603542424510001131 2 1202308104.220837
0524155126303642424510001131 2 1202308104.220939
0524150026603642424510001131 2 1202308104.220942
0524155526603642424510001131 2 1202308104.220945
0524150026613642424510001131 2 1202308104.220948
0524150026653642424510001131 2 1202308104.220955
0524155526363642424510001131 2 1202308104.220958
0514152521603144424510001131 1 1202308104.221036
0514152525603144424510001131 1 1202308104.221037
0524156521113144424510001131 2 1202308104.221041
0524156525113144424510001131 2 1202308104.221042
0514152521613144424510001131 2 1202308104.221044
0524106521613144424510001131 2 1202308104.221045
0524156521613144424510001131 2 1202308104.221046
0514152525613144424510001131 2 1202308104.221049
0524106525613144424510001131 2 1202308104.221050
0524156525613144424510001131 2 1202308104.221051
0514152521633144424510001131 2 1202308104.221052
0514152525633144424510001131 2 1202308104.221053
0514152521643144424510001131 2 1202308104.221055
0514152525643144424510001131 2 1202308104.221056
0514152521653144424510001131 1 1202308104.221100
0514152525653144424510001131 1 1202308104.221103
0524150121363144424510001131 2 1202308104.221107
0524150521363144424510001131 2 1202308104.221108
0524152521363144424510001131 2 1202308104.221109
0524153521363144424510001131 2 1202308104.221110
0524155521363144424510001131 2 1202308104.221111
0524156521363144424510001131 2 1202308104.221113
0514152521663144424510001131 2 1202308104.221121
0514152525663144424510001131 2 1202308104.221123
0524155121363644424510001131 2 1202308104.221204
0524155521363644424510001131 2 1202308104.221205
0524155125363644424510001131 2 1202308104.221207
0524155525363644424510001131 2 1202308104.221208
0524155126363644424510001131 2 1202308104.221210
0524155121663644424510001131 2 1202308104.221213
0524155126663644424510001131 2 1202308104.221216
0524155526663644424510001131 2 1202308104.221219
0524156021613545424510001131 2 1202308104.221316
0524156521613545424510001131 2 1202308104.221318
0524100126333645424510001131 2 1202308104.221353
0524105126333645424510001131 2 1202308104.221354
0524100526333645424510001131 2 1202308104.221355
0524105526333645424510001131 2 1202308104.221357
0524100121363645424510001131 2 1202308104.221409
0524105121363645424510001131 2 1202308104.221410
0524100521363645424510001131 2 1202308104.221411
0524105521363645424510001131 2 1202308104.221413
0524100125363645424510001131 2 1202308104.221414
0524105125363645424510001131 2 1202308104.221416
0524100525363645424510001131 2 1202308104.221417
0524105525363645424510001131 2 1202308104.221418
0524100126363645424510001131 2 1202308104.221419
0524105126363645424510001131 2 1202308104.221420
0524100526363645424510001131 2 1202308104.221422
0524105526363645424510001131 2 1202308104.221423
0524126225613545414610001131 2 1202308104.222636
0524105526353141424610001131 2 1202308104.222905
0524155526363141424610001131 2 1202308104.222916
0124155026603641424610001131 2 1202308104.222935
0524100126333641424610001131 2 1202308104.222943
0524105126333641424610001131 2 1202308104.222944
0524100526333641424610001131 2 1202308104.222945
0524105526333641424610001131 2 1202308104.222946
0524155026653641424610001131 2 1202308104.222955
0524100121363641424610001131 2 1202308104.223000
0524105121363641424610001131 2 1202308104.223002
0524155121363641424610001131 2 1202308104.223003
0524100521363641424610001131 2 1202308104.223004
0524105521363641424610001131 2 1202308104.223005
0524100125363641424610001131 2 1202308104.223007
0524105125363641424610001131 2 1202308104.223008
0524155125363641424610001131 2 1202308104.223010
0524100525363641424610001131 2 1202308104.223011
0524105525363641424610001131 2 1202308104.223012
0524100126363641424610001131 2 1202308104.223014
0524105126363641424610001131 2 1202308104.223015
0524155126363641424610001131 2 1202308104.223016
0524100526363641424610001131 2 1202308104.223017
0524105526363641424610001131 2 1202308104.223019
0524156525613142424610001131 2 1202308104.223057
0524100126363142424610001131 2 1202308104.223109
0524105126363142424610001131 2 1202308104.223110
0524100526363142424610001131 2 1202308104.223111
0524105526363142424610001131 2 1202308104.223112
0124105526603542424610001131 2 1202308104.223116
0524155126303642424610001131 2 1202308104.223220
0524150026603642424610001131 2 1202308104.223223
0524155526603642424610001131 2 1202308104.223226
0524150026613642424610001131 2 1202308104.223229
0524150026653642424610001131 2 1202308104.223236
0524155526363642424610001131 2 1202308104.223239
0514152521603144424610001131 1 1202308104.223329
0514152525603144424610001131 1 1202308104.223330
0524156521113144424610001131 2 1202308104.223334
0524156525113144424610001131 2 1202308104.223335
0524153521313144424610001131 2 1202308104.223336
0514152521613144424610001131 2 1202308104.223340
0524106521613144424610001131 2 1202308104.223341
0524156521613144424610001131 2 1202308104.223342
0514152525613144424610001131 2 1202308104.223344
0524106525613144424610001131 2 1202308104.223346
0524156525613144424610001131 2 1202308104.223347
0514152521633144424610001131 2 1202308104.223348
0514152525633144424610001131 2 1202308104.223349
0514152521643144424610001131 2 1202308104.223351
0514152525643144424610001131 2 1202308104.223352
0514152521653144424610001131 1 1202308104.223358
0514152525653144424610001131 1 1202308104.223400
0524150121363144424610001131 2 1202308104.223404
0524150521363144424610001131 2 1202308104.223405
0524152521363144424610001131 2 1202308104.223406
0524153521363144424610001131 2 1202308104.223408
0524155521363144424610001131 2 1202308104.223409
0524156521363144424610001131 2 1202308104.223410
0514152521663144424610001131 2 1202308104.223419
0514152525663144424610001131 2 1202308104.223420
0524155121363644424610001131 2 1202308104.223503
0524155521363644424610001131 2 1202308104.223505
0524155125363644424610001131 2 1202308104.223506
0524155525363644424610001131 2 1202308104.223507
0524155126363644424610001131 2 1202308104.223510
0524155121663644424610001131 2 1202308104.223512
0524155126663644424610001131 2 1202308104.223515
0524155526663644424610001131 2 1202308104.223518
0524156021613545424610001131 2 1202308104.223630
0524156521613545424610001131 2 1202308104.223632
0524100126333645424610001131 2 1202308104.223709
0524105126333645424610001131 2 1202308104.223711
0524100526333645424610001131 2 1202308104.223712
0524105526333645424610001131 2 1202308104.223713
0524100121363645424610001131 2 1202308104.223725
0524105121363645424610001131 2 1202308104.223727
0524100521363645424610001131 2 1202308104.223728
0524105521363645424610001131 2 1202308104.223729
0524100125363645424610001131 2 1202308104.223731
0524105125363645424610001131 2 1202308104.223732
0524100525363645424610001131 2 1202308104.223733
0524105525363645424610001131 2 1202308104.223734
0524100126363645424610001131 2 1202308104.223736
0524105126363645424610001131 2 1202308104.223737
0524100526363645424610001131 2 1202308104.223738
0524105526363645424610001131 2 1202308104.223739
