0524153521313144424610002310 2 1202308104.201434
0564123620103644414110001520 6 1202308104.233748
0514126620303644414110001520 6 1202308104.233751
0524163521103142424110001520 2 1202308104.235406
0524163521153142424110001520 2 1202308104.235433
0624153521103642424110001520 2 1202308104.235526
0564153521103144424110001520 2 1202308104.235948
0564153525103144424110001520 2 1202308104.235950
0564153526103144424110001520 2 1202308104.235953
0514156521303144424110001520 2 1202308115.000009
0514156525303144424110001520 2 1202308115.000014
0514156526303144424110001520 2 1202308115.000020
0564153521113144424110001520 2 1202308115.000023
0564153525113144424110001520 2 1202308115.000025
0564153526113144424110001520 2 1202308115.000027
0514156521313144424110001520 2 1202308115.000032
0514156525313144424110001520 2 1202308115.000035
0524153526313144424110001520 2 1202308115.000041
0514156526313144424110001520 2 1202308115.000042
0564153521133144424110001520 2 1202308115.000045
0564153525133144424110001520 2 1202308115.000047
0564153526133144424110001520 2 1202308115.000049
0514156521333144424110001520 2 1202308115.000053
0514156525333144424110001520 2 1202308115.000055
0514156526333144424110001520 2 1202308115.000058
0564153521143144424110001520 2 1202308115.000102
0564153525143144424110001520 2 1202308115.000103
0564153526143144424110001520 2 1202308115.000105
0514156521343144424110001520 2 1202308115.000109
0514156525343144424110001520 2 1202308115.000111
0514156526343144424110001520 2 1202308115.000114
0564153521153144424110001520 2 1202308115.000116
0564153525153144424110001520 2 1202308115.000119
0564153526153144424110001520 2 1202308115.000124
0514156521353144424110001520 2 1202308115.000134
0514156525353144424110001520 2 1202308115.000139
0514156526353144424110001520 2 1202308115.000152
0564153521163144424110001520 2 1202308115.000157
0564153525163144424110001520 2 1202308115.000158
0564153526163144424110001520 2 1202308115.000200
0514156521363144424110001520 2 1202308115.000204
0514156525363144424110001520 2 1202308115.000206
0514156526363144424110001520 2 1202308115.000209
0524163521153146424110001520 2 1202308115.001751
0121156620433612454110001520 1 1202308115.002754
0121156620433662454110001520 1 1202308115.002845
0564123620103644414210001520 6 1202308115.005515
0514126620303644414210001520 6 1202308115.005518
0524163521103142424210001520 2 1202308115.010800
0524163521153142424210001520 2 1202308115.010819
0624153521103642424210001520 2 1202308115.010845
0564153521103144424210001520 2 1202308115.011043
0564153525103144424210001520 2 1202308115.011045
0564153526103144424210001520 2 1202308115.011048
0514156521303144424210001520 2 1202308115.011103
0514156525303144424210001520 2 1202308115.011108
0514156526303144424210001520 2 1202308115.011113
0564153521113144424210001520 2 1202308115.011116
0564153525113144424210001520 2 1202308115.011117
0564153526113144424210001520 2 1202308115.011119
0514156521313144424210001520 2 1202308115.011124
0514156525313144424210001520 2 1202308115.011127
0524153526313144424210001520 2 1202308115.011132
0514156526313144424210001520 2 1202308115.011134
0564153521133144424210001520 2 1202308115.011136
0564153525133144424210001520 2 1202308115.011137
0564153526133144424210001520 2 1202308115.011139
0514156521333144424210001520 2 1202308115.011143
0514156525333144424210001520 2 1202308115.011145
0514156526333144424210001520 2 1202308115.011147
0564153521143144424210001520 2 1202308115.011149
0564153525143144424210001520 2 1202308115.011151
0564153526143144424210001520 2 1202308115.011153
0514156521343144424210001520 2 1202308115.011156
0514156525343144424210001520 2 1202308115.011158
0514156526343144424210001520 2 1202308115.011201
0564153521153144424210001520 2 1202308115.011202
0564153525153144424210001520 2 1202308115.011206
0564153526153144424210001520 2 1202308115.011211
0514156521353144424210001520 2 1202308115.011220
0514156525353144424210001520 2 1202308115.011224
0514156526353144424210001520 2 1202308115.011236
0564153521163144424210001520 2 1202308115.011241
0564153525163144424210001520 2 1202308115.011242
0564153526163144424210001520 2 1202308115.011244
0514156521363144424210001520 2 1202308115.011247
0514156525363144424210001520 2 1202308115.011249
0514156526363144424210001520 2 1202308115.011252
0524163521153146424210001520 2 1202308115.012223
0121156620433612454210001520 1 1202308115.013152
0121156620433662454210001520 1 1202308115.013240
0564123620103644414510001520 6 1202308115.015803
0514126620303644414510001520 6 1202308115.015806
0524163521103142424510001520 2 1202308115.020959
0524163521153142424510001520 2 1202308115.021017
0624153521103642424510001520 2 1202308115.021042
0564153521103144424510001520 2 1202308115.021206
0564153525103144424510001520 2 1202308115.021208
0564153526103144424510001520 2 1202308115.021211
0514156521303144424510001520 2 1202308115.021226
0514156525303144424510001520 2 1202308115.021231
0514156526303144424510001520 2 1202308115.021236
0564153521113144424510001520 2 1202308115.021239
0564153525113144424510001520 2 1202308115.021240
0564153526113144424510001520 2 1202308115.021242
0514156521313144424510001520 2 1202308115.021247
0514156525313144424510001520 2 1202308115.021250
0524153526313144424510001520 2 1202308115.021255
0514156526313144424510001520 2 1202308115.021257
0564153521133144424510001520 2 1202308115.021259
0564153525133144424510001520 2 1202308115.021300
0564153526133144424510001520 2 1202308115.021302
0514156521333144424510001520 2 1202308115.021306
0514156525333144424510001520 2 1202308115.021307
0514156526333144424510001520 2 1202308115.021310
0564153521143144424510001520 2 1202308115.021312
0564153525143144424510001520 2 1202308115.021313
0564153526143144424510001520 2 1202308115.021315
0514156521343144424510001520 2 1202308115.021319
0514156525343144424510001520 2 1202308115.021320
0514156526343144424510001520 2 1202308115.021323
0564153521153144424510001520 2 1202308115.021325
0564153525153144424510001520 2 1202308115.021328
0564153526153144424510001520 2 1202308115.021333
0514156521353144424510001520 2 1202308115.021342
0514156525353144424510001520 2 1202308115.021347
0514156526353144424510001520 2 1202308115.021358
0564153521163144424510001520 2 1202308115.021403
0564153525163144424510001520 2 1202308115.021404
0564153526163144424510001520 2 1202308115.021406
0514156521363144424510001520 2 1202308115.021410
0514156525363144424510001520 2 1202308115.021411
0514156526363144424510001520 2 1202308115.021414
0524163521153146424510001520 2 1202308115.022237
0121156620433612454510001520 1 1202308115.023117
0121156620433662454510001520 1 1202308115.023203
0564123620103644414610001520 6 1202308115.025843
0514126620303644414610001520 6 1202308115.025845
0524163521103142424610001520 2 1202308115.031846
0524163521153142424610001520 2 1202308115.031947
0624153521103642424610001520 2 1202308115.032044
0564153521103144424610001520 2 1202308115.033053
0564153525103144424610001520 2 1202308115.033055
0564153526103144424610001520 2 1202308115.033058
0514156521303144424610001520 2 1202308115.033113
0514156525303144424610001520 2 1202308115.033118
0514156526303144424610001520 2 1202308115.033123
0564153521113144424610001520 2 1202308115.033127
0564153525113144424610001520 2 1202308115.033129
0564153526113144424610001520 2 1202308115.033131
0524153521313144424610001520 2 1202308115.033136
0514156521313144424610001520 2 1202308115.033138
0514156525313144424610001520 2 1202308115.033143
0524153526313144424610001520 2 1202308115.033148
0514156526313144424610001520 2 1202308115.033150
0564153521133144424610001520 2 1202308115.033203
0564153525133144424610001520 2 1202308115.033207
0564153526133144424610001520 2 1202308115.033211
0514156521333144424610001520 2 1202308115.033216
0514156525333144424610001520 2 1202308115.033221
0514156526333144424610001520 2 1202308115.033226
0564153521143144424610001520 2 1202308115.033247
0564153525143144424610001520 2 1202308115.033248
0564153526143144424610001520 2 1202308115.033251
0514156521343144424610001520 2 1202308115.033254
0514156525343144424610001520 2 1202308115.033256
0514156526343144424610001520 2 1202308115.033258
0564153521153144424610001520 2 1202308115.033300
0564153525153144424610001520 2 1202308115.033304
0564153526153144424610001520 2 1202308115.033309
0514156521353144424610001520 2 1202308115.033319
0514156525353144424610001520 2 1202308115.033324
0514156526353144424610001520 2 1202308115.033336
0564153521163144424610001520 2 1202308115.033340
0564153525163144424610001520 2 1202308115.033342
0564153526163144424610001520 2 1202308115.033344
0514156521363144424610001520 2 1202308115.033347
0514156525363144424610001520 2 1202308115.033349
0514156526363144424610001520 2 1202308115.033352
0524163521153146424610001520 2 1202308115.034837
0121156620433612454610001520 1 1202308115.035729
0121156620433662454610001520 1 1202308115.035820
