0524103226313144424210021000 2 1202503053.232232
0524103026313544424210021000 2 1202503053.232232
0524123026313544424210021000 2 1202503053.232232
0524133026313544424210021000 2 1202503053.232232
0124103226313544424210021000 2 1202503053.232232
0524103226313544424210021000 2 1202503053.232232
0524123226313544424210021000 2 1202503053.232233
0524133226313544424210021000 2 1202503053.232233
0524103326313544424210021000 2 1202503053.232233
0524123326313544424210021000 2 1202503053.232233
0524133326313544424210021000 2 1202503053.232233
0524102021353041424601102410 1 1202503053.232233
0144152521633104424200213520 2 1202503053.232233
0144152521633504424200213520 2 1202503053.232233
0144152521633114424200213520 2 1202503053.232233
0144152521633514424200213520 2 1202503053.232233
0144152521633124424200213520 2 1202503053.232234
0144152521633524424200213520 2 1202503053.232234
0144152521633144424200213520 2 1202503053.232234
0144152521633544424200213520 2 1202503053.232234
0144152521633154424200213520 2 1202503053.232234
0144152521633554424200213520 2 1202503053.232234
0526160021313641424206210040 2 1202503053.232248
0526160521313641424206210040 2 1202503053.232248
0511152021353142424206210040 2 1202503053.232248
0142162521033004424206210040 2 1202503053.232249
0111152220333004424206210040 2 1202503053.232249
0121152220333004424206210040 2 1202503053.232249
0111152520333004424206210040 2 1202503053.232249
0121152520333004424206210040 2 1202503053.232249
0142160521333004424206210040 2 1202503053.232249
0144160521333004424206210040 2 1202503053.232249
0111152521333004424206210040 2 1202503053.232249
0121152521333004424206210040 2 1202503053.232249
0112152521333004424206210040 2 1202503053.232250
0144166521333004424206210040 2 1202503053.232250
