0144152621353141424200000210 2 1202503156.202557
0144152621363541424200000210 1 1202503156.202557
0144152621303542424200000210 2 1202503156.202557
0144152621313542424200000210 2 1202503156.202557
0144152621333542424200000210 2 1202503156.202557
0144152621343542424200000210 2 1202503156.202558
0144152621353542424200000210 2 1202503156.202558
0144152621363542424200000210 1 1202503156.202558
0144152621353124424200000210 2 1202503156.202558
0144152621303546424200000210 2 1202503156.202559
0144152621313546424200000210 2 1202503156.202559
0144152621333546424200000210 2 1202503156.202559
0144152621343546424200000210 2 1202503156.202559
0144152621353546424200000210 2 1202503156.202559
0144152621363546424200000210 1 1202503156.202559
0144153621113542424200000120 2 1202503156.202559
0144150621333104424200000120 2 1202503156.202559
0144152621333104424200000120 2 1202503156.202559
0144153621333104424200000120 2 1202503156.202559
0144155621333104424200000120 2 1202503156.202559
0541156621333104424200000120 2 1202503156.202559
0144156621333104424200000120 2 1202503156.202600
0144150621333114424200000120 2 1202503156.202600
0144152621333114424200000120 2 1202503156.202600
0144153621333114424200000120 2 1202503156.202600
0144155621333114424200000120 2 1202503156.202600
0541156621333114424200000120 2 1202503156.202600
0144156621333114424200000120 2 1202503156.202600
0144150621333124424200000120 2 1202503156.202600
0144152621333124424200000120 2 1202503156.202600
0144153621333124424200000120 2 1202503156.202600
0144155621333124424200000120 2 1202503156.202600
0541156621333124424200000120 2 1202503156.202600
0144156621333124424200000120 2 1202503156.202600
0144150621333144424200000120 2 1202503156.202600
0144152621333144424200000120 2 1202503156.202601
0144153621333144424200000120 2 1202503156.202601
0144155621333144424200000120 2 1202503156.202601
0541156621333144424200000120 2 1202503156.202601
0144156621333144424200000120 2 1202503156.202601
0144150621333154424200000120 2 1202503156.202601
0144152621333154424200000120 2 1202503156.202601
0144153621333154424200000120 2 1202503156.202601
0144155621333154424200000120 2 1202503156.202601
0041106621333154424200000120 2 1202503156.202601
0541156621333154424200000120 2 1202503156.202601
0144156621333154424200000120 2 1202503156.202601
0144150621333164424200000120 2 1202503156.202601
0144152621333164424200000120 2 1202503156.202601
0144153621333164424200000120 2 1202503156.202601
0144155621333164424200000120 2 1202503156.202601
0541156621333164424200000120 2 1202503156.202602
0144156621333164424200000120 2 1202503156.202602
0144153621113546424200000120 2 1202503156.202602
0144153621313546424200000120 2 1202503156.202602
0160105220303041424204461320 6 1202503156.202602
0160105220303141424204461320 6 1202503156.202602
0160103220103045424204461320 6 1202503156.202602
0141162620533104424202660640 2 1202503156.202602
0141162620533114424202660640 2 1202503156.202602
0141162620533144424202660640 2 1202503156.202602
0121162620333054424202660640 2 1202503156.202602
0121162620333154424202660640 2 1202503156.202602
0141162620533164424202660640 2 1202503156.202602
0522152621353545424200100201 1 1202503156.202602
0114152220303040424601152301 1 1202503156.202602
0114152225303040424601152301 1 1202503156.202603
0114152220353040424601152301 1 1202503156.202603
0104152225353040424601152301 1 1202503156.202603
0114152225353040424601152301 1 1202503156.202603
0124152225353040424601152301 1 1202503156.202603
0144152225353040424601152301 1 1202503156.202603
0154152225353040424601152301 1 1202503156.202603
0164152225353040424601152301 1 1202503156.202603
0114152220303140424601152301 1 1202503156.202603
0114152225303140424601152301 1 1202503156.202603
0144152225303140424601152301 1 1202503156.202603
0114152220353140424601152301 1 1202503156.202603
0104152225353140424601152301 1 1202503156.202603
0114152225353140424601152301 1 1202503156.202603
0124152225353140424601152301 1 1202503156.202603
0144152225353140424601152301 1 1202503156.202603
0154152225353140424601152301 1 1202503156.202603
0164152225353140424601152301 1 1202503156.202603
0114152220303540424601152301 1 1202503156.202603
0114152225303540424601152301 1 1202503156.202603
0214152225303540424601152301 1 1202503156.202603
0114152220353540424601152301 1 1202503156.202604
0104152225353540424601152301 1 1202503156.202604
0204152225353540424601152301 1 1202503156.202604
0114152225353540424601152301 1 1202503156.202604
0214152225353540424601152301 1 1202503156.202604
0124152225353540424601152301 1 1202503156.202604
0224152225353540424601152301 1 1202503156.202604
0144152225353540424601152301 1 1202503156.202604
0244152225353540424601152301 1 1202503156.202604
0154152225353540424601152301 1 1202503156.202604
0254152225353540424601152301 1 1202503156.202604
0164152225353540424601152301 1 1202503156.202604
0264152225353540424601152301 1 1202503156.202604
0114152225303044424601152301 1 1202503156.202604
0104152225353044424601152301 1 1202503156.202604
0114152225353044424601152301 1 1202503156.202604
0124152225353044424601152301 1 1202503156.202604
0144152225353044424601152301 1 1202503156.202604
