012115252143301040420510 2 1202502053.003953
011115252143311040420510 2 1202502053.003953
011115252143300240420510 2 1202502053.003953
012115252143300240420510 2 1202502053.003953
012115252143301240420510 2 1202502053.003953
011115252143311240420510 2 1202502053.003953
012115252143302240420510 2 1202502053.003953
012115252143304240420510 2 1202502053.003954
011115252143305240420510 2 1202502053.003954
012115252143305240420510 2 1202502053.003954
024415252130354042420510 2 1202502053.003955
024415252131354042420510 2 1202502053.003955
024415252133354042420510 2 1202502053.003955
024415252134354042420510 2 1202502053.003955
024415252135354042420510 1 1202502053.003955
054210252130352442420510 2 1202502053.003956
054215252130304442420510 1 1202502053.003956
024415252130352542420510 1 1202502053.003957
014410552131300042420420 2 1202502053.003957
014410552131310042420420 2 1202502053.003957
014410552131320042420420 2 1202502053.003957
014410552131340042420420 2 1202502053.003957
014410552131350042420420 2 1202502053.003957
014410352101304042420420 2 1202502053.003957
014410352111304042420420 2 1202502053.003957
004110552131304042420420 2 1202502053.003958
014410552131300142420420 2 1202502053.003958
014410552131310142420420 2 1202502053.003958
014410552131320142420420 2 1202502053.003958
014410552131340142420420 2 1202502053.003958
014410552131350142420420 2 1202502053.003958
014410552131304142420420 2 1202502053.003958
052110552131314142420420 2 1202502053.003958
014410552131300242420420 2 1202502053.003958
014410552131310242420420 2 1202502053.003959
014410552131320242420420 2 1202502053.003959
014410552131340242420420 2 1202502053.003959
014410552131350242420420 2 1202502053.003959
014410352101314242420420 2 1202502053.003959
014410552131300442420420 2 1202502053.003959
014410052113300442420420 2 1202502053.003959
014410552131310442420420 2 1202502053.003959
014410052113310442420420 2 1202502053.003959
014410052133310442420420 2 1202502053.003959
014410252133310442420420 2 1202502053.004000
014410352133310442420420 2 1202502053.004000
004110552133310442420420 2 1202502053.004000
014410552133310442420420 2 1202502053.004000
014410552131320442420420 2 1202502053.004000
014410552131340442420420 2 1202502053.004000
014410552131350442420420 2 1202502053.004000
014110052103301442420420 2 1202502053.004000
014410252103301442420420 2 1202502053.004000
014110052113301442420420 2 1202502053.004000
014410052113301442420420 2 1202502053.004001
014110052103311442420420 2 1202502053.004001
014410052103311442420420 2 1202502053.004001
014410252103311442420420 2 1202502053.004001
014110052113311442420420 2 1202502053.004001
014110052133311442420420 2 1202502053.004001
004110552133311442420420 2 1202502053.004001
004110552133312442420420 2 1202502053.004001
014410352101304442420420 2 1202502053.004001
014410352111304442420420 2 1202502053.004002
014410352131304442420420 2 1202502053.004002
004110552131304442420420 2 1202502053.004002
014410052113304442420420 2 1202502053.004002
014410352113304442420420 2 1202502053.004002
014410352101314442420420 2 1202502053.004002
014410352131314442420420 2 1202502053.004002
004110552131314442420420 2 1202502053.004002
014410552131314442420420 2 1202502053.004002
014110052103314442420420 2 1202502053.004002
014210052103314442420420 2 1202502053.004003
014410052103314442420420 2 1202502053.004003
014210252103314442420420 2 1202502053.004003
014410252103314442420420 2 1202502053.004003
014210352103314442420420 2 1202502053.004003
014410352103314442420420 2 1202502053.004003
014210552103314442420420 2 1202502053.004003
014410552103314442420420 2 1202502053.004003
014110052113314442420420 2 1202502053.004003
014210052113314442420420 2 1202502053.004003
014410052113314442420420 2 1202502053.004004
054110052133314442420420 2 1202502053.004004
004110552133314442420420 2 1202502053.004004
014410052103315442420420 2 1202502053.004004
014410252103315442420420 2 1202502053.004004
014410352103315442420420 2 1202502053.004004
014410552103315442420420 2 1202502053.004004
004110552133315442420420 2 1202502053.004004
014410552131300542420420 2 1202502053.004004
014410552131310542420420 2 1202502053.004005
014410552131320542420420 2 1202502053.004005
014410552131340542420420 2 1202502053.004005
014410552131350542420420 2 1202502053.004005
014210352101304542420420 2 1202502053.004005
014410352101304542420420 2 1202502053.004005
011010222030304542420254 1 1202502053.004005
014115222035304042420010 1 1202502053.004005
012415202133310442420010 2 1202502053.004006
012415202133311442420010 2 1202502053.004006
012415202133312442420010 2 1202502053.004006
012415202133314442420010 2 1202502053.004006
012415202133315442420010 2 1202502053.004006
012410322531314442421030 2 1202502053.004006
012410022535314442421030 2 1202502053.004006
012410222535314442421030 2 1202502053.004006
012410322535314442421030 2 1202502053.004007
012415202135304542420512 1 1202502053.004015
005510202135354542420512 1 1202502053.004015
014410052103300442420421 2 1202502053.004015
014410252103300442420421 2 1202502053.004015
014410552103300442420421 2 1202502053.004015
014410052113300442420421 2 1202502053.004015
014110052103310442420421 2 1202502053.004016
014410052103310442420421 2 1202502053.004016
014510052103310442420421 2 1202502053.004016
014110552103310442420421 2 1202502053.004016
014410552103310442420421 2 1202502053.004016
014410052113310442420421 2 1202502053.004016
014510052113310442420421 2 1202502053.004016
014410052133310442420421 2 1202502053.004016
014410052103301442420421 2 1202502053.004016
014210252103301442420421 2 1202502053.004016
014410252103301442420421 2 1202502053.004017
014210052113301442420421 2 1202502053.004017
014410052113301442420421 2 1202502053.004017
014110052103311442420421 2 1202502053.004017
014410052103311442420421 2 1202502053.004017
014510052103311442420421 2 1202502053.004017
014210252103311442420421 2 1202502053.004017
014410252103311442420421 2 1202502053.004017
014210552103311442420421 2 1202502053.004017
014110052113311442420421 2 1202502053.004017
014210052113311442420421 2 1202502053.004018
014410052113311442420421 2 1202502053.004018
014510052113311442420421 2 1202502053.004018
014110052133311442420421 2 1202502053.004018
014510052103312442420421 2 1202502053.004018
014510052113312442420421 2 1202502053.004018
014410052103304442420421 2 1202502053.004018
014210252103304442420421 2 1202502053.004018
014410252103304442420421 2 1202502053.004018
014210552103304442420421 2 1202502053.004018
014410552103304442420421 2 1202502053.004019
014410052113304442420421 2 1202502053.004019
014410052133304442420421 2 1202502053.004019
014110052103314442420421 2 1202502053.004019
014210052103314442420421 2 1202502053.004019
014410052103314442420421 2 1202502053.004019
014510052103314442420421 2 1202502053.004019
014210252103314442420421 2 1202502053.004019
014410252103314442420421 2 1202502053.004019
014110552103314442420421 2 1202502053.004019
014410552103314442420421 2 1202502053.004019
014110052113314442420421 2 1202502053.004020
014210052113314442420421 2 1202502053.004020
014410052113314442420421 2 1202502053.004020
014510052113314442420421 2 1202502053.004020
014110052133314442420421 2 1202502053.004020
014110052103315442420421 2 1202502053.004020
014510052103315442420421 2 1202502053.004020
014210052113315442420421 2 1202502053.004020
014410052113315442420421 2 1202502053.004020
014510052113315442420421 2 1202502053.004020
014410352101304042420424 2 1202502053.004021
014410352101314042420424 2 1202502053.004021
014410352131314042420424 2 1202502053.004021
014110552131354042420424 2 1202502053.004021
014210352101304242420424 2 1202502053.004021
014410352101304242420424 2 1202502053.004021
014210352101314242420424 2 1202502053.004021
014410052103300442420424 2 1202502053.004021
014410252103300442420424 2 1202502053.004021
014410352103300442420424 2 1202502053.004021
014410552103300442420424 2 1202502053.004022
014410052113300442420424 2 1202502053.004022
014210052103301442420424 2 1202502053.004022
014410052103301442420424 2 1202502053.004022
014210252103301442420424 2 1202502053.004022
014410252103301442420424 2 1202502053.004022
014110052113301442420424 2 1202502053.004022
014210052113301442420424 2 1202502053.004022
014410052113301442420424 2 1202502053.004022
014110052133301442420424 2 1202502053.004022
014110052103311442420424 2 1202502053.004022
014210052103311442420424 2 1202502053.004023
014210252103311442420424 2 1202502053.004023
014110052113311442420424 2 1202502053.004023
014210052113311442420424 2 1202502053.004023
014110052133311442420424 2 1202502053.004023
014210352101304442420424 2 1202502053.004023
014410352101304442420424 2 1202502053.004023
014210052113304442420424 2 1202502053.004023
014210352101314442420424 2 1202502053.004023
014410352101314442420424 2 1202502053.004023
014110052103314442420424 2 1202502053.004024
014210052103314442420424 2 1202502053.004024
014210252103314442420424 2 1202502053.004024
014210352103314442420424 2 1202502053.004024
014210552103314442420424 2 1202502053.004024
014110052113314442420424 2 1202502053.004024
014210052113314442420424 2 1202502053.004024
014110052133314442420424 2 1202502053.004024
014110052103305442420424 2 1202502053.004024
014110052103315442420424 2 1202502053.004024
014210052103315442420424 2 1202502053.004024
014210252103315442420424 2 1202502053.004025
014210352103315442420424 2 1202502053.004025
014210552103315442420424 2 1202502053.004025
