0624125225353541414210051000 2 1202506017.190945
0624123225313542414210051000 2 1202506017.190945
0624150121333141424210051000 2 1202506017.190945
0624155121333141424210051000 2 1202506017.190945
0624155521333141424210051000 2 1202506017.190946
0624155121353541424210051000 2 1202506017.190946
0524163521103142424210051000 2 1202506017.190946
0624163521313144424210051000 2 1202506017.190946
0624153521313145424210051000 2 1202506017.190946
0524156521313145424210051000 2 1202506017.190947
0624153525313145424210051000 2 1202506017.190947
0624155121333145424210051000 2 1202506017.190947
0525156521343161414110002400 1 1202506017.190947
0525156521343161414110002400 2 1202506017.190947
0526156220333162414110002400 1 1202506017.190947
0525152525343162414110002400 1 1202506017.190948
0525152525343162414110002400 2 1202506017.190948
0526156220333162454110002400 1 1202506017.190948
0624123226163645414115001010 2 1202506017.190948
0624163526163142424115001010 2 1202506017.190948
0664162521303144424115001010 1 1202506017.190949
0664162521303144424115001010 2 1202506017.190949
0664162526303144424115001010 1 1202506017.190949
0664162526303144424115001010 2 1202506017.190949
0664162521313144424115001010 2 1202506017.190949
0664162526353144424115001010 1 1202506017.190949
0664162526353144424115001010 2 1202506017.190950
0624103521163144424115001010 2 1202506017.190950
0624163521163144424115001010 2 1202506017.190950
0624163526163144424115001010 2 1202506017.190950
0125152120343022404610152141 1 1202506017.190950
0125152120343022404610152141 2 1202506017.190950
0012102521363640424104110051 2 1202506017.190952
0522102020353041464105102151 1 1202506017.190952
0142152523353145464105102151 1 1202506017.190953
0142152523353145464105102151 6 1202506017.190953
0142152523303141464605102151 6 1202506017.190953
0121152620343126414100000112 1 1202506017.190956
0612152126303641424100000112 1 1202506017.190957
0620152021333104424100000112 2 1202506017.190957
0122156025133404424110003042 2 1202506017.191000
0145102521303026464201142103 1 1202506017.191000
0145102521303026464201142103 2 1202506017.191001
0145102521303026464201142103 6 1202506017.191001
0145102521303046464201142103 1 1202506017.191001
0145102521303046464201142103 2 1202506017.191001
0145102521303046464201142103 6 1202506017.191001
0145102521313046464201142103 2 1202506017.191001
0145102521313046464201142103 6 1202506017.191002
0145102521303146464201142103 1 1202506017.191002
0145102521303146464201142103 2 1202506017.191002
0145102521303146464201142103 6 1202506017.191002
0145102523303146464201142103 6 1202506017.191002
0441152020353146464201142103 2 1202506017.191003
0145102521303546464201142103 1 1202506017.191003
0145102521303546464201142103 2 1202506017.191003
0145102521303546464201142103 6 1202506017.191003
0145102521313546464201142103 2 1202506017.191003
0145102521313546464201142103 6 1202506017.191004
0411152021333140424601142103 2 1202506017.191004
0411152021333140424601142103 6 1202506017.191004
0021106025353540424601142103 6 1202506017.191004
0145102521303141424601142103 1 1202506017.191005
0145102521303141424601142103 2 1202506017.191005
0145102521303141424601142103 6 1202506017.191005
0140152521303141424601142103 2 1202506017.191005
0140152521303141424601142103 6 1202506017.191005
0440152521303141424601142103 2 1202506017.191005
0440152521303141424601142103 6 1202506017.191006
0414152021303144424601142103 1 1202506017.191006
0414152021303144424601142103 2 1202506017.191006
0414152021303144424601142103 6 1202506017.191006
0145102521303144424601142103 1 1202506017.191006
0145102521303144424601142103 2 1202506017.191007
0145102521303144424601142103 6 1202506017.191007
0145102521313144424601142103 2 1202506017.191007
0145102521313144424601142103 6 1202506017.191007
0011152021333544424601142103 2 1202506017.191007
0011152021333544424601142103 6 1202506017.191008
0145102521303045424601142103 1 1202506017.191008
0145102521303045424601142103 2 1202506017.191008
0145102521303045424601142103 6 1202506017.191008
0145102521313045424601142103 2 1202506017.191008
0145102521313045424601142103 6 1202506017.191009
0145102521303145424601142103 1 1202506017.191009
0145102521303145424601142103 2 1202506017.191009
0145102521303145424601142103 6 1202506017.191009
0145102521313145424601142103 2 1202506017.191009
0145102521313145424601142103 6 1202506017.191009
0021106025353145424601142103 6 1202506017.191010
0142102525303140464601142103 6 1202506017.191010
0142152520303141464601142103 6 1202506017.191010
0542152520303141464601142103 6 1202506017.191011
0142102525303141464601142103 6 1202506017.191011
0222152023353541464601142103 1 1202506017.191011
0222152023353541464601142103 6 1202506017.191011
0145102520303142464601142103 1 1202506017.191011
0145102520303142464601142103 6 1202506017.191012
0141152520303142464601142103 2 1202506017.191012
0141152520303142464601142103 6 1202506017.191012
0441152520303142464601142103 2 1202506017.191012
0042152520303142464601142103 6 1202506017.191012
0145102520313142464601142103 6 1202506017.191013
0145102520303542464601142103 1 1202506017.191013
0145102520303542464601142103 6 1202506017.191013
0122152023333104464601142103 6 1202506017.191013
0222152023333104464601142103 6 1202506017.191013
0422152023333104464601142103 6 1202506017.191014
0522152023333104464601142103 6 1202506017.191014
0022152023333504464601142103 6 1202506017.191014
0522152023333504464601142103 6 1202506017.191014
0212152023303144464601142103 1 1202506017.191014
0212152023303144464601142103 6 1202506017.191014
0412152023303144464601142103 1 1202506017.191015
0412152023303144464601142103 6 1202506017.191015
0142102525303144464601142103 1 1202506017.191015
0142102525303144464601142103 6 1202506017.191015
0221152023333144464601142103 6 1202506017.191015
0222152023353144464601142103 6 1202506017.191016
0222152023333544464601142103 6 1202506017.191016
0021106120353544464601142103 2 1202506017.191016
0142102525303145464601142103 6 1202506017.191016
0142102525303046464601142103 1 1202506017.191017
0122153021143000464110003204 2 1202506017.191017
0122153025143000464110003204 2 1202506017.191017
0122150021343502464110003204 2 1202506017.191017
0122150025343502464110003204 2 1202506017.191017
0122153025613444424110003515 2 1202506017.191018
0524155526363141424110001135 2 1202506017.191018
0524105126333641424110001135 2 1202506017.191018
0524152026653641424110001135 1 1202506017.191018
0524152026653641424110001135 2 1202506017.191019
0524155021363641424110001135 2 1202506017.191019
0524105121363641424110001135 2 1202506017.191019
0524105521363641424110001135 2 1202506017.191019
0524105126363641424110001135 2 1202506017.191019
0524105526363641424110001135 2 1202506017.191019
0524156526613142424110001135 2 1202506017.191020
0524105126363142424110001135 2 1202506017.191020
0524153026103642424110001135 2 1202506017.191020
0524156026103642424110001135 2 1202506017.191020
0524156025613642424110001135 2 1202506017.191020
0124156026103144424110001135 2 1202506017.191021
0524156526613144424110001135 2 1202506017.191021
0524156526103644424110001135 2 1202506017.191021
0524156021613644424110001135 2 1202506017.191021
0524106521613644424110001135 2 1202506017.191021
0524156025613644424110001135 2 1202506017.191021
0524156525613644424110001135 2 1202506017.191022
0524106526613644424110001135 2 1202506017.191022
0524155126663644424110001135 2 1202506017.191022
0124156026103645424110001135 2 1202506017.191022
0514102526603645424110001135 1 1202506017.191022
0514102526603645424110001135 2 1202506017.191022
0524106526613645424110001135 2 1202506017.191023
0524105126333645424110001135 2 1202506017.191023
0524105121363645424110001135 2 1202506017.191023
0524105126363645424110001135 2 1202506017.191023
0021150121363042424205420500 2 1202506017.191024
0041106621333154424200000020 2 1202506017.191024
0124105026513642424513601130 2 1202506017.191024
0114102026503144424513601130 1 1202506017.191024
0114102026503144424513601130 2 1202506017.191025
0124105026513144424513601130 2 1202506017.191025
0124105026513644424513601130 2 1202506017.191025
0146102521303140424200141250 1 1202506017.191025
0146102521303140424200141250 2 1202506017.191025
0141102621303140424200141250 1 1202506017.191025
0141102621303140424200141250 2 1202506017.191026
0144102621303140424200141250 1 1202506017.191026
0144102621303140424200141250 2 1202506017.191026
0145102621303140424200141250 1 1202506017.191026
0145102621303140424200141250 2 1202506017.191026
0046102621303140424200141250 1 1202506017.191027
0046102621303140424200141250 2 1202506017.191027
0146102621303140424200141250 1 1202506017.191027
0146102621303140424200141250 2 1202506017.191027
0146102521313140424200141250 2 1202506017.191028
0144102621313140424200141250 2 1202506017.191028
0046102621313140424200141250 2 1202506017.191028
0146102621313140424200141250 2 1202506017.191028
0146102521363140424200141250 1 1202506017.191028
0146102521363140424200141250 2 1202506017.191029
0146102521353041424200141250 1 1202506017.191029
0146102521353041424200141250 2 1202506017.191029
0144102621353041424200141250 1 1202506017.191029
0144102621353041424200141250 2 1202506017.191029
0145102621353041424200141250 1 1202506017.191030
0145102621353041424200141250 2 1202506017.191030
0146102621353041424200141250 1 1202506017.191030
0146102621353041424200141250 2 1202506017.191030
0146102521363041424200141250 1 1202506017.191030
0146102521363041424200141250 2 1202506017.191031
0144102621363041424200141250 1 1202506017.191031
0144102621363041424200141250 2 1202506017.191031
0145102621363041424200141250 1 1202506017.191031
0145102621363041424200141250 2 1202506017.191031
0146102621363041424200141250 1 1202506017.191031
0146102621363041424200141250 2 1202506017.191032
0046102521303141424200141250 1 1202506017.191032
0146102521303141424200141250 1 1202506017.191032
0146102521303141424200141250 2 1202506017.191032
0046152521303141424200141250 1 1202506017.191033
0141102621303141424200141250 1 1202506017.191033
0144102621303141424200141250 1 1202506017.191033
0144102621303141424200141250 2 1202506017.191033
0145102621303141424200141250 1 1202506017.191034
0145102621303141424200141250 2 1202506017.191034
0146102621303141424200141250 1 1202506017.191034
0146102621303141424200141250 2 1202506017.191034
0146102521353141424200141250 1 1202506017.191034
0146102521353141424200141250 2 1202506017.191035
0144102621353141424200141250 1 1202506017.191035
0144102621353141424200141250 2 1202506017.191035
0145102621353141424200141250 1 1202506017.191035
0145102621353141424200141250 2 1202506017.191035
0146102621353141424200141250 1 1202506017.191035
0146102621353141424200141250 2 1202506017.191036
0146102521363141424200141250 1 1202506017.191036
0146102521363141424200141250 2 1202506017.191036
0144102621363141424200141250 1 1202506017.191036
0144102621363141424200141250 2 1202506017.191036
0145102621363141424200141250 1 1202506017.191037
0145102621363141424200141250 2 1202506017.191037
0146102621363141424200141250 1 1202506017.191037
0146102621363141424200141250 2 1202506017.191037
0146102521303022424200141250 1 1202506017.191037
0146102521303022424200141250 2 1202506017.191038
0146102521303042424200141250 1 1202506017.191038
0146102521303042424200141250 2 1202506017.191038
0144102621303042424200141250 1 1202506017.191038
0144102621303042424200141250 2 1202506017.191038
0145102621303042424200141250 1 1202506017.191038
0145102621303042424200141250 2 1202506017.191039
0146102621303042424200141250 1 1202506017.191039
0146102621303042424200141250 2 1202506017.191039
0146102521363042424200141250 1 1202506017.191039
0146102521363042424200141250 2 1202506017.191039
0046102521303142424200141250 1 1202506017.191040
0046102521303142424200141250 2 1202506017.191040
0144102621303142424200141250 1 1202506017.191040
0144102621303142424200141250 2 1202506017.191040
0146102621303142424200141250 1 1202506017.191041
0146102621303142424200141250 2 1202506017.191041
0141102620353142424200141250 1 1202506017.191041
0141102620353142424200141250 2 1202506017.191041
0146102521363142424200141250 1 1202506017.191041
0146102521363142424200141250 2 1202506017.191042
0144102621303144424200141250 1 1202506017.191042
0144102621303144424200141250 2 1202506017.191042
0146102621303144424200141250 1 1202506017.191042
0146102621303144424200141250 2 1202506017.191042
0144102621313144424200141250 2 1202506017.191043
0146102621313144424200141250 2 1202506017.191043
0141102620353144424200141250 1 1202506017.191043
0141102620353144424200141250 2 1202506017.191043
0141102621303045424200141250 1 1202506017.191043
0144102621303045424200141250 1 1202506017.191044
0046152621303045424200141250 1 1202506017.191044
0141102620353045424200141250 1 1202506017.191044
0141102620353045424200141250 2 1202506017.191044
0141102621353045424200141250 1 1202506017.191045
0141102621353045424200141250 2 1202506017.191045
0046102521303145424200141250 1 1202506017.191045
0146102521303145424200141250 1 1202506017.191045
0146102521303145424200141250 2 1202506017.191045
0144102621303145424200141250 1 1202506017.191046
0144102621303145424200141250 2 1202506017.191046
0145102621303145424200141250 1 1202506017.191046
0145102621303145424200141250 2 1202506017.191046
0146102621303145424200141250 1 1202506017.191046
0146102621303145424200141250 2 1202506017.191047
0144102621313145424200141250 2 1202506017.191047
0145102621313145424200141250 2 1202506017.191047
0146102621313145424200141250 2 1202506017.191047
0141102620353145424200141250 1 1202506017.191047
0141102620353145424200141250 2 1202506017.191048
0046152521303046424200141250 2 1202506017.191048
0144102621303046424200141250 1 1202506017.191048
0144102621303046424200141250 2 1202506017.191048
0046152621303046424200141250 2 1202506017.191049
0141102620353046424200141250 1 1202506017.191049
0141102620353046424200141250 2 1202506017.191049
0141102621353046424200141250 1 1202506017.191049
0141102621353046424200141250 2 1202506017.191049
0046152521363046424200141250 1 1202506017.191050
0046152521363046424200141250 2 1202506017.191050
0046102521303146424200141250 1 1202506017.191050
0146102521303146424200141250 1 1202506017.191051
0146102521303146424200141250 2 1202506017.191051
0144102621303146424200141250 1 1202506017.191051
0144102621303146424200141250 2 1202506017.191051
0145102621303146424200141250 1 1202506017.191051
0145102621303146424200141250 2 1202506017.191052
0146102621303146424200141250 1 1202506017.191052
0146102621303146424200141250 2 1202506017.191052
0145102621313146424200141250 2 1202506017.191052
0146102621313146424200141250 2 1202506017.191052
0141102620353146424200141250 1 1202506017.191052
0124100126313646454512251101 2 1202506017.191053
0124100126313646454512251101 5 1202506017.191053
0124106626303641454612251101 2 1202506017.191053
0564152026503144424210301111 1 1202506017.191053
0116102120343621454210301111 1 1202506017.191053
0116102120343621454210301111 2 1202506017.191054
0116102224343621454210301111 1 1202506017.191054
0626102021453112454210301111 2 1202506017.191054
0626102021453112454210301111 6 1202506017.191054
0116102124343622454210301111 1 1202506017.191054
0116102224343622454210301111 1 1202506017.191054
0626102021453162454210301111 2 1202506017.191055
0626102021453162454210301111 6 1202506017.191055
0564122120503540414510301111 1 1202506017.191055
0116102120343621414510301111 2 1202506017.191055
0564122120503544414510301111 1 1202506017.191055
0524165121303142424110001521 2 1202506017.191055
0564165121303144424110001521 2 1202506017.191056
0564165121303144424110001521 6 1202506017.191056
0564165126303144424110001521 2 1202506017.191056
0564165126303144424110001521 6 1202506017.191056
0121156620433612454110001521 1 1202506017.191056
0121156620433662454110001521 1 1202506017.191056
0122155025633404424110003541 2 1202506017.191057
0122153021613444424110003522 2 1202506017.191057
0122153025613444424110003522 2 1202506017.191057
0122153021163044424110003404 2 1202506017.191057
0141106121313141424200000524 2 1202506017.191057
0144106121303144424200000524 2 1202506017.191057
0621105120343022404515221125 2 1202506017.191058
0621105120343022404515221125 5 1202506017.191058
0621105120343022404515221125 6 1202506017.191058
0521106021453112414211361525 1 1202506017.191059
0521106021453112414211361525 2 1202506017.191059
0521106021453162414211361525 1 1202506017.191059
0521106021453162414211361525 2 1202506017.191059
0121152625343122414100000010 1 1202506017.191100
0144105621333144424200000420 2 1202506017.191100
0526156220333162454110002440 1 1202506017.191100
0512152621303140424101441501 1 1202506017.191100
0512152621303140424101441501 2 1202506017.191101
0114152621303140424101441501 1 1202506017.191101
0114152621303140424101441501 2 1202506017.191101
0015152621303140424101441501 1 1202506017.191101
0015152621303140424101441501 2 1202506017.191101
0411152026303140424101441501 1 1202506017.191102
0415152026303140424101441501 1 1202506017.191102
0415162026303140424101441501 1 1202506017.191102
0614152021333140424101441501 2 1202506017.191102
0511152621333140424101441501 2 1202506017.191102
0611152621333140424101441501 2 1202506017.191102
0612152621333140424101441501 2 1202506017.191103
0614152621333140424101441501 2 1202506017.191103
0411152621363140424101441501 1 1202506017.191103
0411152621363140424101441501 2 1202506017.191103
0611152621363140424101441501 1 1202506017.191104
0611152621363140424101441501 2 1202506017.191104
0114152621363140424101441501 1 1202506017.191104
0114152621363140424101441501 2 1202506017.191104
0614152621363140424101441501 1 1202506017.191104
0614152621363140424101441501 2 1202506017.191104
0016152621363140424101441501 1 1202506017.191105
0016152621363140424101441501 2 1202506017.191105
0114162626363140424101441501 1 1202506017.191105
0412152621303540424101441501 1 1202506017.191105
0412152621303540424101441501 2 1202506017.191105
0415152026303540424101441501 1 1202506017.191106
0611152620363540424101441501 1 1202506017.191106
0611152620363540424101441501 2 1202506017.191106
0415152021363540424101441501 1 1202506017.191107
0415152021363540424101441501 2 1202506017.191107
0611152621363540424101441501 1 1202506017.191107
0611152621363540424101441501 2 1202506017.191107
0415152021303640424101441501 1 1202506017.191107
0415152021303640424101441501 2 1202506017.191108
0514152621303640424101441501 1 1202506017.191108
0514152621303640424101441501 2 1202506017.191108
0411152021363640424101441501 1 1202506017.191108
