0524103226313144424210021000 2 1202503053.213917
0524103026313544424210021000 2 1202503053.213917
0524123026313544424210021000 2 1202503053.213917
0524133026313544424210021000 2 1202503053.213917
0124103226313544424210021000 2 1202503053.213917
0524103226313544424210021000 2 1202503053.213917
0524123226313544424210021000 2 1202503053.213917
0524133226313544424210021000 2 1202503053.213917
0524103326313544424210021000 2 1202503053.213917
0524123326313544424210021000 2 1202503053.213917
0524133326313544424210021000 2 1202503053.213917
0524102021353041424601102410 1 1202503053.213917
0144152521633104424200213520 2 1202503053.213917
0144152521633504424200213520 2 1202503053.213917
0144152521633114424200213520 2 1202503053.213917
0144152521633514424200213520 2 1202503053.213917
0144152521633124424200213520 2 1202503053.213917
0144152521633524424200213520 2 1202503053.213917
0144152521633144424200213520 2 1202503053.213917
0144152521633544424200213520 2 1202503053.213917
0144152521633154424200213520 2 1202503053.213917
0144152521633554424200213520 2 1202503053.213917
0511152021353140424206210040 2 1202503053.213917
0526160021313641424206210040 2 1202503053.213917
0526160521313641424206210040 2 1202503053.213917
0511152021353142424206210040 2 1202503053.213917
0142162521033004424206210040 2 1202503053.213917
0111152220333004424206210040 2 1202503053.213917
0121152220333004424206210040 2 1202503053.213917
0111152520333004424206210040 2 1202503053.213917
0121152520333004424206210040 2 1202503053.213917
0142160521333004424206210040 2 1202503053.213917
0144160521333004424206210040 2 1202503053.213917
0111152521333004424206210040 2 1202503053.213917
0121152521333004424206210040 2 1202503053.213917
0112152521333004424206210040 2 1202503053.213917
0144166521333004424206210040 2 1202503053.213917
0612102521633004424206210040 2 1202503053.213917
0142162521633004424206210040 2 1202503053.213917
0142162521033104424206210040 2 1202503053.213917
0141165521033104424206210040 2 1202503053.213917
0145165521033104424206210040 2 1202503053.213917
0645106521033104424206210040 2 1202503053.213917
0045166521033104424206210040 2 1202503053.213917
0645166521033104424206210040 2 1202503053.213917
0645106521133104424206210040 2 1202503053.213917
0045166521133104424206210040 2 1202503053.213917
0645166521133104424206210040 2 1202503053.213917
0111152520333104424206210040 2 1202503053.213917
0121152520333104424206210040 2 1202503053.213917
0142160521333104424206210040 2 1202503053.213917
0144160521333104424206210040 2 1202503053.213917
0145160521333104424206210040 2 1202503053.213917
0121152521333104424206210040 2 1202503053.213917
0145162521333104424206210040 2 1202503053.213917
0142166521333104424206210040 2 1202503053.213917
0144166521333104424206210040 2 1202503053.213917
0045166521333104424206210040 2 1202503053.213917
0145166521333104424206210040 2 1202503053.213917
0142162521633104424206210040 2 1202503053.213917
0141165521633104424206210040 2 1202503053.213917
0145165521633104424206210040 2 1202503053.213917
0645106521633104424206210040 2 1202503053.213917
0045166521633104424206210040 2 1202503053.213917
0645166521633104424206210040 2 1202503053.213917
0142162521033504424206210040 2 1202503053.213917
0121162620333504424206210040 2 1202503053.213917
0144162521333504424206210040 2 1202503053.213917
0142162521633504424206210040 2 1202503053.213917
0142162521033604424206210040 2 1202503053.213917
0144160521333604424206210040 2 1202503053.213917
0114162521333604424206210040 2 1202503053.213917
0144162521333604424206210040 2 1202503053.213917
0144166521333604424206210040 2 1202503053.213917
0112162521633604424206210040 2 1202503053.213917
0142162521633604424206210040 2 1202503053.213917
0142162521033014424206210040 2 1202503053.213917
0111152220333014424206210040 2 1202503053.213917
0121152220333014424206210040 2 1202503053.213917
0111152520333014424206210040 2 1202503053.213917
0121152520333014424206210040 2 1202503053.213917
0141160521333014424206210040 2 1202503053.213917
0142160521333014424206210040 2 1202503053.213917
0144160521333014424206210040 2 1202503053.213917
0111152521333014424206210040 2 1202503053.213917
0121152521333014424206210040 2 1202503053.213917
0112152521333014424206210040 2 1202503053.213917
0142156521333014424206210040 2 1202503053.213917
0144166521333014424206210040 2 1202503053.213917
0612102521633014424206210040 2 1202503053.213917
0142162521633014424206210040 2 1202503053.213917
0142162521033114424206210040 2 1202503053.213917
0141165521033114424206210040 2 1202503053.213917
0145165521033114424206210040 2 1202503053.213917
0645106521033114424206210040 2 1202503053.213917
0045166521033114424206210040 2 1202503053.213917
0645166521033114424206210040 2 1202503053.213917
0645106521133114424206210040 2 1202503053.213917
0045166521133114424206210040 2 1202503053.213917
0645166521133114424206210040 2 1202503053.213917
0111152520333114424206210040 2 1202503053.213917
0121152520333114424206210040 2 1202503053.213917
0141100521333114424206210040 2 1202503053.213917
0141160521333114424206210040 2 1202503053.213917
0142160521333114424206210040 2 1202503053.213917
0144160521333114424206210040 2 1202503053.213917
0145160521333114424206210040 2 1202503053.213917
0121152521333114424206210040 2 1202503053.213917
0145162521333114424206210040 2 1202503053.213917
0141166521333114424206210040 2 1202503053.213917
0142166521333114424206210040 2 1202503053.213917
0144166521333114424206210040 2 1202503053.213917
0045166521333114424206210040 2 1202503053.213917
0145166521333114424206210040 2 1202503053.213917
0142162521633114424206210040 2 1202503053.213917
0141165521633114424206210040 2 1202503053.213917
0145165521633114424206210040 2 1202503053.213917
0645106521633114424206210040 2 1202503053.213917
0045166521633114424206210040 2 1202503053.213918
0645166521633114424206210040 2 1202503053.213918
0142162521033514424206210040 2 1202503053.213918
0121162620333514424206210040 2 1202503053.213918
0144162521333514424206210040 2 1202503053.213918
0142162521633514424206210040 2 1202503053.213918
0142162521033614424206210040 2 1202503053.213918
0142160521333614424206210040 2 1202503053.213918
0114162521333614424206210040 2 1202503053.213918
0144162521333614424206210040 2 1202503053.213918
0142156521333614424206210040 2 1202503053.213918
0144166521333614424206210040 2 1202503053.213918
0112162521633614424206210040 2 1202503053.213918
0142162521633614424206210040 2 1202503053.213918
0142162521033024424206210040 2 1202503053.213918
0111152220333024424206210040 2 1202503053.213918
0121152220333024424206210040 2 1202503053.213918
0111152520333024424206210040 2 1202503053.213918
0121152520333024424206210040 2 1202503053.213918
0111152521333024424206210040 2 1202503053.213918
0121152521333024424206210040 2 1202503053.213918
0112152521333024424206210040 2 1202503053.213918
0612102521633024424206210040 2 1202503053.213918
0142162521633024424206210040 2 1202503053.213918
0142162521033124424206210040 2 1202503053.213918
0141165521033124424206210040 2 1202503053.213918
0145165521033124424206210040 2 1202503053.213918
0645106521033124424206210040 2 1202503053.213918
0045166521033124424206210040 2 1202503053.213918
0645166521033124424206210040 2 1202503053.213918
0645106521133124424206210040 2 1202503053.213918
0045166521133124424206210040 2 1202503053.213918
0645166521133124424206210040 2 1202503053.213918
0111152520333124424206210040 2 1202503053.213918
0121152520333124424206210040 2 1202503053.213918
0142160521333124424206210040 2 1202503053.213918
0145160521333124424206210040 2 1202503053.213918
0121152521333124424206210040 2 1202503053.213918
0145162521333124424206210040 2 1202503053.213918
0142166521333124424206210040 2 1202503053.213918
0144166521333124424206210040 2 1202503053.213918
0045166521333124424206210040 2 1202503053.213918
0145166521333124424206210040 2 1202503053.213918
0142162521633124424206210040 2 1202503053.213918
0141165521633124424206210040 2 1202503053.213918
0145165521633124424206210040 2 1202503053.213918
0645106521633124424206210040 2 1202503053.213918
0045166521633124424206210040 2 1202503053.213918
0645166521633124424206210040 2 1202503053.213918
0142162521033524424206210040 2 1202503053.213918
0121162620333524424206210040 2 1202503053.213918
0144162521333524424206210040 2 1202503053.213918
0142162521633524424206210040 2 1202503053.213918
0142162521033624424206210040 2 1202503053.213918
0114162521333624424206210040 2 1202503053.213918
0144162521333624424206210040 2 1202503053.213918
0142162521633624424206210040 2 1202503053.213918
0142162521033044424206210040 2 1202503053.213918
0111152220333044424206210040 2 1202503053.213918
0121152220333044424206210040 2 1202503053.213918
0111152520333044424206210040 2 1202503053.213918
0121152520333044424206210040 2 1202503053.213918
0142160521333044424206210040 2 1202503053.213918
0144160521333044424206210040 2 1202503053.213918
0111152521333044424206210040 2 1202503053.213918
0121152521333044424206210040 2 1202503053.213918
0112152521333044424206210040 2 1202503053.213918
0142156521333044424206210040 2 1202503053.213918
0144166521333044424206210040 2 1202503053.213918
0612102521633044424206210040 2 1202503053.213918
0142162521633044424206210040 2 1202503053.213918
0142162521033144424206210040 2 1202503053.213918
0141165521033144424206210040 2 1202503053.213918
0145165521033144424206210040 2 1202503053.213918
0645106521033144424206210040 2 1202503053.213918
0045166521033144424206210040 2 1202503053.213918
0645166521033144424206210040 2 1202503053.213918
0645106521133144424206210040 2 1202503053.213918
0045166521133144424206210040 2 1202503053.213918
0645166521133144424206210040 2 1202503053.213918
0111152520333144424206210040 2 1202503053.213918
0121152520333144424206210040 2 1202503053.213918
0141100521333144424206210040 2 1202503053.213918
0141160521333144424206210040 2 1202503053.213918
0142160521333144424206210040 2 1202503053.213918
0144160521333144424206210040 2 1202503053.213918
0145160521333144424206210040 2 1202503053.213918
0121152521333144424206210040 2 1202503053.213918
0145162521333144424206210040 2 1202503053.213918
0142166521333144424206210040 2 1202503053.213918
0144166521333144424206210040 2 1202503053.213918
0045166521333144424206210040 2 1202503053.213918
0145166521333144424206210040 2 1202503053.213918
0142162521633144424206210040 2 1202503053.213918
0114162521633144424206210040 2 1202503053.213918
0141165521633144424206210040 2 1202503053.213918
0145165521633144424206210040 2 1202503053.213918
0645106521633144424206210040 2 1202503053.213918
0045166521633144424206210040 2 1202503053.213918
0645166521633144424206210040 2 1202503053.213918
0142162521033544424206210040 2 1202503053.213918
0642156521033544424206210040 2 1202503053.213918
0642156521133544424206210040 2 1202503053.213918
0121162620333544424206210040 2 1202503053.213918
0144162521333544424206210040 2 1202503053.213918
0142162521633544424206210040 2 1202503053.213918
0642156521633544424206210040 2 1202503053.213918
0015152021303644424206210040 1 1202503053.213918
0015152221303644424206210040 1 1202503053.213918
0015152321303644424206210040 1 1202503053.213918
0015152521303644424206210040 1 1202503053.213918
0015152621303644424206210040 1 1202503053.213918
0142162521033644424206210040 2 1202503053.213918
0142160521333644424206210040 2 1202503053.213918
0144160521333644424206210040 2 1202503053.213918
0114162521333644424206210040 2 1202503053.213918
0144162521333644424206210040 2 1202503053.213918
0142156521333644424206210040 2 1202503053.213918
0144166521333644424206210040 2 1202503053.213918
0112162521633644424206210040 2 1202503053.213918
0142162521633644424206210040 2 1202503053.213918
0142162521033054424206210040 2 1202503053.213918
0111152220333054424206210040 2 1202503053.213918
0121152220333054424206210040 2 1202503053.213918
0111152520333054424206210040 2 1202503053.213918
0121152520333054424206210040 2 1202503053.213918
0121162620333054424206210040 2 1202503053.213918
0111152521333054424206210040 2 1202503053.213918
0121152521333054424206210040 2 1202503053.213918
0112152521333054424206210040 2 1202503053.213918
0612102521633054424206210040 2 1202503053.213918
0142162521633054424206210040 2 1202503053.213918
0142162521033154424206210040 2 1202503053.213918
0141165521033154424206210040 2 1202503053.213918
0145165521033154424206210040 2 1202503053.213918
0645106521033154424206210040 2 1202503053.213918
0045166521033154424206210040 2 1202503053.213918
0645166521033154424206210040 2 1202503053.213918
0645106521133154424206210040 2 1202503053.213918
0045166521133154424206210040 2 1202503053.213918
0645166521133154424206210040 2 1202503053.213918
0111152520333154424206210040 2 1202503053.213918
0121152520333154424206210040 2 1202503053.213918
0121162620333154424206210040 2 1202503053.213918
0142160521333154424206210040 2 1202503053.213918
0145160521333154424206210040 2 1202503053.213918
0121152521333154424206210040 2 1202503053.213918
0145162521333154424206210040 2 1202503053.213918
0142166521333154424206210040 2 1202503053.213918
0144166521333154424206210040 2 1202503053.213918
0045166521333154424206210040 2 1202503053.213918
0145166521333154424206210040 2 1202503053.213918
0142162521633154424206210040 2 1202503053.213918
0141165521633154424206210040 2 1202503053.213918
0145165521633154424206210040 2 1202503053.213918
0645106521633154424206210040 2 1202503053.213918
0045166521633154424206210040 2 1202503053.213918
0645166521633154424206210040 2 1202503053.213918
0142162521033554424206210040 2 1202503053.213918
0121162620333554424206210040 2 1202503053.213918
0144162521333554424206210040 2 1202503053.213918
0042100521633554424206210040 2 1202503053.213918
0142162521633554424206210040 2 1202503053.213918
0142162521033654424206210040 2 1202503053.213919
0114162521333654424206210040 2 1202503053.213919
0144162521333654424206210040 2 1202503053.213919
0112162521633654424206210040 2 1202503053.213919
0142162521633654424206210040 2 1202503053.213919
0142162521033064424206210040 2 1202503053.213919
0111152220333064424206210040 2 1202503053.213919
0121152220333064424206210040 2 1202503053.213919
0111152520333064424206210040 2 1202503053.213919
0121152520333064424206210040 2 1202503053.213919
0142160521333064424206210040 2 1202503053.213919
0144160521333064424206210040 2 1202503053.213919
0111152521333064424206210040 2 1202503053.213919
0121152521333064424206210040 2 1202503053.213919
0112152521333064424206210040 2 1202503053.213919
0142156521333064424206210040 2 1202503053.213919
0612102521633064424206210040 2 1202503053.213919
0112162521633064424206210040 2 1202503053.213919
0142162521633064424206210040 2 1202503053.213919
0142162521033164424206210040 2 1202503053.213919
0141165521033164424206210040 2 1202503053.213919
0145165521033164424206210040 2 1202503053.213919
0645106521033164424206210040 2 1202503053.213919
0045166521033164424206210040 2 1202503053.213919
0645166521033164424206210040 2 1202503053.213919
0645106521133164424206210040 2 1202503053.213919
0045166521133164424206210040 2 1202503053.213919
0645166521133164424206210040 2 1202503053.213919
0111152520333164424206210040 2 1202503053.213919
0121152520333164424206210040 2 1202503053.213919
0142160521333164424206210040 2 1202503053.213919
0144160521333164424206210040 2 1202503053.213919
0145160521333164424206210040 2 1202503053.213919
0121152521333164424206210040 2 1202503053.213919
0145162521333164424206210040 2 1202503053.213919
0142166521333164424206210040 2 1202503053.213919
0144166521333164424206210040 2 1202503053.213919
0045166521333164424206210040 2 1202503053.213919
0145166521333164424206210040 2 1202503053.213919
0142162521633164424206210040 2 1202503053.213919
0141165521633164424206210040 2 1202503053.213919
0145165521633164424206210040 2 1202503053.213919
0645106521633164424206210040 2 1202503053.213919
0045166521633164424206210040 2 1202503053.213919
0645166521633164424206210040 2 1202503053.213919
0142162521033564424206210040 2 1202503053.213919
0121162620333564424206210040 2 1202503053.213919
0144162521333564424206210040 2 1202503053.213919
0142162521633564424206210040 2 1202503053.213919
0142162521033664424206210040 2 1202503053.213919
0142160521333664424206210040 2 1202503053.213919
0114162521333664424206210040 2 1202503053.213919
0144162521333664424206210040 2 1202503053.213919
0112162521633664424206210040 2 1202503053.213919
0142162521633664424206210040 2 1202503053.213919
0511152021353145424206210040 2 1202503053.213919
0025100021313046424206210040 2 1202503053.213919
0625100021313046424206210040 2 1202503053.213919
0025150021313046424206210040 2 1202503053.213919
0625150021313046424206210040 2 1202503053.213919
0025160021313046424206210040 2 1202503053.213919
0625160021313046424206210040 2 1202503053.213919
0025100521313046424206210040 2 1202503053.213919
0625100521313046424206210040 2 1202503053.213919
0025150521313046424206210040 2 1202503053.213919
0625150521313046424206210040 2 1202503053.213919
0025160521313046424206210040 2 1202503053.213919
0625160521313046424206210040 2 1202503053.213919
0015162521303546424206210040 2 1202503053.213919
0025100021313546424206210040 2 1202503053.213919
0025150021313546424206210040 2 1202503053.213919
0025160021313546424206210040 2 1202503053.213919
0025100521313546424206210040 2 1202503053.213919
0025150521313546424206210040 2 1202503053.213919
0025160521313546424206210040 2 1202503053.213919
0012102021363546424206210040 2 1202503053.213919
0612102021363546424206210040 1 1202503053.213919
0012152021363546424206210040 2 1202503053.213919
0612152021363546424206210040 1 1202503053.213919
0012162021363546424206210040 1 1202503053.213919
0015162021303646424206210040 1 1202503053.213919
0015162221303646424206210040 1 1202503053.213919
0015162321303646424206210040 1 1202503053.213919
0015162521303646424206210040 1 1202503053.213919
0015162621303646424206210040 1 1202503053.213919
0124103225313144424610002040 2 1202503053.213919
0124106225353144424210302140 1 1202503053.213919
0124103225313144464210302140 2 1202503053.213919
0124100225353144464210302140 2 1202503053.213919
0124102225353144464210302140 2 1202503053.213919
0124103225353144464210302140 2 1202503053.213919
0124106225353144464210302140 1 1202503053.213919
0124103225313144424610302140 2 1202503053.213919
0124100225353144424610302140 2 1202503053.213919
0124102225353144424610302140 2 1202503053.213919
0124103225353144424610302140 2 1202503053.213919
0124106225353144424610302140 1 1202503053.213919
0124103225313144464610302140 2 1202503053.213919
0124100225353144464610302140 2 1202503053.213919
0124102225353144464610302140 2 1202503053.213919
0124103225353144464610302140 2 1202503053.213919
0124106225353144464610302140 1 1202503053.213919
0524103021313544424210362140 2 1202503053.213919
0524103025313544424210362140 6 1202503053.213919
0524123025313544424210362140 6 1202503053.213919
0524133025313544424210362140 6 1202503053.213919
0524163025313544424210362140 6 1202503053.213919
0524100021353544424210362140 2 1202503053.213919
0524102021353544424210362140 2 1202503053.213919
0524103021353544424210362140 2 1202503053.213919
0524106021353544424210362140 1 1202503053.213919
0524100025353544424210362140 6 1202503053.213919
0524120025353544424210362140 6 1202503053.213919
0524130025353544424210362140 6 1202503053.213919
0524160025353544424210362140 6 1202503053.213919
0524102025353544424210362140 6 1202503053.213919
0524122025353544424210362140 6 1202503053.213919
0524132025353544424210362140 6 1202503053.213919
0524162025353544424210362140 6 1202503053.213919
0524103025353544424210362140 6 1202503053.213919
0524123025353544424210362140 6 1202503053.213919
0524133025353544424210362140 6 1202503053.213919
0524163025353544424210362140 6 1202503053.213919
0524106025353544424210362140 1 1202503053.213919
0524126025353544424210362140 1 1202503053.213919
0524136025353544424210362140 1 1202503053.213919
0524166025353544424210362140 1 1202503053.213919
0524103020313544464210362140 6 1202503053.213919
0524103021313544464210362140 2 1202503053.213919
0524103023313544464210362140 6 1202503053.213919
0524103024313544464210362140 6 1202503053.213919
0524103025313544464210362140 6 1202503053.213919
0524100020353544464210362140 6 1202503053.213919
0524102020353544464210362140 6 1202503053.213919
0524103020353544464210362140 6 1202503053.213919
0524106020353544464210362140 1 1202503053.213919
0524100021353544464210362140 2 1202503053.213919
0524102021353544464210362140 2 1202503053.213919
0524103021353544464210362140 2 1202503053.213919
0524106021353544464210362140 1 1202503053.213919
0524100023353544464210362140 6 1202503053.213919
0524102023353544464210362140 6 1202503053.213919
0524103023353544464210362140 6 1202503053.213919
0524106023353544464210362140 1 1202503053.213919
0524100024353544464210362140 6 1202503053.213919
0524102024353544464210362140 6 1202503053.213919
0524103024353544464210362140 6 1202503053.213919
0524106024353544464210362140 1 1202503053.213919
0524100025353544464210362140 6 1202503053.213919
0524102025353544464210362140 6 1202503053.213919
0524103025353544464210362140 6 1202503053.213919
0524106025353544464210362140 1 1202503053.213919
0524103021313544424610362140 2 1202503053.213919
0524103025313544424610362140 6 1202503053.213919
0524123025313544424610362140 6 1202503053.213919
0524133025313544424610362140 6 1202503053.213919
0524163025313544424610362140 6 1202503053.213919
0524100021353544424610362140 2 1202503053.213919
0524102021353544424610362140 2 1202503053.213919
0524103021353544424610362140 2 1202503053.213919
0524106021353544424610362140 1 1202503053.213919
0524100025353544424610362140 6 1202503053.213919
0524120025353544424610362140 6 1202503053.213919
0524130025353544424610362140 6 1202503053.213919
0524160025353544424610362140 6 1202503053.213919
0524102025353544424610362140 6 1202503053.213919
0524122025353544424610362140 6 1202503053.213919
0524132025353544424610362140 6 1202503053.213919
0524162025353544424610362140 6 1202503053.213919
0524103025353544424610362140 6 1202503053.213919
0524123025353544424610362140 6 1202503053.213919
0524133025353544424610362140 6 1202503053.213919
0524163025353544424610362140 6 1202503053.213919
0524106025353544424610362140 1 1202503053.213919
0524126025353544424610362140 1 1202503053.213919
0524136025353544424610362140 1 1202503053.213919
0524166025353544424610362140 1 1202503053.213919
0524103020313544464610362140 6 1202503053.213919
0524103021313544464610362140 2 1202503053.213920
0524103023313544464610362140 6 1202503053.213920
0524103024313544464610362140 6 1202503053.213920
0524103025313544464610362140 6 1202503053.213920
0524100020353544464610362140 6 1202503053.213920
0524102020353544464610362140 6 1202503053.213920
0524103020353544464610362140 6 1202503053.213920
0524106020353544464610362140 1 1202503053.213920
0524100021353544464610362140 2 1202503053.213920
0524102021353544464610362140 2 1202503053.213920
0524103021353544464610362140 2 1202503053.213920
0524106021353544464610362140 1 1202503053.213920
0524100023353544464610362140 6 1202503053.213920
0524102023353544464610362140 6 1202503053.213920
0524103023353544464610362140 6 1202503053.213920
0524106023353544464610362140 1 1202503053.213920
0524100024353544464610362140 6 1202503053.213920
0524102024353544464610362140 6 1202503053.213920
0524103024353544464610362140 6 1202503053.213920
0524106024353544464610362140 1 1202503053.213920
0524100025353544464610362140 6 1202503053.213920
0524102025353544464610362140 6 1202503053.213920
0524103025353544464610362140 6 1202503053.213920
0524106025353544464610362140 1 1202503053.213920
0124103621313144424210002550 6 1202503053.213920
0124103625313144424210002550 2 1202503053.213920
0124103620313144464210002550 6 1202503053.213920
0124103621313144464210002550 6 1202503053.213920
0124103623313144464210002550 6 1202503053.213920
0124103624313144464210002550 6 1202503053.213920
0124103225313144464210002550 2 1202503053.213920
0124103625313144464210002550 2 1202503053.213920
0124103621313144424610002550 6 1202503053.213920
0124103225313144424610002550 2 1202503053.213920
0124103625313144424610002550 2 1202503053.213920
0124103620313144464610002550 6 1202503053.213920
0124103621313144464610002550 6 1202503053.213920
0124103623313144464610002550 6 1202503053.213920
0124103624313144464610002550 6 1202503053.213920
0124103225313144464610002550 2 1202503053.213920
0124103625313144464610002550 2 1202503053.213920
0124103225313144424610002301 2 1202503053.213920
0012102621353640424200000011 2 1202503053.213920
0012152621353640424200000011 2 1202503053.213920
0144152621333142424200000011 2 1202503053.213920
0144152621333542424200000011 2 1202503053.213920
0142152226333604424200000011 2 1202503053.213920
0142152526333604424200000011 2 1202503053.213920
0142152226333614424200000011 2 1202503053.213920
0142152526333614424200000011 2 1202503053.213920
0142152226333624424200000011 2 1202503053.213920
0142152526333624424200000011 2 1202503053.213920
0610152021353044424200000011 2 1202503053.213920
0610152621353044424200000011 2 1202503053.213920
0142152226333644424200000011 2 1202503053.213920
0142152526333644424200000011 2 1202503053.213920
0610102021353644424200000011 2 1202503053.213920
0610102621353644424200000011 2 1202503053.213920
0012102621353644424200000011 2 1202503053.213920
0142152226333654424200000011 2 1202503053.213920
0142152526333654424200000011 2 1202503053.213920
0142152226333664424200000011 2 1202503053.213920
0142152526333664424200000011 2 1202503053.213920
0144152621333145424200000011 2 1202503053.213920
0114162021363145424200000011 1 1202503053.213920
0114162021303645424200000011 1 1202503053.213920
0144152621333546424200000011 2 1202503053.213920
0012102621353646424200000011 2 1202503053.213920
0012152621353646424200000011 2 1202503053.213920
0141152226363646424200000011 2 1202503053.213920
0110102220303045424606542111 1 1202503053.213920
0110102220303145424606542111 1 1202503053.213920
0022100021353044424601612411 2 1202503053.213920
0422150521303144424601612411 2 1202503053.213920
0424150521313144424601612411 2 1202503053.213920
0024150021333144424601612411 2 1202503053.213920
0124150021333144424601612411 2 1202503053.213920
0422150521353144424601612411 2 1202503053.213920
0422150521303544424601612411 2 1202503053.213920
0524100521313544424601612411 2 1202503053.213920
0024150521313544424601612411 2 1202503053.213920
0424150521313544424601612411 2 1202503053.213920
0124150021333544424601612411 2 1202503053.213920
0524150021333544424601612411 2 1202503053.213920
0024150521333544424601612411 2 1202503053.213920
0124150021353544424601612411 2 1202503053.213920
0422150521353544424601612411 2 1202503053.213920
0022100021353045424601612411 2 1202503053.213920
0422150521303145424601612411 2 1202503053.213920
0524100521313145424601612411 2 1202503053.213920
0424150521313145424601612411 2 1202503053.213920
0422150521333145424601612411 2 1202503053.213920
0024150521333145424601612411 2 1202503053.213920
0422150521353145424601612411 2 1202503053.213920
0524100021313545424601612411 2 1202503053.213920
0124150021313545424601612411 2 1202503053.213920
0524100521313545424601612411 2 1202503053.213920
0024150521313545424601612411 2 1202503053.213920
0422150521353545424601612411 2 1202503053.213920
0012162521303040424200000611 1 1202503053.213920
0612162521303040424200000611 1 1202503053.213920
0012162521363040424200000611 1 1202503053.213920
0012162521303540424200000611 1 1202503053.213920
0612162521303540424200000611 1 1202503053.213920
0614102021353540424200000611 2 1202503053.213920
0614102621353540424200000611 2 1202503053.213920
0012162521363540424200000611 1 1202503053.213920
0642162521363540424200000611 1 1202503053.213920
0010102021353640424200000611 2 1202503053.213920
0012102021353640424200000611 2 1202503053.213920
0614102021353640424200000611 2 1202503053.213920
0016102021353640424200000611 2 1202503053.213920
0010152021353640424200000611 2 1202503053.213920
0012152021353640424200000611 2 1202503053.213920
0016152021353640424200000611 2 1202503053.213920
0010102621353640424200000611 2 1202503053.213920
0012102621353640424200000611 2 1202503053.213920
0614102621353640424200000611 2 1202503053.213920
0016102621353640424200000611 2 1202503053.213920
0010152621353640424200000611 2 1202503053.213920
0012152621353640424200000611 2 1202503053.213920
0016152621353640424200000611 2 1202503053.213920
0012162521303044424200000611 1 1202503053.213920
0612162521303044424200000611 1 1202503053.213920
0610102021353044424200000611 2 1202503053.213920
0610152021353044424200000611 2 1202503053.213920
0610102621353044424200000611 2 1202503053.213920
0610152621353044424200000611 2 1202503053.213920
0012162521363044424200000611 1 1202503053.213920
0010102021353644424200000611 2 1202503053.213920
0510102021353644424200000611 2 1202503053.213920
0610102021353644424200000611 2 1202503053.213920
0012102021353644424200000611 2 1202503053.213920
0014102021353644424200000611 2 1202503053.213920
0010152021353644424200000611 2 1202503053.213920
0510152021353644424200000611 2 1202503053.213920
0010102621353644424200000611 2 1202503053.213920
0510102621353644424200000611 2 1202503053.213920
0610102621353644424200000611 2 1202503053.213920
0012102621353644424200000611 2 1202503053.213920
0062102621353644424200000611 2 1202503053.213920
0014102621353644424200000611 2 1202503053.213920
0010152621353644424200000611 2 1202503053.213920
0510152621353644424200000611 2 1202503053.213920
0642162521363045424200000611 1 1202503053.213920
0012162521303046424200000611 1 1202503053.213920
0612162521303046424200000611 1 1202503053.213920
0012162521363046424200000611 1 1202503053.213920
0012162521303546424200000611 1 1202503053.213920
0612162521303546424200000611 1 1202503053.213920
0012162521363546424200000611 1 1202503053.213920
0010102021353646424200000611 2 1202503053.213920
0012102021353646424200000611 2 1202503053.213920
0014102021353646424200000611 2 1202503053.213920
0016102021353646424200000611 2 1202503053.213920
0010152021353646424200000611 2 1202503053.213920
0012152021353646424200000611 2 1202503053.213920
0016152021353646424200000611 2 1202503053.213920
0010102621353646424200000611 2 1202503053.213920
0012102621353646424200000611 2 1202503053.213920
0014102621353646424200000611 2 1202503053.213920
0016102621353646424200000611 2 1202503053.213920
0010152621353646424200000611 2 1202503053.213920
0012152621353646424200000611 2 1202503053.213920
0016152621353646424200000611 2 1202503053.213920
0142150621333104424200000521 2 1202503053.213920
0144150621333104424200000521 2 1202503053.213920
0146150621333104424200000521 2 1202503053.213920
0144150621333504424200000521 2 1202503053.213920
0141100621333114424200000521 2 1202503053.213920
0142150621333114424200000521 2 1202503053.213921
0144150621333114424200000521 2 1202503053.213921
0146150621333114424200000521 2 1202503053.213921
0144150621333514424200000521 2 1202503053.213921
0142150621333124424200000521 2 1202503053.213921
0144150621333124424200000521 2 1202503053.213921
0146150621333124424200000521 2 1202503053.213921
0141100621133144424200000521 2 1202503053.213921
0142150621333144424200000521 2 1202503053.213921
0144150621333144424200000521 2 1202503053.213921
0146150621333144424200000521 2 1202503053.213921
0142150621333154424200000521 2 1202503053.213921
0144150621333154424200000521 2 1202503053.213921
0146150621333154424200000521 2 1202503053.213921
0142150621333164424200000521 2 1202503053.213921
0144150621333164424200000521 2 1202503053.213921
0146150621333164424200000521 2 1202503053.213921
0126102523343121404200122141 1 1202503053.213921
0126102525343121404200122141 6 1202503053.213921
0126152521343025404200122141 2 1202503053.213921
0126102523343025404200122141 6 1202503053.213921
0126102525343125404200122141 1 1202503053.213921
0126102523343506404200122141 1 1202503053.213921
0126102524343126404200122141 1 1202503053.213921
0126102525343126404200122141 6 1202503053.213921
0516102325303541424200122141 1 1202503053.213921
0516122325303541424200122141 1 1202503053.213921
0516132325303541424200122141 1 1202503053.213921
0516152325303541424200122141 1 1202503053.213921
0516162325303541424200122141 1 1202503053.213921
0506102325353541424200122141 1 1202503053.213921
0516102325353541424200122141 1 1202503053.213921
0526102325353541424200122141 1 1202503053.213921
0546102325353541424200122141 1 1202503053.213921
0556102325353541424200122141 1 1202503053.213921
0566102325353541424200122141 1 1202503053.213921
0506122325353541424200122141 1 1202503053.213921
0516122325353541424200122141 1 1202503053.213921
0526122325353541424200122141 1 1202503053.213921
0546122325353541424200122141 1 1202503053.213921
0556122325353541424200122141 1 1202503053.213921
0566122325353541424200122141 1 1202503053.213921
0506132325353541424200122141 1 1202503053.213921
0516132325353541424200122141 1 1202503053.213921
0526132325353541424200122141 1 1202503053.213921
0546132325353541424200122141 1 1202503053.213921
0556132325353541424200122141 1 1202503053.213921
0566132325353541424200122141 1 1202503053.213921
0506152325353541424200122141 1 1202503053.213921
0516152325353541424200122141 1 1202503053.213921
0526152325353541424200122141 1 1202503053.213921
0546152325353541424200122141 1 1202503053.213921
0556152325353541424200122141 1 1202503053.213921
0566152325353541424200122141 1 1202503053.213921
0506162325353541424200122141 1 1202503053.213921
0516162325353541424200122141 1 1202503053.213921
0526162325353541424200122141 1 1202503053.213921
0546162325353541424200122141 1 1202503053.213921
0556162325353541424200122141 1 1202503053.213921
0566162325353541424200122141 1 1202503053.213921
0114152021303546424200122141 1 1202503053.213921
0026102525303546424200122141 6 1202503053.213921
0026122525303546424200122141 6 1202503053.213921
0026132525303546424200122141 6 1202503053.213921
0026152525303546424200122141 6 1202503053.213921
0026162525303546424200122141 6 1202503053.213921
0114152021313546424200122141 2 1202503053.213921
0114152021333546424200122141 2 1202503053.213921
0511102025333546424200122141 6 1202503053.213921
