0011102521363640424200000012 1 1202504012.204555
0011152521363640424200000012 1 1202504012.204555
0026162621353042424200000012 2 1202504012.204556
0011102521363644424200000012 1 1202504012.204556
0011102521363646424200000012 1 1202504012.204556
0011152521363646424200000012 1 1202504012.204556
0111152021343120464200000012 1 1202504012.204556
0111152021343120464200000012 2 1202504012.204556
0111152021343121464200000012 1 1202504012.204556
0111152021343121464200000012 2 1202504012.204556
0111152021343126464200000012 1 1202504012.204556
0111152021343126464200000012 2 1202504012.204556
0611162021353040424200000612 2 1202504012.204557
0611162021353540424200000612 2 1202504012.204557
0611162021353044424200000612 2 1202504012.204557
0061102521363644424200000612 1 1202504012.204557
0611162021353046424200000612 2 1202504012.204557
0611162021353546424200000612 2 1202504012.204557
0026102525353544424601112014 1 1202504012.204557
0026102521353545424601112014 1 1202504012.204557
0026102521353545424601112014 2 1202504012.204557
0026102525353545424601112014 1 1202504012.204558
0026102525353545424601112014 2 1202504012.204558
0026102524353562454601112014 1 1202504012.204558
0022102520353565454601112014 1 1202504012.204558
0026102520353565454601112014 1 1202504012.204558
0026102521353565454601112014 1 1202504012.204558
0026102521353565454601112014 2 1202504012.204558
0026102523353565454601112014 1 1202504012.204558
0026102524353565454601112014 1 1202504012.204558
0026102525353565454601112014 1 1202504012.204559
0026102525353565454601112014 2 1202504012.204559
0111152021363120404200000544 1 1202504012.204559
0111152021363120404200000544 2 1202504012.204559
0111152021363121404200000544 1 1202504012.204559
0111152021363121404200000544 2 1202504012.204559
0645103226103140424206641025 2 1202504012.204559
0645103226103140424206641025 6 1202504012.204559
0645103226113140424206641025 2 1202504012.204559
0645103226133140424206641025 2 1202504012.204559
0645103226143140424206641025 2 1202504012.204559
0645103226153140424206641025 2 1202504012.204559
0645103226153140424206641025 6 1202504012.204559
0645103226163140424206641025 2 1202504012.204559
0142153521103640424206641025 2 1202504012.204600
0142153521103640424206641025 6 1202504012.204600
0142153526103640424206641025 2 1202504012.204600
0142153526103640424206641025 6 1202504012.204600
0146153520153640424206641025 2 1202504012.204600
0146153520153640424206641025 6 1202504012.204600
0145105521303041424206641025 2 1202504012.204600
0145105521303041424206641025 6 1202504012.204600
0645105521303041424206641025 2 1202504012.204600
0645105521303041424206641025 6 1202504012.204600
0645155521303041424206641025 2 1202504012.204600
0645155521303041424206641025 6 1202504012.204600
0645105026303041424206641025 2 1202504012.204600
0645105026303041424206641025 6 1202504012.204600
0645125026303041424206641025 2 1202504012.204600
0645125026303041424206641025 6 1202504012.204600
0645135026303041424206641025 2 1202504012.204601
0645135026303041424206641025 6 1202504012.204601
0645155026303041424206641025 2 1202504012.204601
0645155026303041424206641025 6 1202504012.204601
0645105226303041424206641025 2 1202504012.204601
0645105226303041424206641025 6 1202504012.204601
0645125226303041424206641025 2 1202504012.204601
0645125226303041424206641025 6 1202504012.204601
0645135226303041424206641025 2 1202504012.204601
0645135226303041424206641025 6 1202504012.204601
0645155226303041424206641025 2 1202504012.204601
0645155226303041424206641025 6 1202504012.204601
0645105326303041424206641025 2 1202504012.204601
0645105326303041424206641025 6 1202504012.204601
0645125326303041424206641025 2 1202504012.204601
0645125326303041424206641025 6 1202504012.204601
0645135326303041424206641025 2 1202504012.204601
0645135326303041424206641025 6 1202504012.204602
0645155326303041424206641025 2 1202504012.204602
0645155326303041424206641025 6 1202504012.204602
0145105526303041424206641025 2 1202504012.204602
0145105526303041424206641025 6 1202504012.204602
0645105526303041424206641025 2 1202504012.204602
0645105526303041424206641025 6 1202504012.204602
0645125526303041424206641025 2 1202504012.204602
0645125526303041424206641025 6 1202504012.204602
0645135526303041424206641025 2 1202504012.204602
0645135526303041424206641025 6 1202504012.204602
0645155526303041424206641025 2 1202504012.204602
0645155526303041424206641025 6 1202504012.204602
0645155521313041424206641025 2 1202504012.204602
0645155521313041424206641025 6 1202504012.204602
0645155521333041424206641025 2 1202504012.204602
0645155521343041424206641025 2 1202504012.204603
0645152321353041424206641025 1 1202504012.204603
0645152321353041424206641025 6 1202504012.204603
0645155521353041424206641025 2 1202504012.204603
0645155521353041424206641025 6 1202504012.204603
0645155521363041424206641025 2 1202504012.204603
0145105521303141424206641025 2 1202504012.204603
0145105521303141424206641025 6 1202504012.204603
0645105521303141424206641025 2 1202504012.204603
0645105521303141424206641025 6 1202504012.204603
0145105526303141424206641025 2 1202504012.204603
0145105526303141424206641025 6 1202504012.204603
0645105526303141424206641025 2 1202504012.204603
0645105526303141424206641025 6 1202504012.204603
0566150021313141424206641025 2 1202504012.204603
0566150021313141424206641025 6 1202504012.204603
0566155021313141424206641025 2 1202504012.204604
0566155021313141424206641025 6 1202504012.204604
0566150521313141424206641025 2 1202504012.204604
0566150521313141424206641025 6 1202504012.204604
0145105521313141424206641025 2 1202504012.204604
0145105521313141424206641025 6 1202504012.204604
0645105521313141424206641025 2 1202504012.204604
0645105521313141424206641025 6 1202504012.204604
0566155521313141424206641025 2 1202504012.204604
0566155521313141424206641025 6 1202504012.204604
0145105526313141424206641025 2 1202504012.204604
0145105526313141424206641025 6 1202504012.204604
0645105526313141424206641025 2 1202504012.204604
0645105526313141424206641025 6 1202504012.204604
0145105521333141424206641025 2 1202504012.204604
0645105521333141424206641025 2 1202504012.204605
0145105526333141424206641025 2 1202504012.204605
0645105526333141424206641025 2 1202504012.204605
0145105521343141424206641025 2 1202504012.204605
0645105521343141424206641025 2 1202504012.204605
0145105526343141424206641025 2 1202504012.204605
0645105526343141424206641025 2 1202504012.204605
0145105521353141424206641025 2 1202504012.204605
0145105521353141424206641025 6 1202504012.204605
0645105521353141424206641025 2 1202504012.204605
0645105521353141424206641025 6 1202504012.204605
0145105526353141424206641025 2 1202504012.204605
0145105526353141424206641025 6 1202504012.204605
0645105526353141424206641025 2 1202504012.204605
0645105526353141424206641025 6 1202504012.204605
0145105521363141424206641025 2 1202504012.204605
0645105521363141424206641025 2 1202504012.204605
0145105526363141424206641025 2 1202504012.204606
0645105526363141424206641025 2 1202504012.204606
0142152521303641424206641025 1 1202504012.204606
0142152521303641424206641025 2 1202504012.204606
0142152521303641424206641025 6 1202504012.204606
0145105521303641424206641025 2 1202504012.204606
0145105521303641424206641025 6 1202504012.204606
0645105521303641424206641025 2 1202504012.204606
0645105521303641424206641025 6 1202504012.204606
0645102026303641424206641025 1 1202504012.204606
0645102026303641424206641025 2 1202504012.204606
0645102026303641424206641025 6 1202504012.204606
0645122026303641424206641025 1 1202504012.204606
0645122026303641424206641025 2 1202504012.204606
0645122026303641424206641025 6 1202504012.204606
0645132026303641424206641025 1 1202504012.204606
0645132026303641424206641025 2 1202504012.204606
0645132026303641424206641025 6 1202504012.204607
0645152026303641424206641025 1 1202504012.204607
0645152026303641424206641025 2 1202504012.204607
0645152026303641424206641025 6 1202504012.204607
0645105026303641424206641025 2 1202504012.204607
0645105026303641424206641025 6 1202504012.204607
0645125026303641424206641025 2 1202504012.204607
0645125026303641424206641025 6 1202504012.204607
0645135026303641424206641025 2 1202504012.204607
0645135026303641424206641025 6 1202504012.204607
0645155026303641424206641025 2 1202504012.204607
0645155026303641424206641025 6 1202504012.204607
0645102226303641424206641025 1 1202504012.204607
0645102226303641424206641025 2 1202504012.204607
0645102226303641424206641025 6 1202504012.204607
0645122226303641424206641025 1 1202504012.204607
0645122226303641424206641025 2 1202504012.204608
0645122226303641424206641025 6 1202504012.204608
0645132226303641424206641025 1 1202504012.204608
0645132226303641424206641025 2 1202504012.204608
0645132226303641424206641025 6 1202504012.204608
0645152226303641424206641025 1 1202504012.204608
0645152226303641424206641025 2 1202504012.204608
0645152226303641424206641025 6 1202504012.204608
0645105226303641424206641025 2 1202504012.204608
0645105226303641424206641025 6 1202504012.204608
0645125226303641424206641025 2 1202504012.204608
0645125226303641424206641025 6 1202504012.204608
0645135226303641424206641025 2 1202504012.204608
0645135226303641424206641025 6 1202504012.204608
0645155226303641424206641025 2 1202504012.204608
0645155226303641424206641025 6 1202504012.204608
0645102326303641424206641025 1 1202504012.204608
0645102326303641424206641025 2 1202504012.204609
0645102326303641424206641025 6 1202504012.204609
0645122326303641424206641025 1 1202504012.204609
0645122326303641424206641025 2 1202504012.204609
0645122326303641424206641025 6 1202504012.204609
0645132326303641424206641025 1 1202504012.204609
0645132326303641424206641025 2 1202504012.204609
0645132326303641424206641025 6 1202504012.204609
0645152326303641424206641025 1 1202504012.204609
0645152326303641424206641025 2 1202504012.204609
0645152326303641424206641025 6 1202504012.204609
0645105326303641424206641025 2 1202504012.204609
0645105326303641424206641025 6 1202504012.204609
0645125326303641424206641025 2 1202504012.204609
0645125326303641424206641025 6 1202504012.204609
0645135326303641424206641025 2 1202504012.204609
0645135326303641424206641025 6 1202504012.204609
0645155326303641424206641025 2 1202504012.204610
0645155326303641424206641025 6 1202504012.204610
0645122526303641424206641025 1 1202504012.204610
0645122526303641424206641025 2 1202504012.204610
0645122526303641424206641025 6 1202504012.204610
0645132526303641424206641025 1 1202504012.204610
0645132526303641424206641025 2 1202504012.204610
0645132526303641424206641025 6 1202504012.204610
0645152526303641424206641025 1 1202504012.204610
0645152526303641424206641025 2 1202504012.204610
0645152526303641424206641025 6 1202504012.204610
0145105526303641424206641025 2 1202504012.204610
0145105526303641424206641025 6 1202504012.204610
0645105526303641424206641025 2 1202504012.204610
0645105526303641424206641025 6 1202504012.204610
0645125526303641424206641025 2 1202504012.204610
0645125526303641424206641025 6 1202504012.204611
0645135526303641424206641025 2 1202504012.204611
0645135526303641424206641025 6 1202504012.204611
0645155526303641424206641025 2 1202504012.204611
0645155526303641424206641025 6 1202504012.204611
0566150021313641424206641025 2 1202504012.204611
0566150021313641424206641025 6 1202504012.204611
0566155021313641424206641025 2 1202504012.204611
0566155021313641424206641025 6 1202504012.204611
0566150221313641424206641025 6 1202504012.204611
0566155221313641424206641025 6 1202504012.204611
0566150321313641424206641025 6 1202504012.204611
0566155321313641424206641025 6 1202504012.204611
0566150521313641424206641025 2 1202504012.204611
0566150521313641424206641025 6 1202504012.204612
0145105521313641424206641025 2 1202504012.204612
0145105521313641424206641025 6 1202504012.204612
0645105521313641424206641025 2 1202504012.204612
0645105521313641424206641025 6 1202504012.204612
0566155521313641424206641025 2 1202504012.204612
0566155521313641424206641025 6 1202504012.204612
0645105026313641424206641025 2 1202504012.204612
0645105026313641424206641025 6 1202504012.204612
0645125026313641424206641025 2 1202504012.204612
0645125026313641424206641025 6 1202504012.204612
0645135026313641424206641025 2 1202504012.204612
0645135026313641424206641025 6 1202504012.204612
0645155026313641424206641025 2 1202504012.204612
0645155026313641424206641025 6 1202504012.204612
0645105226313641424206641025 2 1202504012.204612
0645105226313641424206641025 6 1202504012.204613
0645125226313641424206641025 2 1202504012.204613
0645125226313641424206641025 6 1202504012.204613
0645135226313641424206641025 2 1202504012.204613
0645135226313641424206641025 6 1202504012.204613
0645155226313641424206641025 2 1202504012.204613
0645155226313641424206641025 6 1202504012.204613
0645105326313641424206641025 2 1202504012.204613
0645105326313641424206641025 6 1202504012.204613
0645125326313641424206641025 2 1202504012.204613
0645125326313641424206641025 6 1202504012.204613
0645135326313641424206641025 2 1202504012.204613
0645135326313641424206641025 6 1202504012.204613
0645155326313641424206641025 2 1202504012.204613
