012115252143301040420510 2 1202502053.004058
011115252143311040420510 2 1202502053.004058
011115252143300240420510 2 1202502053.004058
012115252143300240420510 2 1202502053.004058
012115252143301240420510 2 1202502053.004059
011115252143311240420510 2 1202502053.004059
012115252143302240420510 2 1202502053.004059
012115252143304240420510 2 1202502053.004059
011115252143305240420510 2 1202502053.004059
012115252143305240420510 2 1202502053.004059
024415252130354042420510 2 1202502053.004100
024415252131354042420510 2 1202502053.004100
024415252133354042420510 2 1202502053.004100
024415252134354042420510 2 1202502053.004101
024415252135354042420510 1 1202502053.004101
054210252130352442420510 2 1202502053.004101
054215252130304442420510 1 1202502053.004101
024415252130352542420510 1 1202502053.004102
014410552131300042420420 2 1202502053.004102
014410552131310042420420 2 1202502053.004102
014410552131320042420420 2 1202502053.004102
014410552131340042420420 2 1202502053.004103
014410552131350042420420 2 1202502053.004103
014410352101304042420420 2 1202502053.004103
014410352111304042420420 2 1202502053.004103
004110552131304042420420 2 1202502053.004103
014410552131300142420420 2 1202502053.004103
014410552131310142420420 2 1202502053.004103
014410552131320142420420 2 1202502053.004103
014410552131340142420420 2 1202502053.004103
014410552131350142420420 2 1202502053.004104
014410552131304142420420 2 1202502053.004104
052110552131314142420420 2 1202502053.004104
014410552131300242420420 2 1202502053.004104
014410552131310242420420 2 1202502053.004104
014410552131320242420420 2 1202502053.004104
014410552131340242420420 2 1202502053.004104
014410552131350242420420 2 1202502053.004104
014410352101314242420420 2 1202502053.004104
014410552131300442420420 2 1202502053.004104
014410052113300442420420 2 1202502053.004104
014410552131310442420420 2 1202502053.004105
014410052113310442420420 2 1202502053.004105
014410052133310442420420 2 1202502053.004105
014410252133310442420420 2 1202502053.004105
014410352133310442420420 2 1202502053.004105
004110552133310442420420 2 1202502053.004105
014410552133310442420420 2 1202502053.004105
014410552131320442420420 2 1202502053.004105
014410552131340442420420 2 1202502053.004105
014410552131350442420420 2 1202502053.004106
014110052103301442420420 2 1202502053.004106
014410252103301442420420 2 1202502053.004106
014110052113301442420420 2 1202502053.004106
014410052113301442420420 2 1202502053.004106
014110052103311442420420 2 1202502053.004106
014410052103311442420420 2 1202502053.004106
014410252103311442420420 2 1202502053.004106
014110052113311442420420 2 1202502053.004106
014110052133311442420420 2 1202502053.004106
004110552133311442420420 2 1202502053.004107
004110552133312442420420 2 1202502053.004107
014410352101304442420420 2 1202502053.004107
014410352111304442420420 2 1202502053.004107
014410352131304442420420 2 1202502053.004107
004110552131304442420420 2 1202502053.004107
014410052113304442420420 2 1202502053.004107
014410352113304442420420 2 1202502053.004107
014410352101314442420420 2 1202502053.004107
014410352131314442420420 2 1202502053.004108
004110552131314442420420 2 1202502053.004108
014410552131314442420420 2 1202502053.004108
014110052103314442420420 2 1202502053.004108
014210052103314442420420 2 1202502053.004108
014410052103314442420420 2 1202502053.004108
014210252103314442420420 2 1202502053.004108
014410252103314442420420 2 1202502053.004108
014210352103314442420420 2 1202502053.004108
014410352103314442420420 2 1202502053.004108
014210552103314442420420 2 1202502053.004109
014410552103314442420420 2 1202502053.004109
014110052113314442420420 2 1202502053.004109
014210052113314442420420 2 1202502053.004109
014410052113314442420420 2 1202502053.004109
054110052133314442420420 2 1202502053.004109
004110552133314442420420 2 1202502053.004109
014410052103315442420420 2 1202502053.004109
014410252103315442420420 2 1202502053.004109
014410352103315442420420 2 1202502053.004110
014410552103315442420420 2 1202502053.004110
004110552133315442420420 2 1202502053.004110
014410552131300542420420 2 1202502053.004110
014410552131310542420420 2 1202502053.004110
014410552131320542420420 2 1202502053.004110
014410552131340542420420 2 1202502053.004110
014410552131350542420420 2 1202502053.004110
014210352101304542420420 2 1202502053.004110
014410352101304542420420 2 1202502053.004110
011010222030304542420254 1 1202502053.004111
014115222035304042420010 1 1202502053.004111
012415202133310442420010 2 1202502053.004111
012415202133311442420010 2 1202502053.004111
012415202133312442420010 2 1202502053.004111
012415202133314442420010 2 1202502053.004111
012415202133315442420010 2 1202502053.004112
012410322531314442421030 2 1202502053.004112
012410022535314442421030 2 1202502053.004112
012410222535314442421030 2 1202502053.004112
012410322535314442421030 2 1202502053.004112
012415202135304542420512 1 1202502053.004121
005510202135354542420512 1 1202502053.004121
014410052103300442420421 2 1202502053.004121
014410252103300442420421 2 1202502053.004121
014410552103300442420421 2 1202502053.004121
014410052113300442420421 2 1202502053.004121
014110052103310442420421 2 1202502053.004121
014410052103310442420421 2 1202502053.004121
014510052103310442420421 2 1202502053.004121
014110552103310442420421 2 1202502053.004121
014410552103310442420421 2 1202502053.004122
014410052113310442420421 2 1202502053.004122
014510052113310442420421 2 1202502053.004122
014410052133310442420421 2 1202502053.004122
014410052103301442420421 2 1202502053.004122
014210252103301442420421 2 1202502053.004122
014410252103301442420421 2 1202502053.004122
014210052113301442420421 2 1202502053.004122
014410052113301442420421 2 1202502053.004122
014110052103311442420421 2 1202502053.004122
014410052103311442420421 2 1202502053.004123
014510052103311442420421 2 1202502053.004123
014210252103311442420421 2 1202502053.004123
014410252103311442420421 2 1202502053.004123
014210552103311442420421 2 1202502053.004123
014110052113311442420421 2 1202502053.004123
014210052113311442420421 2 1202502053.004123
014410052113311442420421 2 1202502053.004123
014510052113311442420421 2 1202502053.004123
014110052133311442420421 2 1202502053.004123
014510052103312442420421 2 1202502053.004124
014510052113312442420421 2 1202502053.004124
014410052103304442420421 2 1202502053.004124
014210252103304442420421 2 1202502053.004124
014410252103304442420421 2 1202502053.004124
014210552103304442420421 2 1202502053.004124
014410552103304442420421 2 1202502053.004124
014410052113304442420421 2 1202502053.004124
014410052133304442420421 2 1202502053.004124
014110052103314442420421 2 1202502053.004124
014210052103314442420421 2 1202502053.004125
014410052103314442420421 2 1202502053.004125
014510052103314442420421 2 1202502053.004125
014210252103314442420421 2 1202502053.004125
014410252103314442420421 2 1202502053.004125
014110552103314442420421 2 1202502053.004125
014410552103314442420421 2 1202502053.004125
014110052113314442420421 2 1202502053.004125
014210052113314442420421 2 1202502053.004125
014410052113314442420421 2 1202502053.004125
014510052113314442420421 2 1202502053.004125
014110052133314442420421 2 1202502053.004126
014110052103315442420421 2 1202502053.004126
014510052103315442420421 2 1202502053.004126
014210052113315442420421 2 1202502053.004126
014410052113315442420421 2 1202502053.004126
014510052113315442420421 2 1202502053.004126
014410352101304042420424 2 1202502053.004126
014410352101314042420424 2 1202502053.004126
014410352131314042420424 2 1202502053.004126
014110552131354042420424 2 1202502053.004126
014210352101304242420424 2 1202502053.004127
014410352101304242420424 2 1202502053.004127
014210352101314242420424 2 1202502053.004127
014410052103300442420424 2 1202502053.004127
014410252103300442420424 2 1202502053.004127
014410352103300442420424 2 1202502053.004127
014410552103300442420424 2 1202502053.004127
014410052113300442420424 2 1202502053.004127
014210052103301442420424 2 1202502053.004127
014410052103301442420424 2 1202502053.004127
014210252103301442420424 2 1202502053.004128
014410252103301442420424 2 1202502053.004128
014110052113301442420424 2 1202502053.004128
014210052113301442420424 2 1202502053.004128
014410052113301442420424 2 1202502053.004128
014110052133301442420424 2 1202502053.004128
014110052103311442420424 2 1202502053.004128
014210052103311442420424 2 1202502053.004128
014210252103311442420424 2 1202502053.004128
014110052113311442420424 2 1202502053.004128
014210052113311442420424 2 1202502053.004128
014110052133311442420424 2 1202502053.004129
014210352101304442420424 2 1202502053.004129
014410352101304442420424 2 1202502053.004129
014210052113304442420424 2 1202502053.004129
014210352101314442420424 2 1202502053.004129
014410352101314442420424 2 1202502053.004129
014110052103314442420424 2 1202502053.004129
014210052103314442420424 2 1202502053.004129
014210252103314442420424 2 1202502053.004129
014210352103314442420424 2 1202502053.004129
014210552103314442420424 2 1202502053.004130
014110052113314442420424 2 1202502053.004130
014210052113314442420424 2 1202502053.004130
014110052133314442420424 2 1202502053.004130
014110052103305442420424 2 1202502053.004130
014110052103315442420424 2 1202502053.004130
014210052103315442420424 2 1202502053.004130
014210252103315442420424 2 1202502053.004130
014210352103315442420424 2 1202502053.004130
014210552103315442420424 2 1202502053.004130
014210052113315442420424 2 1202502053.004130
014210352101304542420424 2 1202502053.004131
012110552131304542420424 2 1202502053.004131
011410252130314542420424 1 1202502053.004131
014210352101314542420424 2 1202502053.004131
012410352111314542420424 2 1202502053.004131
012410352131314542420424 2 1202502053.004131
004115552131300042420520 2 1202502053.004131
004115552131310042420520 2 1202502053.004131
004115552131320042420520 2 1202502053.004131
004115552131340042420520 2 1202502053.004132
004115552131350042420520 2 1202502053.004132
054215352101304042420520 2 1202502053.004132
004110552131304042420520 2 1202502053.004132
004115552131304042420520 2 1202502053.004133
054115552131304042420520 2 1202502053.004133
054215352101354042420520 2 1202502053.004133
024415352101354042420520 2 1202502053.004133
024415352111354042420520 2 1202502053.004133
024415352131354042420520 2 1202502053.004134
004110552131354042420520 2 1202502053.004134
024415352141354042420520 2 1202502053.004134
024415352151354042420520 2 1202502053.004134
004115552131300142420520 2 1202502053.004134
004115552131310142420520 2 1202502053.004134
004115552131320142420520 2 1202502053.004134
004115552131340142420520 2 1202502053.004135
004115552131350142420520 2 1202502053.004135
004110552131354142420520 2 1202502053.004135
004115552131300242420520 2 1202502053.004135
004115552131310242420520 2 1202502053.004135
004115552131320242420520 2 1202502053.004135
004115552131340242420520 2 1202502053.004135
004115552131350242420520 2 1202502053.004135
004110552131354242420520 2 1202502053.004136
004115552131300442420520 2 1202502053.004136
004115552133300442420520 2 1202502053.004136
004115552131310442420520 2 1202502053.004136
004110552133310442420520 2 1202502053.004136
004115552131320442420520 2 1202502053.004136
004115552131340442420520 2 1202502053.004136
004115552131350442420520 2 1202502053.004137
004115552133301442420520 2 1202502053.004137
004110552133311442420520 2 1202502053.004137
004115552133302442420520 2 1202502053.004137
004110552133312442420520 2 1202502053.004137
054210352131304442420520 2 1202502053.004138
004110552131304442420520 2 1202502053.004138
004115552131304442420520 2 1202502053.004138
004115552133304442420520 2 1202502053.004138
004110552131314442420520 2 1202502053.004138
004110552133314442420520 2 1202502053.004139
004110552131354442420520 2 1202502053.004139
004115552133305442420520 2 1202502053.004139
004110552133315442420520 2 1202502053.004139
004115552131300542420520 2 1202502053.004139
004115552131310542420520 2 1202502053.004139
004115552131320542420520 2 1202502053.004139
004115552131340542420520 2 1202502053.004139
004115552131350542420520 2 1202502053.004140
004115552131314542420520 2 1202502053.004140
004110552131354542420520 2 1202502053.004140
011415202130314042420041 1 1202502053.004140
052210002131314042420041 2 1202502053.004140
052210002131305042420041 2 1202502053.004140
052210002131315042420041 2 1202502053.004140
052210002131325042420041 2 1202502053.004141
052210002131345042420041 2 1202502053.004141
052210002131355042420041 2 1202502053.004141
052510002131304142420041 2 1202502053.004141
052210002131314142420041 2 1202502053.004141
052215002131354142420041 2 1202502053.004141
052210002131305142420041 2 1202502053.004142
052210002131315142420041 2 1202502053.004142
052210002131325142420041 2 1202502053.004142
052210002131345142420041 2 1202502053.004142
052210002131355142420041 2 1202502053.004142
052210002131314242420041 2 1202502053.004142
052210002131305242420041 2 1202502053.004143
052210002131315242420041 2 1202502053.004143
052210002131325242420041 2 1202502053.004143
052210002131345242420041 2 1202502053.004143
052210002131355242420041 2 1202502053.004143
052210002133310442420041 2 1202502053.004143
052015002133310442420041 2 1202502053.004143
052210002133311442420041 2 1202502053.004144
052015002133311442420041 2 1202502053.004144
052210002133312442420041 2 1202502053.004144
052015002133312442420041 2 1202502053.004144
052210002131314442420041 2 1202502053.004144
052215002131314442420041 2 1202502053.004144
052210002133314442420041 2 1202502053.004145
052015002133314442420041 2 1202502053.004145
042515502133314442420041 2 1202502053.004145
011210252553314442420041 2 1202502053.004145
052210002131354442420041 2 1202502053.004145
052215002131354442420041 2 1202502053.004146
052210002131305442420041 2 1202502053.004146
052210002131315442420041 2 1202502053.004146
052210002133315442420041 2 1202502053.004146
052015002133315442420041 2 1202502053.004146
052210002131325442420041 2 1202502053.004147
052210002131345442420041 2 1202502053.004147
052210002131355442420041 2 1202502053.004147
052210002131314542420041 2 1202502053.004148
002110002131354542420041 2 1202502053.004148
052210002131354542420041 2 1202502053.004148
002510002131354542420041 2 1202502053.004148
002115002131354542420041 2 1202502053.004148
052215002131354542420041 2 1202502053.004149
052210002131305542420041 2 1202502053.004149
052210002131315542420041 2 1202502053.004149
052210002131325542420041 2 1202502053.004149
052210002131345542420041 2 1202502053.004149
052210002131355542420041 2 1202502053.004149
051210202135302142420044 1 1202502053.004150
012115252033300442420044 2 1202502053.004150
012115252033310442420044 2 1202502053.004150
012115252033350442420044 2 1202502053.004150
012115252033301442420044 2 1202502053.004151
012115252033311442420044 2 1202502053.004151
012115252033351442420044 2 1202502053.004151
012115252033302442420044 2 1202502053.004151
012115252033312442420044 2 1202502053.004151
012115252033352442420044 2 1202502053.004151
012510302131304442420044 2 1202502053.004151
012115252033304442420044 2 1202502053.004152
012115252033314442420044 2 1202502053.004152
051110202130354442420044 1 1202502053.004152
051210202130354442420044 1 1202502053.004153
052210302111354442420044 2 1202502053.004153
051210202131354442420044 2 1202502053.004154
012115252033354442420044 2 1202502053.004154
051210202133354442420044 2 1202502053.004154
051210202134354442420044 2 1202502053.004154
051210202135354442420044 1 1202502053.004155
012115252033305442420044 2 1202502053.004155
012115252033315442420044 2 1202502053.004155
012115252033355442420044 2 1202502053.004155
051110202130354542420044 1 1202502053.004157
051210202130354542420044 1 1202502053.004157
051110222130354542420044 1 1202502053.004157
051110232130354542420044 1 1202502053.004157
051110252130354542420044 1 1202502053.004158
052210302111354542420044 2 1202502053.004158
051210202131354542420044 2 1202502053.004158
051210202133354542420044 2 1202502053.004159
051210202134354542420044 2 1202502053.004159
051210202135354542420044 1 1202502053.004159
012215252134302240420012 1 1202502053.004159
012215252134302540420012 2 1202502053.004200
012215252134312540420012 2 1202502053.004200
011415202130304042420012 1 1202502053.004200
051415202130304042420012 1 1202502053.004200
051415252130304042420012 1 1202502053.004200
054415252130304042420012 1 1202502053.004200
011415202131304042420012 2 1202502053.004201
051415202131304042420012 2 1202502053.004201
051415252131304042420012 2 1202502053.004201
054415252131304042420012 2 1202502053.004201
011415202133304042420012 2 1202502053.004201
051415202133304042420012 2 1202502053.004201
051415252133304042420012 2 1202502053.004202
054415252133304042420012 2 1202502053.004202
011415202134304042420012 2 1202502053.004202
051415202134304042420012 2 1202502053.004202
051415252134304042420012 2 1202502053.004202
054415252134304042420012 2 1202502053.004203
011415202135304042420012 1 1202502053.004203
051415202135304042420012 1 1202502053.004203
051415252135304042420012 1 1202502053.004203
052415252135304042420012 1 1202502053.004203
054415252135304042420012 1 1202502053.004203
011415202130314042420012 1 1202502053.004204
011415202131314042420012 2 1202502053.004204
011415202133314042420012 2 1202502053.004204
011415202134314042420012 2 1202502053.004204
011415202135314042420012 1 1202502053.004204
012415202135314042420012 1 1202502053.004204
011415202130354042420012 1 1202502053.004204
011415202131354042420012 2 1202502053.004205
011415202133354042420012 2 1202502053.004205
011415202134354042420012 2 1202502053.004205
011415202135354042420012 1 1202502053.004205
054415252130352142420012 1 1202502053.004205
011415202130304142420012 1 1202502053.004205
011415202135304142420012 1 1202502053.004206
012415202135314142420012 2 1202502053.004206
011415202130354142420012 1 1202502053.004206
011415202131354142420012 2 1202502053.004206
011415202133354142420012 2 1202502053.004206
011415202134354142420012 2 1202502053.004206
011415202135354142420012 1 1202502053.004206
011415202130304242420012 1 1202502053.004206
011415202131304242420012 2 1202502053.004207
011415202133304242420012 2 1202502053.004207
011415202134304242420012 2 1202502053.004207
011415202135304242420012 1 1202502053.004207
011415202130354242420012 1 1202502053.004207
011415202131354242420012 2 1202502053.004207
011415202133354242420012 2 1202502053.004207
011415202134354242420012 2 1202502053.004207
011415202135354242420012 1 1202502053.004208
051415202130304442420012 1 1202502053.004208
051415252130304442420012 1 1202502053.004208
054415252130304442420012 1 1202502053.004208
051415202131304442420012 2 1202502053.004209
051415252131304442420012 2 1202502053.004209
054415252131304442420012 2 1202502053.004209
051415202133304442420012 2 1202502053.004209
051415252133304442420012 2 1202502053.004209
054415252133304442420012 2 1202502053.004210
051415202134304442420012 2 1202502053.004210
051415252134304442420012 2 1202502053.004210
054415252134304442420012 2 1202502053.004210
051415202135304442420012 1 1202502053.004210
051415252135304442420012 1 1202502053.004211
052415252135304442420012 1 1202502053.004211
054415252135304442420012 1 1202502053.004211
011415202130314442420012 1 1202502053.004211
011415202131314442420012 2 1202502053.004211
011415202133314442420012 2 1202502053.004211
011415202134314442420012 2 1202502053.004212
011415202135314442420012 1 1202502053.004212
012415202135314442420012 1 1202502053.004212
011415202130354442420012 1 1202502053.004212
011415202131354442420012 2 1202502053.004212
011415202133354442420012 2 1202502053.004212
011415202134354442420012 2 1202502053.004212
011415202135354442420012 1 1202502053.004212
011415202130314542420012 1 1202502053.004213
011415202131314542420012 2 1202502053.004213
011415202133314542420012 2 1202502053.004213
011415202134314542420012 2 1202502053.004213
011415202135314542420012 1 1202502053.004213
011415202130354542420012 1 1202502053.004214
011415202131354542420012 2 1202502053.004214
011415202133354542420012 2 1202502053.004214
011415202134354542420012 2 1202502053.004214
