0616162021353040424200000520 2 1202503252.183859
0614102021353042424200000520 2 1202503252.183859
0612152021353542424200000520 2 1202503252.183859
0046103621113642424200000520 2 1202503252.183859
0612162021353644424200000520 2 1202503252.183900
0616152021353646424200000520 2 1202503252.183900
0612162021353646424200000520 2 1202503252.183900
0516102021333042464600512050 2 1202503252.183900
0516122021333042464600512050 2 1202503252.183900
0516132021333042464600512050 2 1202503252.183900
0516152021333042464600512050 2 1202503252.183901
0516162021333042464600512050 2 1202503252.183901
0114102521333145424604112031 2 1202503252.183901
0562103521013142424200252431 2 1202503252.183902
0562103521013142424600252431 2 1202503252.183904
0012162521303040424200000651 1 1202503252.183905
0012162521303540424200000651 1 1202503252.183905
0012162521303044424200000651 1 1202503252.183905
0012162621303044424200000651 1 1202503252.183905
0411152021333140424601142014 2 1202503252.183905
0441152021333140424601142014 2 1202503252.183905
0026102225353145424601142014 1 1202503252.183907
0026102525353545424601142014 1 1202503252.183908
0201152521353141464601142014 1 1202503252.183908
0211152521353141464601142014 1 1202503252.183908
0221152521353141464601142014 1 1202503252.183908
0241152521353141464601142014 1 1202503252.183908
0251152521353141464601142014 1 1202503252.183908
0261152521353141464601142014 1 1202503252.183909
0202152521353141464601142014 1 1202503252.183909
0212152521353141464601142014 1 1202503252.183909
0222152521353141464601142014 1 1202503252.183909
0242152521353141464601142014 1 1202503252.183909
0252152521353141464601142014 1 1202503252.183909
0262152521353141464601142014 1 1202503252.183909
0211152521303142464601142014 1 1202503252.183909
0202152521303142464601142014 2 1202503252.183909
0212152521303142464601142014 1 1202503252.183909
0222152521303142464601142014 2 1202503252.183909
0242152521303142464601142014 1 1202503252.183909
0252152521303142464601142014 2 1202503252.183909
0262152521303142464601142014 2 1202503252.183909
0202152521313142464601142014 2 1202503252.183909
0212152521313142464601142014 2 1202503252.183909
0222152521313142464601142014 2 1202503252.183910
0242152521313142464601142014 2 1202503252.183910
0252152521313142464601142014 2 1202503252.183910
0262152521313142464601142014 2 1202503252.183910
0202152521333142464601142014 2 1202503252.183910
0212152521333142464601142014 2 1202503252.183910
0222152521333142464601142014 2 1202503252.183910
0242152521333142464601142014 2 1202503252.183910
0252152521333142464601142014 2 1202503252.183910
0262152521333142464601142014 2 1202503252.183910
0202152521343142464601142014 2 1202503252.183910
0212152521343142464601142014 2 1202503252.183910
0222152521343142464601142014 2 1202503252.183910
0242152521343142464601142014 2 1202503252.183910
0252152521343142464601142014 2 1202503252.183910
0262152521343142464601142014 2 1202503252.183910
0201152521353142464601142014 1 1202503252.183911
0211152521353142464601142014 1 1202503252.183911
0221152521353142464601142014 1 1202503252.183911
0241152521353142464601142014 1 1202503252.183911
0251152521353142464601142014 1 1202503252.183911
0261152521353142464601142014 1 1202503252.183911
0202152521353142464601142014 1 1202503252.183911
0212152521353142464601142014 1 1202503252.183911
0222152521353142464601142014 1 1202503252.183911
0242152521353142464601142014 1 1202503252.183911
0252152521353142464601142014 1 1202503252.183911
0262152521353142464601142014 1 1202503252.183911
0026103021513046424200000244 2 1202503252.183915
0016102021353046424200000244 2 1202503252.183915
0016102021303546424200000244 1 1202503252.183915
0026103021013546424200000244 2 1202503252.183915
0026103021113546424200000244 2 1202503252.183916
0016102021313546424200000244 2 1202503252.183916
0026103021313546424200000244 2 1202503252.183916
0026103021413546424200000244 2 1202503252.183916
0026103021513546424200000244 2 1202503252.183916
0026103021613546424200000244 2 1202503252.183916
0016102021333546424200000244 2 1202503252.183916
0016102021343546424200000244 2 1202503252.183916
0016102021353546424200000244 2 1202503252.183917
0016102021363546424200000244 2 1202503252.183917
0516102321303061404600422054 1 1202503252.183917
0516122321303061404600422054 1 1202503252.183917
0516132321303061404600422054 1 1202503252.183917
0516152321303061404600422054 1 1202503252.183917
0516162321303061404600422054 1 1202503252.183917
0516102321303041464600422054 1 1202503252.183917
0516122321303041464600422054 1 1202503252.183918
0516132321303041464600422054 1 1202503252.183918
0516152321303041464600422054 1 1202503252.183918
0516162321303041464600422054 1 1202503252.183918
0062105021333061424600242055 2 1202503252.183925
0062105021333561424600242055 2 1202503252.183925
0062156021333144424600242055 1 1202503252.183926
0062103021113544424600242055 2 1202503252.183927
0062153021113544424600242055 2 1202503252.183927
0062156021333154424600242055 1 1202503252.183927
0062156021333164424600242055 1 1202503252.183927
0062103021113545424600242055 2 1202503252.183930
0062153021113545424600242055 2 1202503252.183930
0062105021333061464600242055 2 1202503252.183930
0062125021333061464600242055 2 1202503252.183930
0062135021333061464600242055 2 1202503252.183930
0062155021333061464600242055 2 1202503252.183930
0062165021333061464600242055 2 1202503252.183930
0062105021333561464600242055 2 1202503252.183931
0062125021333561464600242055 2 1202503252.183931
0062135021333561464600242055 2 1202503252.183931
0062155021333561464600242055 2 1202503252.183931
0062165021333561464600242055 2 1202503252.183931
0512102521633554424201243155 2 1202503252.183931
0526102621353040424200000216 2 1202503252.183931
0111152021363120404200000546 1 1202503252.183931
0111152021363121404200000546 1 1202503252.183931
0441152021333140424601202010 2 1202503252.183932
0141100521033164424204242410 2 1202503252.183932
0141100521133164424204242410 2 1202503252.183932
0141100521333164424204242410 2 1202503252.183932
0012162521303040424200000640 1 1202503252.183932
0011162021353040424200000640 2 1202503252.183932
0012162521303540424200000640 1 1202503252.183932
0011162021353540424200000640 2 1202503252.183933
0011102521363640424200000012 1 1202503252.183935
0011152521363640424200000012 1 1202503252.183935
0026162621353042424200000012 2 1202503252.183936
0610152521303044424200000012 1 1202503252.183936
0610152521363044424200000012 1 1202503252.183936
0610102521303644424200000012 1 1202503252.183936
0610102521363644424200000012 1 1202503252.183936
0011102521363644424200000012 1 1202503252.183936
0011102521363646424200000012 1 1202503252.183939
0011152521363646424200000012 1 1202503252.183939
0111152021343120464200000012 1 1202503252.183940
0111152021343121464200000012 1 1202503252.183940
0111152021343126464200000012 1 1202503252.183940
0011162021353040424200000612 2 1202503252.183940
0611162021353040424200000612 2 1202503252.183940
0011162621353040424200000612 2 1202503252.183940
0614102521303540424200000612 1 1202503252.183940
0011162021353540424200000612 2 1202503252.183940
0611162021353540424200000612 2 1202503252.183940
0011162621353540424200000612 2 1202503252.183941
0614102521363540424200000612 1 1202503252.183941
0010102521303640424200000612 1 1202503252.183941
0011102521303640424200000612 1 1202503252.183941
0614102521303640424200000612 1 1202503252.183941
0016102521303640424200000612 1 1202503252.183941
0010152521303640424200000612 1 1202503252.183941
0011152521303640424200000612 1 1202503252.183941
0016152521303640424200000612 1 1202503252.183942
0010102521363640424200000612 1 1202503252.183942
0011102521363640424200000612 1 1202503252.183942
0614102521363640424200000612 1 1202503252.183942
0016102521363640424200000612 1 1202503252.183942
0010152521363640424200000612 1 1202503252.183942
0011152521363640424200000612 1 1202503252.183942
0016152521363640424200000612 1 1202503252.183942
0610102521303044424200000612 1 1202503252.183942
0610152521303044424200000612 1 1202503252.183943
0011162021353044424200000612 2 1202503252.183943
0611162021353044424200000612 2 1202503252.183943
0011162621353044424200000612 2 1202503252.183943
0610102521363044424200000612 1 1202503252.183943
0610152521363044424200000612 1 1202503252.183943
0010102521303644424200000612 1 1202503252.183943
0510102521303644424200000612 1 1202503252.183943
0610102521303644424200000612 1 1202503252.183944
0011102521303644424200000612 1 1202503252.183944
0014102521303644424200000612 1 1202503252.183944
0010152521303644424200000612 1 1202503252.183944
0510152521303644424200000612 1 1202503252.183944
0010102521363644424200000612 1 1202503252.183944
0510102521363644424200000612 1 1202503252.183944
0610102521363644424200000612 1 1202503252.183944
0011102521363644424200000612 1 1202503252.183945
0061102521363644424200000612 1 1202503252.183945
0014102521363644424200000612 1 1202503252.183945
0010152521363644424200000612 1 1202503252.183945
0510152521363644424200000612 1 1202503252.183945
0011162021353046424200000612 2 1202503252.183945
0611162021353046424200000612 2 1202503252.183945
0011162621353046424200000612 2 1202503252.183945
0011162021353546424200000612 2 1202503252.183946
0611162021353546424200000612 2 1202503252.183946
0011162621353546424200000612 2 1202503252.183946
0010102521303646424200000612 1 1202503252.183946
0011102521303646424200000612 1 1202503252.183946
0014102521303646424200000612 1 1202503252.183946
0016102521303646424200000612 1 1202503252.183946
0010152521303646424200000612 1 1202503252.183946
0011152521303646424200000612 1 1202503252.183947
0016152521303646424200000612 1 1202503252.183947
0010102521363646424200000612 1 1202503252.183947
0011102521363646424200000612 1 1202503252.183947
0014102521363646424200000612 1 1202503252.183947
0016102521363646424200000612 1 1202503252.183947
0010152521363646424200000612 1 1202503252.183947
0011152521363646424200000612 1 1202503252.183947
0016152521363646424200000612 1 1202503252.183947
0026102525353544424601112014 1 1202503252.183949
0026102521353545424601112014 1 1202503252.183949
0026102525353545424601112014 1 1202503252.183949
0026102524353562454601112014 1 1202503252.183949
0022102520353565454601112014 1 1202503252.183949
0026102520353565454601112014 1 1202503252.183949
0026102521353565454601112014 1 1202503252.183950
0026102523353565454601112014 1 1202503252.183950
0026102524353565454601112014 1 1202503252.183950
0026102525353565454601112014 1 1202503252.183950
0111152021363120404200000544 1 1202503252.183950
0111152021363121404200000544 1 1202503252.183950
0145100521303020424206641025 2 1202503252.183950
0645100521303020424206641025 2 1202503252.183950
0145103521303020424206641025 2 1202503252.183950
0645103521303020424206641025 2 1202503252.183950
0145105521303020424206641025 2 1202503252.183950
0645105521303020424206641025 2 1202503252.183951
0145100526303020424206641025 2 1202503252.183951
0145103526303020424206641025 2 1202503252.183951
0145105526303020424206641025 2 1202503252.183951
0145100521313020424206641025 2 1202503252.183951
0645100521313020424206641025 2 1202503252.183951
0645100026313020424206641025 2 1202503252.183951
0645120026313020424206641025 2 1202503252.183951
0645130026313020424206641025 2 1202503252.183951
0645150026313020424206641025 2 1202503252.183951
0645100226313020424206641025 2 1202503252.183951
0645120226313020424206641025 2 1202503252.183951
0645130226313020424206641025 2 1202503252.183951
0645150226313020424206641025 2 1202503252.183951
0645100326313020424206641025 2 1202503252.183951
0645120326313020424206641025 2 1202503252.183951
0645130326313020424206641025 2 1202503252.183952
0645150326313020424206641025 2 1202503252.183952
0145100526313020424206641025 2 1202503252.183952
0645100526313020424206641025 2 1202503252.183952
0645120526313020424206641025 2 1202503252.183952
0645130526313020424206641025 2 1202503252.183952
0645150526313020424206641025 2 1202503252.183952
0145100521303520424206641025 2 1202503252.183952
0645100521303520424206641025 2 1202503252.183952
0145103521303520424206641025 2 1202503252.183952
0645103521303520424206641025 2 1202503252.183952
0145105521303520424206641025 2 1202503252.183952
0645105521303520424206641025 2 1202503252.183952
0145100526303520424206641025 2 1202503252.183952
0145103526303520424206641025 2 1202503252.183952
0145105526303520424206641025 2 1202503252.183953
0145100521313520424206641025 2 1202503252.183953
0645100521313520424206641025 2 1202503252.183953
0645100026313520424206641025 2 1202503252.183953
0645120026313520424206641025 2 1202503252.183953
0645130026313520424206641025 2 1202503252.183953
0645150026313520424206641025 2 1202503252.183953
0645100226313520424206641025 2 1202503252.183953
0645120226313520424206641025 2 1202503252.183953
0645130226313520424206641025 2 1202503252.183953
0645150226313520424206641025 2 1202503252.183953
0645100326313520424206641025 2 1202503252.183953
0645120326313520424206641025 2 1202503252.183953
0645130326313520424206641025 2 1202503252.183953
0645150326313520424206641025 2 1202503252.183953
0145100526313520424206641025 2 1202503252.183953
0645100526313520424206641025 2 1202503252.183954
0645120526313520424206641025 2 1202503252.183954
0645130526313520424206641025 2 1202503252.183954
0645150526313520424206641025 2 1202503252.183954
0146153520153040424206641025 6 1202503252.183954
0645103226103140424206641025 2 1202503252.183954
0645103226113140424206641025 2 1202503252.183954
0645103226133140424206641025 2 1202503252.183954
0645103226143140424206641025 2 1202503252.183954
0645103226153140424206641025 2 1202503252.183954
0645103226163140424206641025 2 1202503252.183954
0142153521103640424206641025 2 1202503252.183954
0142153526103640424206641025 2 1202503252.183954
0146153520153640424206641025 2 1202503252.183954
0645102321303601424206641025 1 1202503252.183955
0145105521303041424206641025 2 1202503252.183955
0645105521303041424206641025 2 1202503252.183955
0645155521303041424206641025 2 1202503252.183955
0645102026303041424206641025 2 1202503252.183955
0645122026303041424206641025 2 1202503252.183955
0645132026303041424206641025 2 1202503252.183955
0645152026303041424206641025 2 1202503252.183955
0645105026303041424206641025 2 1202503252.183955
0645125026303041424206641025 2 1202503252.183955
0645135026303041424206641025 2 1202503252.183955
0645155026303041424206641025 2 1202503252.183956
0645102226303041424206641025 2 1202503252.183956
0645122226303041424206641025 2 1202503252.183956
0645132226303041424206641025 2 1202503252.183956
0645152226303041424206641025 2 1202503252.183956
0645105226303041424206641025 2 1202503252.183956
0645125226303041424206641025 2 1202503252.183956
0645135226303041424206641025 2 1202503252.183956
0645155226303041424206641025 2 1202503252.183956
0645102326303041424206641025 2 1202503252.183956
0645122326303041424206641025 2 1202503252.183957
0645132326303041424206641025 2 1202503252.183957
0645152326303041424206641025 2 1202503252.183957
0645105326303041424206641025 2 1202503252.183957
0645125326303041424206641025 2 1202503252.183957
0645135326303041424206641025 2 1202503252.183957
0645155326303041424206641025 2 1202503252.183957
0645122526303041424206641025 2 1202503252.183957
0645132526303041424206641025 2 1202503252.183957
0645152526303041424206641025 2 1202503252.183957
0145105526303041424206641025 2 1202503252.183958
0645105526303041424206641025 2 1202503252.183958
0645125526303041424206641025 2 1202503252.183958
0645135526303041424206641025 2 1202503252.183958
0645155526303041424206641025 2 1202503252.183958
0645155521313041424206641025 2 1202503252.183958
0645155521333041424206641025 2 1202503252.183958
0645155521343041424206641025 2 1202503252.183958
0645152321353041424206641025 1 1202503252.183958
0645155521353041424206641025 2 1202503252.183958
0645155521363041424206641025 2 1202503252.183958
0145105521303141424206641025 2 1202503252.183958
0645105521303141424206641025 2 1202503252.183958
0145105526303141424206641025 2 1202503252.183958
0645105526303141424206641025 2 1202503252.183958
0566150021313141424206641025 2 1202503252.183958
0566155021313141424206641025 2 1202503252.183959
0566150521313141424206641025 2 1202503252.183959
0145105521313141424206641025 2 1202503252.183959
0645105521313141424206641025 2 1202503252.183959
0566155521313141424206641025 2 1202503252.183959
0145105526313141424206641025 2 1202503252.183959
0645105526313141424206641025 2 1202503252.183959
0145105521333141424206641025 2 1202503252.183959
0645105521333141424206641025 2 1202503252.183959
0145105526333141424206641025 2 1202503252.183959
0645105526333141424206641025 2 1202503252.183959
0145105521343141424206641025 2 1202503252.183959
0645105521343141424206641025 2 1202503252.183959
0145105526343141424206641025 2 1202503252.183959
0645105526343141424206641025 2 1202503252.183959
0145105521353141424206641025 2 1202503252.184000
0645105521353141424206641025 2 1202503252.184000
0145105526353141424206641025 2 1202503252.184000
0645105526353141424206641025 2 1202503252.184000
0145105521363141424206641025 2 1202503252.184000
0645105521363141424206641025 2 1202503252.184000
0145105526363141424206641025 2 1202503252.184000
0645105526363141424206641025 2 1202503252.184000
0142152521303641424206641025 1 1202503252.184000
0145105521303641424206641025 2 1202503252.184000
0645105521303641424206641025 2 1202503252.184000
0645102026303641424206641025 1 1202503252.184000
0645122026303641424206641025 1 1202503252.184000
0645132026303641424206641025 1 1202503252.184000
0645152026303641424206641025 1 1202503252.184000
0645105026303641424206641025 2 1202503252.184000
0645125026303641424206641025 2 1202503252.184001
0645135026303641424206641025 2 1202503252.184001
0645155026303641424206641025 2 1202503252.184001
0645102226303641424206641025 1 1202503252.184001
0645122226303641424206641025 1 1202503252.184001
0645132226303641424206641025 1 1202503252.184001
0645152226303641424206641025 1 1202503252.184001
0645105226303641424206641025 2 1202503252.184001
0645125226303641424206641025 2 1202503252.184001
0645135226303641424206641025 2 1202503252.184001
0645155226303641424206641025 2 1202503252.184001
0645102326303641424206641025 1 1202503252.184001
0645122326303641424206641025 1 1202503252.184001
0645132326303641424206641025 1 1202503252.184001
0645152326303641424206641025 1 1202503252.184001
0645105326303641424206641025 2 1202503252.184001
0645125326303641424206641025 2 1202503252.184002
0645135326303641424206641025 2 1202503252.184002
0645155326303641424206641025 2 1202503252.184002
0645122526303641424206641025 1 1202503252.184002
0645132526303641424206641025 1 1202503252.184002
0645152526303641424206641025 1 1202503252.184002
0145105526303641424206641025 2 1202503252.184002
0645105526303641424206641025 2 1202503252.184002
0645125526303641424206641025 2 1202503252.184002
0645135526303641424206641025 2 1202503252.184002
0645155526303641424206641025 2 1202503252.184002
0566150021313641424206641025 2 1202503252.184002
0566155021313641424206641025 2 1202503252.184002
0566150221313641424206641025 6 1202503252.184002
0566155221313641424206641025 6 1202503252.184003
0566150321313641424206641025 6 1202503252.184003
0566155321313641424206641025 6 1202503252.184003
0566150521313641424206641025 2 1202503252.184003
0145105521313641424206641025 2 1202503252.184003
0645105521313641424206641025 2 1202503252.184003
0566155521313641424206641025 2 1202503252.184003
0645105026313641424206641025 2 1202503252.184003
0645125026313641424206641025 2 1202503252.184003
0645135026313641424206641025 2 1202503252.184003
0645155026313641424206641025 2 1202503252.184003
0645105226313641424206641025 2 1202503252.184003
0645125226313641424206641025 2 1202503252.184003
0645135226313641424206641025 2 1202503252.184003
0645155226313641424206641025 2 1202503252.184003
0645105326313641424206641025 2 1202503252.184004
0645125326313641424206641025 2 1202503252.184004
0645135326313641424206641025 2 1202503252.184004
0645155326313641424206641025 2 1202503252.184004
0145105526313641424206641025 2 1202503252.184004
0645105526313641424206641025 2 1202503252.184004
0645125526313641424206641025 2 1202503252.184004
0645135526313641424206641025 2 1202503252.184004
0645155526313641424206641025 2 1202503252.184004
0145105521333641424206641025 2 1202503252.184004
0645105521333641424206641025 2 1202503252.184004
0645105026333641424206641025 2 1202503252.184004
0645125026333641424206641025 2 1202503252.184004
0645135026333641424206641025 2 1202503252.184004
0645155026333641424206641025 2 1202503252.184004
0645105226333641424206641025 2 1202503252.184004
0645125226333641424206641025 2 1202503252.184005
0645135226333641424206641025 2 1202503252.184005
0645155226333641424206641025 2 1202503252.184005
0645105326333641424206641025 2 1202503252.184005
0645125326333641424206641025 2 1202503252.184005
0645135326333641424206641025 2 1202503252.184005
0645155326333641424206641025 2 1202503252.184005
0145105526333641424206641025 2 1202503252.184005
0645105526333641424206641025 2 1202503252.184005
0645125526333641424206641025 2 1202503252.184005
0645135526333641424206641025 2 1202503252.184005
0645155526333641424206641025 2 1202503252.184005
0145105521343641424206641025 2 1202503252.184005
0645105521343641424206641025 2 1202503252.184005
0645105026343641424206641025 2 1202503252.184005
0645125026343641424206641025 2 1202503252.184006
0645135026343641424206641025 2 1202503252.184006
0645155026343641424206641025 2 1202503252.184006
0645105226343641424206641025 2 1202503252.184006
0645125226343641424206641025 2 1202503252.184006
0645135226343641424206641025 2 1202503252.184006
0645155226343641424206641025 2 1202503252.184006
0645105326343641424206641025 2 1202503252.184006
0645125326343641424206641025 2 1202503252.184006
0645135326343641424206641025 2 1202503252.184006
0645155326343641424206641025 2 1202503252.184006
0145105526343641424206641025 2 1202503252.184006
0645105526343641424206641025 2 1202503252.184006
0645125526343641424206641025 2 1202503252.184006
0645135526343641424206641025 2 1202503252.184006
0645155526343641424206641025 2 1202503252.184006
0145105521353641424206641025 2 1202503252.184007
0645105521353641424206641025 2 1202503252.184007
0645102026353641424206641025 1 1202503252.184007
0645122026353641424206641025 1 1202503252.184007
0645132026353641424206641025 1 1202503252.184007
0645152026353641424206641025 1 1202503252.184007
0645105026353641424206641025 2 1202503252.184007
0645125026353641424206641025 2 1202503252.184007
0645135026353641424206641025 2 1202503252.184007
0645155026353641424206641025 2 1202503252.184007
0645102226353641424206641025 1 1202503252.184007
0645122226353641424206641025 1 1202503252.184007
0645132226353641424206641025 1 1202503252.184007
0645152226353641424206641025 1 1202503252.184007
0645105226353641424206641025 2 1202503252.184007
0645125226353641424206641025 2 1202503252.184007
0645135226353641424206641025 2 1202503252.184008
0645155226353641424206641025 2 1202503252.184008
0645102326353641424206641025 1 1202503252.184008
0645122326353641424206641025 1 1202503252.184008
0645132326353641424206641025 1 1202503252.184008
0645152326353641424206641025 1 1202503252.184008
0645105326353641424206641025 2 1202503252.184008
0645125326353641424206641025 2 1202503252.184008
0645135326353641424206641025 2 1202503252.184008
0645155326353641424206641025 2 1202503252.184008
0645122526353641424206641025 1 1202503252.184008
0645132526353641424206641025 1 1202503252.184008
0645152526353641424206641025 1 1202503252.184008
0145105526353641424206641025 2 1202503252.184008
0645105526353641424206641025 2 1202503252.184008
0645125526353641424206641025 2 1202503252.184008
0645135526353641424206641025 2 1202503252.184009
0645155526353641424206641025 2 1202503252.184009
0145105521363641424206641025 2 1202503252.184009
0645105521363641424206641025 2 1202503252.184009
0645105026363641424206641025 2 1202503252.184009
0645125026363641424206641025 2 1202503252.184009
0645135026363641424206641025 2 1202503252.184009
0645155026363641424206641025 2 1202503252.184009
0645105226363641424206641025 2 1202503252.184009
0645125226363641424206641025 2 1202503252.184009
0645135226363641424206641025 2 1202503252.184009
0645155226363641424206641025 2 1202503252.184009
0645105326363641424206641025 2 1202503252.184009
0645125326363641424206641025 2 1202503252.184009
0645135326363641424206641025 2 1202503252.184009
0645155326363641424206641025 2 1202503252.184010
0145105526363641424206641025 2 1202503252.184010
0645105526363641424206641025 2 1202503252.184010
0645125526363641424206641025 2 1202503252.184010
0645135526363641424206641025 2 1202503252.184010
0645155526363641424206641025 2 1202503252.184010
0645150521303022424206641025 2 1202503252.184010
0645152521303022424206641025 1 1202503252.184010
0645153521303022424206641025 2 1202503252.184010
0645155521303022424206641025 2 1202503252.184010
0645150521313022424206641025 2 1202503252.184010
0645100226303122424206641025 2 1202503252.184010
0645150226303122424206641025 2 1202503252.184010
0645102226303122424206641025 1 1202503252.184010
0645152226303122424206641025 1 1202503252.184010
0645103226303122424206641025 2 1202503252.184010
0645153226303122424206641025 2 1202503252.184011
0641105226303122424206641025 2 1202503252.184011
0645105226303122424206641025 2 1202503252.184011
0641155226303122424206641025 2 1202503252.184011
0645155226303122424206641025 2 1202503252.184011
0645100226313122424206641025 2 1202503252.184011
0645150226313122424206641025 2 1202503252.184011
0645150521303522424206641025 2 1202503252.184011
0645152521303522424206641025 1 1202503252.184011
0645153521303522424206641025 2 1202503252.184011
0645155521303522424206641025 2 1202503252.184011
0645150521313522424206641025 2 1202503252.184011
0144153226103042424206641025 2 1202503252.184011
0144153226113042424206641025 2 1202503252.184011
0144153226133042424206641025 2 1202503252.184011
0144153226143042424206641025 2 1202503252.184011
0144153226153042424206641025 2 1202503252.184012
0144153226163042424206641025 2 1202503252.184012
0145103521103142424206641025 2 1202503252.184012
0645103521103142424206641025 2 1202503252.184012
0145103526103142424206641025 2 1202503252.184012
0645103526103142424206641025 2 1202503252.184012
0145100521303142424206641025 2 1202503252.184012
0645100521303142424206641025 2 1202503252.184012
0145103521303142424206641025 2 1202503252.184012
0645103521303142424206641025 2 1202503252.184012
0145105521303142424206641025 2 1202503252.184012
0645105521303142424206641025 2 1202503252.184012
0645150226303142424206641025 2 1202503252.184012
0645152226303142424206641025 1 1202503252.184012
0645153226303142424206641025 2 1202503252.184012
0645155226303142424206641025 2 1202503252.184012
0145100526303142424206641025 2 1202503252.184013
0645100526303142424206641025 2 1202503252.184013
0145103526303142424206641025 2 1202503252.184013
0645103526303142424206641025 2 1202503252.184013
0145105526303142424206641025 2 1202503252.184013
0645105526303142424206641025 2 1202503252.184013
0145103521113142424206641025 2 1202503252.184013
0645103521113142424206641025 2 1202503252.184013
0145103526113142424206641025 2 1202503252.184013
0645103526113142424206641025 2 1202503252.184013
0145100521313142424206641025 2 1202503252.184013
0645100521313142424206641025 2 1202503252.184013
0145103521313142424206641025 2 1202503252.184013
0645103521313142424206641025 2 1202503252.184013
0145105521313142424206641025 2 1202503252.184013
0645105521313142424206641025 2 1202503252.184014
0645150226313142424206641025 2 1202503252.184014
0145100526313142424206641025 2 1202503252.184014
0645100526313142424206641025 2 1202503252.184014
0145103526313142424206641025 2 1202503252.184014
0645103526313142424206641025 2 1202503252.184014
0145105526313142424206641025 2 1202503252.184014
0645105526313142424206641025 2 1202503252.184014
0145103521133142424206641025 2 1202503252.184014
0645103521133142424206641025 2 1202503252.184014
0145103526133142424206641025 2 1202503252.184014
0645103526133142424206641025 2 1202503252.184014
0145100521333142424206641025 2 1202503252.184014
0645100521333142424206641025 2 1202503252.184014
0145103521333142424206641025 2 1202503252.184014
0645103521333142424206641025 2 1202503252.184014
0145105521333142424206641025 2 1202503252.184015
0645105521333142424206641025 2 1202503252.184015
0145100526333142424206641025 2 1202503252.184015
0645100526333142424206641025 2 1202503252.184015
0145103526333142424206641025 2 1202503252.184015
0645103526333142424206641025 2 1202503252.184015
0145105526333142424206641025 2 1202503252.184015
0645105526333142424206641025 2 1202503252.184015
0145103521143142424206641025 2 1202503252.184015
0645103521143142424206641025 2 1202503252.184015
0145103526143142424206641025 2 1202503252.184015
0645103526143142424206641025 2 1202503252.184015
0145100521343142424206641025 2 1202503252.184015
0645100521343142424206641025 2 1202503252.184015
0145103521343142424206641025 2 1202503252.184015
0645103521343142424206641025 2 1202503252.184015
0145105521343142424206641025 2 1202503252.184016
0645105521343142424206641025 2 1202503252.184016
0145100526343142424206641025 2 1202503252.184016
0645100526343142424206641025 2 1202503252.184016
0145103526343142424206641025 2 1202503252.184016
0645103526343142424206641025 2 1202503252.184016
0145105526343142424206641025 2 1202503252.184016
0645105526343142424206641025 2 1202503252.184016
0145103521153142424206641025 2 1202503252.184016
0645103521153142424206641025 2 1202503252.184016
0145103526153142424206641025 2 1202503252.184016
0645103526153142424206641025 2 1202503252.184016
0145100521353142424206641025 2 1202503252.184016
0645100521353142424206641025 2 1202503252.184016
0145103521353142424206641025 2 1202503252.184016
0645103521353142424206641025 2 1202503252.184016
0145105521353142424206641025 2 1202503252.184017
0645105521353142424206641025 2 1202503252.184017
0145100526353142424206641025 2 1202503252.184017
0645100526353142424206641025 2 1202503252.184017
0145103526353142424206641025 2 1202503252.184017
0645103526353142424206641025 2 1202503252.184017
0145105526353142424206641025 2 1202503252.184017
0645105526353142424206641025 2 1202503252.184017
0145103521163142424206641025 2 1202503252.184017
0645103521163142424206641025 2 1202503252.184017
0145103526163142424206641025 2 1202503252.184017
0645103526163142424206641025 2 1202503252.184017
0145100521363142424206641025 2 1202503252.184017
0645100521363142424206641025 2 1202503252.184017
0145103521363142424206641025 2 1202503252.184017
0645103521363142424206641025 2 1202503252.184018
0145105521363142424206641025 2 1202503252.184018
0645105521363142424206641025 2 1202503252.184018
0145100526363142424206641025 2 1202503252.184018
0645100526363142424206641025 2 1202503252.184018
0145103526363142424206641025 2 1202503252.184018
0645103526363142424206641025 2 1202503252.184018
0145105526363142424206641025 2 1202503252.184018
0645105526363142424206641025 2 1202503252.184018
0145103521103642424206641025 2 1202503252.184018
0645103521103642424206641025 2 1202503252.184018
0645103026103642424206641025 2 1202503252.184018
0645123026103642424206641025 2 1202503252.184018
0645133026103642424206641025 2 1202503252.184018
0645153026103642424206641025 2 1202503252.184018
0645103226103642424206641025 2 1202503252.184018
0645123226103642424206641025 2 1202503252.184019
0645133226103642424206641025 2 1202503252.184019
0645153226103642424206641025 2 1202503252.184019
0645103326103642424206641025 2 1202503252.184019
0645123326103642424206641025 2 1202503252.184019
0645133326103642424206641025 2 1202503252.184019
0645153326103642424206641025 2 1202503252.184019
0145103526103642424206641025 2 1202503252.184019
0645103526103642424206641025 2 1202503252.184019
0645123526103642424206641025 2 1202503252.184019
0645133526103642424206641025 2 1202503252.184019
0645153526103642424206641025 2 1202503252.184019
0145100521303642424206641025 2 1202503252.184019
0645100521303642424206641025 2 1202503252.184019
0645150521303642424206641025 2 1202503252.184019
0645152521303642424206641025 1 1202503252.184019
0145103521303642424206641025 2 1202503252.184020
0645103521303642424206641025 2 1202503252.184020
0645153521303642424206641025 2 1202503252.184020
0145105521303642424206641025 2 1202503252.184020
0645105521303642424206641025 2 1202503252.184020
0645155521303642424206641025 2 1202503252.184020
0145100526303642424206641025 2 1202503252.184020
0145103526303642424206641025 2 1202503252.184020
0145105526303642424206641025 2 1202503252.184020
0145103521113642424206641025 2 1202503252.184020
0645103521113642424206641025 2 1202503252.184020
0645103026113642424206641025 2 1202503252.184020
0645123026113642424206641025 2 1202503252.184020
0645133026113642424206641025 2 1202503252.184020
0645153026113642424206641025 2 1202503252.184020
0645103226113642424206641025 2 1202503252.184020
0645123226113642424206641025 2 1202503252.184021
0645133226113642424206641025 2 1202503252.184021
0645153226113642424206641025 2 1202503252.184021
0645103326113642424206641025 2 1202503252.184021
0645123326113642424206641025 2 1202503252.184021
0645133326113642424206641025 2 1202503252.184021
0645153326113642424206641025 2 1202503252.184021
0145103526113642424206641025 2 1202503252.184021
0645103526113642424206641025 2 1202503252.184021
0645123526113642424206641025 2 1202503252.184021
0645133526113642424206641025 2 1202503252.184021
0645153526113642424206641025 2 1202503252.184021
0145100521313642424206641025 2 1202503252.184021
0645100521313642424206641025 2 1202503252.184021
0645150521313642424206641025 2 1202503252.184021
0145103521313642424206641025 2 1202503252.184021
0645103521313642424206641025 2 1202503252.184022
0145105521313642424206641025 2 1202503252.184022
0645105521313642424206641025 2 1202503252.184022
0645100026313642424206641025 2 1202503252.184022
0645120026313642424206641025 2 1202503252.184022
0645130026313642424206641025 2 1202503252.184022
0645150026313642424206641025 2 1202503252.184022
0645102026313642424206641025 2 1202503252.184022
0645122026313642424206641025 2 1202503252.184022
0645132026313642424206641025 2 1202503252.184022
0645152026313642424206641025 2 1202503252.184022
0645103026313642424206641025 2 1202503252.184022
0645123026313642424206641025 2 1202503252.184022
0645133026313642424206641025 2 1202503252.184022
0645153026313642424206641025 2 1202503252.184022
0645105026313642424206641025 2 1202503252.184022
0645125026313642424206641025 2 1202503252.184023
0645135026313642424206641025 2 1202503252.184023
0645155026313642424206641025 2 1202503252.184023
0645100226313642424206641025 2 1202503252.184023
0645120226313642424206641025 2 1202503252.184023
0645130226313642424206641025 2 1202503252.184023
0645150226313642424206641025 2 1202503252.184023
0645102226313642424206641025 2 1202503252.184023
0645122226313642424206641025 2 1202503252.184023
0645132226313642424206641025 2 1202503252.184023
0645152226313642424206641025 2 1202503252.184023
0645103226313642424206641025 2 1202503252.184023
0645123226313642424206641025 2 1202503252.184023
0645133226313642424206641025 2 1202503252.184023
0645153226313642424206641025 2 1202503252.184023
0645105226313642424206641025 2 1202503252.184023
0645125226313642424206641025 2 1202503252.184024
0645135226313642424206641025 2 1202503252.184024
0645155226313642424206641025 2 1202503252.184024
0645100326313642424206641025 2 1202503252.184024
0645120326313642424206641025 2 1202503252.184024
0645130326313642424206641025 2 1202503252.184024
0645150326313642424206641025 2 1202503252.184024
0645102326313642424206641025 2 1202503252.184024
0645122326313642424206641025 2 1202503252.184024
0645132326313642424206641025 2 1202503252.184024
0645152326313642424206641025 2 1202503252.184024
0645103326313642424206641025 2 1202503252.184024
0645123326313642424206641025 2 1202503252.184024
0645133326313642424206641025 2 1202503252.184024
0645153326313642424206641025 2 1202503252.184024
0645105326313642424206641025 2 1202503252.184025
0645125326313642424206641025 2 1202503252.184025
0645135326313642424206641025 2 1202503252.184025
0645155326313642424206641025 2 1202503252.184025
0145100526313642424206641025 2 1202503252.184025
0645100526313642424206641025 2 1202503252.184025
0645120526313642424206641025 2 1202503252.184025
0645130526313642424206641025 2 1202503252.184025
0645150526313642424206641025 2 1202503252.184025
0645122526313642424206641025 2 1202503252.184025
0645132526313642424206641025 2 1202503252.184025
0645152526313642424206641025 2 1202503252.184025
0145103526313642424206641025 2 1202503252.184025
0645103526313642424206641025 2 1202503252.184025
0645123526313642424206641025 2 1202503252.184025
0645133526313642424206641025 2 1202503252.184025
0645153526313642424206641025 2 1202503252.184026
0145105526313642424206641025 2 1202503252.184026
0645105526313642424206641025 2 1202503252.184026
0645125526313642424206641025 2 1202503252.184026
0645135526313642424206641025 2 1202503252.184026
0645155526313642424206641025 2 1202503252.184026
0145103521133642424206641025 2 1202503252.184026
0645103521133642424206641025 2 1202503252.184026
0645103026133642424206641025 2 1202503252.184026
0645123026133642424206641025 2 1202503252.184026
0645133026133642424206641025 2 1202503252.184026
0645153026133642424206641025 2 1202503252.184026
0645103226133642424206641025 2 1202503252.184026
0645123226133642424206641025 2 1202503252.184026
0645133226133642424206641025 2 1202503252.184026
0645153226133642424206641025 2 1202503252.184026
0645103326133642424206641025 2 1202503252.184027
0645123326133642424206641025 2 1202503252.184027
0645133326133642424206641025 2 1202503252.184027
