01221020214331754001151645054505 2 1202406145.131201
01221020214331754002151645054505 2 1202406145.131623
01221020214331754005151645054505 2 1202406145.132047
01221050214331714001152645054505 2 1202406145.133928
01221050214331714002152645054505 2 1202406145.134416
01221050214331714005152645054505 2 1202406145.134848
01221020214331654001151745054505 2 1202406145.155119
01221020214331654002151745054505 2 1202406145.155540
01221020214331654005151745054505 2 1202406145.160002
01221050214331614001152745054505 2 1202406145.161748
01221050214331614002152745054505 2 1202406145.162206
01221050214331614005152745054505 2 1202406145.162624
