01221020254331764001100016174606 2 1202406145.023151
01221020214335764001100016174606 2 1202406145.023541
01221020254335764001100016174606 2 1202406145.023932
01221020254331764002100016174606 2 1202406145.024356
01221020214335764002100016174606 2 1202406145.024746
01221020254335764002100016174606 2 1202406145.025136
01221020214331764005100016174606 2 1202406145.025610
01221020254331764005100016174606 2 1202406145.030000
01221020214335764005100016174606 2 1202406145.030354
01221020254335764005100016174606 2 1202406145.030753
01221020254331764006100016174606 2 1202406145.031228
01221020214335764006100016174606 2 1202406145.031620
01221020254335764006100016174606 2 1202406145.032013
01221060254331714001100016274606 2 1202406145.034425
01221060214335714001100016274606 2 1202406145.034815
01221060254335714001100016274606 2 1202406145.035204
01221060254331714002100016274606 2 1202406145.035624
01221060214335714002100016274606 2 1202406145.040016
01221060254335714002100016274606 2 1202406145.040406
01221060214331714005100016274606 2 1202406145.040833
01221060254331714005100016274606 2 1202406145.041222
01221060214335714005100016274606 2 1202406145.041612
01221060254335714005100016274606 2 1202406145.042020
01221060254331714006100016274606 2 1202406145.042447
01221060214335714006100016274606 2 1202406145.042836
01221060254335714006100016274606 2 1202406145.043226
