0122102625433510400105414201 1202403052.020155
0126102625433510400105414201 1202403052.020218
0126102625433515400105414201 1202403052.020349
0122102625433510400205414201 1202403052.021736
0126102625433510400205414201 1202403052.021759
0126102625433515400205414201 1202403052.021929
0122102625433510400105614201 1202403052.024123
0126102625433510400105614201 1202403052.024146
0126102625433515400105614201 1202403052.024333
0122102625433510400205614201 1202403052.025959
0126102625433510400205614201 1202403052.030021
0126102625433515400205614201 1202403052.030208
0122102521433060400106614201 1202403052.031859
0122102521433062400106614201 1202403052.031924
0122102521433014400106614201 1202403052.031948
0122102521433064400106614201 1202403052.032012
0122102521433164400106614201 1202403052.032036
0122102521433065400106614201 1202403052.032101
0122102521433046400106614201 1202403052.032125
0122102521433066400106614201 1202403052.032149
0122102521433060400206614201 1202403052.032213
0122102521433062400206614201 1202403052.032238
0122102521433014400206614201 1202403052.032301
0122102521433064400206614201 1202403052.032325
0122102521433164400206614201 1202403052.032349
0122102521433065400206614201 1202403052.032413
0122102521433046400206614201 1202403052.032437
0122102521433066400206614201 1202403052.032501
0122102521433010400106224201 1202403052.035831
0122106521433010400106224201 1202403052.035854
0122102521433110400106224201 1202403052.035918
0122106521433110400106224201 1202403052.035941
0122100521433060400106224201 1202403052.040004
0122102521433060400106224201 1202403052.040028
0122103521433060400106224201 1202403052.040051
0122104521433060400106224201 1202403052.040114
0122105521433060400106224201 1202403052.040137
0122106521433060400106224201 1202403052.040200
0122100521433160400106224201 1202403052.040224
0122102521433160400106224201 1202403052.040247
0122103521433160400106224201 1202403052.040310
0122104521433160400106224201 1202403052.040334
0122105521433160400106224201 1202403052.040357
0122106521433160400106224201 1202403052.040420
0122106521433001400106224201 1202403052.040443
0122106521433011400106224201 1202403052.040507
0122106521433041400106224201 1202403052.040538
0122106521433141400106224201 1202403052.040602
0122106521433151400106224201 1202403052.040625
0122100521433061400106224201 1202403052.040648
0122104521433061400106224201 1202403052.040711
0122105521433061400106224201 1202403052.040735
0122106521433061400106224201 1202403052.040758
0122105521433161400106224201 1202403052.040842
0122102521433014400106224201 1202403052.040917
0122106521433014400106224201 1202403052.040940
0122102521433114400106224201 1202403052.041004
0122100521433064400106224201 1202403052.041027
0122102521433064400106224201 1202403052.041050
0122103521433064400106224201 1202403052.041113
0122104521433064400106224201 1202403052.041135
0122105521433064400106224201 1202403052.041159
0122106521433064400106224201 1202403052.041222
0122100521433006400106224201 1202403052.041245
0122102521433006400106224201 1202403052.041307
0122103521433006400106224201 1202403052.041329
0122104521433006400106224201 1202403052.041352
0122105521433006400106224201 1202403052.041414
0122106521433006400106224201 1202403052.041436
0122102521433016400106224201 1202403052.041459
0122104521433016400106224201 1202403052.041521
0122106521433016400106224201 1202403052.041543
0122102521433116400106224201 1202403052.041606
0122104521433116400106224201 1202403052.041629
0122100521433046400106224201 1202403052.041700
0122102521433046400106224201 1202403052.041724
0122103521433046400106224201 1202403052.041747
0122104521433046400106224201 1202403052.041811
0122105521433046400106224201 1202403052.041835
0122106521433046400106224201 1202403052.041858
0122100521433146400106224201 1202403052.041922
0122102521433146400106224201 1202403052.041946
0122103521433146400106224201 1202403052.042010
0122104521433146400106224201 1202403052.042033
0122105521433146400106224201 1202403052.042056
0122106521433146400106224201 1202403052.042118
0122100521433156400106224201 1202403052.042141
0122102521433156400106224201 1202403052.042203
0122103521433156400106224201 1202403052.042226
0122104521433156400106224201 1202403052.042248
0122105521433156400106224201 1202403052.042310
0122106521433156400106224201 1202403052.042333
0122100521433066400106224201 1202403052.042355
0122102521433066400106224201 1202403052.042418
0122103521433066400106224201 1202403052.042441
0122104521433066400106224201 1202403052.042504
0122105521433066400106224201 1202403052.042528
0122106521433066400106224201 1202403052.042551
0122102521433010400206224201 1202403052.042704
0122106521433010400206224201 1202403052.042727
0122102521433110400206224201 1202403052.042749
0122106521433110400206224201 1202403052.042812
0122100521433060400206224201 1202403052.042835
0122102521433060400206224201 1202403052.042858
0122103521433060400206224201 1202403052.042921
0122104521433060400206224201 1202403052.042944
0122105521433060400206224201 1202403052.043007
0122106521433060400206224201 1202403052.043030
0122100521433160400206224201 1202403052.043053
0122102521433160400206224201 1202403052.043115
0122103521433160400206224201 1202403052.043138
0122104521433160400206224201 1202403052.043201
0122105521433160400206224201 1202403052.043224
0122106521433160400206224201 1202403052.043247
0122106521433001400206224201 1202403052.043310
0122106521433011400206224201 1202403052.043332
0122106521433041400206224201 1202403052.043403
0122106521433141400206224201 1202403052.043427
0122106521433151400206224201 1202403052.043449
0122100521433061400206224201 1202403052.043512
0122104521433061400206224201 1202403052.043535
0122105521433061400206224201 1202403052.043558
0122106521433061400206224201 1202403052.043621
0122105521433161400206224201 1202403052.043704
0122102521433014400206224201 1202403052.043739
0122106521433014400206224201 1202403052.043802
0122102521433114400206224201 1202403052.043825
0122100521433064400206224201 1202403052.043848
0122102521433064400206224201 1202403052.043910
0122103521433064400206224201 1202403052.043933
0122104521433064400206224201 1202403052.043956
0122105521433064400206224201 1202403052.044019
0122106521433064400206224201 1202403052.044042
0122100521433006400206224201 1202403052.044105
0122102521433006400206224201 1202403052.044128
0122103521433006400206224201 1202403052.044150
0122104521433006400206224201 1202403052.044213
0122105521433006400206224201 1202403052.044235
0122106521433006400206224201 1202403052.044258
0122102521433016400206224201 1202403052.044321
0122104521433016400206224201 1202403052.044344
0122106521433016400206224201 1202403052.044406
0122102521433116400206224201 1202403052.044429
0122104521433116400206224201 1202403052.044452
0122100521433046400206224201 1202403052.044523
0122102521433046400206224201 1202403052.044546
0122103521433046400206224201 1202403052.044609
0122104521433046400206224201 1202403052.044632
0122105521433046400206224201 1202403052.044654
0122106521433046400206224201 1202403052.044717
0122100521433146400206224201 1202403052.044740
0122102521433146400206224201 1202403052.044803
0122103521433146400206224201 1202403052.044826
0122104521433146400206224201 1202403052.044849
0122105521433146400206224201 1202403052.044912
0122106521433146400206224201 1202403052.044935
0122100521433156400206224201 1202403052.044958
0122102521433156400206224201 1202403052.045021
0122103521433156400206224201 1202403052.045044
0122104521433156400206224201 1202403052.045106
0122105521433156400206224201 1202403052.045129
0122106521433156400206224201 1202403052.045152
0122100521433066400206224201 1202403052.045215
0122102521433066400206224201 1202403052.045238
0122103521433066400206224201 1202403052.045301
0122104521433066400206224201 1202403052.045325
0122105521433066400206224201 1202403052.045348
0122106521433066400206224201 1202403052.045411
