0126102625433510400105014201 1202403122.043508
0126102625433515400105014201 1202403122.043623
0126102625433510400205014201 1202403122.045242
0126102625433515400205014201 1202403122.045356
0122102625433510400105114201 1202403122.051541
0126102625433510400105114201 1202403122.051603
0126102625433515400105114201 1202403122.051733
0122102625433510400205114201 1202403122.053113
0126102625433510400205114201 1202403122.053136
0126102625433515400205114201 1202403122.053305
0122102625433510400105214201 1202403122.060053
0126102625433510400105214201 1202403122.060116
0126102625433515400105214201 1202403122.060308
0122102625433510400205214201 1202403122.061927
0126102625433510400205214201 1202403122.061950
0126102625433515400205214201 1202403122.062141
0122106521433010400106214201 1202403122.064006
0122102521433060400106214201 1202403122.064029
0122106521433060400106214201 1202403122.064052
0122106521433001400106214201 1202403122.064115
0122106521433011400106214201 1202403122.064138
0122106521433041400106214201 1202403122.064201
0122106521433051400106214201 1202403122.064225
0122106521433061400106214201 1202403122.064248
0122102521433014400106214201 1202403122.064311
0122106521433014400106214201 1202403122.064335
0122102521433064400106214201 1202403122.064409
0122106521433064400106214201 1202403122.064432
0122102521433164400106214201 1202403122.064456
0122102521433006400106214201 1202403122.064520
0122106521433006400106214201 1202403122.064543
0122102521433016400106214201 1202403122.064605
0122106521433016400106214201 1202403122.064628
0122102521433046400106214201 1202403122.064651
0122106521433046400106214201 1202403122.064714
0122106521433056400106214201 1202403122.064738
0122102521433066400106214201 1202403122.064800
0122106521433066400106214201 1202403122.064823
0122106521433010400206214201 1202403122.064847
0122102521433060400206214201 1202403122.064910
0122106521433060400206214201 1202403122.064933
0122106521433001400206214201 1202403122.064956
0122106521433011400206214201 1202403122.065019
0122106521433041400206214201 1202403122.065042
0122106521433051400206214201 1202403122.065105
0122106521433061400206214201 1202403122.065128
0122102521433014400206214201 1202403122.065151
0122106521433014400206214201 1202403122.065213
0122102521433064400206214201 1202403122.065246
0122106521433064400206214201 1202403122.065309
0122102521433164400206214201 1202403122.065332
0122102521433006400206214201 1202403122.065356
0122106521433006400206214201 1202403122.065418
0122102521433016400206214201 1202403122.065441
0122106521433016400206214201 1202403122.065503
0122102521433046400206214201 1202403122.065526
0122106521433046400206214201 1202403122.065550
0122106521433056400206214201 1202403122.065613
0122102521433066400206214201 1202403122.065635
0122106521433066400206214201 1202403122.065658
