0126102625433510400105014202 1202403122.041231
0126102625433515400105014202 1202403122.041346
0126102625433510400205014202 1202403122.043013
0126102625433515400205014202 1202403122.043134
0122102625433510400105114202 1202403122.045121
0126102625433510400105114202 1202403122.045143
0126102625433515400105114202 1202403122.045312
0122102625433510400205114202 1202403122.050652
0126102625433510400205114202 1202403122.050715
0126102625433515400205114202 1202403122.050843
0122102625433510400105214202 1202403122.053516
0126102625433510400105214202 1202403122.053539
0126102625433515400105214202 1202403122.053730
0122102625433510400205214202 1202403122.055349
0126102625433510400205214202 1202403122.055411
0126102625433515400205214202 1202403122.055602
0122106521433010400106214202 1202403122.061417
0122102521433060400106214202 1202403122.061440
0122106521433060400106214202 1202403122.061502
0122106521433001400106214202 1202403122.061525
0122106521433011400106214202 1202403122.061548
0122106521433041400106214202 1202403122.061611
0122106521433051400106214202 1202403122.061633
0122106521433061400106214202 1202403122.061656
0122102521433014400106214202 1202403122.061719
0122106521433014400106214202 1202403122.061742
0122102521433064400106214202 1202403122.061814
0122106521433064400106214202 1202403122.061837
0122102521433164400106214202 1202403122.061900
0122102521433006400106214202 1202403122.061924
0122106521433006400106214202 1202403122.061946
0122102521433016400106214202 1202403122.062009
0122106521433016400106214202 1202403122.062032
0122102521433046400106214202 1202403122.062055
0122106521433046400106214202 1202403122.062117
0122106521433056400106214202 1202403122.062141
0122102521433066400106214202 1202403122.062203
0122106521433066400106214202 1202403122.062226
0122106521433010400206214202 1202403122.062249
0122102521433060400206214202 1202403122.062311
0122106521433060400206214202 1202403122.062334
0122106521433001400206214202 1202403122.062356
0122106521433011400206214202 1202403122.062419
0122106521433041400206214202 1202403122.062442
0122106521433051400206214202 1202403122.062505
0122106521433061400206214202 1202403122.062528
0122102521433014400206214202 1202403122.062551
0122106521433014400206214202 1202403122.062615
0122102521433064400206214202 1202403122.062647
0122106521433064400206214202 1202403122.062710
0122102521433164400206214202 1202403122.062733
0122102521433006400206214202 1202403122.062755
0122106521433006400206214202 1202403122.062818
0122102521433016400206214202 1202403122.062840
0122106521433016400206214202 1202403122.062902
0122102521433046400206214202 1202403122.062926
0122106521433046400206214202 1202403122.062949
0122106521433056400206214202 1202403122.063012
0122102521433066400206214202 1202403122.063034
0122106521433066400206214202 1202403122.063056
0122102625433510400105414202 1202403122.063711
0126102625433510400105414202 1202403122.063734
0126102625433515400105414202 1202403122.063903
0122102625433510400205414202 1202403122.065242
0126102625433510400205414202 1202403122.065305
0126102625433515400205414202 1202403122.065433
0122102625433510400105614202 1202403122.071209
0126102625433510400105614202 1202403122.071231
0126102625433515400105614202 1202403122.071417
0122102625433510400205614202 1202403122.073036
0126102625433510400205614202 1202403122.073058
0126102625433515400205614202 1202403122.073243
0122102521433010400106224202 1202403122.082217
0122106521433010400106224202 1202403122.082240
0122102521433110400106224202 1202403122.082303
0122106521433110400106224202 1202403122.082327
0122100521433060400106224202 1202403122.082350
0122102521433060400106224202 1202403122.082413
0122103521433060400106224202 1202403122.082436
0122104521433060400106224202 1202403122.082500
0122105521433060400106224202 1202403122.082523
0122106521433060400106224202 1202403122.082546
0122100521433160400106224202 1202403122.082609
0122102521433160400106224202 1202403122.082632
0122103521433160400106224202 1202403122.082656
0122104521433160400106224202 1202403122.082719
0122105521433160400106224202 1202403122.082742
0122106521433160400106224202 1202403122.082806
0122106521433001400106224202 1202403122.082829
0122106521433011400106224202 1202403122.082852
0122106521433041400106224202 1202403122.082923
0122106521433141400106224202 1202403122.082947
0122106521433151400106224202 1202403122.083010
0122100521433061400106224202 1202403122.083033
0122104521433061400106224202 1202403122.083056
0122105521433061400106224202 1202403122.083120
0122106521433061400106224202 1202403122.083143
0122105521433161400106224202 1202403122.083227
0122102521433014400106224202 1202403122.083302
0122106521433014400106224202 1202403122.083326
0122102521433114400106224202 1202403122.083349
0122100521433064400106224202 1202403122.083412
0122102521433064400106224202 1202403122.083435
0122103521433064400106224202 1202403122.083459
0122104521433064400106224202 1202403122.083522
0122105521433064400106224202 1202403122.083545
0122106521433064400106224202 1202403122.083608
0122100521433006400106224202 1202403122.083632
0122102521433006400106224202 1202403122.083655
0122103521433006400106224202 1202403122.083718
0122104521433006400106224202 1202403122.083741
0122105521433006400106224202 1202403122.083804
0122106521433006400106224202 1202403122.083827
0122102521433016400106224202 1202403122.083850
0122104521433016400106224202 1202403122.083913
0122106521433016400106224202 1202403122.083936
0122102521433116400106224202 1202403122.083959
0122104521433116400106224202 1202403122.084023
0122100521433046400106224202 1202403122.084054
0122102521433046400106224202 1202403122.084117
0122103521433046400106224202 1202403122.084140
0122104521433046400106224202 1202403122.084204
0122105521433046400106224202 1202403122.084227
0122106521433046400106224202 1202403122.084250
0122100521433146400106224202 1202403122.084313
0122102521433146400106224202 1202403122.084337
0122103521433146400106224202 1202403122.084400
0122104521433146400106224202 1202403122.084424
0122105521433146400106224202 1202403122.084447
0122106521433146400106224202 1202403122.084511
0122100521433156400106224202 1202403122.084534
0122102521433156400106224202 1202403122.084557
0122103521433156400106224202 1202403122.084620
0122104521433156400106224202 1202403122.084643
0122105521433156400106224202 1202403122.084706
0122106521433156400106224202 1202403122.084729
0122100521433066400106224202 1202403122.084753
0122102521433066400106224202 1202403122.084816
0122103521433066400106224202 1202403122.084839
0122104521433066400106224202 1202403122.084902
0122105521433066400106224202 1202403122.084925
0122106521433066400106224202 1202403122.084948
0122102521433010400206224202 1202403122.085102
0122106521433010400206224202 1202403122.085125
0122102521433110400206224202 1202403122.085148
0122106521433110400206224202 1202403122.085211
0122100521433060400206224202 1202403122.085235
0122102521433060400206224202 1202403122.085258
0122103521433060400206224202 1202403122.085321
0122104521433060400206224202 1202403122.085344
0122105521433060400206224202 1202403122.085407
0122106521433060400206224202 1202403122.085431
0122100521433160400206224202 1202403122.085454
0122102521433160400206224202 1202403122.085517
0122103521433160400206224202 1202403122.085541
0122104521433160400206224202 1202403122.085604
0122105521433160400206224202 1202403122.085627
0122106521433160400206224202 1202403122.085650
0122106521433001400206224202 1202403122.085713
0122106521433011400206224202 1202403122.085737
0122106521433041400206224202 1202403122.085808
0122106521433141400206224202 1202403122.085832
0122106521433151400206224202 1202403122.085855
0122100521433061400206224202 1202403122.085918
0122104521433061400206224202 1202403122.085941
0122105521433061400206224202 1202403122.090004
0122106521433061400206224202 1202403122.090028
0122105521433161400206224202 1202403122.090112
0122102521433014400206224202 1202403122.090147
0122106521433014400206224202 1202403122.090210
0122102521433114400206224202 1202403122.090233
0122100521433064400206224202 1202403122.090257
0122102521433064400206224202 1202403122.090320
0122103521433064400206224202 1202403122.090343
0122104521433064400206224202 1202403122.090406
0122105521433064400206224202 1202403122.090429
0122106521433064400206224202 1202403122.090453
0122100521433006400206224202 1202403122.090516
0122102521433006400206224202 1202403122.090539
0122103521433006400206224202 1202403122.090602
0122104521433006400206224202 1202403122.090625
0122105521433006400206224202 1202403122.090648
0122106521433006400206224202 1202403122.090711
0122102521433016400206224202 1202403122.090734
0122104521433016400206224202 1202403122.090757
0122106521433016400206224202 1202403122.090820
0122102521433116400206224202 1202403122.090844
0122104521433116400206224202 1202403122.090907
0122100521433046400206224202 1202403122.090939
0122102521433046400206224202 1202403122.091002
0122103521433046400206224202 1202403122.091025
0122104521433046400206224202 1202403122.091048
0122105521433046400206224202 1202403122.091111
0122106521433046400206224202 1202403122.091134
0122100521433146400206224202 1202403122.091157
0122102521433146400206224202 1202403122.091221
0122103521433146400206224202 1202403122.091245
0122104521433146400206224202 1202403122.091308
0122105521433146400206224202 1202403122.091332
0122106521433146400206224202 1202403122.091355
0122100521433156400206224202 1202403122.091418
0122102521433156400206224202 1202403122.091441
0122103521433156400206224202 1202403122.091504
0122104521433156400206224202 1202403122.091527
0122105521433156400206224202 1202403122.091551
0122106521433156400206224202 1202403122.091614
0122100521433066400206224202 1202403122.091637
0122102521433066400206224202 1202403122.091700
0122103521433066400206224202 1202403122.091723
0122104521433066400206224202 1202403122.091746
0122105521433066400206224202 1202403122.091810
0122106521433066400206224202 1202403122.091833
