0121102621433010400102014502 1202403052.024235
0121102621433110400102014502 1202403052.024300
0121102621433102400102014502 1202403052.024326
0121102621433012400102014502 1202403052.024353
0121102621433112400102014502 1202403052.024417
0121102621433122400102014502 1202403052.024442
0121102621433042400102014502 1202403052.024507
0121102621433142400102014502 1202403052.024531
0121102621433152400102014502 1202403052.024557
0121102621433062400102014502 1202403052.024624
0121102621433162400102014502 1202403052.024648
0121102621433014400102014502 1202403052.024713
0121102621433114400102014502 1202403052.024738
0121102621433015400102014502 1202403052.024808
0121102621433115400102014502 1202403052.024835
0121102621433016400102014502 1202403052.024900
0121102621433010400202014502 1202403052.024927
0121102621433110400202014502 1202403052.024953
0121102621433102400202014502 1202403052.025019
0121102621433012400202014502 1202403052.025045
0121102621433112400202014502 1202403052.025109
0121102621433122400202014502 1202403052.025134
0121102621433042400202014502 1202403052.025159
0121102621433142400202014502 1202403052.025223
0121102621433152400202014502 1202403052.025249
0121102621433062400202014502 1202403052.025316
0121102621433162400202014502 1202403052.025340
0121102621433014400202014502 1202403052.025404
0121102621433114400202014502 1202403052.025428
0121102621433015400202014502 1202403052.025455
0121102621433115400202014502 1202403052.025521
0121102621433016400202014502 1202403052.025546
0122102621433515400105014502 1202403052.030149
0126102621433515400105014502 1202403052.030212
0126102625433515400105014502 1202403052.030235
0122102621433515400205014502 1202403052.030732
0126102621433515400205014502 1202403052.030755
0126102625433515400205014502 1202403052.030820
0121102621433010400102114502 1202403052.031303
0121102621433110400102114502 1202403052.031329
0121102621433102400102114502 1202403052.031355
0121102621433012400102114502 1202403052.031421
0121102621433112400102114502 1202403052.031446
0121102621433122400102114502 1202403052.031511
0121102621433042400102114502 1202403052.031536
0121102621433142400102114502 1202403052.031600
0121102621433052400102114502 1202403052.031627
0121102621433152400102114502 1202403052.031652
0121102621433062400102114502 1202403052.031719
0121102621433162400102114502 1202403052.031744
0121102621433014400102114502 1202403052.031809
0121102621433114400102114502 1202403052.031835
0121102621433015400102114502 1202403052.031903
0121102621433115400102114502 1202403052.031929
0121102621433016400102114502 1202403052.031955
0121102621433010400202114502 1202403052.032022
0121102621433110400202114502 1202403052.032048
0121102621433102400202114502 1202403052.032113
0121102621433012400202114502 1202403052.032139
0121102621433112400202114502 1202403052.032203
0121102621433122400202114502 1202403052.032228
0121102621433042400202114502 1202403052.032252
0121102621433142400202114502 1202403052.032316
0121102621433052400202114502 1202403052.032342
0121102621433152400202114502 1202403052.032406
0121102621433062400202114502 1202403052.032432
0121102621433162400202114502 1202403052.032456
0121102621433014400202114502 1202403052.032520
0121102621433114400202114502 1202403052.032544
0121102621433015400202114502 1202403052.032610
0121102621433115400202114502 1202403052.032635
0121102621433016400202114502 1202403052.032659
