014415352131304042420020 2 1202503027.174152
004110552131304042420020 2 1202503027.174153
004115552131304042420020 2 1202503027.174155
004115552131314042420020 2 1202503027.174158
004110552131354042420020 2 1202503027.174200
004115552131354042420020 2 1202503027.174201
004115552131304142420020 2 1202503027.174211
004115552131314142420020 2 1202503027.174213
004110552131354142420020 2 1202503027.174215
004115552131354142420020 2 1202503027.174217
054115552131354142420020 2 1202503027.174218
004110552131354242420020 2 1202503027.174229
004110552133310442420020 2 1202503027.174235
014110052133311442420020 2 1202503027.174242
004110552133311442420020 2 1202503027.174244
004110552133312442420020 2 1202503027.174247
014415352131304442420020 2 1202503027.174249
004110552131304442420020 2 1202503027.174251
004115552131304442420020 2 1202503027.174252
014415352131314442420020 2 1202503027.174255
004110552131314442420020 2 1202503027.174257
014110052133314442420020 2 1202503027.174259
004110552133314442420020 2 1202503027.174300
014415352131354442420020 2 1202503027.174302
004110552131354442420020 2 1202503027.174304
004115552131354442420020 2 1202503027.174305
004110552133315442420020 2 1202503027.174308
014415352131314542420020 2 1202503027.174319
004115552131314542420020 2 1202503027.174320
014415352131354542420020 2 1202503027.174322
004110552131354542420020 2 1202503027.174324
014410352101304042420420 2 1202503027.174333
014410352111304042420420 2 1202503027.174335
004110552131304042420420 2 1202503027.174338
014410552131304142420420 2 1202503027.174348
014410352101314242420420 2 1202503027.174359
051210252134302540420111 1 1202503027.174452
051210252134312540420111 1 1202503027.174453
004510202535304042420111 1 1202503027.174513
004510222535304042420111 2 1202503027.174515
004510202535314042420111 1 1202503027.174519
004510202535354042420111 2 1202503027.174522
052410222535354042420111 1 1202503027.174524
004510222535354042420111 2 1202503027.174526
004510202535304142420111 1 1202503027.174546
004510222535304142420111 1 1202503027.174548
004510202535314142420111 1 1202503027.174551
004510222535314142420111 1 1202503027.174553
051410222530354142420111 1 1202503027.174555
004510202535354142420111 1 1202503027.174556
004510222535354142420111 2 1202503027.174600
004510222535354242420111 1 1202503027.174621
012210252134302240420511 1 1202503027.174626
012210252134312240420511 1 1202503027.174627
012210252134302540420511 1 1202503027.174629
012215252134302240420012 1 1202503027.174722
012215252134302540420012 2 1202503027.174728
012215252134312540420012 2 1202503027.174729
014515552131304042420522 2 1202503027.174742
052410002131314042420522 2 1202503027.174744
052410502131314042420522 2 1202503027.174745
012415002131304142420522 2 1202503027.174749
012415502131304142420522 2 1202503027.174751
015415552131304142420522 2 1202503027.174753
014515552131304442420522 2 1202503027.174804
051010202135314542420522 2 1202503027.174812
002415302151314042420142 2 1202503027.174820
012415302151314042420142 2 1202503027.174821
042415302151314042420142 2 1202503027.174822
042415302151354042420142 2 1202503027.174834
042515302151354042420142 2 1202503027.174835
051110202135314142420142 2 1202503027.174851
051410202135314142420142 1 1202503027.174852
042215302151314242420142 2 1202503027.174911
002415302151314242420142 2 1202503027.174912
042415302151314242420142 2 1202503027.174913
042215302151354242420142 2 1202503027.174924
002415302151354242420142 2 1202503027.174925
042415302151354242420142 2 1202503027.174926
014510252130302042420114 1 1202503027.175037
014510252130352042420114 1 1202503027.175038
051110252130304042420114 1 1202503027.175040
051210252130304042420114 1 1202503027.175041
051210252131304042420114 2 1202503027.175044
051210252133304042420114 2 1202503027.175046
051210252134304042420114 2 1202503027.175048
051110252135304042420114 1 1202503027.175053
052110252135304042420114 1 1202503027.175054
051210252135304042420114 1 1202503027.175056
052210252135304042420114 1 1202503027.175058
041415202130314042420114 1 1202503027.175100
051110252130314042420114 1 1202503027.175102
051210252130314042420114 1 1202503027.175103
041415202131314042420114 2 1202503027.175107
051210252131314042420114 2 1202503027.175108
041115202133314042420114 2 1202503027.175111
041415202133314042420114 2 1202503027.175112
051210252133314042420114 2 1202503027.175114
041415202134314042420114 2 1202503027.175116
051210252134314042420114 2 1202503027.175118
052210202135314042420114 2 1202503027.175121
041415202135314042420114 1 1202503027.175122
042415202135314042420114 1 1202503027.175124
051110252135314042420114 1 1202503027.175125
052110252135314042420114 1 1202503027.175126
051210252135314042420114 1 1202503027.175129
052210252135314042420114 1 1202503027.175131
051110252130354042420114 1 1202503027.175139
051110252130304142420114 1 1202503027.175158
051210252130304142420114 1 1202503027.175200
054210252130304142420114 1 1202503027.175201
014510252130304142420114 2 1202503027.175203
051210252131304142420114 2 1202503027.175205
051210252133304142420114 2 1202503027.175207
051210252134304142420114 2 1202503027.175208
051110252135304142420114 1 1202503027.175211
052110252135304142420114 1 1202503027.175212
051210252135304142420114 1 1202503027.175215
052210252135304142420114 1 1202503027.175216
051110252130314142420114 1 1202503027.175220
014510252130314142420114 2 1202503027.175224
052210202135314142420114 1 1202503027.175227
052110252135314142420114 1 1202503027.175229
052210252135314142420114 1 1202503027.175230
014510252135314142420114 1 1202503027.175232
051110252130354142420114 1 1202503027.175234
051210252130354142420114 1 1202503027.175235
051110252135354142420114 1 1202503027.175241
052110252135354142420114 1 1202503027.175242
051210252135354142420114 1 1202503027.175244
052210252135354142420114 1 1202503027.175245
051110252130304242420114 1 1202503027.175300
051210252130304242420114 1 1202503027.175301
051210252131304242420114 2 1202503027.175306
051210252133304242420114 2 1202503027.175309
051210252134304242420114 2 1202503027.175311
051110252135304242420114 1 1202503027.175316
052110252135304242420114 1 1202503027.175317
051210252135304242420114 1 1202503027.175320
052210252135304242420114 1 1202503027.175321
051110252130314242420114 1 1202503027.175325
014510252130314242420114 2 1202503027.175328
014510252131314242420114 2 1202503027.175330
014510252133314242420114 2 1202503027.175331
014510252134314242420114 2 1202503027.175333
052110252135314242420114 1 1202503027.175335
052210252135314242420114 1 1202503027.175336
014510252135314242420114 1 1202503027.175338
051110252130354242420114 1 1202503027.175340
051210252130354242420114 1 1202503027.175341
054210252130354242420114 1 1202503027.175342
051210252131354242420114 2 1202503027.175345
051210252133354242420114 2 1202503027.175347
051210252134354242420114 2 1202503027.175349
051110252135354242420114 1 1202503027.175351
052110252135354242420114 1 1202503027.175352
051210252135354242420114 1 1202503027.175354
052210252135354242420114 1 1202503027.175355
012410502113311442420244 2 1202503027.175419
012410502153311442420244 2 1202503027.175420
011010222030304542420244 1 1202503027.175422
001510202130304542420244 1 1202503027.175424
002510302101304542420244 2 1202503027.175425
002510302111304542420244 2 1202503027.175427
001510202131304542420244 2 1202503027.175429
002510302131304542420244 2 1202503027.175431
002510302141304542420244 2 1202503027.175432
002510302151304542420244 2 1202503027.175434
001510202133304542420244 2 1202503027.175436
001510202134304542420244 2 1202503027.175438
001510202135304542420244 2 1202503027.175439
