001215252130304042420500 1 1202503027.174113
001115202135304042420500 2 1202503027.174115
004110552131304042420120 2 1202503027.174140
004210552131354042420120 2 1202503027.174144
001510202143350245420111 2 1202503027.174244
001510202143311245420111 2 1202503027.174246
001510202143355245420111 2 1202503027.174253
001510202143311545420111 2 1202503027.174256
011115202134312045420012 1 1202503027.174333
012110252130314542420412 2 1202503027.174409
014510252130314542420412 2 1202503027.174411
014510252131314542420412 2 1202503027.174412
014510252133314542420412 2 1202503027.174413
014510252134314542420412 2 1202503027.174415
014510252135314542420412 1 1202503027.174417
014110552103310442420222 2 1202503027.174424
014110552103314442420222 2 1202503027.174428
014110552103305442420222 2 1202503027.174429
