004110552131354142420120 2 1202503027.174155
004210552131354142420120 2 1202503027.174157
004110552133310442420120 2 1202503027.174204
004110552133311442420120 2 1202503027.174209
004110552133312442420120 2 1202503027.174211
004110552131304442420120 2 1202503027.174213
014415352131314442420120 2 1202503027.174216
004110552131314442420120 2 1202503027.174218
004110552133314442420120 2 1202503027.174220
004415352131354442420120 2 1202503027.174223
054415352131354442420120 2 1202503027.174224
004110552133315442420120 2 1202503027.174226
054215352101304042420520 2 1202503027.174246
004110552131304042420520 2 1202503027.174249
004115552131304042420520 2 1202503027.174250
054115552131304042420520 2 1202503027.174252
054215352101354042420520 2 1202503027.174255
024415352101354042420520 2 1202503027.174257
024415352111354042420520 2 1202503027.174258
024415352131354042420520 2 1202503027.174300
004110552131354042420520 2 1202503027.174302
024415352141354042420520 2 1202503027.174304
024415352151354042420520 2 1202503027.174305
004110552131354142420520 2 1202503027.174316
004110552131354242420520 2 1202503027.174326
004115552133300442420520 2 1202503027.174331
004110552133310442420520 2 1202503027.174335
004115552133301442420520 2 1202503027.174342
004110552133311442420520 2 1202503027.174344
004115552133302442420520 2 1202503027.174347
004110552133312442420520 2 1202503027.174349
054210352131304442420520 2 1202503027.174351
004110552131304442420520 2 1202503027.174353
004115552131304442420520 2 1202503027.174355
004115552133304442420520 2 1202503027.174359
004110552131314442420520 2 1202503027.174401
004110552133314442420520 2 1202503027.174404
004110552131354442420520 2 1202503027.174406
004115552133305442420520 2 1202503027.174409
004110552133315442420520 2 1202503027.174410
004115552131314542420520 2 1202503027.174421
004110552131354542420520 2 1202503027.174423
011415202130304042420021 1 1202503027.174520
011415202130314042420021 1 1202503027.174522
011415202130354042420021 1 1202503027.174524
011415202130304142420021 1 1202503027.174528
011415202130314142420021 1 1202503027.174530
011415202130354142420021 1 1202503027.174534
011415202130304242420021 1 1202503027.174538
011415202130314242420021 1 1202503027.174539
011415202130354242420021 1 1202503027.174541
014415252133300442420021 2 1202503027.174544
014415252133310442420021 2 1202503027.174547
011115202134352045420012 1 1202503027.174623
011115202134302145420012 2 1202503027.174625
011115202134352145420012 1 1202503027.174627
011115202134302245420012 1 1202503027.174628
012215252134302245420012 1 1202503027.174630
011115202134352245420012 1 1202503027.174631
011115202134312545420012 1 1202503027.174634
011115202134352545420012 1 1202503027.174636
012410502113311442420242 2 1202503027.174701
012410502153311442420242 2 1202503027.174702
011010222030304542420214 1 1202503027.174803
011010222035304542420214 1 1202503027.174804
014115552131354042420024 2 1202503027.174820
004110552131304142420024 2 1202503027.174825
004115552131314142420024 2 1202503027.174829
011515252130354142420024 2 1202503027.174832
011010222030354442420154 1 1202503027.174908
011010222030304542420154 1 1202503027.174909
011010222030314542420154 1 1202503027.174910
011010222030354542420154 1 1202503027.174911
