26099710
26116094
26132478
26148862
27148286
27164670
27181054
27197438
28196862
28213246
28229630
28246014
29245438
29261822
29278206
29294590
30294014
30310398
30326782
30343166
31342590
31358974
31375358
31391742
32391166
32407550
32423934
32440318
33439742
33456126
33472510
33488894
294535166
294551550
294567934
294584318
295583742
295600126
295616510
295632894
296632318
296648702
296665086
296681470
297680894
297697278
297713662
297730046
298729470
298745854
298762238
298778622
299778046
299794430
299810814
299827198
300826622
300843006
300859390
300875774
301875198
301891582
301907966
301924350
562970622
562987006
563003390
563019774
564019198
564035582
564051966
564068350
565067774
565084158
565100542
565116926
566116350
566132734
566149118
566165502
567164926
567181310
567197694
567214078
568213502
568229886
568246270
568262654
569262078
569278462
569294846
569311230
570310654
570327038
570343422
570359806
831406078
831422462
831438846
831455230
832454654
832471038
832487422
832503806
833503230
833519614
833535998
833552382
834551806
834568190
834584574
834600958
835600382
835616766
835633150
835649534
836648958
836665342
836681726
836698110
837697534
837713918
837730302
837746686
838746110
838762494
838778878
838795262
1099841534
1099857918
1099874302
1099890686
1100890110
1100906494
1100922878
1100939262
1101938686
1101955070
1101971454
1101987838
1102987262
1103003646
1103020030
1103036414
1104035838
1104052222
1104068606
1104084990
1105084414
1105100798
1105117182
1105133566
1106132990
1106149374
1106165758
1106182142
1107181566
1107197950
1107214334
1107230718
1368276990
1368293374
1368309758
1368326142
1369325566
1369341950
1369358334
1369374718
1370374142
1370390526
1370406910
1370423294
1371422718
1371439102
1371455486
1371471870
1372471294
1372487678
1372504062
1372520446
1373519870
1373536254
1373552638
1373569022
1374568446
1374584830
1374601214
1374617598
1375617022
1375633406
1375649790
1375666174
1636712446
1636728830
1636745214
1636761598
1637761022
1637777406
1637793790
1637810174
1638809598
1638825982
1638842366
1638858750
1639858174
1639874558
1639890942
1639907326
1640906750
1640923134
1640939518
1640955902
1641955326
1641971710
1641988094
1642004478
1643003902
1643020286
1643036670
1643053054
1644052478
1644068862
1644085246
1644101630
1905147902
1905164286
1905180670
1905197054
1906196478
1906212862
1906229246
1906245630
1907245054
1907261438
1907277822
1907294206
1908293630
1908310014
1908326398
1908342782
1909342206
1909358590
1909374974
1909391358
1910390782
1910407166
1910423550
1910439934
1911439358
1911455742
1911472126
1911488510
1912487934
1912504318
1912520702
1912537086
