729
case #0  ::  [2058469639150]:  { 1 1 2 1 2 0 1 2 0 0 1 2 1 2 0 1 2 0 0 1 2 1 2 0 1 2 0 }  --->  39 timesteps
case #1  ::  [2058469639153]:  { 1 2 2 1 2 0 1 2 0 0 1 2 1 2 0 1 2 0 0 1 2 1 2 0 1 2 0 }  --->  46 timesteps
case #2  ::  [2058469639132]:  { 1 1 0 1 2 0 1 2 0 0 1 2 1 2 0 1 2 0 0 1 2 1 2 0 1 2 0 }  --->  59 timesteps
case #3  ::  [2058469639177]:  { 1 1 2 2 2 0 1 2 0 0 1 2 1 2 0 1 2 0 0 1 2 1 2 0 1 2 0 }  --->  31 timesteps
case #4  ::  [2058469638988]:  { 1 1 2 1 0 0 1 2 0 0 1 2 1 2 0 1 2 0 0 1 2 1 2 0 1 2 0 }  --->  48 timesteps
case #5  ::  [2058469639393]:  { 1 1 2 1 2 1 1 2 0 0 1 2 1 2 0 1 2 0 0 1 2 1 2 0 1 2 0 }  --->  4331 timesteps
case #6  ::  [2058469639879]:  { 1 1 2 1 2 0 2 2 0 0 1 2 1 2 0 1 2 0 0 1 2 1 2 0 1 2 0 }  --->  92 timesteps
case #7  ::  [2058469634776]:  { 1 1 2 1 2 0 1 0 0 0 1 2 1 2 0 1 2 0 0 1 2 1 2 0 1 2 0 }  --->  61 timesteps
case #8  ::  [2058469645711]:  { 1 1 2 1 2 0 1 2 1 0 1 2 1 2 0 1 2 0 0 1 2 1 2 0 1 2 0 }  --->  49 timesteps
case #9  ::  [2058469658833]:  { 1 1 2 1 2 0 1 2 0 1 1 2 1 2 0 1 2 0 0 1 2 1 2 0 1 2 0 }  --->  4 timesteps
case #10  ::  [2058469698199]:  { 1 1 2 1 2 0 1 2 0 0 2 2 1 2 0 1 2 0 0 1 2 1 2 0 1 2 0 }  --->  47 timesteps
case #11  ::  [2058469284856]:  { 1 1 2 1 2 0 1 2 0 0 1 0 1 2 0 1 2 0 0 1 2 1 2 0 1 2 0 }  --->  29 timesteps
case #12  ::  [2058470170591]:  { 1 1 2 1 2 0 1 2 0 0 1 2 2 2 0 1 2 0 0 1 2 1 2 0 1 2 0 }  --->  47 timesteps
case #13  ::  [2058466450504]:  { 1 1 2 1 2 0 1 2 0 0 1 2 1 0 0 1 2 0 0 1 2 1 2 0 1 2 0 }  --->  20 timesteps
case #14  ::  [2058474422119]:  { 1 1 2 1 2 0 1 2 0 0 1 2 1 2 1 1 2 0 0 1 2 1 2 0 1 2 0 }  --->  720 timesteps
case #15  ::  [2058483988057]:  { 1 1 2 1 2 0 1 2 0 0 1 2 1 2 0 2 2 0 0 1 2 1 2 0 1 2 0 }  --->  50 timesteps
case #16  ::  [2058383545708]:  { 1 1 2 1 2 0 1 2 0 0 1 2 1 2 0 1 0 0 0 1 2 1 2 0 1 2 0 }  --->  286 timesteps
case #17  ::  [2058598779313]:  { 1 1 2 1 2 0 1 2 0 0 1 2 1 2 0 1 2 1 0 1 2 1 2 0 1 2 0 }  --->  55 timesteps
case #18  ::  [2058857059639]:  { 1 1 2 1 2 0 1 2 0 0 1 2 1 2 0 1 2 0 1 1 2 1 2 0 1 2 0 }  --->  29 timesteps
case #19  ::  [2059631900617]:  { 1 1 2 1 2 0 1 2 0 0 1 2 1 2 0 1 2 0 0 2 2 1 2 0 1 2 0 }  --->  51 timesteps
case #20  ::  [2051496070348]:  { 1 1 2 1 2 0 1 2 0 0 1 2 1 2 0 1 2 0 0 1 0 1 2 0 1 2 0 }  --->  51 timesteps
case #21  ::  [2068929992353]:  { 1 1 2 1 2 0 1 2 0 0 1 2 1 2 0 1 2 0 0 1 2 2 2 0 1 2 0 }  --->  47 timesteps
case #22  ::  [1995707519932]:  { 1 1 2 1 2 0 1 2 0 0 1 2 1 2 0 1 2 0 0 1 2 1 0 0 1 2 0 }  --->  48 timesteps
case #23  ::  [2152612817977]:  { 1 1 2 1 2 0 1 2 0 0 1 2 1 2 0 1 2 0 0 1 2 1 2 1 1 2 0 }  --->  487 timesteps
case #24  ::  [2340899175631]:  { 1 1 2 1 2 0 1 2 0 0 1 2 1 2 0 1 2 0 0 1 2 1 2 0 2 2 0 }  --->  233 timesteps
case #25  ::  [363892420264]:  { 1 1 2 1 2 0 1 2 0 0 1 2 1 2 0 1 2 0 0 1 2 1 2 0 1 0 0 }  --->  48 timesteps
case #26  ::  [4600335467479]:  { 1 1 2 1 2 0 1 2 0 0 1 2 1 2 0 1 2 0 0 1 2 1 2 0 1 2 1 }  --->  13 timesteps
case #27  ::  [2058469639153]:  { 1 2 2 1 2 0 1 2 0 0 1 2 1 2 0 1 2 0 0 1 2 1 2 0 1 2 0 }  --->  46 timesteps
case #28  ::  [2058469639152]:  { 0 2 2 1 2 0 1 2 0 0 1 2 1 2 0 1 2 0 0 1 2 1 2 0 1 2 0 }  --->  44 timesteps
case #29  ::  [2058469639134]:  { 0 2 0 1 2 0 1 2 0 0 1 2 1 2 0 1 2 0 0 1 2 1 2 0 1 2 0 }  --->  80 timesteps
case #30  ::  [2058469639179]:  { 0 2 2 2 2 0 1 2 0 0 1 2 1 2 0 1 2 0 0 1 2 1 2 0 1 2 0 }  --->  20 timesteps
case #31  ::  [2058469638990]:  { 0 2 2 1 0 0 1 2 0 0 1 2 1 2 0 1 2 0 0 1 2 1 2 0 1 2 0 }  --->  51 timesteps
case #32  ::  [2058469639395]:  { 0 2 2 1 2 1 1 2 0 0 1 2 1 2 0 1 2 0 0 1 2 1 2 0 1 2 0 }  --->  33 timesteps
case #33  ::  [2058469639881]:  { 0 2 2 1 2 0 2 2 0 0 1 2 1 2 0 1 2 0 0 1 2 1 2 0 1 2 0 }  --->  30 timesteps
case #34  ::  [2058469634778]:  { 0 2 2 1 2 0 1 0 0 0 1 2 1 2 0 1 2 0 0 1 2 1 2 0 1 2 0 }  --->  22 timesteps
case #35  ::  [2058469645713]:  { 0 2 2 1 2 0 1 2 1 0 1 2 1 2 0 1 2 0 0 1 2 1 2 0 1 2 0 }  --->  159 timesteps
case #36  ::  [2058469658835]:  { 0 2 2 1 2 0 1 2 0 1 1 2 1 2 0 1 2 0 0 1 2 1 2 0 1 2 0 }  --->  40 timesteps
case #37  ::  [2058469698201]:  { 0 2 2 1 2 0 1 2 0 0 2 2 1 2 0 1 2 0 0 1 2 1 2 0 1 2 0 }  --->  38 timesteps
case #38  ::  [2058469284858]:  { 0 2 2 1 2 0 1 2 0 0 1 0 1 2 0 1 2 0 0 1 2 1 2 0 1 2 0 }  --->  16 timesteps
case #39  ::  [2058470170593]:  { 0 2 2 1 2 0 1 2 0 0 1 2 2 2 0 1 2 0 0 1 2 1 2 0 1 2 0 }  --->  224 timesteps
case #40  ::  [2058466450506]:  { 0 2 2 1 2 0 1 2 0 0 1 2 1 0 0 1 2 0 0 1 2 1 2 0 1 2 0 }  --->  44 timesteps
case #41  ::  [2058474422121]:  { 0 2 2 1 2 0 1 2 0 0 1 2 1 2 1 1 2 0 0 1 2 1 2 0 1 2 0 }  --->  4016 timesteps
case #42  ::  [2058483988059]:  { 0 2 2 1 2 0 1 2 0 0 1 2 1 2 0 2 2 0 0 1 2 1 2 0 1 2 0 }  --->  231 timesteps
case #43  ::  [2058383545710]:  { 0 2 2 1 2 0 1 2 0 0 1 2 1 2 0 1 0 0 0 1 2 1 2 0 1 2 0 }  --->  655 timesteps
case #44  ::  [2058598779315]:  { 0 2 2 1 2 0 1 2 0 0 1 2 1 2 0 1 2 1 0 1 2 1 2 0 1 2 0 }  --->  34 timesteps
case #45  ::  [2058857059641]:  { 0 2 2 1 2 0 1 2 0 0 1 2 1 2 0 1 2 0 1 1 2 1 2 0 1 2 0 }  --->  19 timesteps
case #46  ::  [2059631900619]:  { 0 2 2 1 2 0 1 2 0 0 1 2 1 2 0 1 2 0 0 2 2 1 2 0 1 2 0 }  --->  51 timesteps
case #47  ::  [2051496070350]:  { 0 2 2 1 2 0 1 2 0 0 1 2 1 2 0 1 2 0 0 1 0 1 2 0 1 2 0 }  --->  31 timesteps
case #48  ::  [2068929992355]:  { 0 2 2 1 2 0 1 2 0 0 1 2 1 2 0 1 2 0 0 1 2 2 2 0 1 2 0 }  --->  2285 timesteps
case #49  ::  [1995707519934]:  { 0 2 2 1 2 0 1 2 0 0 1 2 1 2 0 1 2 0 0 1 2 1 0 0 1 2 0 }  --->  42 timesteps
case #50  ::  [2152612817979]:  { 0 2 2 1 2 0 1 2 0 0 1 2 1 2 0 1 2 0 0 1 2 1 2 1 1 2 0 }  --->  43 timesteps
case #51  ::  [2340899175633]:  { 0 2 2 1 2 0 1 2 0 0 1 2 1 2 0 1 2 0 0 1 2 1 2 0 2 2 0 }  --->  2827 timesteps
case #52  ::  [363892420266]:  { 0 2 2 1 2 0 1 2 0 0 1 2 1 2 0 1 2 0 0 1 2 1 2 0 1 0 0 }  --->  1065 timesteps
case #53  ::  [4600335467481]:  { 0 2 2 1 2 0 1 2 0 0 1 2 1 2 0 1 2 0 0 1 2 1 2 0 1 2 1 }  --->  26 timesteps
case #54  ::  [2058469639132]:  { 1 1 0 1 2 0 1 2 0 0 1 2 1 2 0 1 2 0 0 1 2 1 2 0 1 2 0 }  --->  59 timesteps
case #55  ::  [2058469639134]:  { 0 2 0 1 2 0 1 2 0 0 1 2 1 2 0 1 2 0 0 1 2 1 2 0 1 2 0 }  --->  80 timesteps
case #56  ::  [2058469639131]:  { 0 1 0 1 2 0 1 2 0 0 1 2 1 2 0 1 2 0 0 1 2 1 2 0 1 2 0 }  --->  2331 timesteps
case #57  ::  [2058469639158]:  { 0 1 0 2 2 0 1 2 0 0 1 2 1 2 0 1 2 0 0 1 2 1 2 0 1 2 0 }  --->  98 timesteps
case #58  ::  [2058469638969]:  { 0 1 0 1 0 0 1 2 0 0 1 2 1 2 0 1 2 0 0 1 2 1 2 0 1 2 0 }  --->  30 timesteps
case #59  ::  [2058469639374]:  { 0 1 0 1 2 1 1 2 0 0 1 2 1 2 0 1 2 0 0 1 2 1 2 0 1 2 0 }  --->  1894 timesteps
case #60  ::  [2058469639860]:  { 0 1 0 1 2 0 2 2 0 0 1 2 1 2 0 1 2 0 0 1 2 1 2 0 1 2 0 }  --->  1760 timesteps
case #61  ::  [2058469634757]:  { 0 1 0 1 2 0 1 0 0 0 1 2 1 2 0 1 2 0 0 1 2 1 2 0 1 2 0 }  --->  160 timesteps
case #62  ::  [2058469645692]:  { 0 1 0 1 2 0 1 2 1 0 1 2 1 2 0 1 2 0 0 1 2 1 2 0 1 2 0 }  --->  1266 timesteps
case #63  ::  [2058469658814]:  { 0 1 0 1 2 0 1 2 0 1 1 2 1 2 0 1 2 0 0 1 2 1 2 0 1 2 0 }  --->  19 timesteps
case #64  ::  [2058469698180]:  { 0 1 0 1 2 0 1 2 0 0 2 2 1 2 0 1 2 0 0 1 2 1 2 0 1 2 0 }  --->  32 timesteps
case #65  ::  [2058469284837]:  { 0 1 0 1 2 0 1 2 0 0 1 0 1 2 0 1 2 0 0 1 2 1 2 0 1 2 0 }  --->  33 timesteps
case #66  ::  [2058470170572]:  { 0 1 0 1 2 0 1 2 0 0 1 2 2 2 0 1 2 0 0 1 2 1 2 0 1 2 0 }  --->  1095 timesteps
case #67  ::  [2058466450485]:  { 0 1 0 1 2 0 1 2 0 0 1 2 1 0 0 1 2 0 0 1 2 1 2 0 1 2 0 }  --->  337 timesteps
case #68  ::  [2058474422100]:  { 0 1 0 1 2 0 1 2 0 0 1 2 1 2 1 1 2 0 0 1 2 1 2 0 1 2 0 }  --->  606 timesteps
case #69  ::  [2058483988038]:  { 0 1 0 1 2 0 1 2 0 0 1 2 1 2 0 2 2 0 0 1 2 1 2 0 1 2 0 }  --->  32 timesteps
case #70  ::  [2058383545689]:  { 0 1 0 1 2 0 1 2 0 0 1 2 1 2 0 1 0 0 0 1 2 1 2 0 1 2 0 }  --->  205 timesteps
case #71  ::  [2058598779294]:  { 0 1 0 1 2 0 1 2 0 0 1 2 1 2 0 1 2 1 0 1 2 1 2 0 1 2 0 }  --->  1167 timesteps
case #72  ::  [2058857059620]:  { 0 1 0 1 2 0 1 2 0 0 1 2 1 2 0 1 2 0 1 1 2 1 2 0 1 2 0 }  --->  20 timesteps
case #73  ::  [2059631900598]:  { 0 1 0 1 2 0 1 2 0 0 1 2 1 2 0 1 2 0 0 2 2 1 2 0 1 2 0 }  --->  27 timesteps
case #74  ::  [2051496070329]:  { 0 1 0 1 2 0 1 2 0 0 1 2 1 2 0 1 2 0 0 1 0 1 2 0 1 2 0 }  --->  51 timesteps
case #75  ::  [2068929992334]:  { 0 1 0 1 2 0 1 2 0 0 1 2 1 2 0 1 2 0 0 1 2 2 2 0 1 2 0 }  --->  146 timesteps
case #76  ::  [1995707519913]:  { 0 1 0 1 2 0 1 2 0 0 1 2 1 2 0 1 2 0 0 1 2 1 0 0 1 2 0 }  --->  4425 timesteps
case #77  ::  [2152612817958]:  { 0 1 0 1 2 0 1 2 0 0 1 2 1 2 0 1 2 0 0 1 2 1 2 1 1 2 0 }  --->  107 timesteps
case #78  ::  [2340899175612]:  { 0 1 0 1 2 0 1 2 0 0 1 2 1 2 0 1 2 0 0 1 2 1 2 0 2 2 0 }  --->  25 timesteps
case #79  ::  [363892420245]:  { 0 1 0 1 2 0 1 2 0 0 1 2 1 2 0 1 2 0 0 1 2 1 2 0 1 0 0 }  --->  143 timesteps
case #80  ::  [4600335467460]:  { 0 1 0 1 2 0 1 2 0 0 1 2 1 2 0 1 2 0 0 1 2 1 2 0 1 2 1 }  --->  71 timesteps
case #81  ::  [2058469639177]:  { 1 1 2 2 2 0 1 2 0 0 1 2 1 2 0 1 2 0 0 1 2 1 2 0 1 2 0 }  --->  31 timesteps
case #82  ::  [2058469639179]:  { 0 2 2 2 2 0 1 2 0 0 1 2 1 2 0 1 2 0 0 1 2 1 2 0 1 2 0 }  --->  20 timesteps
case #83  ::  [2058469639158]:  { 0 1 0 2 2 0 1 2 0 0 1 2 1 2 0 1 2 0 0 1 2 1 2 0 1 2 0 }  --->  98 timesteps
case #84  ::  [2058469639176]:  { 0 1 2 2 2 0 1 2 0 0 1 2 1 2 0 1 2 0 0 1 2 1 2 0 1 2 0 }  --->  123 timesteps
case #85  ::  [2058469639014]:  { 0 1 2 2 0 0 1 2 0 0 1 2 1 2 0 1 2 0 0 1 2 1 2 0 1 2 0 }  --->  30 timesteps
case #86  ::  [2058469639419]:  { 0 1 2 2 2 1 1 2 0 0 1 2 1 2 0 1 2 0 0 1 2 1 2 0 1 2 0 }  --->  10593 timesteps
case #87  ::  [2058469639905]:  { 0 1 2 2 2 0 2 2 0 0 1 2 1 2 0 1 2 0 0 1 2 1 2 0 1 2 0 }  --->  45 timesteps
case #88  ::  [2058469634802]:  { 0 1 2 2 2 0 1 0 0 0 1 2 1 2 0 1 2 0 0 1 2 1 2 0 1 2 0 }  --->  123 timesteps
case #89  ::  [2058469645737]:  { 0 1 2 2 2 0 1 2 1 0 1 2 1 2 0 1 2 0 0 1 2 1 2 0 1 2 0 }  --->  145 timesteps
case #90  ::  [2058469658859]:  { 0 1 2 2 2 0 1 2 0 1 1 2 1 2 0 1 2 0 0 1 2 1 2 0 1 2 0 }  --->  11 timesteps
case #91  ::  [2058469698225]:  { 0 1 2 2 2 0 1 2 0 0 2 2 1 2 0 1 2 0 0 1 2 1 2 0 1 2 0 }  --->  1243 timesteps
case #92  ::  [2058469284882]:  { 0 1 2 2 2 0 1 2 0 0 1 0 1 2 0 1 2 0 0 1 2 1 2 0 1 2 0 }  --->  47 timesteps
case #93  ::  [2058470170617]:  { 0 1 2 2 2 0 1 2 0 0 1 2 2 2 0 1 2 0 0 1 2 1 2 0 1 2 0 }  --->  17 timesteps
case #94  ::  [2058466450530]:  { 0 1 2 2 2 0 1 2 0 0 1 2 1 0 0 1 2 0 0 1 2 1 2 0 1 2 0 }  --->  35 timesteps
case #95  ::  [2058474422145]:  { 0 1 2 2 2 0 1 2 0 0 1 2 1 2 1 1 2 0 0 1 2 1 2 0 1 2 0 }  --->  1068 timesteps
case #96  ::  [2058483988083]:  { 0 1 2 2 2 0 1 2 0 0 1 2 1 2 0 2 2 0 0 1 2 1 2 0 1 2 0 }  --->  11214 timesteps
case #97  ::  [2058383545734]:  { 0 1 2 2 2 0 1 2 0 0 1 2 1 2 0 1 0 0 0 1 2 1 2 0 1 2 0 }  --->  2244 timesteps
case #98  ::  [2058598779339]:  { 0 1 2 2 2 0 1 2 0 0 1 2 1 2 0 1 2 1 0 1 2 1 2 0 1 2 0 }  --->  61 timesteps
case #99  ::  [2058857059665]:  { 0 1 2 2 2 0 1 2 0 0 1 2 1 2 0 1 2 0 1 1 2 1 2 0 1 2 0 }  --->  36 timesteps
case #100  ::  [2059631900643]:  { 0 1 2 2 2 0 1 2 0 0 1 2 1 2 0 1 2 0 0 2 2 1 2 0 1 2 0 }  --->  29 timesteps
case #101  ::  [2051496070374]:  { 0 1 2 2 2 0 1 2 0 0 1 2 1 2 0 1 2 0 0 1 0 1 2 0 1 2 0 }  --->  60 timesteps
case #102  ::  [2068929992379]:  { 0 1 2 2 2 0 1 2 0 0 1 2 1 2 0 1 2 0 0 1 2 2 2 0 1 2 0 }  --->  121 timesteps
case #103  ::  [1995707519958]:  { 0 1 2 2 2 0 1 2 0 0 1 2 1 2 0 1 2 0 0 1 2 1 0 0 1 2 0 }  --->  94 timesteps
case #104  ::  [2152612818003]:  { 0 1 2 2 2 0 1 2 0 0 1 2 1 2 0 1 2 0 0 1 2 1 2 1 1 2 0 }  --->  17 timesteps
case #105  ::  [2340899175657]:  { 0 1 2 2 2 0 1 2 0 0 1 2 1 2 0 1 2 0 0 1 2 1 2 0 2 2 0 }  --->  28 timesteps
case #106  ::  [363892420290]:  { 0 1 2 2 2 0 1 2 0 0 1 2 1 2 0 1 2 0 0 1 2 1 2 0 1 0 0 }  --->  117 timesteps
case #107  ::  [4600335467505]:  { 0 1 2 2 2 0 1 2 0 0 1 2 1 2 0 1 2 0 0 1 2 1 2 0 1 2 1 }  --->  98 timesteps
case #108  ::  [2058469638988]:  { 1 1 2 1 0 0 1 2 0 0 1 2 1 2 0 1 2 0 0 1 2 1 2 0 1 2 0 }  --->  48 timesteps
case #109  ::  [2058469638990]:  { 0 2 2 1 0 0 1 2 0 0 1 2 1 2 0 1 2 0 0 1 2 1 2 0 1 2 0 }  --->  51 timesteps
case #110  ::  [2058469638969]:  { 0 1 0 1 0 0 1 2 0 0 1 2 1 2 0 1 2 0 0 1 2 1 2 0 1 2 0 }  --->  30 timesteps
case #111  ::  [2058469639014]:  { 0 1 2 2 0 0 1 2 0 0 1 2 1 2 0 1 2 0 0 1 2 1 2 0 1 2 0 }  --->  30 timesteps
case #112  ::  [2058469638987]:  { 0 1 2 1 0 0 1 2 0 0 1 2 1 2 0 1 2 0 0 1 2 1 2 0 1 2 0 }  --->  30 timesteps
case #113  ::  [2058469639230]:  { 0 1 2 1 0 1 1 2 0 0 1 2 1 2 0 1 2 0 0 1 2 1 2 0 1 2 0 }  --->  3487 timesteps
case #114  ::  [2058469639716]:  { 0 1 2 1 0 0 2 2 0 0 1 2 1 2 0 1 2 0 0 1 2 1 2 0 1 2 0 }  --->  30 timesteps
case #115  ::  [2058469634613]:  { 0 1 2 1 0 0 1 0 0 0 1 2 1 2 0 1 2 0 0 1 2 1 2 0 1 2 0 }  --->  30 timesteps
case #116  ::  [2058469645548]:  { 0 1 2 1 0 0 1 2 1 0 1 2 1 2 0 1 2 0 0 1 2 1 2 0 1 2 0 }  --->  46 timesteps
case #117  ::  [2058469658670]:  { 0 1 2 1 0 0 1 2 0 1 1 2 1 2 0 1 2 0 0 1 2 1 2 0 1 2 0 }  --->  10 timesteps
case #118  ::  [2058469698036]:  { 0 1 2 1 0 0 1 2 0 0 2 2 1 2 0 1 2 0 0 1 2 1 2 0 1 2 0 }  --->  2167 timesteps
case #119  ::  [2058469284693]:  { 0 1 2 1 0 0 1 2 0 0 1 0 1 2 0 1 2 0 0 1 2 1 2 0 1 2 0 }  --->  30 timesteps
case #120  ::  [2058470170428]:  { 0 1 2 1 0 0 1 2 0 0 1 2 2 2 0 1 2 0 0 1 2 1 2 0 1 2 0 }  --->  4041 timesteps
case #121  ::  [2058466450341]:  { 0 1 2 1 0 0 1 2 0 0 1 2 1 0 0 1 2 0 0 1 2 1 2 0 1 2 0 }  --->  16 timesteps
case #122  ::  [2058474421956]:  { 0 1 2 1 0 0 1 2 0 0 1 2 1 2 1 1 2 0 0 1 2 1 2 0 1 2 0 }  --->  30 timesteps
case #123  ::  [2058483987894]:  { 0 1 2 1 0 0 1 2 0 0 1 2 1 2 0 2 2 0 0 1 2 1 2 0 1 2 0 }  --->  1570 timesteps
case #124  ::  [2058383545545]:  { 0 1 2 1 0 0 1 2 0 0 1 2 1 2 0 1 0 0 0 1 2 1 2 0 1 2 0 }  --->  30 timesteps
case #125  ::  [2058598779150]:  { 0 1 2 1 0 0 1 2 0 0 1 2 1 2 0 1 2 1 0 1 2 1 2 0 1 2 0 }  --->  30 timesteps
case #126  ::  [2058857059476]:  { 0 1 2 1 0 0 1 2 0 0 1 2 1 2 0 1 2 0 1 1 2 1 2 0 1 2 0 }  --->  30 timesteps
case #127  ::  [2059631900454]:  { 0 1 2 1 0 0 1 2 0 0 1 2 1 2 0 1 2 0 0 2 2 1 2 0 1 2 0 }  --->  29 timesteps
case #128  ::  [2051496070185]:  { 0 1 2 1 0 0 1 2 0 0 1 2 1 2 0 1 2 0 0 1 0 1 2 0 1 2 0 }  --->  30 timesteps
case #129  ::  [2068929992190]:  { 0 1 2 1 0 0 1 2 0 0 1 2 1 2 0 1 2 0 0 1 2 2 2 0 1 2 0 }  --->  30 timesteps
case #130  ::  [1995707519769]:  { 0 1 2 1 0 0 1 2 0 0 1 2 1 2 0 1 2 0 0 1 2 1 0 0 1 2 0 }  --->  2335 timesteps
case #131  ::  [2152612817814]:  { 0 1 2 1 0 0 1 2 0 0 1 2 1 2 0 1 2 0 0 1 2 1 2 1 1 2 0 }  --->  29 timesteps
case #132  ::  [2340899175468]:  { 0 1 2 1 0 0 1 2 0 0 1 2 1 2 0 1 2 0 0 1 2 1 2 0 2 2 0 }  --->  30 timesteps
case #133  ::  [363892420101]:  { 0 1 2 1 0 0 1 2 0 0 1 2 1 2 0 1 2 0 0 1 2 1 2 0 1 0 0 }  --->  30 timesteps
case #134  ::  [4600335467316]:  { 0 1 2 1 0 0 1 2 0 0 1 2 1 2 0 1 2 0 0 1 2 1 2 0 1 2 1 }  --->  30 timesteps
case #135  ::  [2058469639393]:  { 1 1 2 1 2 1 1 2 0 0 1 2 1 2 0 1 2 0 0 1 2 1 2 0 1 2 0 }  --->  4331 timesteps
case #136  ::  [2058469639395]:  { 0 2 2 1 2 1 1 2 0 0 1 2 1 2 0 1 2 0 0 1 2 1 2 0 1 2 0 }  --->  33 timesteps
case #137  ::  [2058469639374]:  { 0 1 0 1 2 1 1 2 0 0 1 2 1 2 0 1 2 0 0 1 2 1 2 0 1 2 0 }  --->  1894 timesteps
case #138  ::  [2058469639419]:  { 0 1 2 2 2 1 1 2 0 0 1 2 1 2 0 1 2 0 0 1 2 1 2 0 1 2 0 }  --->  10593 timesteps
case #139  ::  [2058469639230]:  { 0 1 2 1 0 1 1 2 0 0 1 2 1 2 0 1 2 0 0 1 2 1 2 0 1 2 0 }  --->  3487 timesteps
case #140  ::  [2058469639392]:  { 0 1 2 1 2 1 1 2 0 0 1 2 1 2 0 1 2 0 0 1 2 1 2 0 1 2 0 }  --->  3124 timesteps
case #141  ::  [2058469640121]:  { 0 1 2 1 2 1 2 2 0 0 1 2 1 2 0 1 2 0 0 1 2 1 2 0 1 2 0 }  --->  813 timesteps
case #142  ::  [2058469635018]:  { 0 1 2 1 2 1 1 0 0 0 1 2 1 2 0 1 2 0 0 1 2 1 2 0 1 2 0 }  --->  915 timesteps
case #143  ::  [2058469645953]:  { 0 1 2 1 2 1 1 2 1 0 1 2 1 2 0 1 2 0 0 1 2 1 2 0 1 2 0 }  --->  87 timesteps
case #144  ::  [2058469659075]:  { 0 1 2 1 2 1 1 2 0 1 1 2 1 2 0 1 2 0 0 1 2 1 2 0 1 2 0 }  --->  4498 timesteps
case #145  ::  [2058469698441]:  { 0 1 2 1 2 1 1 2 0 0 2 2 1 2 0 1 2 0 0 1 2 1 2 0 1 2 0 }  --->  4177 timesteps
case #146  ::  [2058469285098]:  { 0 1 2 1 2 1 1 2 0 0 1 0 1 2 0 1 2 0 0 1 2 1 2 0 1 2 0 }  --->  35 timesteps
case #147  ::  [2058470170833]:  { 0 1 2 1 2 1 1 2 0 0 1 2 2 2 0 1 2 0 0 1 2 1 2 0 1 2 0 }  --->  930 timesteps
case #148  ::  [2058466450746]:  { 0 1 2 1 2 1 1 2 0 0 1 2 1 0 0 1 2 0 0 1 2 1 2 0 1 2 0 }  --->  378 timesteps
case #149  ::  [2058474422361]:  { 0 1 2 1 2 1 1 2 0 0 1 2 1 2 1 1 2 0 0 1 2 1 2 0 1 2 0 }  --->  350 timesteps
case #150  ::  [2058483988299]:  { 0 1 2 1 2 1 1 2 0 0 1 2 1 2 0 2 2 0 0 1 2 1 2 0 1 2 0 }  --->  6040 timesteps
case #151  ::  [2058383545950]:  { 0 1 2 1 2 1 1 2 0 0 1 2 1 2 0 1 0 0 0 1 2 1 2 0 1 2 0 }  --->  111 timesteps
case #152  ::  [2058598779555]:  { 0 1 2 1 2 1 1 2 0 0 1 2 1 2 0 1 2 1 0 1 2 1 2 0 1 2 0 }  --->  2043 timesteps
case #153  ::  [2058857059881]:  { 0 1 2 1 2 1 1 2 0 0 1 2 1 2 0 1 2 0 1 1 2 1 2 0 1 2 0 }  --->  739 timesteps
case #154  ::  [2059631900859]:  { 0 1 2 1 2 1 1 2 0 0 1 2 1 2 0 1 2 0 0 2 2 1 2 0 1 2 0 }  --->  240 timesteps
case #155  ::  [2051496070590]:  { 0 1 2 1 2 1 1 2 0 0 1 2 1 2 0 1 2 0 0 1 0 1 2 0 1 2 0 }  --->  46 timesteps
case #156  ::  [2068929992595]:  { 0 1 2 1 2 1 1 2 0 0 1 2 1 2 0 1 2 0 0 1 2 2 2 0 1 2 0 }  --->  879 timesteps
case #157  ::  [1995707520174]:  { 0 1 2 1 2 1 1 2 0 0 1 2 1 2 0 1 2 0 0 1 2 1 0 0 1 2 0 }  --->  306 timesteps
case #158  ::  [2152612818219]:  { 0 1 2 1 2 1 1 2 0 0 1 2 1 2 0 1 2 0 0 1 2 1 2 1 1 2 0 }  --->  144 timesteps
case #159  ::  [2340899175873]:  { 0 1 2 1 2 1 1 2 0 0 1 2 1 2 0 1 2 0 0 1 2 1 2 0 2 2 0 }  --->  1739 timesteps
case #160  ::  [363892420506]:  { 0 1 2 1 2 1 1 2 0 0 1 2 1 2 0 1 2 0 0 1 2 1 2 0 1 0 0 }  --->  1858 timesteps
case #161  ::  [4600335467721]:  { 0 1 2 1 2 1 1 2 0 0 1 2 1 2 0 1 2 0 0 1 2 1 2 0 1 2 1 }  --->  1396 timesteps
case #162  ::  [2058469639879]:  { 1 1 2 1 2 0 2 2 0 0 1 2 1 2 0 1 2 0 0 1 2 1 2 0 1 2 0 }  --->  92 timesteps
case #163  ::  [2058469639881]:  { 0 2 2 1 2 0 2 2 0 0 1 2 1 2 0 1 2 0 0 1 2 1 2 0 1 2 0 }  --->  30 timesteps
case #164  ::  [2058469639860]:  { 0 1 0 1 2 0 2 2 0 0 1 2 1 2 0 1 2 0 0 1 2 1 2 0 1 2 0 }  --->  1760 timesteps
case #165  ::  [2058469639905]:  { 0 1 2 2 2 0 2 2 0 0 1 2 1 2 0 1 2 0 0 1 2 1 2 0 1 2 0 }  --->  45 timesteps
case #166  ::  [2058469639716]:  { 0 1 2 1 0 0 2 2 0 0 1 2 1 2 0 1 2 0 0 1 2 1 2 0 1 2 0 }  --->  30 timesteps
case #167  ::  [2058469640121]:  { 0 1 2 1 2 1 2 2 0 0 1 2 1 2 0 1 2 0 0 1 2 1 2 0 1 2 0 }  --->  813 timesteps
case #168  ::  [2058469639878]:  { 0 1 2 1 2 0 2 2 0 0 1 2 1 2 0 1 2 0 0 1 2 1 2 0 1 2 0 }  --->  291 timesteps
case #169  ::  [2058469635504]:  { 0 1 2 1 2 0 2 0 0 0 1 2 1 2 0 1 2 0 0 1 2 1 2 0 1 2 0 }  --->  21 timesteps
case #170  ::  [2058469646439]:  { 0 1 2 1 2 0 2 2 1 0 1 2 1 2 0 1 2 0 0 1 2 1 2 0 1 2 0 }  --->  141 timesteps
case #171  ::  [2058469659561]:  { 0 1 2 1 2 0 2 2 0 1 1 2 1 2 0 1 2 0 0 1 2 1 2 0 1 2 0 }  --->  22 timesteps
case #172  ::  [2058469698927]:  { 0 1 2 1 2 0 2 2 0 0 2 2 1 2 0 1 2 0 0 1 2 1 2 0 1 2 0 }  --->  79 timesteps
case #173  ::  [2058469285584]:  { 0 1 2 1 2 0 2 2 0 0 1 0 1 2 0 1 2 0 0 1 2 1 2 0 1 2 0 }  --->  79 timesteps
case #174  ::  [2058470171319]:  { 0 1 2 1 2 0 2 2 0 0 1 2 2 2 0 1 2 0 0 1 2 1 2 0 1 2 0 }  --->  43 timesteps
case #175  ::  [2058466451232]:  { 0 1 2 1 2 0 2 2 0 0 1 2 1 0 0 1 2 0 0 1 2 1 2 0 1 2 0 }  --->  187 timesteps
case #176  ::  [2058474422847]:  { 0 1 2 1 2 0 2 2 0 0 1 2 1 2 1 1 2 0 0 1 2 1 2 0 1 2 0 }  --->  2955 timesteps
case #177  ::  [2058483988785]:  { 0 1 2 1 2 0 2 2 0 0 1 2 1 2 0 2 2 0 0 1 2 1 2 0 1 2 0 }  --->  919 timesteps
case #178  ::  [2058383546436]:  { 0 1 2 1 2 0 2 2 0 0 1 2 1 2 0 1 0 0 0 1 2 1 2 0 1 2 0 }  --->  202 timesteps
case #179  ::  [2058598780041]:  { 0 1 2 1 2 0 2 2 0 0 1 2 1 2 0 1 2 1 0 1 2 1 2 0 1 2 0 }  --->  134 timesteps
case #180  ::  [2058857060367]:  { 0 1 2 1 2 0 2 2 0 0 1 2 1 2 0 1 2 0 1 1 2 1 2 0 1 2 0 }  --->  39 timesteps
case #181  ::  [2059631901345]:  { 0 1 2 1 2 0 2 2 0 0 1 2 1 2 0 1 2 0 0 2 2 1 2 0 1 2 0 }  --->  48 timesteps
case #182  ::  [2051496071076]:  { 0 1 2 1 2 0 2 2 0 0 1 2 1 2 0 1 2 0 0 1 0 1 2 0 1 2 0 }  --->  96 timesteps
case #183  ::  [2068929993081]:  { 0 1 2 1 2 0 2 2 0 0 1 2 1 2 0 1 2 0 0 1 2 2 2 0 1 2 0 }  --->  3450 timesteps
case #184  ::  [1995707520660]:  { 0 1 2 1 2 0 2 2 0 0 1 2 1 2 0 1 2 0 0 1 2 1 0 0 1 2 0 }  --->  833 timesteps
case #185  ::  [2152612818705]:  { 0 1 2 1 2 0 2 2 0 0 1 2 1 2 0 1 2 0 0 1 2 1 2 1 1 2 0 }  --->  98 timesteps
case #186  ::  [2340899176359]:  { 0 1 2 1 2 0 2 2 0 0 1 2 1 2 0 1 2 0 0 1 2 1 2 0 2 2 0 }  --->  30 timesteps
case #187  ::  [363892420992]:  { 0 1 2 1 2 0 2 2 0 0 1 2 1 2 0 1 2 0 0 1 2 1 2 0 1 0 0 }  --->  1872 timesteps
case #188  ::  [4600335468207]:  { 0 1 2 1 2 0 2 2 0 0 1 2 1 2 0 1 2 0 0 1 2 1 2 0 1 2 1 }  --->  70 timesteps
case #189  ::  [2058469634776]:  { 1 1 2 1 2 0 1 0 0 0 1 2 1 2 0 1 2 0 0 1 2 1 2 0 1 2 0 }  --->  61 timesteps
case #190  ::  [2058469634778]:  { 0 2 2 1 2 0 1 0 0 0 1 2 1 2 0 1 2 0 0 1 2 1 2 0 1 2 0 }  --->  22 timesteps
case #191  ::  [2058469634757]:  { 0 1 0 1 2 0 1 0 0 0 1 2 1 2 0 1 2 0 0 1 2 1 2 0 1 2 0 }  --->  160 timesteps
case #192  ::  [2058469634802]:  { 0 1 2 2 2 0 1 0 0 0 1 2 1 2 0 1 2 0 0 1 2 1 2 0 1 2 0 }  --->  123 timesteps
case #193  ::  [2058469634613]:  { 0 1 2 1 0 0 1 0 0 0 1 2 1 2 0 1 2 0 0 1 2 1 2 0 1 2 0 }  --->  30 timesteps
case #194  ::  [2058469635018]:  { 0 1 2 1 2 1 1 0 0 0 1 2 1 2 0 1 2 0 0 1 2 1 2 0 1 2 0 }  --->  915 timesteps
case #195  ::  [2058469635504]:  { 0 1 2 1 2 0 2 0 0 0 1 2 1 2 0 1 2 0 0 1 2 1 2 0 1 2 0 }  --->  21 timesteps
case #196  ::  [2058469634775]:  { 0 1 2 1 2 0 1 0 0 0 1 2 1 2 0 1 2 0 0 1 2 1 2 0 1 2 0 }  --->  2186 timesteps
case #197  ::  [2058469641336]:  { 0 1 2 1 2 0 1 0 1 0 1 2 1 2 0 1 2 0 0 1 2 1 2 0 1 2 0 }  --->  1198 timesteps
case #198  ::  [2058469654458]:  { 0 1 2 1 2 0 1 0 0 1 1 2 1 2 0 1 2 0 0 1 2 1 2 0 1 2 0 }  --->  10 timesteps
case #199  ::  [2058469693824]:  { 0 1 2 1 2 0 1 0 0 0 2 2 1 2 0 1 2 0 0 1 2 1 2 0 1 2 0 }  --->  1511 timesteps
case #200  ::  [2058469280481]:  { 0 1 2 1 2 0 1 0 0 0 1 0 1 2 0 1 2 0 0 1 2 1 2 0 1 2 0 }  --->  3971 timesteps
case #201  ::  [2058470166216]:  { 0 1 2 1 2 0 1 0 0 0 1 2 2 2 0 1 2 0 0 1 2 1 2 0 1 2 0 }  --->  113 timesteps
case #202  ::  [2058466446129]:  { 0 1 2 1 2 0 1 0 0 0 1 2 1 0 0 1 2 0 0 1 2 1 2 0 1 2 0 }  --->  1508 timesteps
case #203  ::  [2058474417744]:  { 0 1 2 1 2 0 1 0 0 0 1 2 1 2 1 1 2 0 0 1 2 1 2 0 1 2 0 }  --->  1965 timesteps
case #204  ::  [2058483983682]:  { 0 1 2 1 2 0 1 0 0 0 1 2 1 2 0 2 2 0 0 1 2 1 2 0 1 2 0 }  --->  1107 timesteps
case #205  ::  [2058383541333]:  { 0 1 2 1 2 0 1 0 0 0 1 2 1 2 0 1 0 0 0 1 2 1 2 0 1 2 0 }  --->  5883 timesteps
case #206  ::  [2058598774938]:  { 0 1 2 1 2 0 1 0 0 0 1 2 1 2 0 1 2 1 0 1 2 1 2 0 1 2 0 }  --->  11518 timesteps
case #207  ::  [2058857055264]:  { 0 1 2 1 2 0 1 0 0 0 1 2 1 2 0 1 2 0 1 1 2 1 2 0 1 2 0 }  --->  103 timesteps
case #208  ::  [2059631896242]:  { 0 1 2 1 2 0 1 0 0 0 1 2 1 2 0 1 2 0 0 2 2 1 2 0 1 2 0 }  --->  60 timesteps
case #209  ::  [2051496065973]:  { 0 1 2 1 2 0 1 0 0 0 1 2 1 2 0 1 2 0 0 1 0 1 2 0 1 2 0 }  --->  78 timesteps
case #210  ::  [2068929987978]:  { 0 1 2 1 2 0 1 0 0 0 1 2 1 2 0 1 2 0 0 1 2 2 2 0 1 2 0 }  --->  3794 timesteps
case #211  ::  [1995707515557]:  { 0 1 2 1 2 0 1 0 0 0 1 2 1 2 0 1 2 0 0 1 2 1 0 0 1 2 0 }  --->  9692 timesteps
case #212  ::  [2152612813602]:  { 0 1 2 1 2 0 1 0 0 0 1 2 1 2 0 1 2 0 0 1 2 1 2 1 1 2 0 }  --->  1070 timesteps
case #213  ::  [2340899171256]:  { 0 1 2 1 2 0 1 0 0 0 1 2 1 2 0 1 2 0 0 1 2 1 2 0 2 2 0 }  --->  616 timesteps
case #214  ::  [363892415889]:  { 0 1 2 1 2 0 1 0 0 0 1 2 1 2 0 1 2 0 0 1 2 1 2 0 1 0 0 }  --->  699 timesteps
case #215  ::  [4600335463104]:  { 0 1 2 1 2 0 1 0 0 0 1 2 1 2 0 1 2 0 0 1 2 1 2 0 1 2 1 }  --->  38 timesteps
case #216  ::  [2058469645711]:  { 1 1 2 1 2 0 1 2 1 0 1 2 1 2 0 1 2 0 0 1 2 1 2 0 1 2 0 }  --->  49 timesteps
case #217  ::  [2058469645713]:  { 0 2 2 1 2 0 1 2 1 0 1 2 1 2 0 1 2 0 0 1 2 1 2 0 1 2 0 }  --->  159 timesteps
case #218  ::  [2058469645692]:  { 0 1 0 1 2 0 1 2 1 0 1 2 1 2 0 1 2 0 0 1 2 1 2 0 1 2 0 }  --->  1266 timesteps
case #219  ::  [2058469645737]:  { 0 1 2 2 2 0 1 2 1 0 1 2 1 2 0 1 2 0 0 1 2 1 2 0 1 2 0 }  --->  145 timesteps
case #220  ::  [2058469645548]:  { 0 1 2 1 0 0 1 2 1 0 1 2 1 2 0 1 2 0 0 1 2 1 2 0 1 2 0 }  --->  46 timesteps
case #221  ::  [2058469645953]:  { 0 1 2 1 2 1 1 2 1 0 1 2 1 2 0 1 2 0 0 1 2 1 2 0 1 2 0 }  --->  87 timesteps
case #222  ::  [2058469646439]:  { 0 1 2 1 2 0 2 2 1 0 1 2 1 2 0 1 2 0 0 1 2 1 2 0 1 2 0 }  --->  141 timesteps
case #223  ::  [2058469641336]:  { 0 1 2 1 2 0 1 0 1 0 1 2 1 2 0 1 2 0 0 1 2 1 2 0 1 2 0 }  --->  1198 timesteps
case #224  ::  [2058469645710]:  { 0 1 2 1 2 0 1 2 1 0 1 2 1 2 0 1 2 0 0 1 2 1 2 0 1 2 0 }  --->  290 timesteps
case #225  ::  [2058469665393]:  { 0 1 2 1 2 0 1 2 1 1 1 2 1 2 0 1 2 0 0 1 2 1 2 0 1 2 0 }  --->  43 timesteps
case #226  ::  [2058469704759]:  { 0 1 2 1 2 0 1 2 1 0 2 2 1 2 0 1 2 0 0 1 2 1 2 0 1 2 0 }  --->  1035 timesteps
case #227  ::  [2058469291416]:  { 0 1 2 1 2 0 1 2 1 0 1 0 1 2 0 1 2 0 0 1 2 1 2 0 1 2 0 }  --->  28 timesteps
case #228  ::  [2058470177151]:  { 0 1 2 1 2 0 1 2 1 0 1 2 2 2 0 1 2 0 0 1 2 1 2 0 1 2 0 }  --->  119 timesteps
case #229  ::  [2058466457064]:  { 0 1 2 1 2 0 1 2 1 0 1 2 1 0 0 1 2 0 0 1 2 1 2 0 1 2 0 }  --->  73 timesteps
case #230  ::  [2058474428679]:  { 0 1 2 1 2 0 1 2 1 0 1 2 1 2 1 1 2 0 0 1 2 1 2 0 1 2 0 }  --->  1080 timesteps
case #231  ::  [2058483994617]:  { 0 1 2 1 2 0 1 2 1 0 1 2 1 2 0 2 2 0 0 1 2 1 2 0 1 2 0 }  --->  4402 timesteps
case #232  ::  [2058383552268]:  { 0 1 2 1 2 0 1 2 1 0 1 2 1 2 0 1 0 0 0 1 2 1 2 0 1 2 0 }  --->  1562 timesteps
case #233  ::  [2058598785873]:  { 0 1 2 1 2 0 1 2 1 0 1 2 1 2 0 1 2 1 0 1 2 1 2 0 1 2 0 }  --->  177 timesteps
case #234  ::  [2058857066199]:  { 0 1 2 1 2 0 1 2 1 0 1 2 1 2 0 1 2 0 1 1 2 1 2 0 1 2 0 }  --->  54 timesteps
case #235  ::  [2059631907177]:  { 0 1 2 1 2 0 1 2 1 0 1 2 1 2 0 1 2 0 0 2 2 1 2 0 1 2 0 }  --->  58 timesteps
case #236  ::  [2051496076908]:  { 0 1 2 1 2 0 1 2 1 0 1 2 1 2 0 1 2 0 0 1 0 1 2 0 1 2 0 }  --->  49 timesteps
case #237  ::  [2068929998913]:  { 0 1 2 1 2 0 1 2 1 0 1 2 1 2 0 1 2 0 0 1 2 2 2 0 1 2 0 }  --->  223 timesteps
case #238  ::  [1995707526492]:  { 0 1 2 1 2 0 1 2 1 0 1 2 1 2 0 1 2 0 0 1 2 1 0 0 1 2 0 }  --->  9163 timesteps
case #239  ::  [2152612824537]:  { 0 1 2 1 2 0 1 2 1 0 1 2 1 2 0 1 2 0 0 1 2 1 2 1 1 2 0 }  --->  635 timesteps
case #240  ::  [2340899182191]:  { 0 1 2 1 2 0 1 2 1 0 1 2 1 2 0 1 2 0 0 1 2 1 2 0 2 2 0 }  --->  3401 timesteps
case #241  ::  [363892426824]:  { 0 1 2 1 2 0 1 2 1 0 1 2 1 2 0 1 2 0 0 1 2 1 2 0 1 0 0 }  --->  5716 timesteps
case #242  ::  [4600335474039]:  { 0 1 2 1 2 0 1 2 1 0 1 2 1 2 0 1 2 0 0 1 2 1 2 0 1 2 1 }  --->  56 timesteps
case #243  ::  [2058469658833]:  { 1 1 2 1 2 0 1 2 0 1 1 2 1 2 0 1 2 0 0 1 2 1 2 0 1 2 0 }  --->  4 timesteps
case #244  ::  [2058469658835]:  { 0 2 2 1 2 0 1 2 0 1 1 2 1 2 0 1 2 0 0 1 2 1 2 0 1 2 0 }  --->  40 timesteps
case #245  ::  [2058469658814]:  { 0 1 0 1 2 0 1 2 0 1 1 2 1 2 0 1 2 0 0 1 2 1 2 0 1 2 0 }  --->  19 timesteps
case #246  ::  [2058469658859]:  { 0 1 2 2 2 0 1 2 0 1 1 2 1 2 0 1 2 0 0 1 2 1 2 0 1 2 0 }  --->  11 timesteps
case #247  ::  [2058469658670]:  { 0 1 2 1 0 0 1 2 0 1 1 2 1 2 0 1 2 0 0 1 2 1 2 0 1 2 0 }  --->  10 timesteps
case #248  ::  [2058469659075]:  { 0 1 2 1 2 1 1 2 0 1 1 2 1 2 0 1 2 0 0 1 2 1 2 0 1 2 0 }  --->  4498 timesteps
case #249  ::  [2058469659561]:  { 0 1 2 1 2 0 2 2 0 1 1 2 1 2 0 1 2 0 0 1 2 1 2 0 1 2 0 }  --->  22 timesteps
case #250  ::  [2058469654458]:  { 0 1 2 1 2 0 1 0 0 1 1 2 1 2 0 1 2 0 0 1 2 1 2 0 1 2 0 }  --->  10 timesteps
case #251  ::  [2058469665393]:  { 0 1 2 1 2 0 1 2 1 1 1 2 1 2 0 1 2 0 0 1 2 1 2 0 1 2 0 }  --->  43 timesteps
case #252  ::  [2058469658832]:  { 0 1 2 1 2 0 1 2 0 1 1 2 1 2 0 1 2 0 0 1 2 1 2 0 1 2 0 }  --->  39 timesteps
case #253  ::  [2058469717881]:  { 0 1 2 1 2 0 1 2 0 1 2 2 1 2 0 1 2 0 0 1 2 1 2 0 1 2 0 }  --->  421 timesteps
case #254  ::  [2058469304538]:  { 0 1 2 1 2 0 1 2 0 1 1 0 1 2 0 1 2 0 0 1 2 1 2 0 1 2 0 }  --->  36 timesteps
case #255  ::  [2058470190273]:  { 0 1 2 1 2 0 1 2 0 1 1 2 2 2 0 1 2 0 0 1 2 1 2 0 1 2 0 }  --->  207 timesteps
case #256  ::  [2058466470186]:  { 0 1 2 1 2 0 1 2 0 1 1 2 1 0 0 1 2 0 0 1 2 1 2 0 1 2 0 }  --->  51 timesteps
case #257  ::  [2058474441801]:  { 0 1 2 1 2 0 1 2 0 1 1 2 1 2 1 1 2 0 0 1 2 1 2 0 1 2 0 }  --->  31 timesteps
case #258  ::  [2058484007739]:  { 0 1 2 1 2 0 1 2 0 1 1 2 1 2 0 2 2 0 0 1 2 1 2 0 1 2 0 }  --->  332 timesteps
case #259  ::  [2058383565390]:  { 0 1 2 1 2 0 1 2 0 1 1 2 1 2 0 1 0 0 0 1 2 1 2 0 1 2 0 }  --->  216 timesteps
case #260  ::  [2058598798995]:  { 0 1 2 1 2 0 1 2 0 1 1 2 1 2 0 1 2 1 0 1 2 1 2 0 1 2 0 }  --->  13 timesteps
case #261  ::  [2058857079321]:  { 0 1 2 1 2 0 1 2 0 1 1 2 1 2 0 1 2 0 1 1 2 1 2 0 1 2 0 }  --->  12 timesteps
case #262  ::  [2059631920299]:  { 0 1 2 1 2 0 1 2 0 1 1 2 1 2 0 1 2 0 0 2 2 1 2 0 1 2 0 }  --->  19 timesteps
case #263  ::  [2051496090030]:  { 0 1 2 1 2 0 1 2 0 1 1 2 1 2 0 1 2 0 0 1 0 1 2 0 1 2 0 }  --->  9 timesteps
case #264  ::  [2068930012035]:  { 0 1 2 1 2 0 1 2 0 1 1 2 1 2 0 1 2 0 0 1 2 2 2 0 1 2 0 }  --->  23 timesteps
case #265  ::  [1995707539614]:  { 0 1 2 1 2 0 1 2 0 1 1 2 1 2 0 1 2 0 0 1 2 1 0 0 1 2 0 }  --->  1383 timesteps
case #266  ::  [2152612837659]:  { 0 1 2 1 2 0 1 2 0 1 1 2 1 2 0 1 2 0 0 1 2 1 2 1 1 2 0 }  --->  666 timesteps
case #267  ::  [2340899195313]:  { 0 1 2 1 2 0 1 2 0 1 1 2 1 2 0 1 2 0 0 1 2 1 2 0 2 2 0 }  --->  19 timesteps
case #268  ::  [363892439946]:  { 0 1 2 1 2 0 1 2 0 1 1 2 1 2 0 1 2 0 0 1 2 1 2 0 1 0 0 }  --->  39 timesteps
case #269  ::  [4600335487161]:  { 0 1 2 1 2 0 1 2 0 1 1 2 1 2 0 1 2 0 0 1 2 1 2 0 1 2 1 }  --->  65 timesteps
case #270  ::  [2058469698199]:  { 1 1 2 1 2 0 1 2 0 0 2 2 1 2 0 1 2 0 0 1 2 1 2 0 1 2 0 }  --->  47 timesteps
case #271  ::  [2058469698201]:  { 0 2 2 1 2 0 1 2 0 0 2 2 1 2 0 1 2 0 0 1 2 1 2 0 1 2 0 }  --->  38 timesteps
case #272  ::  [2058469698180]:  { 0 1 0 1 2 0 1 2 0 0 2 2 1 2 0 1 2 0 0 1 2 1 2 0 1 2 0 }  --->  32 timesteps
case #273  ::  [2058469698225]:  { 0 1 2 2 2 0 1 2 0 0 2 2 1 2 0 1 2 0 0 1 2 1 2 0 1 2 0 }  --->  1243 timesteps
case #274  ::  [2058469698036]:  { 0 1 2 1 0 0 1 2 0 0 2 2 1 2 0 1 2 0 0 1 2 1 2 0 1 2 0 }  --->  2167 timesteps
case #275  ::  [2058469698441]:  { 0 1 2 1 2 1 1 2 0 0 2 2 1 2 0 1 2 0 0 1 2 1 2 0 1 2 0 }  --->  4177 timesteps
case #276  ::  [2058469698927]:  { 0 1 2 1 2 0 2 2 0 0 2 2 1 2 0 1 2 0 0 1 2 1 2 0 1 2 0 }  --->  79 timesteps
case #277  ::  [2058469693824]:  { 0 1 2 1 2 0 1 0 0 0 2 2 1 2 0 1 2 0 0 1 2 1 2 0 1 2 0 }  --->  1511 timesteps
case #278  ::  [2058469704759]:  { 0 1 2 1 2 0 1 2 1 0 2 2 1 2 0 1 2 0 0 1 2 1 2 0 1 2 0 }  --->  1035 timesteps
case #279  ::  [2058469717881]:  { 0 1 2 1 2 0 1 2 0 1 2 2 1 2 0 1 2 0 0 1 2 1 2 0 1 2 0 }  --->  421 timesteps
case #280  ::  [2058469698198]:  { 0 1 2 1 2 0 1 2 0 0 2 2 1 2 0 1 2 0 0 1 2 1 2 0 1 2 0 }  --->  43 timesteps
case #281  ::  [2058469343904]:  { 0 1 2 1 2 0 1 2 0 0 2 0 1 2 0 1 2 0 0 1 2 1 2 0 1 2 0 }  --->  19 timesteps
case #282  ::  [2058470229639]:  { 0 1 2 1 2 0 1 2 0 0 2 2 2 2 0 1 2 0 0 1 2 1 2 0 1 2 0 }  --->  505 timesteps
case #283  ::  [2058466509552]:  { 0 1 2 1 2 0 1 2 0 0 2 2 1 0 0 1 2 0 0 1 2 1 2 0 1 2 0 }  --->  48 timesteps
case #284  ::  [2058474481167]:  { 0 1 2 1 2 0 1 2 0 0 2 2 1 2 1 1 2 0 0 1 2 1 2 0 1 2 0 }  --->  450 timesteps
case #285  ::  [2058484047105]:  { 0 1 2 1 2 0 1 2 0 0 2 2 1 2 0 2 2 0 0 1 2 1 2 0 1 2 0 }  --->  333 timesteps
case #286  ::  [2058383604756]:  { 0 1 2 1 2 0 1 2 0 0 2 2 1 2 0 1 0 0 0 1 2 1 2 0 1 2 0 }  --->  382 timesteps
case #287  ::  [2058598838361]:  { 0 1 2 1 2 0 1 2 0 0 2 2 1 2 0 1 2 1 0 1 2 1 2 0 1 2 0 }  --->  19 timesteps
case #288  ::  [2058857118687]:  { 0 1 2 1 2 0 1 2 0 0 2 2 1 2 0 1 2 0 1 1 2 1 2 0 1 2 0 }  --->  82 timesteps
case #289  ::  [2059631959665]:  { 0 1 2 1 2 0 1 2 0 0 2 2 1 2 0 1 2 0 0 2 2 1 2 0 1 2 0 }  --->  415 timesteps
case #290  ::  [2051496129396]:  { 0 1 2 1 2 0 1 2 0 0 2 2 1 2 0 1 2 0 0 1 0 1 2 0 1 2 0 }  --->  32 timesteps
case #291  ::  [2068930051401]:  { 0 1 2 1 2 0 1 2 0 0 2 2 1 2 0 1 2 0 0 1 2 2 2 0 1 2 0 }  --->  343 timesteps
case #292  ::  [1995707578980]:  { 0 1 2 1 2 0 1 2 0 0 2 2 1 2 0 1 2 0 0 1 2 1 0 0 1 2 0 }  --->  812 timesteps
case #293  ::  [2152612877025]:  { 0 1 2 1 2 0 1 2 0 0 2 2 1 2 0 1 2 0 0 1 2 1 2 1 1 2 0 }  --->  43 timesteps
case #294  ::  [2340899234679]:  { 0 1 2 1 2 0 1 2 0 0 2 2 1 2 0 1 2 0 0 1 2 1 2 0 2 2 0 }  --->  559 timesteps
case #295  ::  [363892479312]:  { 0 1 2 1 2 0 1 2 0 0 2 2 1 2 0 1 2 0 0 1 2 1 2 0 1 0 0 }  --->  51 timesteps
case #296  ::  [4600335526527]:  { 0 1 2 1 2 0 1 2 0 0 2 2 1 2 0 1 2 0 0 1 2 1 2 0 1 2 1 }  --->  348 timesteps
case #297  ::  [2058469284856]:  { 1 1 2 1 2 0 1 2 0 0 1 0 1 2 0 1 2 0 0 1 2 1 2 0 1 2 0 }  --->  29 timesteps
case #298  ::  [2058469284858]:  { 0 2 2 1 2 0 1 2 0 0 1 0 1 2 0 1 2 0 0 1 2 1 2 0 1 2 0 }  --->  16 timesteps
case #299  ::  [2058469284837]:  { 0 1 0 1 2 0 1 2 0 0 1 0 1 2 0 1 2 0 0 1 2 1 2 0 1 2 0 }  --->  33 timesteps
case #300  ::  [2058469284882]:  { 0 1 2 2 2 0 1 2 0 0 1 0 1 2 0 1 2 0 0 1 2 1 2 0 1 2 0 }  --->  47 timesteps
case #301  ::  [2058469284693]:  { 0 1 2 1 0 0 1 2 0 0 1 0 1 2 0 1 2 0 0 1 2 1 2 0 1 2 0 }  --->  30 timesteps
case #302  ::  [2058469285098]:  { 0 1 2 1 2 1 1 2 0 0 1 0 1 2 0 1 2 0 0 1 2 1 2 0 1 2 0 }  --->  35 timesteps
case #303  ::  [2058469285584]:  { 0 1 2 1 2 0 2 2 0 0 1 0 1 2 0 1 2 0 0 1 2 1 2 0 1 2 0 }  --->  79 timesteps
case #304  ::  [2058469280481]:  { 0 1 2 1 2 0 1 0 0 0 1 0 1 2 0 1 2 0 0 1 2 1 2 0 1 2 0 }  --->  3971 timesteps
case #305  ::  [2058469291416]:  { 0 1 2 1 2 0 1 2 1 0 1 0 1 2 0 1 2 0 0 1 2 1 2 0 1 2 0 }  --->  28 timesteps
case #306  ::  [2058469304538]:  { 0 1 2 1 2 0 1 2 0 1 1 0 1 2 0 1 2 0 0 1 2 1 2 0 1 2 0 }  --->  36 timesteps
case #307  ::  [2058469343904]:  { 0 1 2 1 2 0 1 2 0 0 2 0 1 2 0 1 2 0 0 1 2 1 2 0 1 2 0 }  --->  19 timesteps
case #308  ::  [2058469284855]:  { 0 1 2 1 2 0 1 2 0 0 1 0 1 2 0 1 2 0 0 1 2 1 2 0 1 2 0 }  --->  26 timesteps
case #309  ::  [2058469816296]:  { 0 1 2 1 2 0 1 2 0 0 1 0 2 2 0 1 2 0 0 1 2 1 2 0 1 2 0 }  --->  29 timesteps
case #310  ::  [2058466096209]:  { 0 1 2 1 2 0 1 2 0 0 1 0 1 0 0 1 2 0 0 1 2 1 2 0 1 2 0 }  --->  53 timesteps
case #311  ::  [2058474067824]:  { 0 1 2 1 2 0 1 2 0 0 1 0 1 2 1 1 2 0 0 1 2 1 2 0 1 2 0 }  --->  25 timesteps
case #312  ::  [2058483633762]:  { 0 1 2 1 2 0 1 2 0 0 1 0 1 2 0 2 2 0 0 1 2 1 2 0 1 2 0 }  --->  53 timesteps
case #313  ::  [2058383191413]:  { 0 1 2 1 2 0 1 2 0 0 1 0 1 2 0 1 0 0 0 1 2 1 2 0 1 2 0 }  --->  19 timesteps
case #314  ::  [2058598425018]:  { 0 1 2 1 2 0 1 2 0 0 1 0 1 2 0 1 2 1 0 1 2 1 2 0 1 2 0 }  --->  53 timesteps
case #315  ::  [2058856705344]:  { 0 1 2 1 2 0 1 2 0 0 1 0 1 2 0 1 2 0 1 1 2 1 2 0 1 2 0 }  --->  38 timesteps
case #316  ::  [2059631546322]:  { 0 1 2 1 2 0 1 2 0 0 1 0 1 2 0 1 2 0 0 2 2 1 2 0 1 2 0 }  --->  19 timesteps
case #317  ::  [2051495716053]:  { 0 1 2 1 2 0 1 2 0 0 1 0 1 2 0 1 2 0 0 1 0 1 2 0 1 2 0 }  --->  72 timesteps
case #318  ::  [2068929638058]:  { 0 1 2 1 2 0 1 2 0 0 1 0 1 2 0 1 2 0 0 1 2 2 2 0 1 2 0 }  --->  76 timesteps
case #319  ::  [1995707165637]:  { 0 1 2 1 2 0 1 2 0 0 1 0 1 2 0 1 2 0 0 1 2 1 0 0 1 2 0 }  --->  27 timesteps
case #320  ::  [2152612463682]:  { 0 1 2 1 2 0 1 2 0 0 1 0 1 2 0 1 2 0 0 1 2 1 2 1 1 2 0 }  --->  30 timesteps
case #321  ::  [2340898821336]:  { 0 1 2 1 2 0 1 2 0 0 1 0 1 2 0 1 2 0 0 1 2 1 2 0 2 2 0 }  --->  154 timesteps
case #322  ::  [363892065969]:  { 0 1 2 1 2 0 1 2 0 0 1 0 1 2 0 1 2 0 0 1 2 1 2 0 1 0 0 }  --->  52 timesteps
case #323  ::  [4600335113184]:  { 0 1 2 1 2 0 1 2 0 0 1 0 1 2 0 1 2 0 0 1 2 1 2 0 1 2 1 }  --->  26 timesteps
case #324  ::  [2058470170591]:  { 1 1 2 1 2 0 1 2 0 0 1 2 2 2 0 1 2 0 0 1 2 1 2 0 1 2 0 }  --->  47 timesteps
case #325  ::  [2058470170593]:  { 0 2 2 1 2 0 1 2 0 0 1 2 2 2 0 1 2 0 0 1 2 1 2 0 1 2 0 }  --->  224 timesteps
case #326  ::  [2058470170572]:  { 0 1 0 1 2 0 1 2 0 0 1 2 2 2 0 1 2 0 0 1 2 1 2 0 1 2 0 }  --->  1095 timesteps
case #327  ::  [2058470170617]:  { 0 1 2 2 2 0 1 2 0 0 1 2 2 2 0 1 2 0 0 1 2 1 2 0 1 2 0 }  --->  17 timesteps
case #328  ::  [2058470170428]:  { 0 1 2 1 0 0 1 2 0 0 1 2 2 2 0 1 2 0 0 1 2 1 2 0 1 2 0 }  --->  4041 timesteps
case #329  ::  [2058470170833]:  { 0 1 2 1 2 1 1 2 0 0 1 2 2 2 0 1 2 0 0 1 2 1 2 0 1 2 0 }  --->  930 timesteps
case #330  ::  [2058470171319]:  { 0 1 2 1 2 0 2 2 0 0 1 2 2 2 0 1 2 0 0 1 2 1 2 0 1 2 0 }  --->  43 timesteps
case #331  ::  [2058470166216]:  { 0 1 2 1 2 0 1 0 0 0 1 2 2 2 0 1 2 0 0 1 2 1 2 0 1 2 0 }  --->  113 timesteps
case #332  ::  [2058470177151]:  { 0 1 2 1 2 0 1 2 1 0 1 2 2 2 0 1 2 0 0 1 2 1 2 0 1 2 0 }  --->  119 timesteps
case #333  ::  [2058470190273]:  { 0 1 2 1 2 0 1 2 0 1 1 2 2 2 0 1 2 0 0 1 2 1 2 0 1 2 0 }  --->  207 timesteps
case #334  ::  [2058470229639]:  { 0 1 2 1 2 0 1 2 0 0 2 2 2 2 0 1 2 0 0 1 2 1 2 0 1 2 0 }  --->  505 timesteps
case #335  ::  [2058469816296]:  { 0 1 2 1 2 0 1 2 0 0 1 0 2 2 0 1 2 0 0 1 2 1 2 0 1 2 0 }  --->  29 timesteps
case #336  ::  [2058470170590]:  { 0 1 2 1 2 0 1 2 0 0 1 2 2 2 0 1 2 0 0 1 2 1 2 0 1 2 0 }  --->  120 timesteps
case #337  ::  [2058466981944]:  { 0 1 2 1 2 0 1 2 0 0 1 2 2 0 0 1 2 0 0 1 2 1 2 0 1 2 0 }  --->  54 timesteps
case #338  ::  [2058474953559]:  { 0 1 2 1 2 0 1 2 0 0 1 2 2 2 1 1 2 0 0 1 2 1 2 0 1 2 0 }  --->  162 timesteps
case #339  ::  [2058484519497]:  { 0 1 2 1 2 0 1 2 0 0 1 2 2 2 0 2 2 0 0 1 2 1 2 0 1 2 0 }  --->  633 timesteps
case #340  ::  [2058384077148]:  { 0 1 2 1 2 0 1 2 0 0 1 2 2 2 0 1 0 0 0 1 2 1 2 0 1 2 0 }  --->  1784 timesteps
case #341  ::  [2058599310753]:  { 0 1 2 1 2 0 1 2 0 0 1 2 2 2 0 1 2 1 0 1 2 1 2 0 1 2 0 }  --->  29 timesteps
case #342  ::  [2058857591079]:  { 0 1 2 1 2 0 1 2 0 0 1 2 2 2 0 1 2 0 1 1 2 1 2 0 1 2 0 }  --->  129 timesteps
case #343  ::  [2059632432057]:  { 0 1 2 1 2 0 1 2 0 0 1 2 2 2 0 1 2 0 0 2 2 1 2 0 1 2 0 }  --->  52 timesteps
case #344  ::  [2051496601788]:  { 0 1 2 1 2 0 1 2 0 0 1 2 2 2 0 1 2 0 0 1 0 1 2 0 1 2 0 }  --->  46 timesteps
case #345  ::  [2068930523793]:  { 0 1 2 1 2 0 1 2 0 0 1 2 2 2 0 1 2 0 0 1 2 2 2 0 1 2 0 }  --->  973 timesteps
case #346  ::  [1995708051372]:  { 0 1 2 1 2 0 1 2 0 0 1 2 2 2 0 1 2 0 0 1 2 1 0 0 1 2 0 }  --->  2002 timesteps
case #347  ::  [2152613349417]:  { 0 1 2 1 2 0 1 2 0 0 1 2 2 2 0 1 2 0 0 1 2 1 2 1 1 2 0 }  --->  46 timesteps
case #348  ::  [2340899707071]:  { 0 1 2 1 2 0 1 2 0 0 1 2 2 2 0 1 2 0 0 1 2 1 2 0 2 2 0 }  --->  435 timesteps
case #349  ::  [363892951704]:  { 0 1 2 1 2 0 1 2 0 0 1 2 2 2 0 1 2 0 0 1 2 1 2 0 1 0 0 }  --->  583 timesteps
case #350  ::  [4600335998919]:  { 0 1 2 1 2 0 1 2 0 0 1 2 2 2 0 1 2 0 0 1 2 1 2 0 1 2 1 }  --->  44 timesteps
case #351  ::  [2058466450504]:  { 1 1 2 1 2 0 1 2 0 0 1 2 1 0 0 1 2 0 0 1 2 1 2 0 1 2 0 }  --->  20 timesteps
case #352  ::  [2058466450506]:  { 0 2 2 1 2 0 1 2 0 0 1 2 1 0 0 1 2 0 0 1 2 1 2 0 1 2 0 }  --->  44 timesteps
case #353  ::  [2058466450485]:  { 0 1 0 1 2 0 1 2 0 0 1 2 1 0 0 1 2 0 0 1 2 1 2 0 1 2 0 }  --->  337 timesteps
case #354  ::  [2058466450530]:  { 0 1 2 2 2 0 1 2 0 0 1 2 1 0 0 1 2 0 0 1 2 1 2 0 1 2 0 }  --->  35 timesteps
case #355  ::  [2058466450341]:  { 0 1 2 1 0 0 1 2 0 0 1 2 1 0 0 1 2 0 0 1 2 1 2 0 1 2 0 }  --->  16 timesteps
case #356  ::  [2058466450746]:  { 0 1 2 1 2 1 1 2 0 0 1 2 1 0 0 1 2 0 0 1 2 1 2 0 1 2 0 }  --->  378 timesteps
case #357  ::  [2058466451232]:  { 0 1 2 1 2 0 2 2 0 0 1 2 1 0 0 1 2 0 0 1 2 1 2 0 1 2 0 }  --->  187 timesteps
case #358  ::  [2058466446129]:  { 0 1 2 1 2 0 1 0 0 0 1 2 1 0 0 1 2 0 0 1 2 1 2 0 1 2 0 }  --->  1508 timesteps
case #359  ::  [2058466457064]:  { 0 1 2 1 2 0 1 2 1 0 1 2 1 0 0 1 2 0 0 1 2 1 2 0 1 2 0 }  --->  73 timesteps
case #360  ::  [2058466470186]:  { 0 1 2 1 2 0 1 2 0 1 1 2 1 0 0 1 2 0 0 1 2 1 2 0 1 2 0 }  --->  51 timesteps
case #361  ::  [2058466509552]:  { 0 1 2 1 2 0 1 2 0 0 2 2 1 0 0 1 2 0 0 1 2 1 2 0 1 2 0 }  --->  48 timesteps
case #362  ::  [2058466096209]:  { 0 1 2 1 2 0 1 2 0 0 1 0 1 0 0 1 2 0 0 1 2 1 2 0 1 2 0 }  --->  53 timesteps
case #363  ::  [2058466981944]:  { 0 1 2 1 2 0 1 2 0 0 1 2 2 0 0 1 2 0 0 1 2 1 2 0 1 2 0 }  --->  54 timesteps
case #364  ::  [2058466450503]:  { 0 1 2 1 2 0 1 2 0 0 1 2 1 0 0 1 2 0 0 1 2 1 2 0 1 2 0 }  --->  1708 timesteps
case #365  ::  [2058471233472]:  { 0 1 2 1 2 0 1 2 0 0 1 2 1 0 1 1 2 0 0 1 2 1 2 0 1 2 0 }  --->  115 timesteps
case #366  ::  [2058480799410]:  { 0 1 2 1 2 0 1 2 0 0 1 2 1 0 0 2 2 0 0 1 2 1 2 0 1 2 0 }  --->  3439 timesteps
case #367  ::  [2058380357061]:  { 0 1 2 1 2 0 1 2 0 0 1 2 1 0 0 1 0 0 0 1 2 1 2 0 1 2 0 }  --->  2388 timesteps
case #368  ::  [2058595590666]:  { 0 1 2 1 2 0 1 2 0 0 1 2 1 0 0 1 2 1 0 1 2 1 2 0 1 2 0 }  --->  30 timesteps
case #369  ::  [2058853870992]:  { 0 1 2 1 2 0 1 2 0 0 1 2 1 0 0 1 2 0 1 1 2 1 2 0 1 2 0 }  --->  24 timesteps
case #370  ::  [2059628711970]:  { 0 1 2 1 2 0 1 2 0 0 1 2 1 0 0 1 2 0 0 2 2 1 2 0 1 2 0 }  --->  52 timesteps
case #371  ::  [2051492881701]:  { 0 1 2 1 2 0 1 2 0 0 1 2 1 0 0 1 2 0 0 1 0 1 2 0 1 2 0 }  --->  108 timesteps
case #372  ::  [2068926803706]:  { 0 1 2 1 2 0 1 2 0 0 1 2 1 0 0 1 2 0 0 1 2 2 2 0 1 2 0 }  --->  1532 timesteps
case #373  ::  [1995704331285]:  { 0 1 2 1 2 0 1 2 0 0 1 2 1 0 0 1 2 0 0 1 2 1 0 0 1 2 0 }  --->  1500 timesteps
case #374  ::  [2152609629330]:  { 0 1 2 1 2 0 1 2 0 0 1 2 1 0 0 1 2 0 0 1 2 1 2 1 1 2 0 }  --->  129 timesteps
case #375  ::  [2340895986984]:  { 0 1 2 1 2 0 1 2 0 0 1 2 1 0 0 1 2 0 0 1 2 1 2 0 2 2 0 }  --->  1520 timesteps
case #376  ::  [363889231617]:  { 0 1 2 1 2 0 1 2 0 0 1 2 1 0 0 1 2 0 0 1 2 1 2 0 1 0 0 }  --->  1984 timesteps
case #377  ::  [4600332278832]:  { 0 1 2 1 2 0 1 2 0 0 1 2 1 0 0 1 2 0 0 1 2 1 2 0 1 2 1 }  --->  27 timesteps
case #378  ::  [2058474422119]:  { 1 1 2 1 2 0 1 2 0 0 1 2 1 2 1 1 2 0 0 1 2 1 2 0 1 2 0 }  --->  720 timesteps
case #379  ::  [2058474422121]:  { 0 2 2 1 2 0 1 2 0 0 1 2 1 2 1 1 2 0 0 1 2 1 2 0 1 2 0 }  --->  4016 timesteps
case #380  ::  [2058474422100]:  { 0 1 0 1 2 0 1 2 0 0 1 2 1 2 1 1 2 0 0 1 2 1 2 0 1 2 0 }  --->  606 timesteps
case #381  ::  [2058474422145]:  { 0 1 2 2 2 0 1 2 0 0 1 2 1 2 1 1 2 0 0 1 2 1 2 0 1 2 0 }  --->  1068 timesteps
case #382  ::  [2058474421956]:  { 0 1 2 1 0 0 1 2 0 0 1 2 1 2 1 1 2 0 0 1 2 1 2 0 1 2 0 }  --->  30 timesteps
case #383  ::  [2058474422361]:  { 0 1 2 1 2 1 1 2 0 0 1 2 1 2 1 1 2 0 0 1 2 1 2 0 1 2 0 }  --->  350 timesteps
case #384  ::  [2058474422847]:  { 0 1 2 1 2 0 2 2 0 0 1 2 1 2 1 1 2 0 0 1 2 1 2 0 1 2 0 }  --->  2955 timesteps
case #385  ::  [2058474417744]:  { 0 1 2 1 2 0 1 0 0 0 1 2 1 2 1 1 2 0 0 1 2 1 2 0 1 2 0 }  --->  1965 timesteps
case #386  ::  [2058474428679]:  { 0 1 2 1 2 0 1 2 1 0 1 2 1 2 1 1 2 0 0 1 2 1 2 0 1 2 0 }  --->  1080 timesteps
case #387  ::  [2058474441801]:  { 0 1 2 1 2 0 1 2 0 1 1 2 1 2 1 1 2 0 0 1 2 1 2 0 1 2 0 }  --->  31 timesteps
case #388  ::  [2058474481167]:  { 0 1 2 1 2 0 1 2 0 0 2 2 1 2 1 1 2 0 0 1 2 1 2 0 1 2 0 }  --->  450 timesteps
case #389  ::  [2058474067824]:  { 0 1 2 1 2 0 1 2 0 0 1 0 1 2 1 1 2 0 0 1 2 1 2 0 1 2 0 }  --->  25 timesteps
case #390  ::  [2058474953559]:  { 0 1 2 1 2 0 1 2 0 0 1 2 2 2 1 1 2 0 0 1 2 1 2 0 1 2 0 }  --->  162 timesteps
case #391  ::  [2058471233472]:  { 0 1 2 1 2 0 1 2 0 0 1 2 1 0 1 1 2 0 0 1 2 1 2 0 1 2 0 }  --->  115 timesteps
case #392  ::  [2058474422118]:  { 0 1 2 1 2 0 1 2 0 0 1 2 1 2 1 1 2 0 0 1 2 1 2 0 1 2 0 }  --->  4232 timesteps
case #393  ::  [2058488771025]:  { 0 1 2 1 2 0 1 2 0 0 1 2 1 2 1 2 2 0 0 1 2 1 2 0 1 2 0 }  --->  388 timesteps
case #394  ::  [2058388328676]:  { 0 1 2 1 2 0 1 2 0 0 1 2 1 2 1 1 0 0 0 1 2 1 2 0 1 2 0 }  --->  441 timesteps
case #395  ::  [2058603562281]:  { 0 1 2 1 2 0 1 2 0 0 1 2 1 2 1 1 2 1 0 1 2 1 2 0 1 2 0 }  --->  3949 timesteps
case #396  ::  [2058861842607]:  { 0 1 2 1 2 0 1 2 0 0 1 2 1 2 1 1 2 0 1 1 2 1 2 0 1 2 0 }  --->  743 timesteps
case #397  ::  [2059636683585]:  { 0 1 2 1 2 0 1 2 0 0 1 2 1 2 1 1 2 0 0 2 2 1 2 0 1 2 0 }  --->  80 timesteps
case #398  ::  [2051500853316]:  { 0 1 2 1 2 0 1 2 0 0 1 2 1 2 1 1 2 0 0 1 0 1 2 0 1 2 0 }  --->  65 timesteps
case #399  ::  [2068934775321]:  { 0 1 2 1 2 0 1 2 0 0 1 2 1 2 1 1 2 0 0 1 2 2 2 0 1 2 0 }  --->  6717 timesteps
case #400  ::  [1995712302900]:  { 0 1 2 1 2 0 1 2 0 0 1 2 1 2 1 1 2 0 0 1 2 1 0 0 1 2 0 }  --->  1510 timesteps
case #401  ::  [2152617600945]:  { 0 1 2 1 2 0 1 2 0 0 1 2 1 2 1 1 2 0 0 1 2 1 2 1 1 2 0 }  --->  45 timesteps
case #402  ::  [2340903958599]:  { 0 1 2 1 2 0 1 2 0 0 1 2 1 2 1 1 2 0 0 1 2 1 2 0 2 2 0 }  --->  278 timesteps
case #403  ::  [363897203232]:  { 0 1 2 1 2 0 1 2 0 0 1 2 1 2 1 1 2 0 0 1 2 1 2 0 1 0 0 }  --->  599 timesteps
case #404  ::  [4600340250447]:  { 0 1 2 1 2 0 1 2 0 0 1 2 1 2 1 1 2 0 0 1 2 1 2 0 1 2 1 }  --->  142 timesteps
case #405  ::  [2058483988057]:  { 1 1 2 1 2 0 1 2 0 0 1 2 1 2 0 2 2 0 0 1 2 1 2 0 1 2 0 }  --->  50 timesteps
case #406  ::  [2058483988059]:  { 0 2 2 1 2 0 1 2 0 0 1 2 1 2 0 2 2 0 0 1 2 1 2 0 1 2 0 }  --->  231 timesteps
case #407  ::  [2058483988038]:  { 0 1 0 1 2 0 1 2 0 0 1 2 1 2 0 2 2 0 0 1 2 1 2 0 1 2 0 }  --->  32 timesteps
case #408  ::  [2058483988083]:  { 0 1 2 2 2 0 1 2 0 0 1 2 1 2 0 2 2 0 0 1 2 1 2 0 1 2 0 }  --->  11214 timesteps
case #409  ::  [2058483987894]:  { 0 1 2 1 0 0 1 2 0 0 1 2 1 2 0 2 2 0 0 1 2 1 2 0 1 2 0 }  --->  1570 timesteps
case #410  ::  [2058483988299]:  { 0 1 2 1 2 1 1 2 0 0 1 2 1 2 0 2 2 0 0 1 2 1 2 0 1 2 0 }  --->  6040 timesteps
case #411  ::  [2058483988785]:  { 0 1 2 1 2 0 2 2 0 0 1 2 1 2 0 2 2 0 0 1 2 1 2 0 1 2 0 }  --->  919 timesteps
case #412  ::  [2058483983682]:  { 0 1 2 1 2 0 1 0 0 0 1 2 1 2 0 2 2 0 0 1 2 1 2 0 1 2 0 }  --->  1107 timesteps
case #413  ::  [2058483994617]:  { 0 1 2 1 2 0 1 2 1 0 1 2 1 2 0 2 2 0 0 1 2 1 2 0 1 2 0 }  --->  4402 timesteps
case #414  ::  [2058484007739]:  { 0 1 2 1 2 0 1 2 0 1 1 2 1 2 0 2 2 0 0 1 2 1 2 0 1 2 0 }  --->  332 timesteps
case #415  ::  [2058484047105]:  { 0 1 2 1 2 0 1 2 0 0 2 2 1 2 0 2 2 0 0 1 2 1 2 0 1 2 0 }  --->  333 timesteps
case #416  ::  [2058483633762]:  { 0 1 2 1 2 0 1 2 0 0 1 0 1 2 0 2 2 0 0 1 2 1 2 0 1 2 0 }  --->  53 timesteps
case #417  ::  [2058484519497]:  { 0 1 2 1 2 0 1 2 0 0 1 2 2 2 0 2 2 0 0 1 2 1 2 0 1 2 0 }  --->  633 timesteps
case #418  ::  [2058480799410]:  { 0 1 2 1 2 0 1 2 0 0 1 2 1 0 0 2 2 0 0 1 2 1 2 0 1 2 0 }  --->  3439 timesteps
case #419  ::  [2058488771025]:  { 0 1 2 1 2 0 1 2 0 0 1 2 1 2 1 2 2 0 0 1 2 1 2 0 1 2 0 }  --->  388 timesteps
case #420  ::  [2058483988056]:  { 0 1 2 1 2 0 1 2 0 0 1 2 1 2 0 2 2 0 0 1 2 1 2 0 1 2 0 }  --->  9463 timesteps
case #421  ::  [2058397894614]:  { 0 1 2 1 2 0 1 2 0 0 1 2 1 2 0 2 0 0 0 1 2 1 2 0 1 2 0 }  --->  616 timesteps
case #422  ::  [2058613128219]:  { 0 1 2 1 2 0 1 2 0 0 1 2 1 2 0 2 2 1 0 1 2 1 2 0 1 2 0 }  --->  21 timesteps
case #423  ::  [2058871408545]:  { 0 1 2 1 2 0 1 2 0 0 1 2 1 2 0 2 2 0 1 1 2 1 2 0 1 2 0 }  --->  87 timesteps
case #424  ::  [2059646249523]:  { 0 1 2 1 2 0 1 2 0 0 1 2 1 2 0 2 2 0 0 2 2 1 2 0 1 2 0 }  --->  194 timesteps
case #425  ::  [2051510419254]:  { 0 1 2 1 2 0 1 2 0 0 1 2 1 2 0 2 2 0 0 1 0 1 2 0 1 2 0 }  --->  48 timesteps
case #426  ::  [2068944341259]:  { 0 1 2 1 2 0 1 2 0 0 1 2 1 2 0 2 2 0 0 1 2 2 2 0 1 2 0 }  --->  2890 timesteps
case #427  ::  [1995721868838]:  { 0 1 2 1 2 0 1 2 0 0 1 2 1 2 0 2 2 0 0 1 2 1 0 0 1 2 0 }  --->  1915 timesteps
case #428  ::  [2152627166883]:  { 0 1 2 1 2 0 1 2 0 0 1 2 1 2 0 2 2 0 0 1 2 1 2 1 1 2 0 }  --->  47 timesteps
case #429  ::  [2340913524537]:  { 0 1 2 1 2 0 1 2 0 0 1 2 1 2 0 2 2 0 0 1 2 1 2 0 2 2 0 }  --->  2233 timesteps
case #430  ::  [363906769170]:  { 0 1 2 1 2 0 1 2 0 0 1 2 1 2 0 2 2 0 0 1 2 1 2 0 1 0 0 }  --->  209 timesteps
case #431  ::  [4600349816385]:  { 0 1 2 1 2 0 1 2 0 0 1 2 1 2 0 2 2 0 0 1 2 1 2 0 1 2 1 }  --->  6483 timesteps
case #432  ::  [2058383545708]:  { 1 1 2 1 2 0 1 2 0 0 1 2 1 2 0 1 0 0 0 1 2 1 2 0 1 2 0 }  --->  286 timesteps
case #433  ::  [2058383545710]:  { 0 2 2 1 2 0 1 2 0 0 1 2 1 2 0 1 0 0 0 1 2 1 2 0 1 2 0 }  --->  655 timesteps
case #434  ::  [2058383545689]:  { 0 1 0 1 2 0 1 2 0 0 1 2 1 2 0 1 0 0 0 1 2 1 2 0 1 2 0 }  --->  205 timesteps
case #435  ::  [2058383545734]:  { 0 1 2 2 2 0 1 2 0 0 1 2 1 2 0 1 0 0 0 1 2 1 2 0 1 2 0 }  --->  2244 timesteps
case #436  ::  [2058383545545]:  { 0 1 2 1 0 0 1 2 0 0 1 2 1 2 0 1 0 0 0 1 2 1 2 0 1 2 0 }  --->  30 timesteps
case #437  ::  [2058383545950]:  { 0 1 2 1 2 1 1 2 0 0 1 2 1 2 0 1 0 0 0 1 2 1 2 0 1 2 0 }  --->  111 timesteps
case #438  ::  [2058383546436]:  { 0 1 2 1 2 0 2 2 0 0 1 2 1 2 0 1 0 0 0 1 2 1 2 0 1 2 0 }  --->  202 timesteps
case #439  ::  [2058383541333]:  { 0 1 2 1 2 0 1 0 0 0 1 2 1 2 0 1 0 0 0 1 2 1 2 0 1 2 0 }  --->  5883 timesteps
case #440  ::  [2058383552268]:  { 0 1 2 1 2 0 1 2 1 0 1 2 1 2 0 1 0 0 0 1 2 1 2 0 1 2 0 }  --->  1562 timesteps
case #441  ::  [2058383565390]:  { 0 1 2 1 2 0 1 2 0 1 1 2 1 2 0 1 0 0 0 1 2 1 2 0 1 2 0 }  --->  216 timesteps
case #442  ::  [2058383604756]:  { 0 1 2 1 2 0 1 2 0 0 2 2 1 2 0 1 0 0 0 1 2 1 2 0 1 2 0 }  --->  382 timesteps
case #443  ::  [2058383191413]:  { 0 1 2 1 2 0 1 2 0 0 1 0 1 2 0 1 0 0 0 1 2 1 2 0 1 2 0 }  --->  19 timesteps
case #444  ::  [2058384077148]:  { 0 1 2 1 2 0 1 2 0 0 1 2 2 2 0 1 0 0 0 1 2 1 2 0 1 2 0 }  --->  1784 timesteps
case #445  ::  [2058380357061]:  { 0 1 2 1 2 0 1 2 0 0 1 2 1 0 0 1 0 0 0 1 2 1 2 0 1 2 0 }  --->  2388 timesteps
case #446  ::  [2058388328676]:  { 0 1 2 1 2 0 1 2 0 0 1 2 1 2 1 1 0 0 0 1 2 1 2 0 1 2 0 }  --->  441 timesteps
case #447  ::  [2058397894614]:  { 0 1 2 1 2 0 1 2 0 0 1 2 1 2 0 2 0 0 0 1 2 1 2 0 1 2 0 }  --->  616 timesteps
case #448  ::  [2058383545707]:  { 0 1 2 1 2 0 1 2 0 0 1 2 1 2 0 1 0 0 0 1 2 1 2 0 1 2 0 }  --->  10768 timesteps
case #449  ::  [2058512685870]:  { 0 1 2 1 2 0 1 2 0 0 1 2 1 2 0 1 0 1 0 1 2 1 2 0 1 2 0 }  --->  360 timesteps
case #450  ::  [2058770966196]:  { 0 1 2 1 2 0 1 2 0 0 1 2 1 2 0 1 0 0 1 1 2 1 2 0 1 2 0 }  --->  125 timesteps
case #451  ::  [2059545807174]:  { 0 1 2 1 2 0 1 2 0 0 1 2 1 2 0 1 0 0 0 2 2 1 2 0 1 2 0 }  --->  445 timesteps
case #452  ::  [2051409976905]:  { 0 1 2 1 2 0 1 2 0 0 1 2 1 2 0 1 0 0 0 1 0 1 2 0 1 2 0 }  --->  365 timesteps
case #453  ::  [2068843898910]:  { 0 1 2 1 2 0 1 2 0 0 1 2 1 2 0 1 0 0 0 1 2 2 2 0 1 2 0 }  --->  564 timesteps
case #454  ::  [1995621426489]:  { 0 1 2 1 2 0 1 2 0 0 1 2 1 2 0 1 0 0 0 1 2 1 0 0 1 2 0 }  --->  3518 timesteps
case #455  ::  [2152526724534]:  { 0 1 2 1 2 0 1 2 0 0 1 2 1 2 0 1 0 0 0 1 2 1 2 1 1 2 0 }  --->  46 timesteps
case #456  ::  [2340813082188]:  { 0 1 2 1 2 0 1 2 0 0 1 2 1 2 0 1 0 0 0 1 2 1 2 0 2 2 0 }  --->  2891 timesteps
case #457  ::  [363806326821]:  { 0 1 2 1 2 0 1 2 0 0 1 2 1 2 0 1 0 0 0 1 2 1 2 0 1 0 0 }  --->  2383 timesteps
case #458  ::  [4600249374036]:  { 0 1 2 1 2 0 1 2 0 0 1 2 1 2 0 1 0 0 0 1 2 1 2 0 1 2 1 }  --->  2052 timesteps
case #459  ::  [2058598779313]:  { 1 1 2 1 2 0 1 2 0 0 1 2 1 2 0 1 2 1 0 1 2 1 2 0 1 2 0 }  --->  55 timesteps
case #460  ::  [2058598779315]:  { 0 2 2 1 2 0 1 2 0 0 1 2 1 2 0 1 2 1 0 1 2 1 2 0 1 2 0 }  --->  34 timesteps
case #461  ::  [2058598779294]:  { 0 1 0 1 2 0 1 2 0 0 1 2 1 2 0 1 2 1 0 1 2 1 2 0 1 2 0 }  --->  1167 timesteps
case #462  ::  [2058598779339]:  { 0 1 2 2 2 0 1 2 0 0 1 2 1 2 0 1 2 1 0 1 2 1 2 0 1 2 0 }  --->  61 timesteps
case #463  ::  [2058598779150]:  { 0 1 2 1 0 0 1 2 0 0 1 2 1 2 0 1 2 1 0 1 2 1 2 0 1 2 0 }  --->  30 timesteps
case #464  ::  [2058598779555]:  { 0 1 2 1 2 1 1 2 0 0 1 2 1 2 0 1 2 1 0 1 2 1 2 0 1 2 0 }  --->  2043 timesteps
case #465  ::  [2058598780041]:  { 0 1 2 1 2 0 2 2 0 0 1 2 1 2 0 1 2 1 0 1 2 1 2 0 1 2 0 }  --->  134 timesteps
case #466  ::  [2058598774938]:  { 0 1 2 1 2 0 1 0 0 0 1 2 1 2 0 1 2 1 0 1 2 1 2 0 1 2 0 }  --->  11518 timesteps
case #467  ::  [2058598785873]:  { 0 1 2 1 2 0 1 2 1 0 1 2 1 2 0 1 2 1 0 1 2 1 2 0 1 2 0 }  --->  177 timesteps
case #468  ::  [2058598798995]:  { 0 1 2 1 2 0 1 2 0 1 1 2 1 2 0 1 2 1 0 1 2 1 2 0 1 2 0 }  --->  13 timesteps
case #469  ::  [2058598838361]:  { 0 1 2 1 2 0 1 2 0 0 2 2 1 2 0 1 2 1 0 1 2 1 2 0 1 2 0 }  --->  19 timesteps
case #470  ::  [2058598425018]:  { 0 1 2 1 2 0 1 2 0 0 1 0 1 2 0 1 2 1 0 1 2 1 2 0 1 2 0 }  --->  53 timesteps
case #471  ::  [2058599310753]:  { 0 1 2 1 2 0 1 2 0 0 1 2 2 2 0 1 2 1 0 1 2 1 2 0 1 2 0 }  --->  29 timesteps
case #472  ::  [2058595590666]:  { 0 1 2 1 2 0 1 2 0 0 1 2 1 0 0 1 2 1 0 1 2 1 2 0 1 2 0 }  --->  30 timesteps
case #473  ::  [2058603562281]:  { 0 1 2 1 2 0 1 2 0 0 1 2 1 2 1 1 2 1 0 1 2 1 2 0 1 2 0 }  --->  3949 timesteps
case #474  ::  [2058613128219]:  { 0 1 2 1 2 0 1 2 0 0 1 2 1 2 0 2 2 1 0 1 2 1 2 0 1 2 0 }  --->  21 timesteps
case #475  ::  [2058512685870]:  { 0 1 2 1 2 0 1 2 0 0 1 2 1 2 0 1 0 1 0 1 2 1 2 0 1 2 0 }  --->  360 timesteps
case #476  ::  [2058598779312]:  { 0 1 2 1 2 0 1 2 0 0 1 2 1 2 0 1 2 1 0 1 2 1 2 0 1 2 0 }  --->  30 timesteps
case #477  ::  [2058986199801]:  { 0 1 2 1 2 0 1 2 0 0 1 2 1 2 0 1 2 1 1 1 2 1 2 0 1 2 0 }  --->  30 timesteps
case #478  ::  [2059761040779]:  { 0 1 2 1 2 0 1 2 0 0 1 2 1 2 0 1 2 1 0 2 2 1 2 0 1 2 0 }  --->  29 timesteps
case #479  ::  [2051625210510]:  { 0 1 2 1 2 0 1 2 0 0 1 2 1 2 0 1 2 1 0 1 0 1 2 0 1 2 0 }  --->  2133 timesteps
case #480  ::  [2069059132515]:  { 0 1 2 1 2 0 1 2 0 0 1 2 1 2 0 1 2 1 0 1 2 2 2 0 1 2 0 }  --->  632 timesteps
case #481  ::  [1995836660094]:  { 0 1 2 1 2 0 1 2 0 0 1 2 1 2 0 1 2 1 0 1 2 1 0 0 1 2 0 }  --->  3409 timesteps
case #482  ::  [2152741958139]:  { 0 1 2 1 2 0 1 2 0 0 1 2 1 2 0 1 2 1 0 1 2 1 2 1 1 2 0 }  --->  122 timesteps
case #483  ::  [2341028315793]:  { 0 1 2 1 2 0 1 2 0 0 1 2 1 2 0 1 2 1 0 1 2 1 2 0 2 2 0 }  --->  1332 timesteps
case #484  ::  [364021560426]:  { 0 1 2 1 2 0 1 2 0 0 1 2 1 2 0 1 2 1 0 1 2 1 2 0 1 0 0 }  --->  13427 timesteps
case #485  ::  [4600464607641]:  { 0 1 2 1 2 0 1 2 0 0 1 2 1 2 0 1 2 1 0 1 2 1 2 0 1 2 1 }  --->  21 timesteps
case #486  ::  [2058857059639]:  { 1 1 2 1 2 0 1 2 0 0 1 2 1 2 0 1 2 0 1 1 2 1 2 0 1 2 0 }  --->  29 timesteps
case #487  ::  [2058857059641]:  { 0 2 2 1 2 0 1 2 0 0 1 2 1 2 0 1 2 0 1 1 2 1 2 0 1 2 0 }  --->  19 timesteps
case #488  ::  [2058857059620]:  { 0 1 0 1 2 0 1 2 0 0 1 2 1 2 0 1 2 0 1 1 2 1 2 0 1 2 0 }  --->  20 timesteps
case #489  ::  [2058857059665]:  { 0 1 2 2 2 0 1 2 0 0 1 2 1 2 0 1 2 0 1 1 2 1 2 0 1 2 0 }  --->  36 timesteps
case #490  ::  [2058857059476]:  { 0 1 2 1 0 0 1 2 0 0 1 2 1 2 0 1 2 0 1 1 2 1 2 0 1 2 0 }  --->  30 timesteps
case #491  ::  [2058857059881]:  { 0 1 2 1 2 1 1 2 0 0 1 2 1 2 0 1 2 0 1 1 2 1 2 0 1 2 0 }  --->  739 timesteps
case #492  ::  [2058857060367]:  { 0 1 2 1 2 0 2 2 0 0 1 2 1 2 0 1 2 0 1 1 2 1 2 0 1 2 0 }  --->  39 timesteps
case #493  ::  [2058857055264]:  { 0 1 2 1 2 0 1 0 0 0 1 2 1 2 0 1 2 0 1 1 2 1 2 0 1 2 0 }  --->  103 timesteps
case #494  ::  [2058857066199]:  { 0 1 2 1 2 0 1 2 1 0 1 2 1 2 0 1 2 0 1 1 2 1 2 0 1 2 0 }  --->  54 timesteps
case #495  ::  [2058857079321]:  { 0 1 2 1 2 0 1 2 0 1 1 2 1 2 0 1 2 0 1 1 2 1 2 0 1 2 0 }  --->  12 timesteps
case #496  ::  [2058857118687]:  { 0 1 2 1 2 0 1 2 0 0 2 2 1 2 0 1 2 0 1 1 2 1 2 0 1 2 0 }  --->  82 timesteps
case #497  ::  [2058856705344]:  { 0 1 2 1 2 0 1 2 0 0 1 0 1 2 0 1 2 0 1 1 2 1 2 0 1 2 0 }  --->  38 timesteps
case #498  ::  [2058857591079]:  { 0 1 2 1 2 0 1 2 0 0 1 2 2 2 0 1 2 0 1 1 2 1 2 0 1 2 0 }  --->  129 timesteps
case #499  ::  [2058853870992]:  { 0 1 2 1 2 0 1 2 0 0 1 2 1 0 0 1 2 0 1 1 2 1 2 0 1 2 0 }  --->  24 timesteps
case #500  ::  [2058861842607]:  { 0 1 2 1 2 0 1 2 0 0 1 2 1 2 1 1 2 0 1 1 2 1 2 0 1 2 0 }  --->  743 timesteps
case #501  ::  [2058871408545]:  { 0 1 2 1 2 0 1 2 0 0 1 2 1 2 0 2 2 0 1 1 2 1 2 0 1 2 0 }  --->  87 timesteps
case #502  ::  [2058770966196]:  { 0 1 2 1 2 0 1 2 0 0 1 2 1 2 0 1 0 0 1 1 2 1 2 0 1 2 0 }  --->  125 timesteps
case #503  ::  [2058986199801]:  { 0 1 2 1 2 0 1 2 0 0 1 2 1 2 0 1 2 1 1 1 2 1 2 0 1 2 0 }  --->  30 timesteps
case #504  ::  [2058857059638]:  { 0 1 2 1 2 0 1 2 0 0 1 2 1 2 0 1 2 0 1 1 2 1 2 0 1 2 0 }  --->  20 timesteps
case #505  ::  [2060019321105]:  { 0 1 2 1 2 0 1 2 0 0 1 2 1 2 0 1 2 0 1 2 2 1 2 0 1 2 0 }  --->  23 timesteps
case #506  ::  [2051883490836]:  { 0 1 2 1 2 0 1 2 0 0 1 2 1 2 0 1 2 0 1 1 0 1 2 0 1 2 0 }  --->  2840 timesteps
case #507  ::  [2069317412841]:  { 0 1 2 1 2 0 1 2 0 0 1 2 1 2 0 1 2 0 1 1 2 2 2 0 1 2 0 }  --->  54 timesteps
case #508  ::  [1996094940420]:  { 0 1 2 1 2 0 1 2 0 0 1 2 1 2 0 1 2 0 1 1 2 1 0 0 1 2 0 }  --->  49 timesteps
case #509  ::  [2153000238465]:  { 0 1 2 1 2 0 1 2 0 0 1 2 1 2 0 1 2 0 1 1 2 1 2 1 1 2 0 }  --->  96 timesteps
case #510  ::  [2341286596119]:  { 0 1 2 1 2 0 1 2 0 0 1 2 1 2 0 1 2 0 1 1 2 1 2 0 2 2 0 }  --->  31 timesteps
case #511  ::  [364279840752]:  { 0 1 2 1 2 0 1 2 0 0 1 2 1 2 0 1 2 0 1 1 2 1 2 0 1 0 0 }  --->  20 timesteps
case #512  ::  [4600722887967]:  { 0 1 2 1 2 0 1 2 0 0 1 2 1 2 0 1 2 0 1 1 2 1 2 0 1 2 1 }  --->  20 timesteps
case #513  ::  [2059631900617]:  { 1 1 2 1 2 0 1 2 0 0 1 2 1 2 0 1 2 0 0 2 2 1 2 0 1 2 0 }  --->  51 timesteps
case #514  ::  [2059631900619]:  { 0 2 2 1 2 0 1 2 0 0 1 2 1 2 0 1 2 0 0 2 2 1 2 0 1 2 0 }  --->  51 timesteps
case #515  ::  [2059631900598]:  { 0 1 0 1 2 0 1 2 0 0 1 2 1 2 0 1 2 0 0 2 2 1 2 0 1 2 0 }  --->  27 timesteps
case #516  ::  [2059631900643]:  { 0 1 2 2 2 0 1 2 0 0 1 2 1 2 0 1 2 0 0 2 2 1 2 0 1 2 0 }  --->  29 timesteps
case #517  ::  [2059631900454]:  { 0 1 2 1 0 0 1 2 0 0 1 2 1 2 0 1 2 0 0 2 2 1 2 0 1 2 0 }  --->  29 timesteps
case #518  ::  [2059631900859]:  { 0 1 2 1 2 1 1 2 0 0 1 2 1 2 0 1 2 0 0 2 2 1 2 0 1 2 0 }  --->  240 timesteps
case #519  ::  [2059631901345]:  { 0 1 2 1 2 0 2 2 0 0 1 2 1 2 0 1 2 0 0 2 2 1 2 0 1 2 0 }  --->  48 timesteps
case #520  ::  [2059631896242]:  { 0 1 2 1 2 0 1 0 0 0 1 2 1 2 0 1 2 0 0 2 2 1 2 0 1 2 0 }  --->  60 timesteps
case #521  ::  [2059631907177]:  { 0 1 2 1 2 0 1 2 1 0 1 2 1 2 0 1 2 0 0 2 2 1 2 0 1 2 0 }  --->  58 timesteps
case #522  ::  [2059631920299]:  { 0 1 2 1 2 0 1 2 0 1 1 2 1 2 0 1 2 0 0 2 2 1 2 0 1 2 0 }  --->  19 timesteps
case #523  ::  [2059631959665]:  { 0 1 2 1 2 0 1 2 0 0 2 2 1 2 0 1 2 0 0 2 2 1 2 0 1 2 0 }  --->  415 timesteps
case #524  ::  [2059631546322]:  { 0 1 2 1 2 0 1 2 0 0 1 0 1 2 0 1 2 0 0 2 2 1 2 0 1 2 0 }  --->  19 timesteps
case #525  ::  [2059632432057]:  { 0 1 2 1 2 0 1 2 0 0 1 2 2 2 0 1 2 0 0 2 2 1 2 0 1 2 0 }  --->  52 timesteps
case #526  ::  [2059628711970]:  { 0 1 2 1 2 0 1 2 0 0 1 2 1 0 0 1 2 0 0 2 2 1 2 0 1 2 0 }  --->  52 timesteps
case #527  ::  [2059636683585]:  { 0 1 2 1 2 0 1 2 0 0 1 2 1 2 1 1 2 0 0 2 2 1 2 0 1 2 0 }  --->  80 timesteps
case #528  ::  [2059646249523]:  { 0 1 2 1 2 0 1 2 0 0 1 2 1 2 0 2 2 0 0 2 2 1 2 0 1 2 0 }  --->  194 timesteps
case #529  ::  [2059545807174]:  { 0 1 2 1 2 0 1 2 0 0 1 2 1 2 0 1 0 0 0 2 2 1 2 0 1 2 0 }  --->  445 timesteps
case #530  ::  [2059761040779]:  { 0 1 2 1 2 0 1 2 0 0 1 2 1 2 0 1 2 1 0 2 2 1 2 0 1 2 0 }  --->  29 timesteps
case #531  ::  [2060019321105]:  { 0 1 2 1 2 0 1 2 0 0 1 2 1 2 0 1 2 0 1 2 2 1 2 0 1 2 0 }  --->  23 timesteps
case #532  ::  [2059631900616]:  { 0 1 2 1 2 0 1 2 0 0 1 2 1 2 0 1 2 0 0 2 2 1 2 0 1 2 0 }  --->  58 timesteps
case #533  ::  [2052658331814]:  { 0 1 2 1 2 0 1 2 0 0 1 2 1 2 0 1 2 0 0 2 0 1 2 0 1 2 0 }  --->  256 timesteps
case #534  ::  [2070092253819]:  { 0 1 2 1 2 0 1 2 0 0 1 2 1 2 0 1 2 0 0 2 2 2 2 0 1 2 0 }  --->  530 timesteps
case #535  ::  [1996869781398]:  { 0 1 2 1 2 0 1 2 0 0 1 2 1 2 0 1 2 0 0 2 2 1 0 0 1 2 0 }  --->  208 timesteps
case #536  ::  [2153775079443]:  { 0 1 2 1 2 0 1 2 0 0 1 2 1 2 0 1 2 0 0 2 2 1 2 1 1 2 0 }  --->  43 timesteps
case #537  ::  [2342061437097]:  { 0 1 2 1 2 0 1 2 0 0 1 2 1 2 0 1 2 0 0 2 2 1 2 0 2 2 0 }  --->  64 timesteps
case #538  ::  [365054681730]:  { 0 1 2 1 2 0 1 2 0 0 1 2 1 2 0 1 2 0 0 2 2 1 2 0 1 0 0 }  --->  298 timesteps
case #539  ::  [4601497728945]:  { 0 1 2 1 2 0 1 2 0 0 1 2 1 2 0 1 2 0 0 2 2 1 2 0 1 2 1 }  --->  32 timesteps
case #540  ::  [2051496070348]:  { 1 1 2 1 2 0 1 2 0 0 1 2 1 2 0 1 2 0 0 1 0 1 2 0 1 2 0 }  --->  51 timesteps
case #541  ::  [2051496070350]:  { 0 2 2 1 2 0 1 2 0 0 1 2 1 2 0 1 2 0 0 1 0 1 2 0 1 2 0 }  --->  31 timesteps
case #542  ::  [2051496070329]:  { 0 1 0 1 2 0 1 2 0 0 1 2 1 2 0 1 2 0 0 1 0 1 2 0 1 2 0 }  --->  51 timesteps
case #543  ::  [2051496070374]:  { 0 1 2 2 2 0 1 2 0 0 1 2 1 2 0 1 2 0 0 1 0 1 2 0 1 2 0 }  --->  60 timesteps
case #544  ::  [2051496070185]:  { 0 1 2 1 0 0 1 2 0 0 1 2 1 2 0 1 2 0 0 1 0 1 2 0 1 2 0 }  --->  30 timesteps
case #545  ::  [2051496070590]:  { 0 1 2 1 2 1 1 2 0 0 1 2 1 2 0 1 2 0 0 1 0 1 2 0 1 2 0 }  --->  46 timesteps
case #546  ::  [2051496071076]:  { 0 1 2 1 2 0 2 2 0 0 1 2 1 2 0 1 2 0 0 1 0 1 2 0 1 2 0 }  --->  96 timesteps
case #547  ::  [2051496065973]:  { 0 1 2 1 2 0 1 0 0 0 1 2 1 2 0 1 2 0 0 1 0 1 2 0 1 2 0 }  --->  78 timesteps
case #548  ::  [2051496076908]:  { 0 1 2 1 2 0 1 2 1 0 1 2 1 2 0 1 2 0 0 1 0 1 2 0 1 2 0 }  --->  49 timesteps
case #549  ::  [2051496090030]:  { 0 1 2 1 2 0 1 2 0 1 1 2 1 2 0 1 2 0 0 1 0 1 2 0 1 2 0 }  --->  9 timesteps
case #550  ::  [2051496129396]:  { 0 1 2 1 2 0 1 2 0 0 2 2 1 2 0 1 2 0 0 1 0 1 2 0 1 2 0 }  --->  32 timesteps
case #551  ::  [2051495716053]:  { 0 1 2 1 2 0 1 2 0 0 1 0 1 2 0 1 2 0 0 1 0 1 2 0 1 2 0 }  --->  72 timesteps
case #552  ::  [2051496601788]:  { 0 1 2 1 2 0 1 2 0 0 1 2 2 2 0 1 2 0 0 1 0 1 2 0 1 2 0 }  --->  46 timesteps
case #553  ::  [2051492881701]:  { 0 1 2 1 2 0 1 2 0 0 1 2 1 0 0 1 2 0 0 1 0 1 2 0 1 2 0 }  --->  108 timesteps
case #554  ::  [2051500853316]:  { 0 1 2 1 2 0 1 2 0 0 1 2 1 2 1 1 2 0 0 1 0 1 2 0 1 2 0 }  --->  65 timesteps
case #555  ::  [2051510419254]:  { 0 1 2 1 2 0 1 2 0 0 1 2 1 2 0 2 2 0 0 1 0 1 2 0 1 2 0 }  --->  48 timesteps
case #556  ::  [2051409976905]:  { 0 1 2 1 2 0 1 2 0 0 1 2 1 2 0 1 0 0 0 1 0 1 2 0 1 2 0 }  --->  365 timesteps
case #557  ::  [2051625210510]:  { 0 1 2 1 2 0 1 2 0 0 1 2 1 2 0 1 2 1 0 1 0 1 2 0 1 2 0 }  --->  2133 timesteps
case #558  ::  [2051883490836]:  { 0 1 2 1 2 0 1 2 0 0 1 2 1 2 0 1 2 0 1 1 0 1 2 0 1 2 0 }  --->  2840 timesteps
case #559  ::  [2052658331814]:  { 0 1 2 1 2 0 1 2 0 0 1 2 1 2 0 1 2 0 0 2 0 1 2 0 1 2 0 }  --->  256 timesteps
case #560  ::  [2051496070347]:  { 0 1 2 1 2 0 1 2 0 0 1 2 1 2 0 1 2 0 0 1 0 1 2 0 1 2 0 }  --->  51 timesteps
case #561  ::  [2061956423550]:  { 0 1 2 1 2 0 1 2 0 0 1 2 1 2 0 1 2 0 0 1 0 2 2 0 1 2 0 }  --->  112 timesteps
case #562  ::  [1988733951129]:  { 0 1 2 1 2 0 1 2 0 0 1 2 1 2 0 1 2 0 0 1 0 1 0 0 1 2 0 }  --->  112 timesteps
case #563  ::  [2145639249174]:  { 0 1 2 1 2 0 1 2 0 0 1 2 1 2 0 1 2 0 0 1 0 1 2 1 1 2 0 }  --->  88 timesteps
case #564  ::  [2333925606828]:  { 0 1 2 1 2 0 1 2 0 0 1 2 1 2 0 1 2 0 0 1 0 1 2 0 2 2 0 }  --->  51 timesteps
case #565  ::  [356918851461]:  { 0 1 2 1 2 0 1 2 0 0 1 2 1 2 0 1 2 0 0 1 0 1 2 0 1 0 0 }  --->  51 timesteps
case #566  ::  [4593361898676]:  { 0 1 2 1 2 0 1 2 0 0 1 2 1 2 0 1 2 0 0 1 0 1 2 0 1 2 1 }  --->  414 timesteps
case #567  ::  [2068929992353]:  { 1 1 2 1 2 0 1 2 0 0 1 2 1 2 0 1 2 0 0 1 2 2 2 0 1 2 0 }  --->  47 timesteps
case #568  ::  [2068929992355]:  { 0 2 2 1 2 0 1 2 0 0 1 2 1 2 0 1 2 0 0 1 2 2 2 0 1 2 0 }  --->  2285 timesteps
case #569  ::  [2068929992334]:  { 0 1 0 1 2 0 1 2 0 0 1 2 1 2 0 1 2 0 0 1 2 2 2 0 1 2 0 }  --->  146 timesteps
case #570  ::  [2068929992379]:  { 0 1 2 2 2 0 1 2 0 0 1 2 1 2 0 1 2 0 0 1 2 2 2 0 1 2 0 }  --->  121 timesteps
case #571  ::  [2068929992190]:  { 0 1 2 1 0 0 1 2 0 0 1 2 1 2 0 1 2 0 0 1 2 2 2 0 1 2 0 }  --->  30 timesteps
case #572  ::  [2068929992595]:  { 0 1 2 1 2 1 1 2 0 0 1 2 1 2 0 1 2 0 0 1 2 2 2 0 1 2 0 }  --->  879 timesteps
case #573  ::  [2068929993081]:  { 0 1 2 1 2 0 2 2 0 0 1 2 1 2 0 1 2 0 0 1 2 2 2 0 1 2 0 }  --->  3450 timesteps
case #574  ::  [2068929987978]:  { 0 1 2 1 2 0 1 0 0 0 1 2 1 2 0 1 2 0 0 1 2 2 2 0 1 2 0 }  --->  3794 timesteps
case #575  ::  [2068929998913]:  { 0 1 2 1 2 0 1 2 1 0 1 2 1 2 0 1 2 0 0 1 2 2 2 0 1 2 0 }  --->  223 timesteps
case #576  ::  [2068930012035]:  { 0 1 2 1 2 0 1 2 0 1 1 2 1 2 0 1 2 0 0 1 2 2 2 0 1 2 0 }  --->  23 timesteps
case #577  ::  [2068930051401]:  { 0 1 2 1 2 0 1 2 0 0 2 2 1 2 0 1 2 0 0 1 2 2 2 0 1 2 0 }  --->  343 timesteps
case #578  ::  [2068929638058]:  { 0 1 2 1 2 0 1 2 0 0 1 0 1 2 0 1 2 0 0 1 2 2 2 0 1 2 0 }  --->  76 timesteps
case #579  ::  [2068930523793]:  { 0 1 2 1 2 0 1 2 0 0 1 2 2 2 0 1 2 0 0 1 2 2 2 0 1 2 0 }  --->  973 timesteps
case #580  ::  [2068926803706]:  { 0 1 2 1 2 0 1 2 0 0 1 2 1 0 0 1 2 0 0 1 2 2 2 0 1 2 0 }  --->  1532 timesteps
case #581  ::  [2068934775321]:  { 0 1 2 1 2 0 1 2 0 0 1 2 1 2 1 1 2 0 0 1 2 2 2 0 1 2 0 }  --->  6717 timesteps
case #582  ::  [2068944341259]:  { 0 1 2 1 2 0 1 2 0 0 1 2 1 2 0 2 2 0 0 1 2 2 2 0 1 2 0 }  --->  2890 timesteps
case #583  ::  [2068843898910]:  { 0 1 2 1 2 0 1 2 0 0 1 2 1 2 0 1 0 0 0 1 2 2 2 0 1 2 0 }  --->  564 timesteps
case #584  ::  [2069059132515]:  { 0 1 2 1 2 0 1 2 0 0 1 2 1 2 0 1 2 1 0 1 2 2 2 0 1 2 0 }  --->  632 timesteps
case #585  ::  [2069317412841]:  { 0 1 2 1 2 0 1 2 0 0 1 2 1 2 0 1 2 0 1 1 2 2 2 0 1 2 0 }  --->  54 timesteps
case #586  ::  [2070092253819]:  { 0 1 2 1 2 0 1 2 0 0 1 2 1 2 0 1 2 0 0 2 2 2 2 0 1 2 0 }  --->  530 timesteps
case #587  ::  [2061956423550]:  { 0 1 2 1 2 0 1 2 0 0 1 2 1 2 0 1 2 0 0 1 0 2 2 0 1 2 0 }  --->  112 timesteps
case #588  ::  [2068929992352]:  { 0 1 2 1 2 0 1 2 0 0 1 2 1 2 0 1 2 0 0 1 2 2 2 0 1 2 0 }  --->  1702 timesteps
case #589  ::  [2006167873134]:  { 0 1 2 1 2 0 1 2 0 0 1 2 1 2 0 1 2 0 0 1 2 2 0 0 1 2 0 }  --->  1902 timesteps
case #590  ::  [2163073171179]:  { 0 1 2 1 2 0 1 2 0 0 1 2 1 2 0 1 2 0 0 1 2 2 2 1 1 2 0 }  --->  2073 timesteps
case #591  ::  [2351359528833]:  { 0 1 2 1 2 0 1 2 0 0 1 2 1 2 0 1 2 0 0 1 2 2 2 0 2 2 0 }  --->  395 timesteps
case #592  ::  [374352773466]:  { 0 1 2 1 2 0 1 2 0 0 1 2 1 2 0 1 2 0 0 1 2 2 2 0 1 0 0 }  --->  73 timesteps
case #593  ::  [4610795820681]:  { 0 1 2 1 2 0 1 2 0 0 1 2 1 2 0 1 2 0 0 1 2 2 2 0 1 2 1 }  --->  32 timesteps
case #594  ::  [1995707519932]:  { 1 1 2 1 2 0 1 2 0 0 1 2 1 2 0 1 2 0 0 1 2 1 0 0 1 2 0 }  --->  48 timesteps
case #595  ::  [1995707519934]:  { 0 2 2 1 2 0 1 2 0 0 1 2 1 2 0 1 2 0 0 1 2 1 0 0 1 2 0 }  --->  42 timesteps
case #596  ::  [1995707519913]:  { 0 1 0 1 2 0 1 2 0 0 1 2 1 2 0 1 2 0 0 1 2 1 0 0 1 2 0 }  --->  4425 timesteps
case #597  ::  [1995707519958]:  { 0 1 2 2 2 0 1 2 0 0 1 2 1 2 0 1 2 0 0 1 2 1 0 0 1 2 0 }  --->  94 timesteps
case #598  ::  [1995707519769]:  { 0 1 2 1 0 0 1 2 0 0 1 2 1 2 0 1 2 0 0 1 2 1 0 0 1 2 0 }  --->  2335 timesteps
case #599  ::  [1995707520174]:  { 0 1 2 1 2 1 1 2 0 0 1 2 1 2 0 1 2 0 0 1 2 1 0 0 1 2 0 }  --->  306 timesteps
case #600  ::  [1995707520660]:  { 0 1 2 1 2 0 2 2 0 0 1 2 1 2 0 1 2 0 0 1 2 1 0 0 1 2 0 }  --->  833 timesteps
case #601  ::  [1995707515557]:  { 0 1 2 1 2 0 1 0 0 0 1 2 1 2 0 1 2 0 0 1 2 1 0 0 1 2 0 }  --->  9692 timesteps
case #602  ::  [1995707526492]:  { 0 1 2 1 2 0 1 2 1 0 1 2 1 2 0 1 2 0 0 1 2 1 0 0 1 2 0 }  --->  9163 timesteps
case #603  ::  [1995707539614]:  { 0 1 2 1 2 0 1 2 0 1 1 2 1 2 0 1 2 0 0 1 2 1 0 0 1 2 0 }  --->  1383 timesteps
case #604  ::  [1995707578980]:  { 0 1 2 1 2 0 1 2 0 0 2 2 1 2 0 1 2 0 0 1 2 1 0 0 1 2 0 }  --->  812 timesteps
case #605  ::  [1995707165637]:  { 0 1 2 1 2 0 1 2 0 0 1 0 1 2 0 1 2 0 0 1 2 1 0 0 1 2 0 }  --->  27 timesteps
case #606  ::  [1995708051372]:  { 0 1 2 1 2 0 1 2 0 0 1 2 2 2 0 1 2 0 0 1 2 1 0 0 1 2 0 }  --->  2002 timesteps
case #607  ::  [1995704331285]:  { 0 1 2 1 2 0 1 2 0 0 1 2 1 0 0 1 2 0 0 1 2 1 0 0 1 2 0 }  --->  1500 timesteps
case #608  ::  [1995712302900]:  { 0 1 2 1 2 0 1 2 0 0 1 2 1 2 1 1 2 0 0 1 2 1 0 0 1 2 0 }  --->  1510 timesteps
case #609  ::  [1995721868838]:  { 0 1 2 1 2 0 1 2 0 0 1 2 1 2 0 2 2 0 0 1 2 1 0 0 1 2 0 }  --->  1915 timesteps
case #610  ::  [1995621426489]:  { 0 1 2 1 2 0 1 2 0 0 1 2 1 2 0 1 0 0 0 1 2 1 0 0 1 2 0 }  --->  3518 timesteps
case #611  ::  [1995836660094]:  { 0 1 2 1 2 0 1 2 0 0 1 2 1 2 0 1 2 1 0 1 2 1 0 0 1 2 0 }  --->  3409 timesteps
case #612  ::  [1996094940420]:  { 0 1 2 1 2 0 1 2 0 0 1 2 1 2 0 1 2 0 1 1 2 1 0 0 1 2 0 }  --->  49 timesteps
case #613  ::  [1996869781398]:  { 0 1 2 1 2 0 1 2 0 0 1 2 1 2 0 1 2 0 0 2 2 1 0 0 1 2 0 }  --->  208 timesteps
case #614  ::  [1988733951129]:  { 0 1 2 1 2 0 1 2 0 0 1 2 1 2 0 1 2 0 0 1 0 1 0 0 1 2 0 }  --->  112 timesteps
case #615  ::  [2006167873134]:  { 0 1 2 1 2 0 1 2 0 0 1 2 1 2 0 1 2 0 0 1 2 2 0 0 1 2 0 }  --->  1902 timesteps
case #616  ::  [1995707519931]:  { 0 1 2 1 2 0 1 2 0 0 1 2 1 2 0 1 2 0 0 1 2 1 0 0 1 2 0 }  --->  5958 timesteps
case #617  ::  [2089850698758]:  { 0 1 2 1 2 0 1 2 0 0 1 2 1 2 0 1 2 0 0 1 2 1 0 1 1 2 0 }  --->  877 timesteps
case #618  ::  [2278137056412]:  { 0 1 2 1 2 0 1 2 0 0 1 2 1 2 0 1 2 0 0 1 2 1 0 0 2 2 0 }  --->  5326 timesteps
case #619  ::  [301130301045]:  { 0 1 2 1 2 0 1 2 0 0 1 2 1 2 0 1 2 0 0 1 2 1 0 0 1 0 0 }  --->  216 timesteps
case #620  ::  [4537573348260]:  { 0 1 2 1 2 0 1 2 0 0 1 2 1 2 0 1 2 0 0 1 2 1 0 0 1 2 1 }  --->  1669 timesteps
case #621  ::  [2152612817977]:  { 1 1 2 1 2 0 1 2 0 0 1 2 1 2 0 1 2 0 0 1 2 1 2 1 1 2 0 }  --->  487 timesteps
case #622  ::  [2152612817979]:  { 0 2 2 1 2 0 1 2 0 0 1 2 1 2 0 1 2 0 0 1 2 1 2 1 1 2 0 }  --->  43 timesteps
case #623  ::  [2152612817958]:  { 0 1 0 1 2 0 1 2 0 0 1 2 1 2 0 1 2 0 0 1 2 1 2 1 1 2 0 }  --->  107 timesteps
case #624  ::  [2152612818003]:  { 0 1 2 2 2 0 1 2 0 0 1 2 1 2 0 1 2 0 0 1 2 1 2 1 1 2 0 }  --->  17 timesteps
case #625  ::  [2152612817814]:  { 0 1 2 1 0 0 1 2 0 0 1 2 1 2 0 1 2 0 0 1 2 1 2 1 1 2 0 }  --->  29 timesteps
case #626  ::  [2152612818219]:  { 0 1 2 1 2 1 1 2 0 0 1 2 1 2 0 1 2 0 0 1 2 1 2 1 1 2 0 }  --->  144 timesteps
case #627  ::  [2152612818705]:  { 0 1 2 1 2 0 2 2 0 0 1 2 1 2 0 1 2 0 0 1 2 1 2 1 1 2 0 }  --->  98 timesteps
case #628  ::  [2152612813602]:  { 0 1 2 1 2 0 1 0 0 0 1 2 1 2 0 1 2 0 0 1 2 1 2 1 1 2 0 }  --->  1070 timesteps
case #629  ::  [2152612824537]:  { 0 1 2 1 2 0 1 2 1 0 1 2 1 2 0 1 2 0 0 1 2 1 2 1 1 2 0 }  --->  635 timesteps
case #630  ::  [2152612837659]:  { 0 1 2 1 2 0 1 2 0 1 1 2 1 2 0 1 2 0 0 1 2 1 2 1 1 2 0 }  --->  666 timesteps
case #631  ::  [2152612877025]:  { 0 1 2 1 2 0 1 2 0 0 2 2 1 2 0 1 2 0 0 1 2 1 2 1 1 2 0 }  --->  43 timesteps
case #632  ::  [2152612463682]:  { 0 1 2 1 2 0 1 2 0 0 1 0 1 2 0 1 2 0 0 1 2 1 2 1 1 2 0 }  --->  30 timesteps
case #633  ::  [2152613349417]:  { 0 1 2 1 2 0 1 2 0 0 1 2 2 2 0 1 2 0 0 1 2 1 2 1 1 2 0 }  --->  46 timesteps
case #634  ::  [2152609629330]:  { 0 1 2 1 2 0 1 2 0 0 1 2 1 0 0 1 2 0 0 1 2 1 2 1 1 2 0 }  --->  129 timesteps
case #635  ::  [2152617600945]:  { 0 1 2 1 2 0 1 2 0 0 1 2 1 2 1 1 2 0 0 1 2 1 2 1 1 2 0 }  --->  45 timesteps
case #636  ::  [2152627166883]:  { 0 1 2 1 2 0 1 2 0 0 1 2 1 2 0 2 2 0 0 1 2 1 2 1 1 2 0 }  --->  47 timesteps
case #637  ::  [2152526724534]:  { 0 1 2 1 2 0 1 2 0 0 1 2 1 2 0 1 0 0 0 1 2 1 2 1 1 2 0 }  --->  46 timesteps
case #638  ::  [2152741958139]:  { 0 1 2 1 2 0 1 2 0 0 1 2 1 2 0 1 2 1 0 1 2 1 2 1 1 2 0 }  --->  122 timesteps
case #639  ::  [2153000238465]:  { 0 1 2 1 2 0 1 2 0 0 1 2 1 2 0 1 2 0 1 1 2 1 2 1 1 2 0 }  --->  96 timesteps
case #640  ::  [2153775079443]:  { 0 1 2 1 2 0 1 2 0 0 1 2 1 2 0 1 2 0 0 2 2 1 2 1 1 2 0 }  --->  43 timesteps
case #641  ::  [2145639249174]:  { 0 1 2 1 2 0 1 2 0 0 1 2 1 2 0 1 2 0 0 1 0 1 2 1 1 2 0 }  --->  88 timesteps
case #642  ::  [2163073171179]:  { 0 1 2 1 2 0 1 2 0 0 1 2 1 2 0 1 2 0 0 1 2 2 2 1 1 2 0 }  --->  2073 timesteps
case #643  ::  [2089850698758]:  { 0 1 2 1 2 0 1 2 0 0 1 2 1 2 0 1 2 0 0 1 2 1 0 1 1 2 0 }  --->  877 timesteps
case #644  ::  [2152612817976]:  { 0 1 2 1 2 0 1 2 0 0 1 2 1 2 0 1 2 0 0 1 2 1 2 1 1 2 0 }  --->  886 timesteps
case #645  ::  [2435042354457]:  { 0 1 2 1 2 0 1 2 0 0 1 2 1 2 0 1 2 0 0 1 2 1 2 1 2 2 0 }  --->  892 timesteps
case #646  ::  [458035599090]:  { 0 1 2 1 2 0 1 2 0 0 1 2 1 2 0 1 2 0 0 1 2 1 2 1 1 0 0 }  --->  1021 timesteps
case #647  ::  [4694478646305]:  { 0 1 2 1 2 0 1 2 0 0 1 2 1 2 0 1 2 0 0 1 2 1 2 1 1 2 1 }  --->  87 timesteps
case #648  ::  [2340899175631]:  { 1 1 2 1 2 0 1 2 0 0 1 2 1 2 0 1 2 0 0 1 2 1 2 0 2 2 0 }  --->  233 timesteps
case #649  ::  [2340899175633]:  { 0 2 2 1 2 0 1 2 0 0 1 2 1 2 0 1 2 0 0 1 2 1 2 0 2 2 0 }  --->  2827 timesteps
case #650  ::  [2340899175612]:  { 0 1 0 1 2 0 1 2 0 0 1 2 1 2 0 1 2 0 0 1 2 1 2 0 2 2 0 }  --->  25 timesteps
case #651  ::  [2340899175657]:  { 0 1 2 2 2 0 1 2 0 0 1 2 1 2 0 1 2 0 0 1 2 1 2 0 2 2 0 }  --->  28 timesteps
case #652  ::  [2340899175468]:  { 0 1 2 1 0 0 1 2 0 0 1 2 1 2 0 1 2 0 0 1 2 1 2 0 2 2 0 }  --->  30 timesteps
case #653  ::  [2340899175873]:  { 0 1 2 1 2 1 1 2 0 0 1 2 1 2 0 1 2 0 0 1 2 1 2 0 2 2 0 }  --->  1739 timesteps
case #654  ::  [2340899176359]:  { 0 1 2 1 2 0 2 2 0 0 1 2 1 2 0 1 2 0 0 1 2 1 2 0 2 2 0 }  --->  30 timesteps
case #655  ::  [2340899171256]:  { 0 1 2 1 2 0 1 0 0 0 1 2 1 2 0 1 2 0 0 1 2 1 2 0 2 2 0 }  --->  616 timesteps
case #656  ::  [2340899182191]:  { 0 1 2 1 2 0 1 2 1 0 1 2 1 2 0 1 2 0 0 1 2 1 2 0 2 2 0 }  --->  3401 timesteps
case #657  ::  [2340899195313]:  { 0 1 2 1 2 0 1 2 0 1 1 2 1 2 0 1 2 0 0 1 2 1 2 0 2 2 0 }  --->  19 timesteps
case #658  ::  [2340899234679]:  { 0 1 2 1 2 0 1 2 0 0 2 2 1 2 0 1 2 0 0 1 2 1 2 0 2 2 0 }  --->  559 timesteps
case #659  ::  [2340898821336]:  { 0 1 2 1 2 0 1 2 0 0 1 0 1 2 0 1 2 0 0 1 2 1 2 0 2 2 0 }  --->  154 timesteps
case #660  ::  [2340899707071]:  { 0 1 2 1 2 0 1 2 0 0 1 2 2 2 0 1 2 0 0 1 2 1 2 0 2 2 0 }  --->  435 timesteps
case #661  ::  [2340895986984]:  { 0 1 2 1 2 0 1 2 0 0 1 2 1 0 0 1 2 0 0 1 2 1 2 0 2 2 0 }  --->  1520 timesteps
case #662  ::  [2340903958599]:  { 0 1 2 1 2 0 1 2 0 0 1 2 1 2 1 1 2 0 0 1 2 1 2 0 2 2 0 }  --->  278 timesteps
case #663  ::  [2340913524537]:  { 0 1 2 1 2 0 1 2 0 0 1 2 1 2 0 2 2 0 0 1 2 1 2 0 2 2 0 }  --->  2233 timesteps
case #664  ::  [2340813082188]:  { 0 1 2 1 2 0 1 2 0 0 1 2 1 2 0 1 0 0 0 1 2 1 2 0 2 2 0 }  --->  2891 timesteps
case #665  ::  [2341028315793]:  { 0 1 2 1 2 0 1 2 0 0 1 2 1 2 0 1 2 1 0 1 2 1 2 0 2 2 0 }  --->  1332 timesteps
case #666  ::  [2341286596119]:  { 0 1 2 1 2 0 1 2 0 0 1 2 1 2 0 1 2 0 1 1 2 1 2 0 2 2 0 }  --->  31 timesteps
case #667  ::  [2342061437097]:  { 0 1 2 1 2 0 1 2 0 0 1 2 1 2 0 1 2 0 0 2 2 1 2 0 2 2 0 }  --->  64 timesteps
case #668  ::  [2333925606828]:  { 0 1 2 1 2 0 1 2 0 0 1 2 1 2 0 1 2 0 0 1 0 1 2 0 2 2 0 }  --->  51 timesteps
case #669  ::  [2351359528833]:  { 0 1 2 1 2 0 1 2 0 0 1 2 1 2 0 1 2 0 0 1 2 2 2 0 2 2 0 }  --->  395 timesteps
case #670  ::  [2278137056412]:  { 0 1 2 1 2 0 1 2 0 0 1 2 1 2 0 1 2 0 0 1 2 1 0 0 2 2 0 }  --->  5326 timesteps
case #671  ::  [2435042354457]:  { 0 1 2 1 2 0 1 2 0 0 1 2 1 2 0 1 2 0 0 1 2 1 2 1 2 2 0 }  --->  892 timesteps
case #672  ::  [2340899175630]:  { 0 1 2 1 2 0 1 2 0 0 1 2 1 2 0 1 2 0 0 1 2 1 2 0 2 2 0 }  --->  336 timesteps
case #673  ::  [646321956744]:  { 0 1 2 1 2 0 1 2 0 0 1 2 1 2 0 1 2 0 0 1 2 1 2 0 2 0 0 }  --->  430 timesteps
case #674  ::  [4882765003959]:  { 0 1 2 1 2 0 1 2 0 0 1 2 1 2 0 1 2 0 0 1 2 1 2 0 2 2 1 }  --->  63 timesteps
case #675  ::  [363892420264]:  { 1 1 2 1 2 0 1 2 0 0 1 2 1 2 0 1 2 0 0 1 2 1 2 0 1 0 0 }  --->  48 timesteps
case #676  ::  [363892420266]:  { 0 2 2 1 2 0 1 2 0 0 1 2 1 2 0 1 2 0 0 1 2 1 2 0 1 0 0 }  --->  1065 timesteps
case #677  ::  [363892420245]:  { 0 1 0 1 2 0 1 2 0 0 1 2 1 2 0 1 2 0 0 1 2 1 2 0 1 0 0 }  --->  143 timesteps
case #678  ::  [363892420290]:  { 0 1 2 2 2 0 1 2 0 0 1 2 1 2 0 1 2 0 0 1 2 1 2 0 1 0 0 }  --->  117 timesteps
case #679  ::  [363892420101]:  { 0 1 2 1 0 0 1 2 0 0 1 2 1 2 0 1 2 0 0 1 2 1 2 0 1 0 0 }  --->  30 timesteps
case #680  ::  [363892420506]:  { 0 1 2 1 2 1 1 2 0 0 1 2 1 2 0 1 2 0 0 1 2 1 2 0 1 0 0 }  --->  1858 timesteps
case #681  ::  [363892420992]:  { 0 1 2 1 2 0 2 2 0 0 1 2 1 2 0 1 2 0 0 1 2 1 2 0 1 0 0 }  --->  1872 timesteps
case #682  ::  [363892415889]:  { 0 1 2 1 2 0 1 0 0 0 1 2 1 2 0 1 2 0 0 1 2 1 2 0 1 0 0 }  --->  699 timesteps
case #683  ::  [363892426824]:  { 0 1 2 1 2 0 1 2 1 0 1 2 1 2 0 1 2 0 0 1 2 1 2 0 1 0 0 }  --->  5716 timesteps
case #684  ::  [363892439946]:  { 0 1 2 1 2 0 1 2 0 1 1 2 1 2 0 1 2 0 0 1 2 1 2 0 1 0 0 }  --->  39 timesteps
case #685  ::  [363892479312]:  { 0 1 2 1 2 0 1 2 0 0 2 2 1 2 0 1 2 0 0 1 2 1 2 0 1 0 0 }  --->  51 timesteps
case #686  ::  [363892065969]:  { 0 1 2 1 2 0 1 2 0 0 1 0 1 2 0 1 2 0 0 1 2 1 2 0 1 0 0 }  --->  52 timesteps
case #687  ::  [363892951704]:  { 0 1 2 1 2 0 1 2 0 0 1 2 2 2 0 1 2 0 0 1 2 1 2 0 1 0 0 }  --->  583 timesteps
case #688  ::  [363889231617]:  { 0 1 2 1 2 0 1 2 0 0 1 2 1 0 0 1 2 0 0 1 2 1 2 0 1 0 0 }  --->  1984 timesteps
case #689  ::  [363897203232]:  { 0 1 2 1 2 0 1 2 0 0 1 2 1 2 1 1 2 0 0 1 2 1 2 0 1 0 0 }  --->  599 timesteps
case #690  ::  [363906769170]:  { 0 1 2 1 2 0 1 2 0 0 1 2 1 2 0 2 2 0 0 1 2 1 2 0 1 0 0 }  --->  209 timesteps
case #691  ::  [363806326821]:  { 0 1 2 1 2 0 1 2 0 0 1 2 1 2 0 1 0 0 0 1 2 1 2 0 1 0 0 }  --->  2383 timesteps
case #692  ::  [364021560426]:  { 0 1 2 1 2 0 1 2 0 0 1 2 1 2 0 1 2 1 0 1 2 1 2 0 1 0 0 }  --->  13427 timesteps
case #693  ::  [364279840752]:  { 0 1 2 1 2 0 1 2 0 0 1 2 1 2 0 1 2 0 1 1 2 1 2 0 1 0 0 }  --->  20 timesteps
case #694  ::  [365054681730]:  { 0 1 2 1 2 0 1 2 0 0 1 2 1 2 0 1 2 0 0 2 2 1 2 0 1 0 0 }  --->  298 timesteps
case #695  ::  [356918851461]:  { 0 1 2 1 2 0 1 2 0 0 1 2 1 2 0 1 2 0 0 1 0 1 2 0 1 0 0 }  --->  51 timesteps
case #696  ::  [374352773466]:  { 0 1 2 1 2 0 1 2 0 0 1 2 1 2 0 1 2 0 0 1 2 2 2 0 1 0 0 }  --->  73 timesteps
case #697  ::  [301130301045]:  { 0 1 2 1 2 0 1 2 0 0 1 2 1 2 0 1 2 0 0 1 2 1 0 0 1 0 0 }  --->  216 timesteps
case #698  ::  [458035599090]:  { 0 1 2 1 2 0 1 2 0 0 1 2 1 2 0 1 2 0 0 1 2 1 2 1 1 0 0 }  --->  1021 timesteps
case #699  ::  [646321956744]:  { 0 1 2 1 2 0 1 2 0 0 1 2 1 2 0 1 2 0 0 1 2 1 2 0 2 0 0 }  --->  430 timesteps
case #700  ::  [363892420263]:  { 0 1 2 1 2 0 1 2 0 0 1 2 1 2 0 1 2 0 0 1 2 1 2 0 1 0 0 }  --->  988 timesteps
case #701  ::  [2905758248592]:  { 0 1 2 1 2 0 1 2 0 0 1 2 1 2 0 1 2 0 0 1 2 1 2 0 1 0 1 }  --->  896 timesteps
case #702  ::  [4600335467479]:  { 1 1 2 1 2 0 1 2 0 0 1 2 1 2 0 1 2 0 0 1 2 1 2 0 1 2 1 }  --->  13 timesteps
case #703  ::  [4600335467481]:  { 0 2 2 1 2 0 1 2 0 0 1 2 1 2 0 1 2 0 0 1 2 1 2 0 1 2 1 }  --->  26 timesteps
case #704  ::  [4600335467460]:  { 0 1 0 1 2 0 1 2 0 0 1 2 1 2 0 1 2 0 0 1 2 1 2 0 1 2 1 }  --->  71 timesteps
case #705  ::  [4600335467505]:  { 0 1 2 2 2 0 1 2 0 0 1 2 1 2 0 1 2 0 0 1 2 1 2 0 1 2 1 }  --->  98 timesteps
case #706  ::  [4600335467316]:  { 0 1 2 1 0 0 1 2 0 0 1 2 1 2 0 1 2 0 0 1 2 1 2 0 1 2 1 }  --->  30 timesteps
case #707  ::  [4600335467721]:  { 0 1 2 1 2 1 1 2 0 0 1 2 1 2 0 1 2 0 0 1 2 1 2 0 1 2 1 }  --->  1396 timesteps
case #708  ::  [4600335468207]:  { 0 1 2 1 2 0 2 2 0 0 1 2 1 2 0 1 2 0 0 1 2 1 2 0 1 2 1 }  --->  70 timesteps
case #709  ::  [4600335463104]:  { 0 1 2 1 2 0 1 0 0 0 1 2 1 2 0 1 2 0 0 1 2 1 2 0 1 2 1 }  --->  38 timesteps
case #710  ::  [4600335474039]:  { 0 1 2 1 2 0 1 2 1 0 1 2 1 2 0 1 2 0 0 1 2 1 2 0 1 2 1 }  --->  56 timesteps
case #711  ::  [4600335487161]:  { 0 1 2 1 2 0 1 2 0 1 1 2 1 2 0 1 2 0 0 1 2 1 2 0 1 2 1 }  --->  65 timesteps
case #712  ::  [4600335526527]:  { 0 1 2 1 2 0 1 2 0 0 2 2 1 2 0 1 2 0 0 1 2 1 2 0 1 2 1 }  --->  348 timesteps
case #713  ::  [4600335113184]:  { 0 1 2 1 2 0 1 2 0 0 1 0 1 2 0 1 2 0 0 1 2 1 2 0 1 2 1 }  --->  26 timesteps
case #714  ::  [4600335998919]:  { 0 1 2 1 2 0 1 2 0 0 1 2 2 2 0 1 2 0 0 1 2 1 2 0 1 2 1 }  --->  44 timesteps
case #715  ::  [4600332278832]:  { 0 1 2 1 2 0 1 2 0 0 1 2 1 0 0 1 2 0 0 1 2 1 2 0 1 2 1 }  --->  27 timesteps
case #716  ::  [4600340250447]:  { 0 1 2 1 2 0 1 2 0 0 1 2 1 2 1 1 2 0 0 1 2 1 2 0 1 2 1 }  --->  142 timesteps
case #717  ::  [4600349816385]:  { 0 1 2 1 2 0 1 2 0 0 1 2 1 2 0 2 2 0 0 1 2 1 2 0 1 2 1 }  --->  6483 timesteps
case #718  ::  [4600249374036]:  { 0 1 2 1 2 0 1 2 0 0 1 2 1 2 0 1 0 0 0 1 2 1 2 0 1 2 1 }  --->  2052 timesteps
case #719  ::  [4600464607641]:  { 0 1 2 1 2 0 1 2 0 0 1 2 1 2 0 1 2 1 0 1 2 1 2 0 1 2 1 }  --->  21 timesteps
case #720  ::  [4600722887967]:  { 0 1 2 1 2 0 1 2 0 0 1 2 1 2 0 1 2 0 1 1 2 1 2 0 1 2 1 }  --->  20 timesteps
case #721  ::  [4601497728945]:  { 0 1 2 1 2 0 1 2 0 0 1 2 1 2 0 1 2 0 0 2 2 1 2 0 1 2 1 }  --->  32 timesteps
case #722  ::  [4593361898676]:  { 0 1 2 1 2 0 1 2 0 0 1 2 1 2 0 1 2 0 0 1 0 1 2 0 1 2 1 }  --->  414 timesteps
case #723  ::  [4610795820681]:  { 0 1 2 1 2 0 1 2 0 0 1 2 1 2 0 1 2 0 0 1 2 2 2 0 1 2 1 }  --->  32 timesteps
case #724  ::  [4537573348260]:  { 0 1 2 1 2 0 1 2 0 0 1 2 1 2 0 1 2 0 0 1 2 1 0 0 1 2 1 }  --->  1669 timesteps
case #725  ::  [4694478646305]:  { 0 1 2 1 2 0 1 2 0 0 1 2 1 2 0 1 2 0 0 1 2 1 2 1 1 2 1 }  --->  87 timesteps
case #726  ::  [4882765003959]:  { 0 1 2 1 2 0 1 2 0 0 1 2 1 2 0 1 2 0 0 1 2 1 2 0 2 2 1 }  --->  63 timesteps
case #727  ::  [2905758248592]:  { 0 1 2 1 2 0 1 2 0 0 1 2 1 2 0 1 2 0 0 1 2 1 2 0 1 0 1 }  --->  896 timesteps
case #728  ::  [4600335467478]:  { 0 1 2 1 2 0 1 2 0 0 1 2 1 2 0 1 2 0 0 1 2 1 2 0 1 2 1 }  --->  36 timesteps