0641165021313141424606641025 6 1983
0645103226313142424606641025 2 1984
0645152321303641424206641025 1 1985
0645152226303141424206641025 1 1986
0645125626313046414206641025 2 1987
0645155121303542424206641025 6 1988
0645100026333142424606641025 2 1989
0645160226303141424206641025 6 1990
0641155121303646424206641025 6 1991
0124162021333154424100000140 2 1992
0645155121303645424206641025 6 1993
0641155626313146424606641025 2 1994
0641155226303124424206641025 2 1995
0645100626313122424206641025 2 1996
0645153226103142424206641025 2 1997
0145102521303145424601641213 1 1998
0645160026303145424206641025 2 1999
0645160026303145424206641025 6 2000
0641155521303642424206641025 2 2001
0645163226103140424206641025 2 2002
0641155226303146424206641025 2 2003
0645163226103140424206641025 6 2004
0645163526103140424206641025 2 2005
0645152521303641424206641025 1 2006
0645155321313641424206641025 6 2007
0645152521303641424206641025 2 2008
0145102520303542464601142103 6 2009
0645163026133145424606641025 2 2010
0645122126303642414206641025 1 2011
0145105121303642424206641025 2 2012
0645153521103045424206641025 2 2013
0645150521303644424206641025 2 2014
0645163226113142424606641025 2 2015
0641155121303642424206641025 2 2016
0641165126303146424206641025 6 2017
0645162126353141424206641025 1 2018
0645165626313142424206641025 2 2019
0145102521303546464201142103 1 2020
0645165626313141424206641025 2 2021
0645160126303146424206641025 2 2022
0645105121303146424206641025 6 2023
0645165226303141424206641025 2 2024
0645153521103646424206641025 6 2025
0645105121303646424206641025 6 2026
0645102226303141424206641025 2 2027
0645100226303141424206641025 6 2028
0645160126313146424206641025 2 2029
0645160026303144424206641025 6 2030
0645163626103146424206641025 2 2031
0641165026303144424206641025 6 2032
0645153626103146424206641025 6 2033
0645165026303141424206641025 2 2034
0641105121303141424206641025 6 2035
0645160126303142424206641025 6 2036
0645165626313146424206641025 2 2037
0641155121353646424206641025 2 2038
0645122125353041414606641025 1 2039
0645125620313542414606641025 6 2040
0146102621353122424200000114 2 2041
0645160526303140424206641025 6 2042
0645103226103144424206641025 6 2043
0145105121303142424206641025 2 2044
0645165126303140424206641025 6 2045
0641165026313146424206641025 2 2046
0641125625313546414606641025 6 2047
0641155521303542424206641025 2 2048
0645163626103140424206641025 6 2049
0645165626313140424606641025 2 2050
0645103226133140424606641025 2 2051
0145103521103140424206641025 6 2052
0645163526113145424606641025 2 2053
0641105121303645424206641025 6 2054
0645163526313142424606641025 2 2055
0641105021313141424606641025 6 2056
0645102321303641424206641025 1 2057
0645165021313141424606641025 2 2058
0645123626103645414206641025 2 2059
0645163526313145424606641025 2 2060
0645103026133145424606641025 2 2061
0645100126303145424206641025 6 2062
0645153021153142424606641025 2 2063
0645103026103145424206641025 6 2064
0645120626313642414206641025 6 2065
0641165626303141424206641025 2 2066
0645160026313146424206641025 6 2067
0645152321353041424206641025 1 2068
0641105626303142424206641025 6 2069
0641165621353146424606641025 6 2070
0645122126303640414206641025 1 2071
0641165626303142424206641025 6 2072
0645165621313140424606641025 6 2073
0645103226103144424206641025 2 2074
0645165226313145424606641025 2 2075
0645165226333141424606641025 2 2076
0645100626313142424206641025 2 2077
0645165226313141424606641025 2 2078
0645123626103646414206641025 6 2079
0645105226313142424606641025 2 2080
0645152226303142424206641025 1 2081
0645102026353141424206641025 1 2082
0645103026103142424206641025 2 2083
0645163526103140424206641025 6 2084
0645152126303144424206641025 2 2085
0645160026333142424606641025 2 2086
0645163526103145424206641025 6 2087
0645153021113142424606641025 2 2088
0645103026103142424206641025 6 2089
0645153521103645424206641025 2 2090
0645150626313144424206641025 2 2091
0641155026303142424206641025 6 2092
0645105121303640424206641025 6 2093
0645153226103144424206641025 2 2094
0145103521103546424206641025 2 2095
0645153226103146424206641025 6 2096
0645155521303041424206641025 2 2097
0645120626313640414206641025 6 2098
0645105621313146424606641025 6 2099
0641165526303146424206641025 2 2100
0645165021313144424606641025 6 2101
0645155321313046424206641025 6 2102
0641165126303146424206641025 2 2103
0645123225153642414606641025 6 2104
0645122120353642414606641025 1 2105
0645102126303142424206641025 1 2106
0645122120353644414606641025 1 2107
0645153521103642424206641025 2 2108
0645123620153045414606641025 6 2109
0645102126303142424206641025 2 2110
0645105026313146424206641025 2 2111
0641165226303141424206641025 2 2112
0645153626103144424206641025 2 2113
0645155121303641424206641025 6 2114
0641165626303145424206641025 2 2115
0645105626313142424206641025 2 2116
0645153026103146424206641025 6 2117
0645125620313646414606641025 6 2118
0645163226133142424606641025 2 2119
0645163021153142424606641025 2 2120
0641125620353646414606641025 6 2121
0645160126303144424206641025 2 2122
0641165626303144424206641025 2 2123
0645153526103146424206641025 2 2124
0645105121303140424206641025 2 2125
0641165121303646424206641025 2 2126
0645163526103146424206641025 6 2127
0645165026303141424206641025 6 2128
0645163026133140424606641025 2 2129
0645163626103146424206641025 6 2130
0645163026113142424606641025 2 2131
0645103226113145424606641025 2 2132
0145102521303046464201142103 1 2133
0645165126303141424206641025 6 2134
0645123626103546414206641025 2 2135
0645163626103142424206641025 2 2136
0645163026103145424206641025 6 2137
0645123626103642414206641025 6 2138
0524150121333145464201412105 2 2139
0645165026313145424606641025 2 2140
0145103521103145424206641025 6 2141
0645155226313142424606641025 2 2142
0645165126303145424206641025 6 2143
0641165126333142424606641025 2 2144
0645165126313141424606641025 2 2145
0645160126333145424606641025 2 2146
0645165526313141424606641025 2 2147
0645162026353141424206641025 1 2148
0645163526103142424206641025 6 2149
0645165626313140424206641025 2 2150
0645153226103142424206641025 6 2151
0645122125353541414606641025 1 2152
0645165126303144424206641025 6 2153
0641165526333142424606641025 2 2154
0645102126353141424206641025 1 2155
0641125620313642414606641025 6 2156
0645100126303142424206641025 6 2157
0645163026103142424206641025 2 2158
0645105121303142424206641025 6 2159
0645100126303145424206641025 2 2160
0645163626103144424206641025 6 2161
0641155226333142424606641025 2 2162
0645100026303122424206641025 2 2163
0645162126303144424206641025 2 2164
0645150521303142424206641025 6 2165
0641155121333142424606641025 2 2166
0645160226303144424206641025 2 2167
0645105121303142424206641025 2 2168
0645153226133142424606641025 2 2169
0645160121353144424606641025 6 2170
0645165226313142424606641025 2 2171
0645160626313144424206641025 2 2172
0645163226133145424606641025 2 2173
0645163526133145424606641025 2 2174
0645103121303644424206641025 6 2175
0645125626303041414206641025 6 2176
0645163226103142424206641025 2 2177
0645150521303022424206641025 2 2178
0645150521313022424206641025 2 2179
0645103226103145424206641025 2 2180
0645163521103142424206641025 2 2181
0645105126303145424206641025 2 2182
0145103521103142424206641025 2 2183
0641105626303145424206641025 6 2184
0645163021153146424606641025 6 2185
0645100226303120424206641025 2 2186
0645100226313120424206641025 2 2187
0645163626103140424206641025 2 2188
0645165126313140424606641025 2 2189
0641165026313140424606641025 2 2190
0645122125353645414606641025 1 2191
0645125625353641414606641025 6 2192
0645103121353646424206641025 6 2193
0645163521103146424206641025 2 2194
0145105521303141424206641025 2 2195
0645153626103146424206641025 2 2196
0145102521303145424601142103 2 2197
0161105121343121414602212444 2 2198
0645102226303141424206641025 1 2199
0645162226303141424206641025 2 2200
0645100026313122424206641025 2 2201
0641105626303141424206641025 6 2202
0645105626303141424206641025 6 2203
0645160226313146424206641025 2 2204
0645162521353141424206641025 1 2205
0641165226303146424206641025 6 2206
0645165121353142424606641025 2 2207
0645100226303124424206641025 2 2208
0645105121303642424206641025 2 2209
0645163626103144424206641025 2 2210
0645105121303645424206641025 6 2211
0645153626103142424206641025 2 2212
0645105126303142424206641025 2 2213
0645105126303142424206641025 6 2214
0124150125313142464601412105 6 2215
0645165126303142424206641025 2 2216
0645105021313141424606641025 6 2217
0645153526103142424206641025 2 2218
0645125620353641414606641025 6 2219
0124150025333102464601412105 6 2220
0645153121353046424206641025 6 2221
0645163226113144424606641025 2 2222
0645103226103145424206641025 6 2223
0645163226103145424206641025 6 2224
0142105126303041424206641025 2 2225
0645165026313142424606641025 2 2226
0645163026103146424206641025 2 2227
0641125626303042414206641025 6 2228
0645105126313146424206641025 2 2229
0641165626303142424206641025 2 2230
0645152521353041424206641025 1 2231
0645105126313146424206641025 6 2232
0145102521333104424601241611 2 2233
0645103226103146424206641025 6 2234
0645105321313546424206641025 6 2235
0645105121303141424206641025 6 2236
0645105121303145424206641025 6 2237
0645153521103042424206641025 6 2238
0645105021313145424606641025 2 2239
0161105121343122414602212444 2 2240
0645163226103144424206641025 2 2241
0645105121303641424206641025 6 2242
0645105121303042424206641025 6 2243
0645155521313046424206641025 2 2244
0145102521303146464201142103 1 2245
0645102321353541424206641025 1 2246
0645122120353645414606641025 1 2247
0645162526353141424206641025 1 2248
0145102521303146464201142103 2 2249
0524150123333141464201412105 6 2250
0645163526103142424206641025 2 2251
0645122126303045414206641025 1 2252
0645160626303141424206641025 6 2253
0645125620313041414606641025 6 2254
0645163226103146424206641025 2 2255
0645123625153642414606641025 6 2256
0641105226313144424606641025 2 2257
0524150121333146424201412105 2 2258
0641165021353140424606641025 2 2259
0641105621313144424606641025 6 2260
0645103626103145424206641025 6 2261
0645125620313045414606641025 6 2262
0641165026333145424606641025 2 2263
0641155521303642424206641025 6 2264
0645152526353141424206641025 1 2265
0145100521313022424206641025 2 2266
0645155121303045424206641025 6 2267
0645123625153646414606641025 6 2268
0145102521303026464201142103 1 2269
0645103226103146424206641025 2 2270
0645122120353041414606641025 1 2271
0645103626103142424206641025 2 2272
0145105121333142424606641025 2 2273
0645103226103142424206641025 6 2274
0645163226103142424206641025 6 2275
0645105126303146424206641025 6 2276
0645163626103145424206641025 2 2277
0145105126333142424606641025 2 2278
0645163626103145424206641025 6 2279
0114162021353141424200000140 2 2280
0645163526103144424206641025 2 2281
0145102521303141424601142103 1 2282
0145103521103142424206641025 6 2283
0645162126303141424206641025 2 2284
0145103521103042424206641025 6 2285
0145102520303142464601142103 1 2286
0524150121333561424201412105 2 2287
0645153521103642424206641025 6 2288
0645160626313146424206641025 2 2289
0645163026133142424606641025 2 2290
0645100226303144424206641025 6 2291
0645160226303144424206641025 6 2292
0641105621313141424606641025 6 2293
0641105226313145424606641025 2 2294
0145102521303546464201142103 2 2295
0124150121313141464201412105 2 2296
0645165026313146424206641025 2 2297
0645153521103646424206641025 2 2298
0145102521303144424601142103 1 2299
0124150125303122464601412105 6 2300
0641125226303640414206641025 6 2301
0124150123313145464201412105 6 2302
0645165026313141424606641025 2 2303
0145105521313546424206641025 2 2304
0146102621303145424200141250 2 2305
0645105126303144424206641025 6 2306
0645103226103142424206641025 2 2307
0645160626313142424206641025 2 2308
0524150121333162424201412105 2 2309
0021162521333144424204140140 2 2310
0145105521303041424206641025 2 2311
0124165021333104424200000140 2 2312
0645165626303141424206641025 6 2313
0161105121343021414602212444 2 2314
0641105226303146424206641025 2 2315
0645163526133144424606641025 2 2316
0146102621303144424200141250 1 2317
0645125625313046414606641025 6 2318
0145102521303045424601142103 2 2319
0645163526103146424206641025 2 2320
0645162126303142424206641025 2 2321
0524150123333145464201412105 6 2322
0124150123313141464201412105 6 2323
0645153521103042424206641025 2 2324
0645102026303142424206641025 1 2325
0145105121303042424206641025 2 2326
0145103521103042424206641025 2 2327
0524150121333164424201412105 2 2328
0645163626103142424206641025 6 2329
0624160026353142424201441501 2 2330
0645162126303140424206641025 2 2331
0145102521303141424601142103 2 2332
0145102520303142464601142103 6 2333
0645160126303144424206641025 6 2334
0645153226103146424206641025 2 2335
0645105126303146424206641025 2 2336
0645153026103142424206641025 2 2337
0645162126303144424206641025 1 2338
0641125226303641414206641025 6 2339
0641105121303144424206641025 2 2340
0641105121303644424206641025 2 2341
0145103521103146424206641025 6 2342
0145105121353046424206641025 2 2343
0645105621313140424606641025 6 2344
0645125620313046414606641025 6 2345
0146102621303141424200141250 1 2346
0645105226313140424606641025 2 2347
0645163526103145424206641025 2 2348
0641165626303146424206641025 6 2349
0141106621333104424201440125 2 2350
0146102621303141424200141250 2 2351
0645162526303141424206641025 2 2352
0645162226303141424206641025 1 2353
0645160526313146424206641025 2 2354
0645165126303145424206641025 2 2355
0645160226313146424206641025 6 2356
0645165526303141424206641025 2 2357
0645165126303141424206641025 2 2358
0645123620153046414606641025 6 2359
0021162521333145424104140140 2 2360
0146102621303142424200141250 1 2361
0641105121303140424206641025 2 2362
0645163226103146424206641025 6 2363
0645153521103645424206641025 6 2364
0124150121303546424201412105 2 2365
0641125626303041414206641025 6 2366
0124150121303164424201412105 2 2367
0562123225103045414206641025 6 2368
0124150121313145464201412105 2 2369
0641125626313045414206641025 2 2370
0645153121303646424206641025 6 2371
0562120225303644414206641025 6 2372
0641125626313041414206641025 2 2373
0061100121313042424100262035 2 2374
0645165126303142424206641025 6 2375
0145105121303542424206641025 2 2376
0145105121353546424206641025 2 2377
0645162526303142424206641025 1 2378
0061105121313542424600212055 2 2379
0025100121303124424602652333 2 2380
0145105121303146424206641025 6 2381
0142105126303045424206641025 6 2382
0146102621303140424200141250 1 2383
0141105521303140424206641025 2 2384
0021162521333145424204140140 2 2385
0146102621303140424200141250 2 2386
0124150121313546424201412105 2 2387
0524150121333141464201412105 2 2388
0645162526303141424206641025 1 2389
0645160526313146424206641025 6 2390
0145105126303542424206641025 6 2391
0021162521333142424204140140 2 2392
0145105126303642424206641025 6 2393
0145105126303142424206641025 6 2394
0145105121333144424201261502 2 2395
0146102521303140424200141250 1 2396
0146102621303144424200141250 2 2397
0141106121333041424201440125 2 2398
0141105121333041424201261502 2 2399
0442156026303146424201101123 6 2400
0142105126303640424206641025 2 2401
0524150121303144464201412105 2 2402
0146102621303145424200141250 1 2403
0524150121363541424201413550 2 2404
0145153021153642424606641025 6 2405
0124160026353142424201441501 2 2406
0144153226313640424606641025 2 2407
0145153026103640424206641025 6 2408
0524150123333146464201412105 6 2409
0145153021153642424606641025 2 2410
0146102621303042424200141250 1 2411
0145153021153146424606641025 2 2412
0145105121333142424201261502 2 2413
0145153026113642424606641025 2 2414
0021162521333142424104140140 2 2415
0145153021113142424606641025 2 2416
0524150121363542424201413550 2 2417
0146102621353041424200141250 1 2418
0140153521113642424606641025 2 2419
0524150121333061424201412105 2 2420
0145153026103640424206641025 2 2421
0146102621363041424200141250 1 2422
0025105121503124424602652333 2 2423
0144102521353141424601661616 1 2424
0124150123353144464201412105 6 2425
0144153226103042424206641025 2 2426
0145105126303146424206641025 6 2427
0145105126303646424206641025 6 2428
0642100226333142424606641025 2 2429
0145153021153146424606641025 6 2430
0524150121333165424201412105 2 2431
0424160226333542424201441501 2 2432
0626100121333542424206451511 2 2433
0524150125333162464601412105 6 2434
0025106521503042424602152530 2 2435
0145153026103146424206641025 6 2436
0126150126333141424201451016 2 2437
0126150126333146424201451016 2 2438
0145153021113640424606641025 2 2439
0424166021313646424201441501 2 2440
0124160026353144424201441501 2 2441
0142105126303640424206641025 6 2442
0524150121363141424201413550 2 2443
0144153226103640424206641025 2 2444
0146106121333144424201440125 2 2445
0562153121113546424100262035 6 2446
0146105120313140424606641025 6 2447
0561152624333102414100262035 6 2448
0126150626333141424201451016 2 2449
0521160121353042424200000641 2 2450
0646153021153142424606641025 2 2451
0124150123353146464201412105 6 2452
0524150121333160424201412105 2 2453
0521160121353042424200000646 2 2454
0524150125333142464601412105 6 2455
0144153226103640424206641025 6 2456
0146105120353644424206641025 2 2457
0124150123353141464201412105 6 2458
0145105121333141424201261502 2 2459
0145153026103646424206641025 2 2460
0642153521103045424206641025 6 2461
0642150521303644424206641025 6 2462
0026156121333146424201441501 2 2463
0522102521343126404601112014 1 2464
0124150121353541464201412105 2 2465
0524150121333161424201412105 2 2466
0026156121333141424201441501 2 2467
0524150121333562424201412105 2 2468
0522150123353546464601412105 6 2469
0121150626333141424201451016 2 2470
0161156020333144424601441323 2 2471
0124150121353146424201412105 2 2472
0124150121353162424201412105 2 2473
0141160126303141424206641025 2 2474
0124150121353141464201412105 2 2475
0124150121353060424201412105 2 2476
0016152621303641424101441501 1 2477
0524150121363142424201413550 2 2478
