0622152621353144424201441501 1 3967
0122100124343562414111612500 5 3968
0641120626303642414206641025 2 3969
0121102520343561414111052100 2 3970
0624156026313144424201441501 2 3971
0624166526353542424201441501 2 3972
0124162521333145424204140140 2 3973
0641100226303144424206641025 6 3974
0422166526333546424201441501 2 3975
0641120626313642414206641025 2 3976
0641100226303145424206641025 2 3977
0622152621353542424201441501 2 3978
0641160526303140424206641025 6 3979
0426166526353146424201441501 2 3980
0124166526333144424201441501 2 3981
0624166526353641424201441501 2 3982
0022162521363145424204140140 1 3983
0514162521333140424104140140 2 3984
0511162521363140424204140140 1 3985
0614152021333145424201441501 2 3986
0614152021333144424201441501 2 3987
0124150023353164464201412105 6 3988
0624166526353644424201441501 2 3989
0141100521303045424206641025 6 3990
0524100123313145464201412105 6 3991
0545153526113144424606641025 2 3992
0624166526353145424201441501 2 3993
0622152621353142424201441501 2 3994
0224155023353144464201412105 6 3995
0424166526333644424201441501 2 3996
0426166526353644424201441501 2 3997
0541106121333145424201440125 2 3998
0541106121333141424201440125 2 3999
0224155023313164464201412105 6 4000
0422166526333644424201441501 2 4001
0522160121363642424204050144 2 4002
0622152621353141424201441501 1 4003
0124150026363641424201451016 2 4004
0424160121363145424206451511 2 4005
0515162521363141424204140140 2 4006
0545150526303142424206641025 2 4007
0124150023353166464201412105 6 4008
0426166526353142424201441501 2 4009
0622152621353542424201441501 1 4010
0420166526353546424201441501 2 4011
0422166526333141424201441501 2 4012
0124166526333141424201441501 2 4013
0124162521333142424204140140 2 4014
0145105121303142424600242144 2 4015
0144163026103146424206641025 2 4016
0545123626103542414206641025 6 4017
0424166526333645424201441501 2 4018
0624156026313542424201441501 2 4019
0424166526313646424201441501 2 4020
0144163026103146424206641025 6 4021
0545153021113142424606641025 2 4022
0420166526353642424201441501 2 4023
0514162521363141424204140140 1 4024
0546106121333144424201440125 2 4025
0524100121313141464201412105 2 4026
0511162521363141424204140140 1 4027
0124150026363142424201451016 2 4028
0115162521303641424104140140 1 4029
0524166526333142424201441501 2 4030
0524162521333142424204140140 2 4031
0516162021363142424204050144 1 4032
0614152021333542424201441501 2 4033
0524100121313541464201412105 2 4034
0524160526333641424201441501 2 4035
0424166526333146424201441501 2 4036
0115162521363141424204140140 1 4037
0121162521353144424104140140 1 4038
0461152021303144424601451016 1 4039
0025166526333641424201441501 2 4040
0422166526333144424201441501 2 4041
0514162521303140424104140140 1 4042
0545160126333142424606641025 2 4043
0025166526333646424201441501 2 4044
0511162521363142424204140140 2 4045
0624166526353142424201441501 2 4046
0524160526333541424201441501 2 4047
0511162521363142424204140140 1 4048
0122162521363145424204140140 1 4049
0124166526333142424201441501 2 4050
0111162521363642424204140140 1 4051
0545155126303146424206641025 6 4052
0524162521333145424204140140 2 4053
0514162521363146424204140140 1 4054
0546106121333542424201440125 2 4055
0624166526353541424201441501 2 4056
0512162521363140424204140140 1 4057
0524100121313146424201412105 2 4058
0424166526313645424201441501 2 4059
0121162520353045424104140140 1 4060
0511162521363140424204140140 2 4061
0114162521363142424204140140 1 4062
0124150023353160464201412105 6 4063
0422160526333141424201441501 2 4064
0422160526333144424201441501 2 4065
0516162021303144424104050144 1 4066
0424166526313644424201441501 2 4067
0546106121333145424201440125 2 4068
0562103121103064464100262035 6 4069
0422166526313642424201441501 2 4070
0545123620153642414606641025 6 4071
0111162520353041424204140140 1 4072
0511162521363640424204140140 2 4073
0545102521303145424601641213 1 4074
0514162521363144424204140140 1 4075
0514162521363622424204140140 1 4076
0545160526333144424606641025 2 4077
0512162521303641424104140140 1 4078
0424166526333542424201441501 2 4079
0625160121363144424204050144 2 4080
0111162521363642424204140140 2 4081
0121162520353144424104140140 2 4082
0215152021353640424201441501 1 4083
0111162520353044424204140140 2 4084
0124166526333146424201441501 2 4085
0514162521363140424204140140 1 4086
0545162526303141424206641025 2 4087
0114162521303140424104140140 1 4088
0124166526333642424201441501 2 4089
0524166526333141424201441501 2 4090
0512162521363141424204140140 2 4091
0166103521453526414110002414 2 4092
0121162520353144424204140140 2 4093
0424160121363142424206451511 2 4094
0524160526333645424201441501 2 4095
0545153226103146424206641025 2 4096
0524162521333144424204140140 2 4097
0122162521363141424204140140 1 4098
0424166526313542424201441501 2 4099
0422160526333142424201441501 2 4100
0514162521303146424104140140 1 4101
0424166526363646424201441501 2 4102
0124153621153542424201441501 2 4103
0624166526353642424201441501 2 4104
0124160526333644424201441501 2 4105
0114162521363642424204140140 1 4106
0524166526333642424201441501 2 4107
0121162520353041424204140140 2 4108
0514162521363142424204140140 1 4109
0026103120503064424602642135 2 4110
0424166526333642424201441501 2 4111
0145100126303641424206641025 6 4112
0614152021353142424201441501 1 4113
0124150023353161464201412105 6 4114
0521155621353642424201441501 2 4115
0646102621353124424200000114 2 4116
0514162521303640424104140140 1 4117
0124156626353645424201441501 2 4118
0521155621313546424201441501 2 4119
0424166526333142424201441501 2 4120
0624156626353542424201441501 2 4121
0121162520353041424104140140 2 4122
0124156626353541424201441501 2 4123
0514162521303144424104140140 1 4124
0545105121303644424206641025 2 4125
0545105121303144424206641025 2 4126
0124155621313642424201441501 2 4127
0121155621313144424201441501 2 4128
0514162521363141424204140140 2 4129
0122162521363142424204140140 2 4130
0424166526333641424201441501 2 4131
0424166526333646424201441501 2 4132
0121155621313542424201441501 2 4133
0121162521353141424104140140 1 4134
0422160526333642424201441501 2 4135
0424160121313144424206451511 2 4136
0025166526333645424201441501 2 4137
0121162520353141424104140140 1 4138
0121162520353041424104140140 1 4139
0521155621353546424201441501 2 4140
0124160526333642424201441501 2 4141
0524160526333644424201441501 2 4142
0512162521363640424204140140 1 4143
0424166526363144424201441501 2 4144
0521155621313646424201441501 2 4145
0424160121313145424206451511 2 4146
0145100126303644424206641025 6 4147
0122162521363142424204140140 1 4148
0145100126303642424206641025 2 4149
0424166526353641424201441501 2 4150
0422160526333145424201441501 2 4151
0424166526353546424201441501 2 4152
0121155621353646424201441501 2 4153
0422166526353142424201441501 2 4154
0121155621313642424201441501 2 4155
0614152021353142424201441501 2 4156
0121155621313546424201441501 2 4157
0122162521363145424204140140 2 4158
0121162521353045424104140140 1 4159
0424160526333142424201441501 2 4160
0121155621353146424201441501 2 4161
0121162520353045424204140140 2 4162
0424166526333141424201441501 2 4163
0122162521363144424204140140 2 4164
0521155621353145424201441501 2 4165
0041105121333140424206260621 2 4166
0114162521363022424204140140 1 4167
0122162521363144424204140140 1 4168
0524160526333142424201441501 2 4169
0524160526333542424201441501 2 4170
0121155621353144424201441501 2 4171
0124160526333141424201441501 2 4172
0021155621353145424201441501 2 4173
0021155621353542424201441501 2 4174
0422166526313144424201441501 2 4175
0514162521303641424104140140 1 4176
0621152621353542424201441501 2 4177
0621152621353542424201441501 1 4178
0021155621313142424201441501 2 4179
0424166526313142424201441501 2 4180
0521155621353146424201441501 2 4181
0141106521333114424201261502 2 4182
0511162521363141424204140140 2 4183
0524160526333144424201441501 2 4184
0621152621353642424201441501 1 4185
0021155621313542424201441501 2 4186
0021155621313642424201441501 2 4187
0614152021353640424201441501 1 4188
0521155621313145424201441501 2 4189
0512162521363642424204140140 1 4190
0624155021333144424201441501 2 4191
0624152621353542424201441501 1 4192
0121155621353142424201441501 2 4193
0021155621313144424201441501 2 4194
0521155621353144424201441501 2 4195
0621155621313646424201441501 2 4196
0424166526313144424201441501 2 4197
0621155621353145424201441501 2 4198
0145100126303142424206641025 2 4199
0624152621353142424201441501 1 4200
0021155621353144424201441501 2 4201
0521155621313642424201441501 2 4202
0512162521363144424204140140 1 4203
0121162520353145424104140140 1 4204
0021155621353546424201441501 2 4205
0624160526353144424201441501 2 4206
0521155621313542424201441501 2 4207
0121162521353041424104140140 1 4208
0521155621353542424201441501 2 4209
0145100126303641424206641025 2 4210
0121162520353045424104140140 2 4211
0624152621353144424201441501 2 4212
0465153021113142424601441323 2 4213
0021155621313145424201441501 2 4214
0021155621353642424201441501 2 4215
0424160526333645424201441501 2 4216
0621155621313542424201441501 2 4217
0621155621313146424201441501 2 4218
0524160121363142424204650141 2 4219
0422152621353144424201441501 2 4220
0621152621353642424201441501 2 4221
0121155621353542424201441501 2 4222
0524100023313065464201412105 6 4223
0021155621353646424201441501 2 4224
0621155621313546424201441501 2 4225
0621155621353142424201441501 2 4226
0524152021363141424101441501 1 4227
0621152621353145424201441501 2 4228
0424166526313145424201441501 2 4229
0621155621313142424201441501 2 4230
0121162520353145424204140140 1 4231
0621155621353542424201441501 2 4232
0624152621353145424201441501 2 4233
0621155021333154424201441501 2 4234
0145100126303642424206641025 6 4235
0424166526313641424201441501 2 4236
0421155621353542424201441501 2 4237
0041105121333144424206260621 2 4238
0424166526353541424201441501 2 4239
0624152621353145424201441501 1 4240
0041105121333142424206260621 2 4241
0041105121333141424206260621 2 4242
0422166526353646424201441501 2 4243
0421155621353146424201441501 2 4244
0145100126303142424206641025 6 4245
0524152021363141424101441501 2 4246
0624152621353141424201441501 1 4247
0425153021113142424601441323 2 4248
0421155621313145424201441501 2 4249
0422166526353644424201441501 2 4250
0514162621303145424104140140 2 4251
0621152621353142424201441501 1 4252
0421155621353142424201441501 2 4253
0421155621313542424201441501 2 4254
0424166526353142424201441501 2 4255
0424166526353145424201441501 2 4256
0421155621353144424201441501 2 4257
0514162621303141424104140140 2 4258
0624152621353642424201441501 2 4259
0421155621313144424201441501 2 4260
0624152621353642424201441501 1 4261
0145100126303644424206641025 2 4262
0422166526353542424201441501 2 4263
0524155621313144424201441501 2 4264
0524155621313145424201441501 2 4265
0624152621353144424201441501 1 4266
0514162621303640424104140140 1 4267
0422160526353144424201441501 2 4268
0514162621303640424104140140 2 4269
0624155621353144424201441501 2 4270
0421155621313646424201441501 2 4271
0145100121353045424601621322 6 4272
0522162521333144424204140140 2 4273
0524166526353144424201441501 2 4274
0465153021113144424601441323 2 4275
0514162621303140424104140140 2 4276
0421155621353642424201441501 2 4277
0521166021333144424200000141 2 4278
0421155621313546424201441501 2 4279
0421155621313146424201441501 2 4280
0422166526353145424201441501 2 4281
0124162521353141424104140140 1 4282
0465153021113145424601441323 2 4283
0424166526353642424201441501 2 4284
0624152621353142424201441501 2 4285
0624152621353542424201441501 2 4286
0514162621303145424104140140 1 4287
0514162621303641424104140140 1 4288
0141100523103144464202222130 6 4289
0514162621303641424104140140 2 4290
0121162520353041424204140140 1 4291
0624155621353542424201441501 2 4292
0465153021113542424601441323 2 4293
0425150026333542424201441501 2 4294
0514162621303141424104140140 1 4295
0524155621313542424201441501 2 4296
0524160121363142424204050144 2 4297
0521166021333164424200000141 2 4298
0124162521363142424204140140 2 4299
0624155621313542424201441501 2 4300
0424166526353542424201441501 2 4301
0420160526353144424201441501 2 4302
0512162521303640424104140140 1 4303
0415152021353546424201441501 1 4304
0524155621313642424201441501 2 4305
0420160526353142424201441501 2 4306
0524150026313641424201441501 2 4307
0144106121303144424200000524 2 4308
0624155621313144424201441501 2 4309
0424166526353146424201441501 2 4310
0624155621353642424201441501 2 4311
0422160526353542424201441501 2 4312
0124162521353145424104140140 1 4313
0425156026333641424201441501 2 4314
0121162520353141424204140140 1 4315
0425150026333645424201441501 2 4316
0124162521353144424104140140 1 4317
0425156026333646424201441501 2 4318
0041105521333104424206260621 2 4319
0025166526353641424201441501 2 4320
0124162521353041424104140140 1 4321
0524160121363146424204050144 2 4322
0222155023553164464201412105 6 4323
0141162520333144424104140140 2 4324
0512162621303640424104140140 2 4325
0524160121363144424204050144 2 4326
0141100523103124464202222130 6 4327
0424160526333642424201441501 2 4328
0522162521363141424204140140 2 4329
0420160526353645424201441501 2 4330
0124162521363144424204140140 2 4331
0541162521333142424104140140 2 4332
0522162521363141424204140140 1 4333
0415152021363645424101441501 1 4334
0141162521333645424204140140 2 4335
0425156026333142424201441501 2 4336
0415152021363144424101441501 1 4337
0420160526353644424201441501 2 4338
0141162521333146424204140140 2 4339
0425150021333644424201441501 2 4340
0415152021303546424101441501 1 4341
0415152021363640424101441501 1 4342
0415152021353646424201441501 1 4343
0522162521363144424204140140 2 4344
0420160526353145424201441501 2 4345
0422160526353142424201441501 2 4346
0041106121303140424201220522 2 4347
0420160526353642424201441501 2 4348
0415152021363641424101441501 1 4349
0415152021353642424201441501 2 4350
0424166526353644424201441501 2 4351
0124162521363141424204140140 2 4352
0415152021363644424201441501 1 4353
0415152021363646424101441501 1 4354
0425156026333144424201441501 2 4355
0415152021303644424101441501 1 4356
0124162521363145424204140140 1 4357
0415152021363546424101441501 1 4358
0146105121333142424201261502 2 4359
0422160526353645424201441501 2 4360
0522162521363145424204140140 1 4361
0124162521363144424204140140 1 4362
0425150026333144424201441501 2 4363
0415152021303640424101441501 1 4364
0465153021103142424601441323 2 4365
0415152021363540424101441501 1 4366
0425153021313546424201441501 2 4367
0422160526353145424201441501 2 4368
0415152021363146424101441501 1 4369
0422155023333144464601412105 6 4370
0422155023333164464601412105 6 4371
0415152021303645424101441501 1 4372
0124162521363142424204140140 1 4373
0425150026333142424201441501 2 4374
0562155021333141424100262035 2 4375
0145100121353045424601621322 2 4376
0425156026333645424201441501 2 4377
0562105021333141424100262035 2 4378
0124160526303145424201441501 2 4379
0124162521363141424204140140 1 4380
0144102621353141424200000410 2 4381
0425150026333541424201441501 2 4382
0426155020333164464601412105 2 4383
0415152026303140424101441501 1 4384
0124160526353542424201441501 2 4385
0415152025353144464601412105 2 4386
0415152021363541424101441501 1 4387
0465153021103145424601441323 2 4388
0124162521363145424204140140 2 4389
0415152026303541424101441501 1 4390
0541162521333140424104140140 2 4391
0415152021363541424201441501 1 4392
0415152025353144464601412105 1 4393
0415152021363141424101441501 1 4394
0625156026353646424201441501 2 4395
0415152021363644424101441501 1 4396
0421162621353141424104140140 1 4397
0124162621353141424104140140 2 4398
0522162521363142424204140140 2 4399
0415152021303146424101441501 1 4400
0144100521363144424204213014 2 4401
0524160526353145424201441501 2 4402
0426155020333114464201412105 6 4403
0424160526353642424201441501 2 4404
0522162521363145424204140140 2 4405
0424160526353645424201441501 2 4406
0124160526353645424201441501 2 4407
0524160526353542424201441501 2 4408
0145102621353141424101161301 1 4409
0145100121353145424601621322 2 4410
0425156026333542424201441501 2 4411
0145100121353145424601621322 6 4412
0141162521353045424104140140 1 4413
0426155020333561464601412105 2 4414
0146152026363141424200000111 1 4415
0144100521663145424204211635 2 4416
0524162021353141424104140140 1 4417
0145100121353146424601621322 6 4418
0124160526353642424201441501 2 4419
0124160526353145424201441501 2 4420
0144100521633114424204213014 2 4421
0142162521333146424104140140 2 4422
0145100121353046424601621322 6 4423
0144100521663042424204211635 2 4424
0124160526353142424201441501 2 4425
0522162621353145424104140140 1 4426
0024162521353141424104140140 1 4427
0145100121353046424601621322 2 4428
0421162621353145424104140140 1 4429
0541106121303140424200000124 2 4430
0021162521363141424204140140 1 4431
0146152026363141424100000111 1 4432
0424160526353144424201441501 2 4433
0142162521333045424104140140 2 4434
0144100521663144424204211635 2 4435
0144100521633144424204213014 2 4436
0141162521353041424104140140 1 4437
0142162521303142424204140140 1 4438
0522162521363144424204140140 1 4439
0424160526353644424201441501 2 4440
0522162621353141424104140140 2 4441
0424160526353145424201441501 2 4442
0625150026353144424201441501 2 4443
0541160521333141424606641025 2 4444
0021162521363142424204140140 2 4445
0144100521363144424204211635 2 4446
0125162521363045424204140140 2 4447
0145102621353141424101161301 2 4448
0145102621353145424101161301 2 4449
0142162521303141424204140140 1 4450
0141162520353140424104140140 1 4451
0422156026353641424201441501 2 4452
0522162621353145424104140140 2 4453
0141162521353144424104140140 1 4454
0524160526353142424201441501 2 4455
0142162521303141424204140140 2 4456
0424156621353644424201441501 2 4457
0145102621353145424101161301 1 4458
0142162521303642424204140140 1 4459
0424160526353542424201441501 2 4460
0424152621353144424201441501 1 4461
0145100121353146424601621322 2 4462
