0641105226303140424206641025 2 1487
0645155121303646424206641025 6 1488
0645163021153142424606641025 6 1489
0641165021353141424606641025 6 1490
0645125226303041414206641025 2 1491
0641105121303641424206641025 2 1492
0645103321153646424206641025 6 1493
0645150226333144424606641025 2 1494
0645155121303142424206641025 2 1495
0641165626313144424606641025 2 1496
0645105226313144424606641025 2 1497
0641165021353146424606641025 6 1498
0641155226303124424206641025 6 1499
0641165026313142424606641025 2 1500
0645105626303141424206641025 2 1501
0645122126353041414206641025 1 1502
0645153621153146424606641025 6 1503
0645163521103145424206641025 2 1504
0645165021313142424606641025 2 1505
0641125626313641414206641025 2 1506
0641155626303142424206641025 2 1507
0645123226103646414206641025 6 1508
0645155121303041424206641025 2 1509
0645150521303644424206641025 6 1510
0645153521103146424206641025 2 1511
0641165026303140424206641025 6 1512
0645153521103045424206641025 6 1513
0645100321313646424206641025 6 1514
0641105626303141424206641025 2 1515
0145105126303644424206641025 2 1516
0645155126303146424206641025 6 1517
0645150521303022424206641025 6 1518
0645153021153142424606641025 6 1519
0641105121303645424206641025 2 1520
0645123626103645414206641025 6 1521
0645163621153145424606641025 6 1522
0641105121303141424206641025 2 1523
0645163621153144424606641025 6 1524
0645150521303645424206641025 6 1525
0641125625313646414606641025 6 1526
0641105626303145424206641025 2 1527
0645103321153546424206641025 6 1528
0645165121303042424206641025 6 1529
0641165526303145424206641025 2 1530
0641165121303146424206641025 2 1531
0641165226313142424606641025 2 1532
0645153121303645424206641025 6 1533
0645155126303142424206641025 6 1534
0146150520353045424206641025 2 1535
0641165226313144424606641025 2 1536
0645150521313022424206641025 6 1537
0645120226303045414206641025 2 1538
0645125625313546414606641025 6 1539
0645123626103546414206641025 6 1540
0645105626313141424206641025 2 1541
0645123626103642414206641025 2 1542
0645103026133142424606641025 2 1543
0645123626103646414206641025 2 1544
0645103226133145424606641025 2 1545
0645160626313140424206641025 2 1546
0645125226313046414206641025 2 1547
0645102126303145424206641025 2 1548
0645103021113145424606641025 2 1549
0145102521353541424601641213 1 1550
0425160226333141424201441501 2 1551
0645150521303645424206641025 2 1552
0641165121353140424606641025 2 1553
0641165026303140424206641025 2 1554
0645123226103546414206641025 6 1555
0145105126303042424206641025 2 1556
0645123625153046414606641025 6 1557
0645150226303124424206641025 2 1558
0645150521313146424206641025 2 1559
0645165621313141424606641025 6 1560
0645125626313645414606641025 2 1561
0645160626313145424206641025 2 1562
0645122125353045414606641025 1 1563
0645125626313045414206641025 2 1564
0641165226313141424606641025 2 1565
0645105126303145424206641025 6 1566
0645162126303145424206641025 2 1567
0645160126303145424206641025 6 1568
0645155021313146424606641025 2 1569
0645163521103142424206641025 6 1570
0141105521313046424206641025 2 1571
0645165026333141424606641025 2 1572
0645105121303145424206641025 2 1573
0145105126313046424206641025 2 1574
0645165126333141424606641025 2 1575
0641165626303140424206641025 6 1576
0645153321153046424206641025 6 1577
0645123220153542414606641025 6 1578
0645123625153042414606641025 6 1579
0645153521103640424206641025 2 1580
0645103026103145424206641025 2 1581
0645153321153045424206641025 6 1582
0146153520153045424206641025 6 1583
0645125626313641414606641025 2 1584
0645125625353041414606641025 6 1585
0645150226313124424206641025 2 1586
0645150521303045424206641025 6 1587
0645125626313542414206641025 2 1588
0645153321153640424206641025 6 1589
0645155626313146424206641025 2 1590
0645162121353141424606641025 1 1591
0645122226303542414206641025 1 1592
0645150626313124424206641025 2 1593
0641155126333142424606641025 2 1594
0645165121303144424206641025 2 1595
0146150520353644424206641025 6 1596
0645105121303141424206641025 2 1597
0645125126303022414206641025 2 1598
0645165126333145424606641025 2 1599
0645103026113142424606641025 2 1600
0645150521313646424206641025 2 1601
0645105121303641424206641025 2 1602
0645153226113142424606641025 2 1603
0641155521303644424206641025 2 1604
0645125626303641414206641025 6 1605
0145105521303141424206641025 6 1606
0141105521303022424206641025 6 1607
0645125626303641414206641025 2 1608
0145105126303646424206641025 2 1609
0645160026303141424206641025 6 1610
0641165026303141424206641025 2 1611
0645153026313142424606641025 2 1612
0645105121303644424206641025 6 1613
0645125626313041414206641025 2 1614
0645105121303144424206641025 6 1615
0145102521303145424601142103 1 1616
0645153521103644424206641025 6 1617
0645103626103142424206641025 6 1618
0645153121103644424206641025 6 1619
0645123626103640414206641025 2 1620
0645163121303646424206641025 6 1621
0645105226303141424206641025 2 1622
0645165521313144424606641025 2 1623
0645155121303146424206641025 6 1624
0645152526303141424206641025 1 1625
0641165521303146424206641025 6 1626
0641165226333144424606641025 2 1627
0645165626303141424206641025 2 1628
0645165121303142424206641025 2 1629
0145105126303146424206641025 2 1630
0645153526103144424206641025 6 1631
0645100126303142424206641025 2 1632
0516102521303540424601241611 2 1633
0645152126353141424206641025 1 1634
0645163226133144424606641025 2 1635
0645163026133144424606641025 2 1636
0645163526103144424206641025 6 1637
0645152126303124424206641025 1 1638
0641105026333142424606641025 2 1639
0645150121353146424606641025 6 1640
0645163226313140424606641025 2 1641
0645163521133140424606641025 2 1642
0141105521303042424206641025 2 1643
0645155321313645424206641025 6 1644
0645160226333140424606641025 2 1645
0645163621153146424606641025 6 1646
0641125626303646414206641025 6 1647
0145102521353041424601641213 1 1648
0641165226303142424206641025 6 1649
0645160026303140424206641025 2 1650
0645105121303644424206641025 2 1651
0641165026333144424606641025 2 1652
0645160226303140424206641025 2 1653
0645103321103646424206641025 6 1654
0645160626313140424206641025 6 1655
0641165026303142424206641025 2 1656
0641165126303144424206641025 2 1657
0645160526303141424206641025 2 1658
0641165526333141424606641025 2 1659
0645153321153646424206641025 6 1660
0645160126303145424206641025 2 1661
0645163121153046424206641025 6 1662
0645155021313146424606641025 6 1663
0641155526303146424206641025 2 1664
0645150126303142424206641025 6 1665
0645120626313646414206641025 6 1666
0645125220313642414606641025 6 1667
0645152126303142424206641025 1 1668
0645163026103144424206641025 6 1669
0641165626303146424206641025 2 1670
0645122126303045414206641025 2 1671
0645122226303642414206641025 1 1672
0645105121333140424606641025 2 1673
0645150521313146424206641025 6 1674
0641155621353144424606641025 6 1675
0645165126333140424606641025 2 1676
0146102621353141424200000114 2 1677
0645125625313641414606641025 6 1678
0645120626313045414206641025 2 1679
0645100226303145424206641025 6 1680
0645165121303642424206641025 2 1681
0641155226303142424206641025 6 1682
0645153121353546424206641025 6 1683
0645165121303045424206641025 6 1684
0645160021353142424606641025 2 1685
0145105121303146424206641025 2 1686
0641165526303144424206641025 2 1687
0645155626313144424206641025 2 1688
0645125625313645414606641025 6 1689
0645103226313145424606641025 2 1690
0645153526103142424206641025 6 1691
0641165126333141424606641025 2 1692
0645163026103146424206641025 6 1693
0645122120353641414606641025 1 1694
0641155521303041424206641025 6 1695
0146153520153644424206641025 6 1696
0145103521113145424601242304 2 1697
0645165626313144424606641025 2 1698
0145102520303542464601142103 1 1699
0641105121303042424206641025 6 1700
0641105226303141424206641025 6 1701
0641165526313140424606641025 2 1702
0645103121303640424206641025 6 1703
0645155526313146424606641025 2 1704
0645120626313542414206641025 6 1705
0641155521303645424206641025 2 1706
0641125625353046414606641025 6 1707
0645165121303041424206641025 6 1708
0641165621313146424606641025 6 1709
0645153521103146424206641025 6 1710
0645105226303141424206641025 6 1711
0645103226113140424606641025 2 1712
0645122126303542414206641025 1 1713
0641165226303144424206641025 2 1714
0641165621353141424606641025 6 1715
0645163021153140424606641025 2 1716
0645122120353640414606641025 1 1717
0645153121353646424206641025 6 1718
0645105021313145424606641025 6 1719
0641165126313140424606641025 2 1720
0641155121303045424206641025 2 1721
0645103226103140424206641025 2 1722
0645105121303144424206641025 2 1723
0645165121353646424206641025 2 1724
0124150123303141464201412105 6 1725
0645163026313144424606641025 2 1726
0645153321103646424206641025 6 1727
0645122126303641414206641025 1 1728
0645163026113145424606641025 2 1729
0645105026303141424206641025 2 1730
0645100026303145424206641025 2 1731
0641105226303140424206641025 6 1732
0645105121303146424206641025 2 1733
0645160226303140424206641025 6 1734
0641165526333145424606641025 2 1735
0645105121303041424206641025 2 1736
0645150626313142424206641025 6 1737
0145103521103542424206641025 2 1738
0146153520153646424206641025 2 1739
0645150226303144424206641025 2 1740
0645163521113145424606641025 2 1741
0645165226313144424606641025 2 1742
0645165026313140424606641025 2 1743
0645105121303045424206641025 2 1744
0141105521303042424206641025 6 1745
0645165121353141424606641025 2 1746
0645153526103146424206641025 6 1747
0645163026103140424206641025 2 1748
0645160126303141424206641025 6 1749
0645163521313142424606641025 2 1750
0645163226133140424606641025 2 1751
0641105121303642424206641025 6 1752
0645163526133140424606641025 2 1753
0645103226103140424206641025 6 1754
0645162126303141424206641025 1 1755
0641105126303141424206641025 6 1756
0645162021353141424606641025 2 1757
0645160626313146424206641025 6 1758
0641105321353646424206641025 6 1759
0645160026313146424206641025 2 1760
0641155521303045424206641025 2 1761
0645163026313140424606641025 2 1762
0641165126303141424206641025 6 1763
0645160226303141424206641025 2 1764
0146153520153646424606641025 2 1765
0641165226333142424606641025 2 1766
0645105121303640424206641025 2 1767
0641165026333140424606641025 2 1768
0645150626313144424206641025 6 1769
0645103121303646424206641025 6 1770
0641165226303141424206641025 6 1771
0645153626103142424206641025 6 1772
0645155526313142424606641025 2 1773
0645125626313042414606641025 2 1774
0146102621353124424200000114 2 1775
0645163226103145424206641025 2 1776
0641105121303642424206641025 2 1777
0641155126303146424206641025 6 1778
0645100226333142424606641025 2 1779
0146102621353022424200000114 2 1780
0641105226303124424206641025 6 1781
0645155521313146424206641025 2 1782
0645160526303141424206641025 6 1783
0641125626303644414206641025 2 1784
0645100226333140424606641025 2 1785
0141105521303146424206641025 2 1786
0645163526133142424606641025 2 1787
0645100226313122424206641025 2 1788
0645160526303144424206641025 2 1789
0641105121333142424606641025 2 1790
0641165526303141424206641025 6 1791
0641105121303142424206641025 2 1792
0145103521133104424601242304 2 1793
0645123620153642414606641025 6 1794
0641105121303142424206641025 6 1795
0645123625153546414606641025 6 1796
0641105026333141424606641025 2 1797
0645165526313144424606641025 2 1798
0645160126313146424206641025 6 1799
0645160521303145424206641025 2 1800
0141105521303145424206641025 6 1801
0641165021313140424606641025 2 1802
0645165026313144424606641025 2 1803
0641125220353642414606641025 6 1804
0641165026313146424606641025 2 1805
0641105026303145424206641025 6 1806
0645153521103142424206641025 6 1807
0645165126303144424206641025 2 1808
0645123620153644414606641025 6 1809
0645100226303122424206641025 2 1810
0645165026313146424606641025 6 1811
0645165026313146424606641025 2 1812
0641125625353644414606641025 6 1813
0641165526313141424606641025 2 1814
0645100226303140424206641025 6 1815
0641105121353146424206641025 2 1816
0645152126303144424206641025 1 1817
0641155121303642424206641025 6 1818
0146153520153642424606641025 2 1819
0645150521333142424606641025 2 1820
0645160126303140424206641025 6 1821
0641165226303145424206641025 6 1822
0641165126313141424606641025 2 1823
0645165126313144424606641025 2 1824
0645162226303142424206641025 1 1825
0641155526303146424206641025 6 1826
0641165526303145424206641025 6 1827
0145105126303140424206641025 6 1828
0645163226113140424606641025 2 1829
0645155321313041424206641025 6 1830
0645100321353641424206641025 6 1831
0645122126303042414206641025 1 1832
0645163526313144424606641025 2 1833
0641125620313046414606641025 6 1834
0645152521303141424206641025 2 1835
0645125626313046414606641025 2 1836
0145102521303144424601641213 1 1837
0641105321313646424206641025 6 1838
0641155521303644424206641025 6 1839
0141105521303141424206641025 6 1840
0645153526113142424606641025 2 1841
0641155321303644424206641025 6 1842
0645163026113140424606641025 2 1843
0645165521303141424206641025 2 1844
0145103521103144424206641025 6 1845
0645160026303141424206641025 2 1846
0645163026103140424206641025 6 1847
0645162026303141424206641025 2 1848
0645105121303041424206641025 6 1849
0645153521103546424206641025 6 1850
0645160126303146424206641025 6 1851
0641165026303146424206641025 6 1852
0641165026303146424206641025 2 1853
0161105121343022414602212444 2 1854
0645155121353046424206641025 2 1855
0645153121153646424206641025 6 1856
0645163121153646424206641025 6 1857
0645123620153640414606641025 6 1858
0645125620353041414606641025 6 1859
0645125620313642414606641025 6 1860
0145105521313046424206641025 2 1861
0641125620353642414606641025 6 1862
0645122125353644414606641025 1 1863
0645123625153045414606641025 6 1864
0645122120353045414606641025 1 1865
0645123625153645414606641025 6 1866
0641125620353546414606641025 6 1867
0641125620313646414606641025 6 1868
0145102521303141424601641213 1 1869
0145102521353141424601641213 1 1870
0645103321153645424206641025 6 1871
0645165226313140424606641025 2 1872
0645155121303645424206641025 2 1873
0145105126303145424206641025 2 1874
0645103626103145424206641025 2 1875
0645105226333141424606641025 2 1876
0645152021353141424606641025 2 1877
0124150021633104424201413550 2 1878
0645105121303045424206641025 6 1879
0645163521113142424606641025 2 1880
0645103226113142424606641025 2 1881
0645155121303644424206641025 2 1882
0645163026313142424606641025 2 1883
0645165126313142424606641025 2 1884
0645165526313142424606641025 2 1885
0645160121333142424606641025 2 1886
0645160026303144424206641025 2 1887
0146153520153142424606641025 2 1888
0645153626103144424206641025 6 1889
0645152521303642424206641025 1 1890
0645163026113144424606641025 2 1891
0645103226113144424606641025 2 1892
0645163526113144424606641025 2 1893
0645103226313144424606641025 2 1894
0641155121303542424206641025 2 1895
0645153521103542424206641025 6 1896
0641155226303142424206641025 2 1897
0645160226333144424606641025 2 1898
0641165521313145424606641025 2 1899
0645163026313145424606641025 2 1900
0645163226313145424606641025 2 1901
0645100226333145424606641025 2 1902
0645122126303042414206641025 2 1903
0645122126303642414206641025 2 1904
0645163026103142424206641025 6 1905
0645120626313642414206641025 2 1906
0645123626103644414206641025 2 1907
0145103521103140424206641025 2 1908
0645152521353641424206641025 1 1909
0645160121353146424606641025 2 1910
0645155121303042424206641025 2 1911
0645160126303140424206641025 2 1912
0645105126303140424206641025 2 1913
0645105126303140424206641025 6 1914
0645100226303140424206641025 2 1915
0645155121303041424206641025 6 1916
0145105521303041424206641025 6 1917
0641165121303141424206641025 2 1918
0645162026303141424206641025 1 1919
0645160126303141424206641025 2 1920
0145105126303141424206641025 2 1921
0145102521303045424601142103 1 1922
0645100226303141424206641025 2 1923
0645152226303141424206641025 2 1924
0641105226303122424206641025 6 1925
0645160626303141424206641025 2 1926
0641105226303122424206641025 2 1927
0645160626313141424206641025 2 1928
0145102521303046464201142103 2 1929
0641155626313146424206641025 2 1930
0645150226313146424206641025 2 1931
0645150521313646424206641025 6 1932
0645103226133142424606641025 2 1933
0641105126303142424206641025 2 1934
0645123620153646414606641025 6 1935
0645153026103142424206641025 6 1936
0645125625313646414606641025 6 1937
0645162126303142424206641025 1 1938
0145105126303140424206641025 2 1939
0645160526333142424606641025 2 1940
0645160526333144424606641025 2 1941
0645125620313644414606641025 6 1942
0645125626313042414206641025 2 1943
0645160126303142424206641025 2 1944
0645155521303041424206641025 6 1945
0641125626313642414606641025 2 1946
0641155521303041424206641025 2 1947
0645150521303542424206641025 6 1948
0641155521313646424206641025 2 1949
0645155121303142424206641025 6 1950
0641105126313146424206641025 2 1951
0645163526113142424606641025 2 1952
0641165526303140424206641025 6 1953
0641165126303144424206641025 6 1954
0641165626303140424206641025 2 1955
0645163026103144424206641025 2 1956
0645162521303142424206641025 1 1957
0645162026303142424206641025 1 1958
0141105521303142424206641025 2 1959
0645153121103640424206641025 6 1960
0645165126333144424606641025 2 1961
0645120626313640414206641025 2 1962
0645105021313146424606641025 6 1963
0645150521303641424206641025 6 1964
0645165126333142424606641025 2 1965
0645103321103644424206641025 6 1966
0641155226313142424606641025 2 1967
0645155521313142424606641025 2 1968
0645122126303640414206641025 2 1969
0645105026313142424606641025 2 1970
0645150226313146424206641025 6 1971
0645102126303122424206641025 1 1972
0645165021313146424606641025 6 1973
0641105626303142424206641025 2 1974
0645105621313141424606641025 6 1975
0645100126333142424606641025 2 1976
0645150226333142424606641025 2 1977
0645153521113142424606641025 2 1978
0645165226303141424206641025 6 1979
0641165226303142424206641025 2 1980
0641105226333141424606641025 2 1981
0645103121303045424206641025 6 1982
