0562150521303141424206641025 2 495
0141165626313642424606641025 2 496
0524103021153144424601621322 2 497
0141165226303645424206641025 6 498
0124105521313141424604201252 2 499
0564102621303045424601661616 1 500
0141165226303641424206641025 6 501
0142165126303644424206641025 2 502
0562105121343120414601211522 2 503
0146160520353141424206641025 6 504
0516126225353645414206641025 6 505
0440153521313145424201261502 2 506
0142165121303144424206641025 2 507
0464152021303144424601641213 1 508
0141165226303645424206641025 2 509
0141165226303641424206641025 2 510
0142163521313644424606641025 2 511
0142163526103644424206641025 2 512
0566120220313046414206641025 6 513
0566120625313640414206641025 6 514
0141165226333642424606641025 2 515
0142165121353646424606641025 2 516
0146165120353644424606641025 2 517
0142165121353642424606641025 2 518
0146163520153140424606641025 6 519
0266156024343622414601121526 6 520
0515156521303144424206641025 2 521
0146165126313140424206641025 2 522
0142163521133642424606641025 2 523
0524103021153042424601621322 2 524
0146163520153640424606641025 2 525
0266156024343626414601121526 6 526
0262156024343622414601121526 6 527
0515156021303144424206641025 2 528
0262156024343626414601121526 6 529
0566120620313640414206641025 6 530
0142165126303041424206641025 6 531
0146165126313041424206641025 2 532
0561102625343022414601661616 2 533
0562150121303141424206641025 2 534
0142165121303144424206641025 6 535
0146165120353640424606641025 6 536
0566120225313641414206641025 6 537
0142165121303642424206641025 6 538
0146165120313046424606641025 2 539
0564102621303041424601661616 1 540
0146165120313645424606641025 6 541
0566120225313645414206641025 6 542
0146165120313641424606641025 6 543
0142160526303141424206641025 6 544
0146163520153140424606641025 2 545
0414152021303144424601641213 1 546
0146165120353640424606641025 2 547
0142160526333140424606641025 2 548
0146163520153140424206641025 6 549
0142163521133140424606641025 2 550
0142165121303642424206641025 2 551
0521156021353146424206641025 6 552
0146163520153640424606641025 6 553
0516102021303140424601641213 1 554
0142165126303645424206641025 6 555
0146165120313046424606641025 6 556
0124166121333141424201441501 2 557
0521156026353144424206641025 2 558
0146165120313645424606641025 2 559
0516126220353044414206641025 2 560
0142160526303141424206641025 2 561
0146160520353640424606641025 6 562
0142165126313140424606641025 2 563
0146165121353144424206641025 2 564
0516126220353544414206641025 2 565
0566150121303140424206641025 2 566
0142165126313041424606641025 2 567
0142165126303041424206641025 2 568
0515126625353640414206641025 6 569
0566150026313141424206641025 2 570
0146165120353642424206641025 2 571
0515126625353646414206641025 6 572
0566150126313140424206641025 2 573
0566150026313140424206641025 2 574
0515126625353645414206641025 6 575
0146160520353141424206641025 2 576
0146165121353140424606641025 2 577
0561106620343126454601621322 6 578
0515126225303644414206641025 6 579
0124166126333141424201441501 2 580
0124166126333146424201441501 2 581
0511126625303644414206641025 6 582
0512106026303140424206641025 2 583
0142163526103644424206641025 6 584
0566120220313644414206641025 2 585
0521156026353142424206641025 2 586
0516126220353640414206641025 2 587
0146165120313641424606641025 2 588
0516126620353640414206641025 6 589
0142165126303645424206641025 2 590
0146160520353640424606641025 2 591
0624160121353141424206641025 2 592
0521156026353145424206641025 2 593
0114102521363141424104140140 2 594
0146163520153140424206641025 2 595
0624166026333642424201441501 2 596
0516126620353044414206641025 6 597
0561102521303544424601641213 1 598
0146165120353642424206641025 6 599
0561126625303044414206641025 6 600
0142165126303644424206641025 6 601
0124166126333142424201441501 2 602
0561106024343026414601121526 6 603
0521126625353640414206641025 6 604
0516102021303044424601641213 1 605
0146165120353644424606641025 6 606
0424153021163144424601241611 2 607
0114102521363141424204140140 1 608
0122150123333165464601412105 6 609
0124162021333154424100000021 2 610
0521106021353140424206641025 2 611
0124160126333142424201441501 2 612
0561106524343020414601621322 6 613
0122150123333161464601412105 6 614
0521156226353145424206641025 2 615
0521156621353140424206641025 6 616
0122150123333145464601412105 6 617
0521156026353140424206641025 2 618
0464152021303140424601641213 1 619
0112102625303161414204152414 1 620
0561106620343126454601121526 6 621
0515106021303145424206641025 2 622
0111102521363141424204140140 1 623
0515106021303142424206641025 2 624
0141156226303644424206641025 6 625
0515106524343125414601621322 6 626
0515126220303640414206641025 6 627
0624166226333646424201441501 2 628
0124160026333142424201441501 2 629
0624166226333641424201441501 2 630
0561126625303540414206641025 6 631
0521156021353140424206641025 2 632
0521106021353140424206641025 6 633
0524166126333546424201441501 2 634
0524166126333142424201441501 2 635
0524160121333141424201441501 2 636
0524166121333142424201441501 2 637
0021152621343122414201261502 1 638
0524166126333541424201441501 2 639
0124166226333144424201441501 2 640
0124166226333142424201441501 2 641
0414152021303144424601142103 1 642
0464152021303540424601641213 1 643
0021152620343126414201261502 2 644
0424153021163140424601241611 2 645
0521126226353640414206641025 2 646
0142155121303644424206641025 2 647
0622103621113640424201440125 2 648
0624166626313142424201441501 2 649
0524166126333146424201441501 2 650
0524166126333141424201441501 2 651
0124166126363542424201441501 2 652
0624166021363646424201441501 2 653
0145152521303141424206641025 2 654
0142155121303640424206641025 6 655
0515126620303645414206641025 6 656
0515126620303642414206641025 6 657
0145150521313146424206641025 6 658
0142155121353646424606641025 2 659
0515126620303640414206641025 6 660
0145153521103146424206641025 2 661
0521126226353544414206641025 2 662
0146155120313045424206641025 2 663
0522103521163044424601241611 2 664
0145153526103146424206641025 2 665
0145153526103042424206641025 6 666
0145153526103646424206641025 2 667
0124166621363546424201441501 2 668
0145150521313146424206641025 2 669
0521126620353040414206641025 2 670
0124166226303645424201441501 2 671
0124166626363642424201441501 2 672
0521126620353640414206641025 2 673
0124150123333144464201412105 6 674
0514102125353540424601612500 1 675
0541156020353145424601121526 2 676
0142155126303146424206641025 2 677
0141105126303146424206641025 6 678
0141105126303646424206641025 6 679
0521126625353644414206641025 6 680
0124150121363142424201413550 2 681
0145153526103646424206641025 6 682
0141105126333142424606641025 2 683
0145153526103542424206641025 2 684
0141105121333142424606641025 2 685
0524166626333142424201441501 2 686
0145153526103146424206641025 6 687
0624166126353146424201441501 2 688
0516126620353040414206641025 6 689
0624103021153142424206641025 2 690
0146155521313644424606641025 2 691
0142155126303641424206641025 6 692
0124150123333146464201412105 6 693
0142155126333642424606641025 2 694
0111102521363141424204140140 2 695
0541156020333542424601121526 2 696
0124150121333145464201412105 2 697
0624166626363141424201441501 2 698
0141105121333045424606641025 2 699
0141105121333041424606641025 2 700
0521126220353645414206641025 2 701
0141105126303042424206641025 6 702
0146155120353641424206641025 2 703
0524166226333645424201441501 2 704
0146155521313641424606641025 2 705
0141105126303041424206641025 6 706
0141105121303140424206641025 2 707
0141105121303644424206641025 6 708
0141105121303045424206641025 2 709
0141105126303546424206641025 2 710
0124150121363541424201413550 2 711
0141105121303144424206641025 6 712
0141105121303041424206641025 2 713
0124150121333162424201412105 2 714
0141105126303640424206641025 2 715
0141105121303640424206641025 2 716
0146155526313646424206641025 2 717
0141105121303140424206641025 6 718
0141105121333640424606641025 2 719
0146155120353641424606641025 2 720
0142155126303644424206641025 2 721
0114162626363140424101441501 1 722
0521126225353644414206641025 6 723
0142153521133644424606641025 2 724
0141105121303142424206641025 2 725
0141105121303642424206641025 2 726
0124150123333145464201412105 6 727
0024150123333146464201412105 6 728
0146155526313642424206641025 2 729
0141105126303640424206641025 6 730
0146155121353644424206641025 2 731
0141105121303041424206641025 6 732
0141105126303042424206641025 2 733
0141105126303140424206641025 6 734
0024150121333146424201412105 2 735
0124150121333144464201412105 2 736
0141105121303045424206641025 6 737
0146155120353142424606641025 6 738
0141105121333140424606641025 2 739
0141105121303146424206641025 2 740
0024150121333561424201412105 2 741
0141105126303041424206641025 2 742
0141105121303646424206641025 2 743
0124150125333142464601412105 6 744
0124150120333162464601412105 6 745
0141105121333641424606641025 2 746
0146155120353641424606641025 6 747
0524166226333146424201441501 2 748
0141105121333645424606641025 2 749
0141105121333141424606641025 2 750
0142153521133045424606641025 2 751
0124150121333061424201412105 2 752
0141105126303142424206641025 6 753
0524166226333141424201441501 2 754
0124150121333164424201412105 2 755
0146155520313142424206641025 6 756
0124150121333146424201412105 2 757
0141105121303640424206641025 6 758
0424152021353144424601641213 2 759
0142150521303641424206641025 2 760
0124150121333062424201412105 2 761
0142153521103045424206641025 6 762
0142155521333641424606641025 2 763
0124150121363542424201413550 2 764
0141105126303646424206641025 2 765
0141105121303141424206641025 2 766
0141105126303522424206641025 2 767
0146155120353642424606641025 2 768
0124150125333162464601412105 6 769
0141105126303146424206641025 2 770
0142150521303644424206641025 6 771
0142155521313646424606641025 2 772
0142153521113042424606641025 2 773
0142153521103546424206641025 6 774
0141105121333144424606641025 2 775
0141105121303641424206641025 6 776
0142153521103642424206641025 6 777
0142150526313146424206641025 6 778
0124150121333141464201412105 2 779
0142150521303645424206641025 6 780
0142153526113642424606641025 2 781
0141105121303141424206641025 6 782
0141105121333644424606641025 2 783
0141105126303522424206641025 6 784
0141105126303546424206641025 6 785
0562123625103644414206641025 6 786
0142150521333641424606641025 2 787
0142153521113142424606641025 2 788
0124150123333141464201412105 6 789
0146155120353642424206641025 6 790
0142153526133642424606641025 2 791
0142153526113644424606641025 2 792
0562123225103640414206641025 6 793
0641125226303641414206641025 2 794
0562123225103644414206641025 6 795
0142155526303641424206641025 6 796
0142155521313645424606641025 2 797
0514162626363141424101441501 1 798
0641125226303645414206641025 2 799
0142153526103146424206641025 2 800
0146155520313646424206641025 6 801
0142153521103640424206641025 6 802
0141105121303146424206641025 6 803
0141105121303646424206641025 6 804
0142150526313146424206641025 2 805
0124150121333160424201412105 2 806
0142153521103644424206641025 2 807
0024150125333142464601412105 6 808
0142153526103640424206641025 6 809
0514102121353540424601612500 1 810
0024150121363141424201413550 2 811
0142150526303645424206641025 2 812
0142155521303641424206641025 6 813
0645163121103645424206641025 6 814
0142150521333645424606641025 2 815
0645165121333144424606641025 2 816
0142153521103645424206641025 6 817
0142153521313642424606641025 2 818
0141105121303142424206641025 6 819
0142153521113642424606641025 2 820
0142150521333642424606641025 2 821
0142153521113644424606641025 2 822
0141105121303642424206641025 6 823
0121102520343122414606162311 2 824
0142150521313646424206641025 2 825
0142153526103042424206641025 2 826
0142153521103644424206641025 6 827
0142153526103045424206641025 2 828
0146155520313646424206641025 2 829
0142150526303644424206641025 2 830
0141105121303042424206641025 6 831
0142155521303641424206641025 2 832
0142153526103646424206641025 2 833
0124150121333161424201412105 2 834
0142150526303645424206641025 6 835
0145105121333144424601242304 2 836
0141105121303644424206641025 2 837
0024150121333165424201412105 2 838
0641165521303142424206641025 6 839
0141105121303144424206641025 2 840
0141105126303140424206641025 2 841
0142153521103640424206641025 2 842
0142153526103640424206641025 2 843
0124150121363141424201413550 2 844
0514102125353540424601612500 2 845
0141105126303144424206641025 6 846
0641165021313145424606641025 2 847
0142152521303641424206641025 2 848
0142150526333645424606641025 2 849
0146155520313142424206641025 2 850
0141105126303644424206641025 6 851
0641165121303646424206641025 6 852
0641125226303646414206641025 6 853
0141152521353641424206641025 1 854
0641155121303041424206641025 2 855
0142150526313646424206641025 2 856
0142150526303045424206641025 2 857
0641105321313640424206641025 6 858
0142155521313646424206641025 2 859
0141105121353046424206641025 2 860
0142153521133645424606641025 2 861
0641155626303144424206641025 6 862
0641165121353144424606641025 2 863
0641165021333142424606641025 2 864
0641125626313642414206641025 2 865
0142155526303641424206641025 2 866
0145105126303640424206641025 6 867
0146155520313646424606641025 2 868
0141105121303042424206641025 2 869
0641165021353142424606641025 2 870
0142150526313646424206641025 6 871
0641165021353145424606641025 6 872
0641165321303646424206641025 6 873
0641165521303144424206641025 2 874
0145105126303644424206641025 6 875
0641155521303042424206641025 6 876
0142155526313641424606641025 2 877
0645163521313144424606641025 2 878
0142150521303645424206641025 2 879
0141105121303546424206641025 2 880
0142153526103146424206641025 6 881
0142153521103646424206641025 6 882
0141105126303645424206641025 2 883
0641155121303644424206641025 6 884
0641165121303644424206641025 6 885
0641165121303144424206641025 2 886
0641165521333145424606641025 2 887
0141105126303141424206641025 2 888
0146155520313646424606641025 6 889
0142153521103642424206641025 2 890
0641125226303642414206641025 6 891
0641165526333144424606641025 2 892
0641125620313045414606641025 6 893
0142153526103042424206641025 6 894
0145105126303144424206641025 6 895
0142153526103645424206641025 2 896
0641125620313041414606641025 6 897
0641165126333144424606641025 2 898
0641165521333144424606641025 2 899
0641165621353140424606641025 6 900
0142153521103645424206641025 2 901
0641165121333144424606641025 2 902
0641165121333141424606641025 2 903
0024150121333164424201412105 2 904
0145105121303640424206641025 6 905
0142153526103646424206641025 6 906
0624166026353644424201441501 2 907
0124150121333165424201412105 2 908
0141105126303142424206641025 2 909
0145105121333141424601242304 2 910
0645163021153144424606641025 2 911
0641105021313145424606641025 6 912
0142152521303641424206641025 1 913
0641125126303022414206641025 2 914
0641125126303022414206641025 6 915
0641125026303522414206641025 6 916
0142153526113645424606641025 2 917
0142153521313645424606641025 2 918
0142153526313645424606641025 2 919
0141105126303644424206641025 2 920
0141105126313146424206641025 2 921
0641165121303042424206641025 6 922
0141105521303546424206641025 6 923
0145105126303045424206641025 6 924
0145105126303041424206641025 6 925
0641165021353142424606641025 6 926
0141105126303144424206641025 2 927
0141105126303642424206641025 2 928
0645160121353142424606641025 2 929
0641165321313646424206641025 6 930
0641165521303140424206641025 2 931
0641165321353646424206641025 6 932
0641165021313142424606641025 2 933
0145105121333041424606641025 2 934
0641165021353140424606641025 6 935
0641165021313142424606641025 6 936
0142153526103645424206641025 6 937
0141105126303141424206641025 6 938
0141105126303645424206641025 6 939
0145105121333045424606641025 2 940
0645163321153046424206641025 6 941
0142155521313045424606641025 2 942
0124150121333060424201412105 2 943
0641155521303645424206641025 6 944
0641165021313144424606641025 6 945
0641165621353144424606641025 6 946
0641165021313140424606641025 6 947
0641155521303542424206641025 6 948
0645165021353141424606641025 2 949
0624166026353642424201441501 2 950
0641125626313645414606641025 2 951
0645163021113144424606641025 2 952
0641165121303145424206641025 6 953
0641105121303041424206641025 2 954
0641125626303640414206641025 2 955
0641105121303045424206641025 2 956
0641165121353046424206641025 2 957
0641165121303042424206641025 2 958
0641125226303646414206641025 2 959
0524160226333144424201441501 2 960
0641165121333140424606641025 2 961
0641155321313546424206641025 6 962
0145105126303542424206641025 2 963
0641165021313146424606641025 6 964
0641125226303644414206641025 6 965
0641125625353646414606641025 6 966
0641155121303042424206641025 2 967
0514102121353540424601612500 6 968
0641165121303141424206641025 6 969
0641105126303140424206641025 6 970
0641155321353546424206641025 6 971
0641125626313641414606641025 2 972
0146155520313641424206641025 2 973
0645160121353145424606641025 6 974
0641105021313145424606641025 2 975
0146150520353045424606641025 2 976
0641165021333144424606641025 2 977
0645165021313144424606641025 2 978
0641155526333142424606641025 2 979
0145105121333042424606641025 2 980
0645160621353141424606641025 6 981
0645160521333141424606641025 2 982
0641165021313141424606641025 2 983
0641125625313645414606641025 6 984
0641125626313042414606641025 2 985
0641125625313641414606641025 6 986
0641125625353041414606641025 6 987
0641125620353640414606641025 6 988
0645160521313146424206641025 2 989
0641165121303146424206641025 6 990
