1261669114
1261673210
1261677306
1261681402
1261685498
1261689594
1261693690
1261697786
1261931258
1261935354
1261939450
1261943546
1261947642
1261951738
1261955834
1261959930
1262193402
1262197498
1262201594
1262205690
1262209786
1262213882
1262217978
1262222074
1262455546
1262459642
1262463738
1262467834
1262471930
1262476026
1262480122
1262484218
1265863418
1265867514
1265871610
1265875706
1265879802
1265883898
1265887994
1265892090
1266125562
1266129658
1266133754
1266137850
1266141946
1266146042
1266150138
1266154234
1266387706
1266391802
1266395898
1266399994
1266404090
1266408186
1266412282
1266416378
1266649850
1266653946
1266658042
1266662138
1266666234
1266670330
1266674426
1266678522
1270057722
1270061818
1270065914
1270070010
1270074106
1270078202
1270082298
1270086394
1270319866
1270323962
1270328058
1270332154
1270336250
1270340346
1270344442
1270348538
1270582010
1270586106
1270590202
1270594298
1270598394
1270602490
1270606586
1270610682
1270844154
1270848250
1270852346
1270856442
1270860538
1270864634
1270868730
1270872826
1274252026
1274256122
1274260218
1274264314
1274268410
1274272506
1274276602
1274280698
1274514170
1274518266
1274522362
1274526458
1274530554
1274534650
1274538746
1274542842
1274776314
1274780410
1274784506
1274788602
1274792698
1274796794
1274800890
1274804986
1275038458
1275042554
1275046650
1275050746
1275054842
1275058938
1275063034
1275067130
