1865648890
1865652986
1865657082
1865661178
1865665274
1865669370
1865673466
1865677562
1865911034
1865915130
1865919226
1865923322
1865927418
1865931514
1865935610
1865939706
1866173178
1866177274
1866181370
1866185466
1866189562
1866193658
1866197754
1866201850
1866435322
1866439418
1866443514
1866447610
1866451706
1866455802
1866459898
1866463994
1869843194
1869847290
1869851386
1869855482
1869859578
1869863674
1869867770
1869871866
1870105338
1870109434
1870113530
1870117626
1870121722
1870125818
1870129914
1870134010
1870367482
1870371578
1870375674
1870379770
1870383866
1870387962
1870392058
1870396154
1870629626
1870633722
1870637818
1870641914
1870646010
1870650106
1870654202
1870658298
1874037498
1874041594
1874045690
1874049786
1874053882
1874057978
1874062074
1874066170
1874299642
1874303738
1874307834
1874311930
1874316026
1874320122
1874324218
1874328314
1874561786
1874565882
1874569978
1874574074
1874578170
1874582266
1874586362
1874590458
1874823930
1874828026
1874832122
1874836218
1874840314
1874844410
1874848506
1874852602
1878231802
1878235898
1878239994
1878244090
1878248186
1878252282
1878256378
1878260474
1878493946
1878498042
1878502138
1878506234
1878510330
1878514426
1878518522
1878522618
1878756090
1878760186
1878764282
1878768378
1878772474
1878776570
1878780666
1878784762
1879018234
1879022330
1879026426
1879030522
1879034618
1879038714
1879042810
1879046906
