00421023210030414042 1 1202502042.170223
00421223210030414042 1 1202502042.170225
00421323210030414042 1 1202502042.170227
00421023211030414042 1 1202502042.170229
00421223211030414042 1 1202502042.170231
00421323211030414042 1 1202502042.170233
00421023213030414042 1 1202502042.170235
00421223213030414042 1 1202502042.170237
00421323213030414042 1 1202502042.170239
00121023214030414042 1 1202502042.170241
00421023214030414042 1 1202502042.170243
00121223214030414042 1 1202502042.170245
00421223214030414042 1 1202502042.170246
00121323214030414042 1 1202502042.170248
00421323214030414042 1 1202502042.170250
00021023210430414042 1 1202502042.170252
00121023210430414042 1 1202502042.170254
00221023210430414042 1 1202502042.170256
00421023210430414042 1 1202502042.170258
00021223210430414042 1 1202502042.170300
00121223210430414042 1 1202502042.170302
00221223210430414042 1 1202502042.170304
00421223210430414042 1 1202502042.170306
00021323210430414042 1 1202502042.170308
00121323210430414042 1 1202502042.170310
00221323210430414042 1 1202502042.170312
00421323210430414042 1 1202502042.170314
00021023211430414042 1 1202502042.170315
00121023211430414042 1 1202502042.170317
00221023211430414042 1 1202502042.170319
00421023211430414042 1 1202502042.170321
00021223211430414042 1 1202502042.170323
00121223211430414042 1 1202502042.170325
00221223211430414042 1 1202502042.170327
00421223211430414042 1 1202502042.170329
00021323211430414042 1 1202502042.170331
00121323211430414042 1 1202502042.170333
00221323211430414042 1 1202502042.170335
00421323211430414042 1 1202502042.170337
00021023213430414042 1 1202502042.170339
00121023213430414042 1 1202502042.170341
00221023213430414042 1 1202502042.170342
00421023213430414042 1 1202502042.170344
00021223213430414042 1 1202502042.170346
00121223213430414042 1 1202502042.170348
00221223213430414042 1 1202502042.170350
00421223213430414042 1 1202502042.170352
00021323213430414042 1 1202502042.170354
00121323213430414042 1 1202502042.170356
00221323213430414042 1 1202502042.170358
00421323213430414042 1 1202502042.170400
00021023214430414042 1 1202502042.170402
00121023214430414042 1 1202502042.170404
00221023214430414042 1 1202502042.170406
00421023214430414042 1 1202502042.170408
00021223214430414042 1 1202502042.170410
00121223214430414042 1 1202502042.170411
00221223214430414042 1 1202502042.170413
00421223214430414042 1 1202502042.170415
00021323214430414042 1 1202502042.170417
00121323214430414042 1 1202502042.170419
00221323214430414042 1 1202502042.170421
00421323214430414042 1 1202502042.170423
00111020214330424042 2 1202502042.170425
00111220214330424042 2 1202502042.170427
00111320214330424042 2 1202502042.170429
01101020203030404242 1 1202502042.170431
01111020203030404242 1 1202502042.170432
01111022203030404242 2 1202502042.170433
01121022203030404242 1 1202502042.170435
00101020213030404242 1 1202502042.170437
01101020213030404242 1 1202502042.170438
00111020213030404242 1 1202502042.170440
01111020213030404242 1 1202502042.170442
00121020213030404242 1 1202502042.170444
01121020213030404242 1 1202502042.170445
00101022213030404242 1 1202502042.170447
00111022213030404242 1 1202502042.170449
00101023213030404242 1 1202502042.170451
00111023213030404242 1 1202502042.170453
00201030210130404242 2 1202502042.170455
00201030211130404242 2 1202502042.170457
01201030211130404242 2 1202502042.170458
00221030211130404242 2 1202502042.170500
01221030211130404242 2 1202502042.170502
00201000213130404242 2 1202502042.170503
01201000213130404242 2 1202502042.170505
00221000213130404242 2 1202502042.170507
00101020213130404242 2 1202502042.170509
01101020213130404242 2 1202502042.170510
00121020213130404242 2 1202502042.170512
01121020213130404242 2 1202502042.170514
00201030213130404242 2 1202502042.170516
01201030213130404242 2 1202502042.170517
00201030214130404242 2 1202502042.170519
00101020213330404242 2 1202502042.170521
01101020213330404242 2 1202502042.170522
00121020213330404242 2 1202502042.170524
01121020213330404242 2 1202502042.170526
00101020213430404242 2 1202502042.170528
01101020213430404242 2 1202502042.170529
00121020213430404242 2 1202502042.170531
01121020213430404242 2 1202502042.170533
01101020203031404242 1 1202502042.170534
01111020203031404242 1 1202502042.170535
01101020213031404242 1 1202502042.170537
01111020213031404242 1 1202502042.170538
01121020213031404242 1 1202502042.170540
01201030211131404242 2 1202502042.170541
01221030211131404242 2 1202502042.170543
01201000213131404242 2 1202502042.170544
00221000213131404242 2 1202502042.170546
01101020213131404242 2 1202502042.170547
01121020213131404242 2 1202502042.170549
01201030213131404242 2 1202502042.170550
00221030213131404242 2 1202502042.170552
01221030213131404242 2 1202502042.170554
01101020213331404242 2 1202502042.170555
01121020213331404242 2 1202502042.170556
00111020213030414242 1 1202502042.170558
00121020213030414242 1 1202502042.170600
00111022213030414242 1 1202502042.170602
00111023213030414242 1 1202502042.170604
00201000213130414242 2 1202502042.170606
01201000213130414242 2 1202502042.170608
00221000213130414242 2 1202502042.170610
01221000213130414242 2 1202502042.170611
01201000213131414242 2 1202502042.170612
00221000213131414242 2 1202502042.170614
01221000213131414242 2 1202502042.170616
00111020213030424242 1 1202502042.170618
00121020213030424242 1 1202502042.170620
00221030211130424242 2 1202502042.170622
00121020213130424242 2 1202502042.170624
00121020213330424242 2 1202502042.170625
00121020213430424242 2 1202502042.170627
00221000213131424242 2 1202502042.170629
00221030213131424242 2 1202502042.170631
01221030213131424242 2 1202502042.170633
00201000210331144242 2 1202502042.170635
00201020210331144242 2 1202502042.170637
00211020210331144242 2 1202502042.170639
00201030210331144242 2 1202502042.170641
00201000211331144242 2 1202502042.170643
00201020211331144242 2 1202502042.170644
00211020211331144242 2 1202502042.170647
00201030211331144242 2 1202502042.170648
01211020203331144242 2 1202502042.170650
01211022203331144242 2 1202502042.170651
00201000213331144242 2 1202502042.170653
01201000213331144242 2 1202502042.170655
00211000213331144242 2 1202502042.170657
00221000213331144242 2 1202502042.170659
01221000213331144242 2 1202502042.170700
00201020213331144242 2 1202502042.170702
01201020213331144242 2 1202502042.170704
00211020213331144242 2 1202502042.170706
01211020213331144242 2 1202502042.170707
00221020213331144242 2 1202502042.170709
01221020213331144242 2 1202502042.170710
00201030213331144242 2 1202502042.170712
01201030213331144242 2 1202502042.170714
00221030213331144242 2 1202502042.170716
01221030213331144242 2 1202502042.170717
00201000214331144242 2 1202502042.170719
00201020214331144242 2 1202502042.170721
00211020214331144242 2 1202502042.170723
00201030214331144242 2 1202502042.170725
01101020203030444242 1 1202502042.170726
01111022203030444242 1 1202502042.170728
00101020213030444242 1 1202502042.170730
01101020213030444242 1 1202502042.170731
00111020213030444242 1 1202502042.170733
00121020213030444242 1 1202502042.170735
00101022213030444242 1 1202502042.170737
00111022213030444242 1 1202502042.170739
00101023213030444242 1 1202502042.170741
00111023213030444242 1 1202502042.170743
00201030210130444242 2 1202502042.170745
00201030211130444242 2 1202502042.170747
01201030211130444242 2 1202502042.170748
00221030211130444242 2 1202502042.170750
00201000213130444242 2 1202502042.170752
01201000213130444242 2 1202502042.170754
00221000213130444242 2 1202502042.170756
00101020213130444242 2 1202502042.170758
01101020213130444242 2 1202502042.170759
00121020213130444242 2 1202502042.170801
00201030213130444242 2 1202502042.170803
01201030213130444242 2 1202502042.170804
00201030214130444242 2 1202502042.170806
00011020200330444242 2 1202502042.170808
00111020200330444242 2 1202502042.170810
00211020200330444242 2 1202502042.170812
00411020200330444242 2 1202502042.170814
00011220200330444242 2 1202502042.170816
00111220200330444242 2 1202502042.170818
00211220200330444242 2 1202502042.170820
00411220200330444242 2 1202502042.170822
00011320200330444242 2 1202502042.170824
00111320200330444242 2 1202502042.170826
00211320200330444242 2 1202502042.170828
00411320200330444242 2 1202502042.170830
00011022200330444242 2 1202502042.170832
00111022200330444242 2 1202502042.170834
00211022200330444242 2 1202502042.170836
00411022200330444242 2 1202502042.170838
00011222200330444242 2 1202502042.170840
00111222200330444242 2 1202502042.170842
00211222200330444242 2 1202502042.170844
00411222200330444242 2 1202502042.170846
00011322200330444242 2 1202502042.170848
00111322200330444242 2 1202502042.170850
00211322200330444242 2 1202502042.170852
00411322200330444242 2 1202502042.170854
00011023200330444242 2 1202502042.170856
00111023200330444242 2 1202502042.170858
00211023200330444242 2 1202502042.170900
00411023200330444242 2 1202502042.170903
00011223200330444242 2 1202502042.170905
00111223200330444242 2 1202502042.170907
00211223200330444242 2 1202502042.170909
00411223200330444242 2 1202502042.170911
00011323200330444242 2 1202502042.170913
00111323200330444242 2 1202502042.170915
00211323200330444242 2 1202502042.170917
00411323200330444242 2 1202502042.170919
00011020201330444242 2 1202502042.170921
00111020201330444242 2 1202502042.170923
00211020201330444242 2 1202502042.170925
00411020201330444242 2 1202502042.170927
00011220201330444242 2 1202502042.170929
00111220201330444242 2 1202502042.170931
00211220201330444242 2 1202502042.170933
00411220201330444242 2 1202502042.170935
00011320201330444242 2 1202502042.170937
00111320201330444242 2 1202502042.170939
00211320201330444242 2 1202502042.170941
00411320201330444242 2 1202502042.170943
00011022201330444242 2 1202502042.170945
00111022201330444242 2 1202502042.170947
00211022201330444242 2 1202502042.170949
00411022201330444242 2 1202502042.170951
00011222201330444242 2 1202502042.170953
00111222201330444242 2 1202502042.170955
00211222201330444242 2 1202502042.170956
00411222201330444242 2 1202502042.170958
00011322201330444242 2 1202502042.171000
00111322201330444242 2 1202502042.171002
00211322201330444242 2 1202502042.171004
00411322201330444242 2 1202502042.171006
00011023201330444242 2 1202502042.171008
00111023201330444242 2 1202502042.171010
00211023201330444242 2 1202502042.171012
00411023201330444242 2 1202502042.171014
00011223201330444242 2 1202502042.171016
00111223201330444242 2 1202502042.171018
00211223201330444242 2 1202502042.171020
00411223201330444242 2 1202502042.171022
00011323201330444242 2 1202502042.171024
00111323201330444242 2 1202502042.171026
00211323201330444242 2 1202502042.171028
00411323201330444242 2 1202502042.171030
00011020203330444242 2 1202502042.171032
00111020203330444242 2 1202502042.171034
00211020203330444242 2 1202502042.171036
01211020203330444242 2 1202502042.171038
00411020203330444242 2 1202502042.171039
00011220203330444242 2 1202502042.171041
00111220203330444242 2 1202502042.171043
00211220203330444242 2 1202502042.171045
00411220203330444242 2 1202502042.171047
00011320203330444242 2 1202502042.171049
00111320203330444242 2 1202502042.171051
00211320203330444242 2 1202502042.171053
00411320203330444242 2 1202502042.171055
00011022203330444242 2 1202502042.171057
00111022203330444242 2 1202502042.171059
01111022203330444242 2 1202502042.171100
00211022203330444242 2 1202502042.171102
00411022203330444242 2 1202502042.171104
00011222203330444242 2 1202502042.171106
00111222203330444242 2 1202502042.171108
00211222203330444242 2 1202502042.171110
00411222203330444242 2 1202502042.171112
00011322203330444242 2 1202502042.171114
00111322203330444242 2 1202502042.171116
00211322203330444242 2 1202502042.171118
00411322203330444242 2 1202502042.171120
00011023203330444242 2 1202502042.171122
00111023203330444242 2 1202502042.171124
00211023203330444242 2 1202502042.171126
00411023203330444242 2 1202502042.171128
00011223203330444242 2 1202502042.171130
00111223203330444242 2 1202502042.171132
00211223203330444242 2 1202502042.171134
00411223203330444242 2 1202502042.171136
00011323203330444242 2 1202502042.171138
00111323203330444242 2 1202502042.171140
00211323203330444242 2 1202502042.171142
00411323203330444242 2 1202502042.171144
00101020213330444242 2 1202502042.171146
01101020213330444242 2 1202502042.171147
00121020213330444242 2 1202502042.171149
00011020204330444242 2 1202502042.171151
00111020204330444242 2 1202502042.171153
00211020204330444242 2 1202502042.171155
00411020204330444242 2 1202502042.171157
00011220204330444242 2 1202502042.171159
00111220204330444242 2 1202502042.171201
00211220204330444242 2 1202502042.171203
00411220204330444242 2 1202502042.171205
00011320204330444242 2 1202502042.171207
00111320204330444242 2 1202502042.171209
00211320204330444242 2 1202502042.171210
00411320204330444242 2 1202502042.171212
00011022204330444242 2 1202502042.171214
00111022204330444242 2 1202502042.171216
00211022204330444242 2 1202502042.171218
00411022204330444242 2 1202502042.171220
00011222204330444242 2 1202502042.171222
00111222204330444242 2 1202502042.171224
00211222204330444242 2 1202502042.171226
00411222204330444242 2 1202502042.171228
00011322204330444242 2 1202502042.171230
00111322204330444242 2 1202502042.171232
00211322204330444242 2 1202502042.171234
00411322204330444242 2 1202502042.171236
00011023204330444242 2 1202502042.171238
00111023204330444242 2 1202502042.171240
00211023204330444242 2 1202502042.171242
00411023204330444242 2 1202502042.171244
00011223204330444242 2 1202502042.171246
00111223204330444242 2 1202502042.171248
00211223204330444242 2 1202502042.171250
00411223204330444242 2 1202502042.171252
00011323204330444242 2 1202502042.171254
00111323204330444242 2 1202502042.171256
00211323204330444242 2 1202502042.171258
00411323204330444242 2 1202502042.171259
00101020213430444242 2 1202502042.171301
01101020213430444242 2 1202502042.171303
00121020213430444242 2 1202502042.171305
00421023210031444242 1 1202502042.171307
00421023211031444242 1 1202502042.171309
01101020203031444242 1 1202502042.171310
01101022203031444242 1 1202502042.171311
01111022203031444242 1 1202502042.171313
01121022203031444242 1 1202502042.171314
01101020213031444242 1 1202502042.171316
00421023213031444242 1 1202502042.171318
00421023214031444242 1 1202502042.171319
01201030211131444242 2 1202502042.171321
01201000213131444242 2 1202502042.171322
00221000213131444242 2 1202502042.171324
01101020213131444242 2 1202502042.171326
01201030213131444242 2 1202502042.171327
00221030213131444242 2 1202502042.171329
01221030213131444242 2 1202502042.171330
01241030213131444242 2 1202502042.171332
00201000210331444242 2 1202502042.171334
00201020210331444242 2 1202502042.171335
00211020210331444242 2 1202502042.171337
00201030210331444242 2 1202502042.171339
00201000211331444242 2 1202502042.171341
00201020211331444242 2 1202502042.171343
00211020211331444242 2 1202502042.171345
00201030211331444242 2 1202502042.171347
01211020203331444242 2 1202502042.171348
01211022203331444242 2 1202502042.171350
00201000213331444242 2 1202502042.171352
01201000213331444242 2 1202502042.171353
00211000213331444242 2 1202502042.171355
00221000213331444242 2 1202502042.171357
01221000213331444242 2 1202502042.171358
01101020213331444242 2 1202502042.171400
00201020213331444242 2 1202502042.171402
01201020213331444242 2 1202502042.171403
00111020213331444242 2 1202502042.171405
00211020213331444242 2 1202502042.171407
01211020213331444242 2 1202502042.171408
00221020213331444242 2 1202502042.171410
01221020213331444242 2 1202502042.171412
00201030213331444242 2 1202502042.171413
01201030213331444242 2 1202502042.171415
00221030213331444242 2 1202502042.171417
01221030213331444242 2 1202502042.171418
00201000214331444242 2 1202502042.171420
00201020214331444242 2 1202502042.171422
00211020214331444242 2 1202502042.171424
00201030214331444242 2 1202502042.171426
00121023214030104042 1 1202502042.170223
00121223214030104042 1 1202502042.170225
00121323214030104042 1 1202502042.170227
00111020214330104042 2 1202502042.170229
00111220214330104042 2 1202502042.170231
00111320214330104042 2 1202502042.170233
00421023210030114042 1 1202502042.170235
00421223210030114042 1 1202502042.170237
00421323210030114042 1 1202502042.170239
00421023211030114042 1 1202502042.170241
00421223211030114042 1 1202502042.170243
00421323211030114042 1 1202502042.170245
00421023213030114042 1 1202502042.170247
00421223213030114042 1 1202502042.170249
00421323213030114042 1 1202502042.170250
00121023214030114042 1 1202502042.170252
00421023214030114042 1 1202502042.170254
00121223214030114042 1 1202502042.170256
00421223214030114042 1 1202502042.170258
00121323214030114042 1 1202502042.170300
00421323214030114042 1 1202502042.170302
00021023210430114042 1 1202502042.170304
00121023210430114042 1 1202502042.170306
00221023210430114042 1 1202502042.170308
00421023210430114042 1 1202502042.170310
00021223210430114042 1 1202502042.170312
00121223210430114042 1 1202502042.170314
00221223210430114042 1 1202502042.170316
00421223210430114042 1 1202502042.170317
00021323210430114042 1 1202502042.170319
00121323210430114042 1 1202502042.170321
00221323210430114042 1 1202502042.170323
00421323210430114042 1 1202502042.170325
00021023211430114042 1 1202502042.170327
00121023211430114042 1 1202502042.170329
00221023211430114042 1 1202502042.170331
00421023211430114042 1 1202502042.170333
00021223211430114042 1 1202502042.170335
00121223211430114042 1 1202502042.170337
00221223211430114042 1 1202502042.170339
00421223211430114042 1 1202502042.170341
00021323211430114042 1 1202502042.170343
00121323211430114042 1 1202502042.170345
00221323211430114042 1 1202502042.170346
00421323211430114042 1 1202502042.170348
00021023213430114042 1 1202502042.170350
00121023213430114042 1 1202502042.170352
00221023213430114042 1 1202502042.170354
00421023213430114042 1 1202502042.170356
00021223213430114042 1 1202502042.170358
00121223213430114042 1 1202502042.170400
00221223213430114042 1 1202502042.170402
00421223213430114042 1 1202502042.170404
00021323213430114042 1 1202502042.170406
00121323213430114042 1 1202502042.170408
00221323213430114042 1 1202502042.170410
00421323213430114042 1 1202502042.170412
00021023214430114042 1 1202502042.170414
00121023214430114042 1 1202502042.170415
00221023214430114042 1 1202502042.170417
00421023214430114042 1 1202502042.170419
00021223214430114042 1 1202502042.170421
00121223214430114042 1 1202502042.170423
00221223214430114042 1 1202502042.170425
00421223214430114042 1 1202502042.170427
00021323214430114042 1 1202502042.170429
00121323214430114042 1 1202502042.170431
00221323214430114042 1 1202502042.170433
00421323214430114042 1 1202502042.170435
00111020214330124042 2 1202502042.170437
00111220214330124042 2 1202502042.170439
00111320214330124042 2 1202502042.170441
00011020200330144242 2 1202502042.170443
00111020200330144242 2 1202502042.170445
00211020200330144242 2 1202502042.170447
00411020200330144242 2 1202502042.170449
00011220200330144242 2 1202502042.170451
00111220200330144242 2 1202502042.170453
00211220200330144242 2 1202502042.170455
00411220200330144242 2 1202502042.170457
00011320200330144242 2 1202502042.170459
00111320200330144242 2 1202502042.170501
00211320200330144242 2 1202502042.170503
00411320200330144242 2 1202502042.170505
00011022200330144242 2 1202502042.170507
00111022200330144242 2 1202502042.170509
00211022200330144242 2 1202502042.170511
00411022200330144242 2 1202502042.170513
00011222200330144242 2 1202502042.170515
00111222200330144242 2 1202502042.170517
00211222200330144242 2 1202502042.170519
00411222200330144242 2 1202502042.170521
00011322200330144242 2 1202502042.170523
00111322200330144242 2 1202502042.170525
00211322200330144242 2 1202502042.170527
00411322200330144242 2 1202502042.170529
00011023200330144242 2 1202502042.170531
00111023200330144242 2 1202502042.170533
00211023200330144242 2 1202502042.170535
00411023200330144242 2 1202502042.170537
00011223200330144242 2 1202502042.170539
00111223200330144242 2 1202502042.170541
00211223200330144242 2 1202502042.170543
00411223200330144242 2 1202502042.170545
00011323200330144242 2 1202502042.170547
00111323200330144242 2 1202502042.170549
00211323200330144242 2 1202502042.170551
00411323200330144242 2 1202502042.170553
00011020201330144242 2 1202502042.170555
00111020201330144242 2 1202502042.170557
00211020201330144242 2 1202502042.170559
00411020201330144242 2 1202502042.170601
00011220201330144242 2 1202502042.170603
00111220201330144242 2 1202502042.170605
00211220201330144242 2 1202502042.170607
00411220201330144242 2 1202502042.170609
00011320201330144242 2 1202502042.170611
00111320201330144242 2 1202502042.170613
00211320201330144242 2 1202502042.170615
00411320201330144242 2 1202502042.170617
00011022201330144242 2 1202502042.170619
00111022201330144242 2 1202502042.170621
00211022201330144242 2 1202502042.170623
00411022201330144242 2 1202502042.170625
00011222201330144242 2 1202502042.170627
00111222201330144242 2 1202502042.170629
00211222201330144242 2 1202502042.170631
00411222201330144242 2 1202502042.170633
00011322201330144242 2 1202502042.170635
00111322201330144242 2 1202502042.170637
00211322201330144242 2 1202502042.170639
00411322201330144242 2 1202502042.170641
00011023201330144242 2 1202502042.170643
00111023201330144242 2 1202502042.170645
00211023201330144242 2 1202502042.170647
00411023201330144242 2 1202502042.170649
00011223201330144242 2 1202502042.170651
00111223201330144242 2 1202502042.170653
00211223201330144242 2 1202502042.170655
00411223201330144242 2 1202502042.170657
00011323201330144242 2 1202502042.170659
00111323201330144242 2 1202502042.170701
00211323201330144242 2 1202502042.170703
00411323201330144242 2 1202502042.170705
00011020203330144242 2 1202502042.170707
00111020203330144242 2 1202502042.170709
00211020203330144242 2 1202502042.170711
01211020203330144242 2 1202502042.170712
00411020203330144242 2 1202502042.170714
00011220203330144242 2 1202502042.170716
00111220203330144242 2 1202502042.170718
00211220203330144242 2 1202502042.170720
00411220203330144242 2 1202502042.170722
00011320203330144242 2 1202502042.170724
00111320203330144242 2 1202502042.170726
00211320203330144242 2 1202502042.170728
00411320203330144242 2 1202502042.170730
00011022203330144242 2 1202502042.170732
00111022203330144242 2 1202502042.170734
01111022203330144242 2 1202502042.170736
00211022203330144242 2 1202502042.170738
00411022203330144242 2 1202502042.170740
00011222203330144242 2 1202502042.170742
00111222203330144242 2 1202502042.170744
00211222203330144242 2 1202502042.170746
00411222203330144242 2 1202502042.170748
00011322203330144242 2 1202502042.170750
00111322203330144242 2 1202502042.170752
00211322203330144242 2 1202502042.170754
00411322203330144242 2 1202502042.170756
00011023203330144242 2 1202502042.170758
00111023203330144242 2 1202502042.170800
00211023203330144242 2 1202502042.170802
00411023203330144242 2 1202502042.170804
00011223203330144242 2 1202502042.170806
00111223203330144242 2 1202502042.170808
00211223203330144242 2 1202502042.170810
00411223203330144242 2 1202502042.170812
00011323203330144242 2 1202502042.170814
00111323203330144242 2 1202502042.170816
00211323203330144242 2 1202502042.170818
00411323203330144242 2 1202502042.170820
00011020204330144242 2 1202502042.170822
00111020204330144242 2 1202502042.170824
00211020204330144242 2 1202502042.170826
00411020204330144242 2 1202502042.170828
00011220204330144242 2 1202502042.170830
00111220204330144242 2 1202502042.170832
00211220204330144242 2 1202502042.170834
00411220204330144242 2 1202502042.170836
00011320204330144242 2 1202502042.170838
00111320204330144242 2 1202502042.170840
00211320204330144242 2 1202502042.170842
00411320204330144242 2 1202502042.170844
00011022204330144242 2 1202502042.170846
00111022204330144242 2 1202502042.170848
00211022204330144242 2 1202502042.170850
00411022204330144242 2 1202502042.170852
00011222204330144242 2 1202502042.170854
00111222204330144242 2 1202502042.170856
00211222204330144242 2 1202502042.170858
00411222204330144242 2 1202502042.170900
00011322204330144242 2 1202502042.170902
00111322204330144242 2 1202502042.170904
00211322204330144242 2 1202502042.170906
00411322204330144242 2 1202502042.170908
00011023204330144242 2 1202502042.170910
00111023204330144242 2 1202502042.170912
00211023204330144242 2 1202502042.170914
00411023204330144242 2 1202502042.170916
00011223204330144242 2 1202502042.170918
00111223204330144242 2 1202502042.170920
00211223204330144242 2 1202502042.170922
00411223204330144242 2 1202502042.170924
00011323204330144242 2 1202502042.170926
00111323204330144242 2 1202502042.170928
00211323204330144242 2 1202502042.170930
00411323204330144242 2 1202502042.170932
00421023210031144242 1 1202502042.170934
00421023211031144242 1 1202502042.170936
00421023213031144242 1 1202502042.170938
00421023214031144242 1 1202502042.170940
00421023210030014042 1 1202502042.170223
00421223210030014042 1 1202502042.170225
00421323210030014042 1 1202502042.170227
00421023211030014042 1 1202502042.170229
00421223211030014042 1 1202502042.170231
00421323211030014042 1 1202502042.170233
00421023213030014042 1 1202502042.170235
00421223213030014042 1 1202502042.170237
00421323213030014042 1 1202502042.170239
00121023214030014042 1 1202502042.170241
00421023214030014042 1 1202502042.170243
00121223214030014042 1 1202502042.170245
00421223214030014042 1 1202502042.170246
00121323214030014042 1 1202502042.170248
00421323214030014042 1 1202502042.170250
00021023210430014042 1 1202502042.170252
00121023210430014042 1 1202502042.170254
00221023210430014042 1 1202502042.170256
00421023210430014042 1 1202502042.170258
00021223210430014042 1 1202502042.170300
00121223210430014042 1 1202502042.170302
00221223210430014042 1 1202502042.170304
00421223210430014042 1 1202502042.170306
00021323210430014042 1 1202502042.170308
00121323210430014042 1 1202502042.170310
00221323210430014042 1 1202502042.170312
00421323210430014042 1 1202502042.170313
00021023211430014042 1 1202502042.170315
00121023211430014042 1 1202502042.170317
00221023211430014042 1 1202502042.170319
00421023211430014042 1 1202502042.170321
00021223211430014042 1 1202502042.170323
00121223211430014042 1 1202502042.170325
00221223211430014042 1 1202502042.170327
00421223211430014042 1 1202502042.170329
00021323211430014042 1 1202502042.170331
00121323211430014042 1 1202502042.170333
00221323211430014042 1 1202502042.170335
00421323211430014042 1 1202502042.170337
00021023213430014042 1 1202502042.170339
00121023213430014042 1 1202502042.170341
00221023213430014042 1 1202502042.170342
00421023213430014042 1 1202502042.170344
00021223213430014042 1 1202502042.170346
00121223213430014042 1 1202502042.170348
00221223213430014042 1 1202502042.170350
00421223213430014042 1 1202502042.170352
00021323213430014042 1 1202502042.170354
00121323213430014042 1 1202502042.170356
00221323213430014042 1 1202502042.170358
00421323213430014042 1 1202502042.170400
00021023214430014042 1 1202502042.170402
00121023214430014042 1 1202502042.170404
00221023214430014042 1 1202502042.170406
00421023214430014042 1 1202502042.170408
00021223214430014042 1 1202502042.170409
00121223214430014042 1 1202502042.170411
00221223214430014042 1 1202502042.170413
00421223214430014042 1 1202502042.170415
00021323214430014042 1 1202502042.170417
00121323214430014042 1 1202502042.170419
00221323214430014042 1 1202502042.170421
00421323214430014042 1 1202502042.170423
00111020214330024042 2 1202502042.170425
00111220214330024042 2 1202502042.170427
00111320214330024042 2 1202502042.170429
00011020200330044242 2 1202502042.170431
00111020200330044242 2 1202502042.170433
00211020200330044242 2 1202502042.170435
00411020200330044242 2 1202502042.170437
00011220200330044242 2 1202502042.170439
00111220200330044242 2 1202502042.170441
00211220200330044242 2 1202502042.170443
00411220200330044242 2 1202502042.170445
00011320200330044242 2 1202502042.170447
00111320200330044242 2 1202502042.170449
00211320200330044242 2 1202502042.170451
00411320200330044242 2 1202502042.170453
00011022200330044242 2 1202502042.170455
00111022200330044242 2 1202502042.170457
00211022200330044242 2 1202502042.170459
00411022200330044242 2 1202502042.170501
00011222200330044242 2 1202502042.170503
00111222200330044242 2 1202502042.170505
00211222200330044242 2 1202502042.170507
00411222200330044242 2 1202502042.170509
00011322200330044242 2 1202502042.170511
00111322200330044242 2 1202502042.170513
00211322200330044242 2 1202502042.170515
00411322200330044242 2 1202502042.170517
00011023200330044242 2 1202502042.170519
00111023200330044242 2 1202502042.170521
00211023200330044242 2 1202502042.170523
00411023200330044242 2 1202502042.170525
00011223200330044242 2 1202502042.170527
00111223200330044242 2 1202502042.170529
00211223200330044242 2 1202502042.170531
00411223200330044242 2 1202502042.170533
00011323200330044242 2 1202502042.170535
00111323200330044242 2 1202502042.170537
00211323200330044242 2 1202502042.170539
00411323200330044242 2 1202502042.170541
00011020201330044242 2 1202502042.170543
00111020201330044242 2 1202502042.170545
00211020201330044242 2 1202502042.170547
00411020201330044242 2 1202502042.170549
00011220201330044242 2 1202502042.170551
00111220201330044242 2 1202502042.170553
00211220201330044242 2 1202502042.170555
00411220201330044242 2 1202502042.170557
00011320201330044242 2 1202502042.170559
00111320201330044242 2 1202502042.170601
00211320201330044242 2 1202502042.170603
00411320201330044242 2 1202502042.170605
00011022201330044242 2 1202502042.170607
00111022201330044242 2 1202502042.170609
00211022201330044242 2 1202502042.170611
00411022201330044242 2 1202502042.170613
00011222201330044242 2 1202502042.170615
00111222201330044242 2 1202502042.170617
00211222201330044242 2 1202502042.170619
00411222201330044242 2 1202502042.170621
00011322201330044242 2 1202502042.170623
00111322201330044242 2 1202502042.170625
00211322201330044242 2 1202502042.170627
00411322201330044242 2 1202502042.170629
00011023201330044242 2 1202502042.170631
00111023201330044242 2 1202502042.170633
00211023201330044242 2 1202502042.170635
00411023201330044242 2 1202502042.170637
00011223201330044242 2 1202502042.170639
00111223201330044242 2 1202502042.170641
00211223201330044242 2 1202502042.170643
00411223201330044242 2 1202502042.170645
00011323201330044242 2 1202502042.170647
00111323201330044242 2 1202502042.170649
00211323201330044242 2 1202502042.170651
00411323201330044242 2 1202502042.170653
00011020203330044242 2 1202502042.170655
00111020203330044242 2 1202502042.170657
00211020203330044242 2 1202502042.170659
01211020203330044242 2 1202502042.170701
00411020203330044242 2 1202502042.170703
00011220203330044242 2 1202502042.170705
00111220203330044242 2 1202502042.170707
00211220203330044242 2 1202502042.170709
00411220203330044242 2 1202502042.170711
00011320203330044242 2 1202502042.170713
00111320203330044242 2 1202502042.170715
00211320203330044242 2 1202502042.170717
00411320203330044242 2 1202502042.170719
00011022203330044242 2 1202502042.170721
00111022203330044242 2 1202502042.170723
01111022203330044242 2 1202502042.170724
00211022203330044242 2 1202502042.170726
00411022203330044242 2 1202502042.170728
00011222203330044242 2 1202502042.170730
00111222203330044242 2 1202502042.170732
00211222203330044242 2 1202502042.170734
00411222203330044242 2 1202502042.170736
00011322203330044242 2 1202502042.170738
00111322203330044242 2 1202502042.170740
00211322203330044242 2 1202502042.170742
00411322203330044242 2 1202502042.170744
00011023203330044242 2 1202502042.170746
00111023203330044242 2 1202502042.170748
00211023203330044242 2 1202502042.170750
00411023203330044242 2 1202502042.170752
00011223203330044242 2 1202502042.170754
00111223203330044242 2 1202502042.170756
00211223203330044242 2 1202502042.170758
00411223203330044242 2 1202502042.170800
00011323203330044242 2 1202502042.170802
00111323203330044242 2 1202502042.170804
00211323203330044242 2 1202502042.170806
00411323203330044242 2 1202502042.170808
00011020204330044242 2 1202502042.170810
00111020204330044242 2 1202502042.170812
00211020204330044242 2 1202502042.170814
00411020204330044242 2 1202502042.170816
00011220204330044242 2 1202502042.170818
00111220204330044242 2 1202502042.170820
00211220204330044242 2 1202502042.170822
00411220204330044242 2 1202502042.170824
00011320204330044242 2 1202502042.170826
00111320204330044242 2 1202502042.170828
00211320204330044242 2 1202502042.170830
00411320204330044242 2 1202502042.170832
00011022204330044242 2 1202502042.170834
00111022204330044242 2 1202502042.170836
00211022204330044242 2 1202502042.170838
00411022204330044242 2 1202502042.170840
00011222204330044242 2 1202502042.170842
00111222204330044242 2 1202502042.170844
00211222204330044242 2 1202502042.170846
00411222204330044242 2 1202502042.170848
00011322204330044242 2 1202502042.170850
00111322204330044242 2 1202502042.170852
00211322204330044242 2 1202502042.170854
00411322204330044242 2 1202502042.170856
00011023204330044242 2 1202502042.170859
00111023204330044242 2 1202502042.170901
00211023204330044242 2 1202502042.170903
00411023204330044242 2 1202502042.170905
00011223204330044242 2 1202502042.170907
00111223204330044242 2 1202502042.170909
00211223204330044242 2 1202502042.170911
00411223204330044242 2 1202502042.170913
00011323204330044242 2 1202502042.170915
00111323204330044242 2 1202502042.170917
00211323204330044242 2 1202502042.170919
00411323204330044242 2 1202502042.170921
00421023210031044242 1 1202502042.170922
00421023211031044242 1 1202502042.170924
00421023213031044242 1 1202502042.170926
00421023214031044242 1 1202502042.170928
00201000210331044242 2 1202502042.170930
00201020210331044242 2 1202502042.170932
00211020210331044242 2 1202502042.170934
00201030210331044242 2 1202502042.170936
00201000211331044242 2 1202502042.170938
00201020211331044242 2 1202502042.170940
00211020211331044242 2 1202502042.170942
00201030211331044242 2 1202502042.170944
01211020203331044242 2 1202502042.170945
01211022203331044242 2 1202502042.170947
00201000213331044242 2 1202502042.170949
01201000213331044242 2 1202502042.170950
00211000213331044242 2 1202502042.170952
00221000213331044242 2 1202502042.170954
01221000213331044242 2 1202502042.170955
00201020213331044242 2 1202502042.170957
01201020213331044242 2 1202502042.170959
00211020213331044242 2 1202502042.171001
01211020213331044242 2 1202502042.171002
00221020213331044242 2 1202502042.171004
01221020213331044242 2 1202502042.171006
00201030213331044242 2 1202502042.171007
01201030213331044242 2 1202502042.171009
00221030213331044242 2 1202502042.171011
01221030213331044242 2 1202502042.171012
00201000214331044242 2 1202502042.171014
00201020214331044242 2 1202502042.171016
00211020214331044242 2 1202502042.171018
00201030214331044242 2 1202502042.171020
01101020213430204042 2 1202502042.170223
01121020213430204042 2 1202502042.170224
01101020213431204042 2 1202502042.170226
01121020213431204042 2 1202502042.170227
00421023210030214042 1 1202502042.170229
00421223210030214042 1 1202502042.170231
00421323210030214042 1 1202502042.170233
00421023211030214042 1 1202502042.170235
00421223211030214042 1 1202502042.170237
00421323211030214042 1 1202502042.170239
00421023213030214042 1 1202502042.170241
00421223213030214042 1 1202502042.170242
00421323213030214042 1 1202502042.170244
00121023214030214042 1 1202502042.170246
00421023214030214042 1 1202502042.170248
00121223214030214042 1 1202502042.170250
00421223214030214042 1 1202502042.170252
00121323214030214042 1 1202502042.170254
00421323214030214042 1 1202502042.170256
00021023210430214042 1 1202502042.170258
00121023210430214042 1 1202502042.170300
00221023210430214042 1 1202502042.170302
00421023210430214042 1 1202502042.170304
00021223210430214042 1 1202502042.170306
00121223210430214042 1 1202502042.170307
00221223210430214042 1 1202502042.170309
00421223210430214042 1 1202502042.170311
00021323210430214042 1 1202502042.170313
00121323210430214042 1 1202502042.170315
00221323210430214042 1 1202502042.170317
00421323210430214042 1 1202502042.170319
00021023211430214042 1 1202502042.170321
00121023211430214042 1 1202502042.170323
00221023211430214042 1 1202502042.170325
00421023211430214042 1 1202502042.170327
00021223211430214042 1 1202502042.170329
00121223211430214042 1 1202502042.170331
00221223211430214042 1 1202502042.170333
00421223211430214042 1 1202502042.170334
00021323211430214042 1 1202502042.170336
00121323211430214042 1 1202502042.170338
00221323211430214042 1 1202502042.170340
00421323211430214042 1 1202502042.170342
01101020213430214042 2 1202502042.170344
00021023213430214042 1 1202502042.170346
00121023213430214042 1 1202502042.170347
00221023213430214042 1 1202502042.170349
00421023213430214042 1 1202502042.170351
00021223213430214042 1 1202502042.170353
00121223213430214042 1 1202502042.170355
00221223213430214042 1 1202502042.170357
00421223213430214042 1 1202502042.170359
00021323213430214042 1 1202502042.170401
00121323213430214042 1 1202502042.170403
00221323213430214042 1 1202502042.170405
00421323213430214042 1 1202502042.170407
00021023214430214042 1 1202502042.170409
00121023214430214042 1 1202502042.170410
00221023214430214042 1 1202502042.170412
00421023214430214042 1 1202502042.170414
00021223214430214042 1 1202502042.170416
00121223214430214042 1 1202502042.170418
00221223214430214042 1 1202502042.170420
00421223214430214042 1 1202502042.170422
00021323214430214042 1 1202502042.170424
00121323214430214042 1 1202502042.170426
00221323214430214042 1 1202502042.170428
00421323214430214042 1 1202502042.170430
01101020213431214042 2 1202502042.170431
00111020214330224042 2 1202502042.170433
00111220214330224042 2 1202502042.170435
00111320214330224042 2 1202502042.170437
01101020213431404242 2 1202502042.170439
01121020213431404242 2 1202502042.170440
00011020200330244242 2 1202502042.170442
00111020200330244242 2 1202502042.170444
00211020200330244242 2 1202502042.170446
00411020200330244242 2 1202502042.170448
00011220200330244242 2 1202502042.170450
00111220200330244242 2 1202502042.170452
00211220200330244242 2 1202502042.170454
00411220200330244242 2 1202502042.170456
00011320200330244242 2 1202502042.170458
00111320200330244242 2 1202502042.170500
00211320200330244242 2 1202502042.170502
00411320200330244242 2 1202502042.170504
00011022200330244242 2 1202502042.170506
00111022200330244242 2 1202502042.170508
00211022200330244242 2 1202502042.170510
00411022200330244242 2 1202502042.170512
00011222200330244242 2 1202502042.170514
00111222200330244242 2 1202502042.170516
00211222200330244242 2 1202502042.170518
00411222200330244242 2 1202502042.170520
00011322200330244242 2 1202502042.170522
00111322200330244242 2 1202502042.170524
00211322200330244242 2 1202502042.170526
00411322200330244242 2 1202502042.170528
00011023200330244242 2 1202502042.170530
00111023200330244242 2 1202502042.170532
00211023200330244242 2 1202502042.170534
00411023200330244242 2 1202502042.170536
00011223200330244242 2 1202502042.170538
00111223200330244242 2 1202502042.170540
00211223200330244242 2 1202502042.170542
00411223200330244242 2 1202502042.170544
00011323200330244242 2 1202502042.170546
00111323200330244242 2 1202502042.170548
00211323200330244242 2 1202502042.170550
00411323200330244242 2 1202502042.170552
00011020201330244242 2 1202502042.170554
00111020201330244242 2 1202502042.170556
00211020201330244242 2 1202502042.170558
00411020201330244242 2 1202502042.170600
00011220201330244242 2 1202502042.170602
00111220201330244242 2 1202502042.170604
00211220201330244242 2 1202502042.170606
00411220201330244242 2 1202502042.170608
00011320201330244242 2 1202502042.170610
00111320201330244242 2 1202502042.170612
00211320201330244242 2 1202502042.170614
00411320201330244242 2 1202502042.170616
00011022201330244242 2 1202502042.170618
00111022201330244242 2 1202502042.170620
00211022201330244242 2 1202502042.170622
00411022201330244242 2 1202502042.170624
00011222201330244242 2 1202502042.170626
00111222201330244242 2 1202502042.170628
00211222201330244242 2 1202502042.170630
00411222201330244242 2 1202502042.170632
00011322201330244242 2 1202502042.170634
00111322201330244242 2 1202502042.170636
00211322201330244242 2 1202502042.170638
00411322201330244242 2 1202502042.170640
00011023201330244242 2 1202502042.170642
00111023201330244242 2 1202502042.170644
00211023201330244242 2 1202502042.170646
00411023201330244242 2 1202502042.170648
00011223201330244242 2 1202502042.170650
00111223201330244242 2 1202502042.170652
00211223201330244242 2 1202502042.170654
00411223201330244242 2 1202502042.170656
00011323201330244242 2 1202502042.170658
00111323201330244242 2 1202502042.170700
00211323201330244242 2 1202502042.170702
00411323201330244242 2 1202502042.170704
00011020203330244242 2 1202502042.170706
00111020203330244242 2 1202502042.170708
00211020203330244242 2 1202502042.170710
01211020203330244242 2 1202502042.170711
00411020203330244242 2 1202502042.170713
00011220203330244242 2 1202502042.170715
00111220203330244242 2 1202502042.170717
00211220203330244242 2 1202502042.170719
00411220203330244242 2 1202502042.170721
00011320203330244242 2 1202502042.170723
00111320203330244242 2 1202502042.170725
00211320203330244242 2 1202502042.170727
00411320203330244242 2 1202502042.170729
00011022203330244242 2 1202502042.170731
00111022203330244242 2 1202502042.170733
01111022203330244242 2 1202502042.170735
00211022203330244242 2 1202502042.170737
00411022203330244242 2 1202502042.170739
00011222203330244242 2 1202502042.170741
00111222203330244242 2 1202502042.170743
00211222203330244242 2 1202502042.170745
00411222203330244242 2 1202502042.170747
00011322203330244242 2 1202502042.170748
00111322203330244242 2 1202502042.170750
00211322203330244242 2 1202502042.170752
00411322203330244242 2 1202502042.170754
00011023203330244242 2 1202502042.170756
00111023203330244242 2 1202502042.170758
00211023203330244242 2 1202502042.170800
00411023203330244242 2 1202502042.170802
00011223203330244242 2 1202502042.170804
00111223203330244242 2 1202502042.170806
00211223203330244242 2 1202502042.170808
00411223203330244242 2 1202502042.170810
00011323203330244242 2 1202502042.170812
00111323203330244242 2 1202502042.170814
00211323203330244242 2 1202502042.170816
00411323203330244242 2 1202502042.170818
00011020204330244242 2 1202502042.170820
00111020204330244242 2 1202502042.170822
00211020204330244242 2 1202502042.170824
00411020204330244242 2 1202502042.170826
00011220204330244242 2 1202502042.170828
00111220204330244242 2 1202502042.170830
00211220204330244242 2 1202502042.170832
00411220204330244242 2 1202502042.170834
00011320204330244242 2 1202502042.170836
00111320204330244242 2 1202502042.170838
00211320204330244242 2 1202502042.170840
00411320204330244242 2 1202502042.170842
00011022204330244242 2 1202502042.170844
00111022204330244242 2 1202502042.170846
00211022204330244242 2 1202502042.170848
00411022204330244242 2 1202502042.170850
00011222204330244242 2 1202502042.170852
00111222204330244242 2 1202502042.170854
00211222204330244242 2 1202502042.170856
00411222204330244242 2 1202502042.170858
00011322204330244242 2 1202502042.170900
00111322204330244242 2 1202502042.170902
00211322204330244242 2 1202502042.170904
00411322204330244242 2 1202502042.170906
00011023204330244242 2 1202502042.170908
00111023204330244242 2 1202502042.170910
00211023204330244242 2 1202502042.170912
00411023204330244242 2 1202502042.170914
00011223204330244242 2 1202502042.170916
00111223204330244242 2 1202502042.170918
00211223204330244242 2 1202502042.170920
00411223204330244242 2 1202502042.170922
00011323204330244242 2 1202502042.170924
00111323204330244242 2 1202502042.170926
00211323204330244242 2 1202502042.170928
00411323204330244242 2 1202502042.170930
00421023210031244242 1 1202502042.170932
00421023211031244242 1 1202502042.170934
00421023213031244242 1 1202502042.170936
00421023214031244242 1 1202502042.170938
00201000210331244242 2 1202502042.170940
00201020210331244242 2 1202502042.170942
00211020210331244242 2 1202502042.170944
00201030210331244242 2 1202502042.170946
00201000211331244242 2 1202502042.170948
00201020211331244242 2 1202502042.170950
00211020211331244242 2 1202502042.170952
00201030211331244242 2 1202502042.170953
01211020203331244242 2 1202502042.170955
01211022203331244242 2 1202502042.170956
00201000213331244242 2 1202502042.170958
01201000213331244242 2 1202502042.171000
00211000213331244242 2 1202502042.171002
00221000213331244242 2 1202502042.171003
01221000213331244242 2 1202502042.171005
00201020213331244242 2 1202502042.171007
01201020213331244242 2 1202502042.171008
00211020213331244242 2 1202502042.171010
01211020213331244242 2 1202502042.171012
00221020213331244242 2 1202502042.171013
01221020213331244242 2 1202502042.171015
00201030213331244242 2 1202502042.171017
01201030213331244242 2 1202502042.171018
00221030213331244242 2 1202502042.171020
01221030213331244242 2 1202502042.171022
00201000214331244242 2 1202502042.171023
00201020214331244242 2 1202502042.171025
00211020214331244242 2 1202502042.171027
00201030214331244242 2 1202502042.171029
01101020213431444242 2 1202502042.171031
