01101020213430204042 2 1202502042.170223
01121020213430204042 2 1202502042.170224
01101020213431204042 2 1202502042.170226
01121020213431204042 2 1202502042.170227
00421023210030214042 1 1202502042.170229
00421223210030214042 1 1202502042.170231
00421323210030214042 1 1202502042.170233
00421023211030214042 1 1202502042.170235
00421223211030214042 1 1202502042.170237
00421323211030214042 1 1202502042.170239
00421023213030214042 1 1202502042.170241
00421223213030214042 1 1202502042.170242
00421323213030214042 1 1202502042.170244
00121023214030214042 1 1202502042.170246
00421023214030214042 1 1202502042.170248
00121223214030214042 1 1202502042.170250
00421223214030214042 1 1202502042.170252
00121323214030214042 1 1202502042.170254
00421323214030214042 1 1202502042.170256
00021023210430214042 1 1202502042.170258
00121023210430214042 1 1202502042.170300
00221023210430214042 1 1202502042.170302
00421023210430214042 1 1202502042.170304
00021223210430214042 1 1202502042.170306
00121223210430214042 1 1202502042.170307
00221223210430214042 1 1202502042.170309
00421223210430214042 1 1202502042.170311
00021323210430214042 1 1202502042.170313
00121323210430214042 1 1202502042.170315
00221323210430214042 1 1202502042.170317
00421323210430214042 1 1202502042.170319
00021023211430214042 1 1202502042.170321
00121023211430214042 1 1202502042.170323
00221023211430214042 1 1202502042.170325
00421023211430214042 1 1202502042.170327
00021223211430214042 1 1202502042.170329
00121223211430214042 1 1202502042.170331
00221223211430214042 1 1202502042.170333
00421223211430214042 1 1202502042.170334
00021323211430214042 1 1202502042.170336
00121323211430214042 1 1202502042.170338
00221323211430214042 1 1202502042.170340
00421323211430214042 1 1202502042.170342
01101020213430214042 2 1202502042.170344
00021023213430214042 1 1202502042.170346
00121023213430214042 1 1202502042.170347
00221023213430214042 1 1202502042.170349
00421023213430214042 1 1202502042.170351
00021223213430214042 1 1202502042.170353
00121223213430214042 1 1202502042.170355
00221223213430214042 1 1202502042.170357
00421223213430214042 1 1202502042.170359
00021323213430214042 1 1202502042.170401
00121323213430214042 1 1202502042.170403
00221323213430214042 1 1202502042.170405
00421323213430214042 1 1202502042.170407
00021023214430214042 1 1202502042.170409
00121023214430214042 1 1202502042.170410
00221023214430214042 1 1202502042.170412
00421023214430214042 1 1202502042.170414
00021223214430214042 1 1202502042.170416
00121223214430214042 1 1202502042.170418
00221223214430214042 1 1202502042.170420
00421223214430214042 1 1202502042.170422
00021323214430214042 1 1202502042.170424
00121323214430214042 1 1202502042.170426
00221323214430214042 1 1202502042.170428
00421323214430214042 1 1202502042.170430
01101020213431214042 2 1202502042.170431
00111020214330224042 2 1202502042.170433
00111220214330224042 2 1202502042.170435
00111320214330224042 2 1202502042.170437
01101020213431404242 2 1202502042.170439
01121020213431404242 2 1202502042.170440
00011020200330244242 2 1202502042.170442
00111020200330244242 2 1202502042.170444
00211020200330244242 2 1202502042.170446
00411020200330244242 2 1202502042.170448
00011220200330244242 2 1202502042.170450
00111220200330244242 2 1202502042.170452
00211220200330244242 2 1202502042.170454
00411220200330244242 2 1202502042.170456
00011320200330244242 2 1202502042.170458
00111320200330244242 2 1202502042.170500
00211320200330244242 2 1202502042.170502
00411320200330244242 2 1202502042.170504
00011022200330244242 2 1202502042.170506
00111022200330244242 2 1202502042.170508
00211022200330244242 2 1202502042.170510
00411022200330244242 2 1202502042.170512
00011222200330244242 2 1202502042.170514
00111222200330244242 2 1202502042.170516
00211222200330244242 2 1202502042.170518
00411222200330244242 2 1202502042.170520
00011322200330244242 2 1202502042.170522
00111322200330244242 2 1202502042.170524
00211322200330244242 2 1202502042.170526
00411322200330244242 2 1202502042.170528
00011023200330244242 2 1202502042.170530
00111023200330244242 2 1202502042.170532
00211023200330244242 2 1202502042.170534
00411023200330244242 2 1202502042.170536
00011223200330244242 2 1202502042.170538
00111223200330244242 2 1202502042.170540
00211223200330244242 2 1202502042.170542
00411223200330244242 2 1202502042.170544
00011323200330244242 2 1202502042.170546
00111323200330244242 2 1202502042.170548
00211323200330244242 2 1202502042.170550
00411323200330244242 2 1202502042.170552
00011020201330244242 2 1202502042.170554
00111020201330244242 2 1202502042.170556
00211020201330244242 2 1202502042.170558
00411020201330244242 2 1202502042.170600
00011220201330244242 2 1202502042.170602
00111220201330244242 2 1202502042.170604
00211220201330244242 2 1202502042.170606
00411220201330244242 2 1202502042.170608
00011320201330244242 2 1202502042.170610
00111320201330244242 2 1202502042.170612
00211320201330244242 2 1202502042.170614
00411320201330244242 2 1202502042.170616
00011022201330244242 2 1202502042.170618
00111022201330244242 2 1202502042.170620
00211022201330244242 2 1202502042.170622
00411022201330244242 2 1202502042.170624
00011222201330244242 2 1202502042.170626
00111222201330244242 2 1202502042.170628
00211222201330244242 2 1202502042.170630
00411222201330244242 2 1202502042.170632
00011322201330244242 2 1202502042.170634
00111322201330244242 2 1202502042.170636
00211322201330244242 2 1202502042.170638
00411322201330244242 2 1202502042.170640
00011023201330244242 2 1202502042.170642
00111023201330244242 2 1202502042.170644
00211023201330244242 2 1202502042.170646
00411023201330244242 2 1202502042.170648
00011223201330244242 2 1202502042.170650
00111223201330244242 2 1202502042.170652
00211223201330244242 2 1202502042.170654
00411223201330244242 2 1202502042.170656
00011323201330244242 2 1202502042.170658
00111323201330244242 2 1202502042.170700
00211323201330244242 2 1202502042.170702
00411323201330244242 2 1202502042.170704
00011020203330244242 2 1202502042.170706
00111020203330244242 2 1202502042.170708
00211020203330244242 2 1202502042.170710
01211020203330244242 2 1202502042.170711
00411020203330244242 2 1202502042.170713
00011220203330244242 2 1202502042.170715
00111220203330244242 2 1202502042.170717
00211220203330244242 2 1202502042.170719
00411220203330244242 2 1202502042.170721
00011320203330244242 2 1202502042.170723
00111320203330244242 2 1202502042.170725
00211320203330244242 2 1202502042.170727
00411320203330244242 2 1202502042.170729
00011022203330244242 2 1202502042.170731
00111022203330244242 2 1202502042.170733
01111022203330244242 2 1202502042.170735
00211022203330244242 2 1202502042.170737
00411022203330244242 2 1202502042.170739
00011222203330244242 2 1202502042.170741
00111222203330244242 2 1202502042.170743
00211222203330244242 2 1202502042.170745
00411222203330244242 2 1202502042.170747
00011322203330244242 2 1202502042.170748
00111322203330244242 2 1202502042.170750
00211322203330244242 2 1202502042.170752
00411322203330244242 2 1202502042.170754
00011023203330244242 2 1202502042.170756
00111023203330244242 2 1202502042.170758
00211023203330244242 2 1202502042.170800
00411023203330244242 2 1202502042.170802
00011223203330244242 2 1202502042.170804
00111223203330244242 2 1202502042.170806
00211223203330244242 2 1202502042.170808
00411223203330244242 2 1202502042.170810
00011323203330244242 2 1202502042.170812
00111323203330244242 2 1202502042.170814
00211323203330244242 2 1202502042.170816
00411323203330244242 2 1202502042.170818
00011020204330244242 2 1202502042.170820
00111020204330244242 2 1202502042.170822
00211020204330244242 2 1202502042.170824
00411020204330244242 2 1202502042.170826
00011220204330244242 2 1202502042.170828
00111220204330244242 2 1202502042.170830
00211220204330244242 2 1202502042.170832
00411220204330244242 2 1202502042.170834
00011320204330244242 2 1202502042.170836
00111320204330244242 2 1202502042.170838
00211320204330244242 2 1202502042.170840
00411320204330244242 2 1202502042.170842
00011022204330244242 2 1202502042.170844
00111022204330244242 2 1202502042.170846
00211022204330244242 2 1202502042.170848
00411022204330244242 2 1202502042.170850
00011222204330244242 2 1202502042.170852
00111222204330244242 2 1202502042.170854
00211222204330244242 2 1202502042.170856
00411222204330244242 2 1202502042.170858
00011322204330244242 2 1202502042.170900
00111322204330244242 2 1202502042.170902
00211322204330244242 2 1202502042.170904
00411322204330244242 2 1202502042.170906
00011023204330244242 2 1202502042.170908
00111023204330244242 2 1202502042.170910
00211023204330244242 2 1202502042.170912
00411023204330244242 2 1202502042.170914
00011223204330244242 2 1202502042.170916
00111223204330244242 2 1202502042.170918
00211223204330244242 2 1202502042.170920
00411223204330244242 2 1202502042.170922
00011323204330244242 2 1202502042.170924
00111323204330244242 2 1202502042.170926
00211323204330244242 2 1202502042.170928
00411323204330244242 2 1202502042.170930
00421023210031244242 1 1202502042.170932
00421023211031244242 1 1202502042.170934
00421023213031244242 1 1202502042.170936
00421023214031244242 1 1202502042.170938
00201000210331244242 2 1202502042.170940
00201020210331244242 2 1202502042.170942
00211020210331244242 2 1202502042.170944
00201030210331244242 2 1202502042.170946
00201000211331244242 2 1202502042.170948
00201020211331244242 2 1202502042.170950
00211020211331244242 2 1202502042.170952
00201030211331244242 2 1202502042.170953
01211020203331244242 2 1202502042.170955
01211022203331244242 2 1202502042.170956
00201000213331244242 2 1202502042.170958
01201000213331244242 2 1202502042.171000
00211000213331244242 2 1202502042.171002
00221000213331244242 2 1202502042.171003
01221000213331244242 2 1202502042.171005
00201020213331244242 2 1202502042.171007
01201020213331244242 2 1202502042.171008
00211020213331244242 2 1202502042.171010
01211020213331244242 2 1202502042.171012
00221020213331244242 2 1202502042.171013
01221020213331244242 2 1202502042.171015
00201030213331244242 2 1202502042.171017
01201030213331244242 2 1202502042.171018
00221030213331244242 2 1202502042.171020
01221030213331244242 2 1202502042.171022
00201000214331244242 2 1202502042.171023
00201020214331244242 2 1202502042.171025
00211020214331244242 2 1202502042.171027
00201030214331244242 2 1202502042.171029
01101020213431444242 2 1202502042.171031
