014410252130304042420410 2 1202502193.051746
014410252131304042420410 2 1202502193.051752
014410252133304042420410 2 1202502193.051757
014410252134304042420410 2 1202502193.051801
014410252135304042420410 1 1202502193.051829
014410252130304142420410 1 1202502193.051935
014410252130304242420410 1 1202502193.051950
014410252130304442420410 2 1202502193.052029
014410252131304442420410 2 1202502193.052034
014410252133304442420410 2 1202502193.052040
014410252134304442420410 2 1202502193.052045
014410252135304442420410 1 1202502193.052110
012410322531314442421020 2 1202502193.061153
012210302114300045423211 2 1202502193.065515
011110222034300045423211 2 1202502193.065516
012110222034300045423211 2 1202502193.065517
011110222034301045423211 2 1202502193.065518
012110222034301045423211 2 1202502193.065520
011110222034302045423211 2 1202502193.065521
012110222034302045423211 2 1202502193.065522
011110222034304045423211 2 1202502193.065524
012110222034304045423211 2 1202502193.065525
012110222034300145423211 2 1202502193.065526
012210002134310145423211 2 1202502193.065528
012110222034301145423211 2 1202502193.065529
012210002134311145423211 2 1202502193.065530
012110222034302145423211 2 1202502193.065532
012210002134312145423211 2 1202502193.065533
012110222034304145423211 2 1202502193.065534
012210002134314145423211 2 1202502193.065536
011110222034300245423211 2 1202502193.065537
012110222034300245423211 2 1202502193.065538
012210002134310245423211 2 1202502193.065540
012210202134310245423211 2 1202502193.065541
012210302134310245423211 2 1202502193.065542
012210502134310245423211 2 1202502193.065543
011110222034301245423211 2 1202502193.065545
012110222034301245423211 2 1202502193.065546
012210002134311245423211 2 1202502193.065547
012210202134311245423211 2 1202502193.065549
012210302134311245423211 2 1202502193.065550
012210502134311245423211 2 1202502193.065551
011110222034302245423211 2 1202502193.065553
012110222034302245423211 2 1202502193.065554
012210002134312245423211 2 1202502193.065555
012210202134312245423211 2 1202502193.065556
012210302134312245423211 2 1202502193.065558
012210502134312245423211 2 1202502193.065559
011110222034304245423211 2 1202502193.065600
012110222034304245423211 2 1202502193.065602
012210002134314245423211 2 1202502193.065603
012210202134314245423211 2 1202502193.065604
012210302134314245423211 2 1202502193.065606
012210502134314245423211 2 1202502193.065607
012110222034300445423211 2 1202502193.065608
012110222034301445423211 2 1202502193.065609
012110222034302445423211 2 1202502193.065611
012110222034304445423211 2 1202502193.065612
014110052103311442420221 2 1202502193.065733
014110052113311442420221 2 1202502193.065734
014110552103314442420221 2 1202502193.065835
011110222054324043423002 2 1202502193.075627
012110222054324043423002 2 1202502193.075629
011110222054320143423002 2 1202502193.075630
012110222054320143423002 2 1202502193.075631
011110222054321143423002 2 1202502193.075632
012110222054321143423002 2 1202502193.075634
011110222054322143423002 2 1202502193.075635
012110222054322143423002 2 1202502193.075636
011110222054324143423002 2 1202502193.075637
012110222054324143423002 2 1202502193.075639
011110222054320243423002 2 1202502193.075640
012110222054320243423002 2 1202502193.075641
011110222054321243423002 2 1202502193.075642
012110222054321243423002 2 1202502193.075643
011110222054322243423002 2 1202502193.075645
012110222054322243423002 2 1202502193.075646
011110222054324243423002 2 1202502193.075647
012110222054324243423002 2 1202502193.075648
011110222054320443423002 2 1202502193.075650
012110222054320443423002 2 1202502193.075651
011110222054321443423002 2 1202502193.075652
012110222054321443423002 2 1202502193.075653
011110222054322443423002 2 1202502193.075655
012110222054322443423002 2 1202502193.075656
011110222054324443423002 2 1202502193.075657
012110222054324443423002 2 1202502193.075658
052410002131314042420502 2 1202502193.075717
011115202134312045420012 1 1202502193.075904
011115202134352045420012 1 1202502193.075910
011115202134302145420012 2 1202502193.075921
011115202134352145420012 1 1202502193.075927
011115202134302245420012 1 1202502193.075934
012215252134302245420012 1 1202502193.075935
011115202134352245420012 1 1202502193.075937
011115202134312545420012 1 1202502193.075945
011115202134352545420012 1 1202502193.075952
012210002153340442423122 2 1202502193.080015
012210202153340442423122 2 1202502193.080016
012210302153340442423122 2 1202502193.080017
012210502153340442423122 2 1202502193.080019
012210002153341442423122 2 1202502193.080027
012210202153341442423122 2 1202502193.080028
012210302153341442423122 2 1202502193.080029
012210502153341442423122 2 1202502193.080031
012210002153342442423122 2 1202502193.080039
012210202153342442423122 2 1202502193.080040
012210302153342442423122 2 1202502193.080042
012210502153342442423122 2 1202502193.080043
012210302151344442423122 2 1202502193.080054
012210002153344442423122 2 1202502193.080056
012210202153344442423122 2 1202502193.080057
012210302153344442423122 2 1202502193.080058
012210502153344442423122 2 1202502193.080059
012210002154320043423122 2 1202502193.080101
012210202154320043423122 2 1202502193.080102
012210302154320043423122 2 1202502193.080103
012210502154320043423122 2 1202502193.080104
012210002154321043423122 2 1202502193.080105
012210202154321043423122 2 1202502193.080107
012210302154321043423122 2 1202502193.080108
012210502154321043423122 2 1202502193.080109
012210002154322043423122 2 1202502193.080110
012210202154322043423122 2 1202502193.080112
012210302154322043423122 2 1202502193.080113
012210502154322043423122 2 1202502193.080114
012210002154324043423122 2 1202502193.080115
012210202154324043423122 2 1202502193.080117
012210302154324043423122 2 1202502193.080118
012210502154324043423122 2 1202502193.080119
012210002154320143423122 2 1202502193.080120
012210202154320143423122 2 1202502193.080122
012210302154320143423122 2 1202502193.080123
012210502154320143423122 2 1202502193.080124
012210002154321143423122 2 1202502193.080125
012210202154321143423122 2 1202502193.080127
012210302154321143423122 2 1202502193.080128
012210502154321143423122 2 1202502193.080129
012210002154322143423122 2 1202502193.080130
012210202154322143423122 2 1202502193.080132
012210302154322143423122 2 1202502193.080133
012210502154322143423122 2 1202502193.080134
012210002154324143423122 2 1202502193.080135
012210202154324143423122 2 1202502193.080137
012210302154324143423122 2 1202502193.080138
012210502154324143423122 2 1202502193.080139
012210002154320243423122 2 1202502193.080140
012210202154320243423122 2 1202502193.080142
012210302154320243423122 2 1202502193.080143
012210502154320243423122 2 1202502193.080144
012210002154321243423122 2 1202502193.080145
012210202154321243423122 2 1202502193.080147
012210302154321243423122 2 1202502193.080148
012210502154321243423122 2 1202502193.080149
012210002154322243423122 2 1202502193.080150
012210202154322243423122 2 1202502193.080151
012210302154322243423122 2 1202502193.080153
012210502154322243423122 2 1202502193.080154
012210002154324243423122 2 1202502193.080155
012210202154324243423122 2 1202502193.080156
012210302154324243423122 2 1202502193.080158
012210502154324243423122 2 1202502193.080159
012210002154320443423122 2 1202502193.080200
012210202154320443423122 2 1202502193.080201
012210302154320443423122 2 1202502193.080203
012210502154320443423122 2 1202502193.080204
012210002154321443423122 2 1202502193.080205
012210202154321443423122 2 1202502193.080206
012210302154321443423122 2 1202502193.080208
012210502154321443423122 2 1202502193.080209
012210002154322443423122 2 1202502193.080210
012210202154322443423122 2 1202502193.080211
012210302154322443423122 2 1202502193.080213
012210502154322443423122 2 1202502193.080214
012210002154324443423122 2 1202502193.080215
012210202154324443423122 2 1202502193.080216
012210302154324443423122 2 1202502193.080218
012210502154324443423122 2 1202502193.080219
012210302114300045423242 2 1202502193.080431
011110222034300045423242 2 1202502193.080432
012110222034300045423242 2 1202502193.080434
011110222034301045423242 2 1202502193.080435
012110222034301045423242 2 1202502193.080436
011110222034302045423242 2 1202502193.080437
012110222034302045423242 2 1202502193.080439
011110222034304045423242 2 1202502193.080440
012110222034304045423242 2 1202502193.080441
012110222034300145423242 2 1202502193.080442
012210002134310145423242 2 1202502193.080444
012110222034301145423242 2 1202502193.080445
012210002134311145423242 2 1202502193.080446
012110222034302145423242 2 1202502193.080447
012210002134312145423242 2 1202502193.080449
012110222034304145423242 2 1202502193.080450
012210002134314145423242 2 1202502193.080451
011110222034300245423242 2 1202502193.080452
012110222034300245423242 2 1202502193.080453
012210002134310245423242 2 1202502193.080455
012210202134310245423242 2 1202502193.080456
012210302134310245423242 2 1202502193.080457
012210502134310245423242 2 1202502193.080458
011110222034301245423242 2 1202502193.080500
012110222034301245423242 2 1202502193.080501
012210002134311245423242 2 1202502193.080502
012210202134311245423242 2 1202502193.080503
012210302134311245423242 2 1202502193.080504
012210502134311245423242 2 1202502193.080505
011110222034302245423242 2 1202502193.080507
012110222034302245423242 2 1202502193.080508
012210002134312245423242 2 1202502193.080509
012210202134312245423242 2 1202502193.080510
012210302134312245423242 2 1202502193.080511
012210502134312245423242 2 1202502193.080512
011110222034304245423242 2 1202502193.080514
012110222034304245423242 2 1202502193.080515
012210002134314245423242 2 1202502193.080516
012210202134314245423242 2 1202502193.080517
012210302134314245423242 2 1202502193.080518
012210502134314245423242 2 1202502193.080519
012110222034300445423242 2 1202502193.080521
012110222034301445423242 2 1202502193.080522
012110222034302445423242 2 1202502193.080523
012110222034304445423242 2 1202502193.080524
002210002131354142420104 2 1202502193.083048
011010222030354442420104 1 1202502193.083104
011010222030304542420104 1 1202502193.083130
011010222030314542420104 1 1202502193.083131
011010222030354542420104 1 1202502193.083133
012210302114300045423214 2 1202502193.085329
011110222034300045423214 2 1202502193.085330
012110222034300045423214 2 1202502193.085331
011110222034301045423214 2 1202502193.085332
012110222034301045423214 2 1202502193.085333
011110222034302045423214 2 1202502193.085335
012110222034302045423214 2 1202502193.085336
011110222034304045423214 2 1202502193.085337
012110222034304045423214 2 1202502193.085338
012110222034300145423214 2 1202502193.085339
012210002134310145423214 2 1202502193.085340
012110222034301145423214 2 1202502193.085341
012210002134311145423214 2 1202502193.085343
012110222034302145423214 2 1202502193.085344
012210002134312145423214 2 1202502193.085345
012110222034304145423214 2 1202502193.085346
012210002134314145423214 2 1202502193.085347
011110222034300245423214 2 1202502193.085348
012110222034300245423214 2 1202502193.085349
012210002134310245423214 2 1202502193.085351
012210202134310245423214 2 1202502193.085352
012210302134310245423214 2 1202502193.085353
012210502134310245423214 2 1202502193.085354
011110222034301245423214 2 1202502193.085355
012110222034301245423214 2 1202502193.085356
012210002134311245423214 2 1202502193.085357
012210202134311245423214 2 1202502193.085358
012210302134311245423214 2 1202502193.085400
012210502134311245423214 2 1202502193.085401
011110222034302245423214 2 1202502193.085402
012110222034302245423214 2 1202502193.085403
012210002134312245423214 2 1202502193.085404
012210202134312245423214 2 1202502193.085405
012210302134312245423214 2 1202502193.085406
012210502134312245423214 2 1202502193.085408
011110222034304245423214 2 1202502193.085409
012110222034304245423214 2 1202502193.085410
012210002134314245423214 2 1202502193.085411
012210202134314245423214 2 1202502193.085412
012210302134314245423214 2 1202502193.085413
012210502134314245423214 2 1202502193.085414
012110222034300445423214 2 1202502193.085415
012110222034301445423214 2 1202502193.085417
012110222034302445423214 2 1202502193.085418
012110222034304445423214 2 1202502193.085419
014110552103350442420224 2 1202502193.085513
014110552103311442420224 2 1202502193.085517
014110552103314442420224 2 1202502193.085612
014110052103315442420224 2 1202502193.085634
014110552103315442420224 2 1202502193.085635
011010222030304542420224 1 1202502193.085658
012510302151304442420444 2 1202502193.092926
