012110222053340442423010 2 1202502193.051129
012110222053341442423010 2 1202502193.051140
012110222053342442423010 2 1202502193.051150
011110222053344442423010 2 1202502193.051204
012110222053344442423010 2 1202502193.051206
011110222054320043423010 2 1202502193.051207
012110222054320043423010 2 1202502193.051209
011110222054321043423010 2 1202502193.051210
012110222054321043423010 2 1202502193.051212
011110222054322043423010 2 1202502193.051213
012110222054322043423010 2 1202502193.051215
011110222054324043423010 2 1202502193.051216
012110222054324043423010 2 1202502193.051218
011110222054320143423010 2 1202502193.051219
012110222054320143423010 2 1202502193.051221
011110222054321143423010 2 1202502193.051222
012110222054321143423010 2 1202502193.051224
011110222054322143423010 2 1202502193.051225
012110222054322143423010 2 1202502193.051227
011110222054324143423010 2 1202502193.051228
012110222054324143423010 2 1202502193.051230
011110222054320243423010 2 1202502193.051231
012110222054320243423010 2 1202502193.051233
011110222054321243423010 2 1202502193.051234
012110222054321243423010 2 1202502193.051236
011110222054322243423010 2 1202502193.051237
012110222054322243423010 2 1202502193.051239
011110222054324243423010 2 1202502193.051240
012110222054324243423010 2 1202502193.051242
011110222054320443423010 2 1202502193.051243
012110222054320443423010 2 1202502193.051245
011110222054321443423010 2 1202502193.051246
012110222054321443423010 2 1202502193.051248
011110222054322443423010 2 1202502193.051249
012110222054322443423010 2 1202502193.051250
011110222054324443423010 2 1202502193.051252
012110222054324443423010 2 1202502193.051253
011010202134352140420020 2 1202502193.051348
011015202134352140420020 2 1202502193.051350
011010202134302540420020 2 1202502193.051407
011010202134312540420020 2 1202502193.051408
011010202134352540420020 2 1202502193.051410
011015202134352540420020 2 1202502193.051412
004115552131300042420020 2 1202502193.051418
004115552131310042420020 2 1202502193.051420
004115552131320042420020 2 1202502193.051422
004115552131340042420020 2 1202502193.051424
004115552131350042420020 2 1202502193.051426
014415352131304042420020 2 1202502193.051504
004110552131304042420020 2 1202502193.051507
004115552131304042420020 2 1202502193.051511
004115552131314042420020 2 1202502193.051558
004110552131354042420020 2 1202502193.051632
004115552131354042420020 2 1202502193.051634
004115552131300142420020 2 1202502193.051640
004115552131310142420020 2 1202502193.051642
004115552131320142420020 2 1202502193.051644
004115552131340142420020 2 1202502193.051646
004115552131350142420020 2 1202502193.051648
004115552131304142420020 2 1202502193.051705
004115552131314142420020 2 1202502193.051723
004110552131354142420020 2 1202502193.051730
004115552131354142420020 2 1202502193.051734
054115552131354142420020 2 1202502193.051736
004115552131300242420020 2 1202502193.051740
004115552131310242420020 2 1202502193.051742
004115552131320242420020 2 1202502193.051744
004115552131340242420020 2 1202502193.051746
004115552131350242420020 2 1202502193.051748
004110552131354242420020 2 1202502193.051753
004115552131300442420020 2 1202502193.051755
004115552131310442420020 2 1202502193.051803
004110552133310442420020 2 1202502193.051834
004115552131320442420020 2 1202502193.051841
004115552131340442420020 2 1202502193.051843
004115552131350442420020 2 1202502193.051845
014110052133311442420020 2 1202502193.051905
004110552133311442420020 2 1202502193.051922
004110552133312442420020 2 1202502193.052003
014415352131304442420020 2 1202502193.052041
004110552131304442420020 2 1202502193.052044
004115552131304442420020 2 1202502193.052048
014415352131314442420020 2 1202502193.052127
004110552131314442420020 2 1202502193.052131
014110052133314442420020 2 1202502193.052149
004110552133314442420020 2 1202502193.052206
014415352131354442420020 2 1202502193.052230
004110552131354442420020 2 1202502193.052233
004115552131354442420020 2 1202502193.052236
004110552133315442420020 2 1202502193.052322
004115552131300542420020 2 1202502193.052329
004115552131310542420020 2 1202502193.052331
004115552131320542420020 2 1202502193.052333
004115552131340542420020 2 1202502193.052335
004115552131350542420020 2 1202502193.052336
014415352131314542420020 2 1202502193.052453
004115552131314542420020 2 1202502193.052500
014415352131354542420020 2 1202502193.052515
004110552131354542420020 2 1202502193.052517
011010202134352140420120 2 1202502193.052524
011015202134352140420120 2 1202502193.052526
011010202134302540420120 2 1202502193.052543
011010202134312540420120 2 1202502193.052544
011010202134352540420120 2 1202502193.052546
004110552131304042420120 2 1202502193.052713
004210552131354042420120 2 1202502193.053054
004110552131354142420120 2 1202502193.053222
004210552131354142420120 2 1202502193.053225
004110552133310442420120 2 1202502193.053333
004110552133311442420120 2 1202502193.053432
004110552133312442420120 2 1202502193.053529
004110552131304442420120 2 1202502193.053632
014415352131314442420120 2 1202502193.053822
004110552131314442420120 2 1202502193.053825
004110552133314442420120 2 1202502193.053923
044415352101354442420120 2 1202502193.053957
004415352131354442420120 2 1202502193.054026
054415352131354442420120 2 1202502193.054027
004110552133315442420120 2 1202502193.054130
011010202134352145420120 2 1202502193.054504
051010202134352145420120 2 1202502193.054505
001015202134352145420120 2 1202502193.054507
011015202134352145420120 2 1202502193.054508
021015202134352145420120 2 1202502193.054509
041015202134352145420120 2 1202502193.054511
051015202134352145420120 2 1202502193.054512
011010202134302545420120 2 1202502193.054516
051010202134302545420120 2 1202502193.054518
011010202134312545420120 2 1202502193.054519
011010202134352545420120 2 1202502193.054521
051010202134352545420120 2 1202502193.054522
011010202030304542420240 1 1202502193.065535
011010202130304542420240 1 1202502193.065536
012010302111304542420240 2 1202502193.065538
011010202131304542420240 2 1202502193.065539
011010202133304542420240 2 1202502193.065541
011010202134304542420240 2 1202502193.065542
011010202135304542420240 1 1202502193.065544
011010202030314542420240 1 1202502193.065545
011010202130314542420240 1 1202502193.065546
012010302111314542420240 2 1202502193.065548
011010202131314542420240 2 1202502193.065550
011010202133314542420240 2 1202502193.065552
011010202134314542420240 2 1202502193.065553
011010202135314542420240 1 1202502193.065554
054110552131304042420521 2 1202502193.070331
054115552131304042420521 2 1202502193.070333
014210552103300442420521 2 1202502193.070415
014210552103301442420521 2 1202502193.070457
014210552103302442420521 2 1202502193.070539
014210552103304442420521 2 1202502193.070646
014110052133314442420521 2 1202502193.070719
014210552103305442420521 2 1202502193.070740
012110222053340442423041 2 1202502193.071939
012110222053341442423041 2 1202502193.071948
012110222053342442423041 2 1202502193.071957
012110222053344442423041 2 1202502193.072008
012110222054320043423041 2 1202502193.072010
012110222054321043423041 2 1202502193.072011
012110222054322043423041 2 1202502193.072012
012110222054324043423041 2 1202502193.072013
012110222054320143423041 2 1202502193.072015
012110222054321143423041 2 1202502193.072016
012110222054322143423041 2 1202502193.072017
012110222054324143423041 2 1202502193.072018
012110222054320243423041 2 1202502193.072020
012110222054321243423041 2 1202502193.072021
012110222054322243423041 2 1202502193.072022
012110222054324243423041 2 1202502193.072023
012110222054320443423041 2 1202502193.072024
012110222054321443423041 2 1202502193.072026
012110222054322443423041 2 1202502193.072027
012110222054324443423041 2 1202502193.072028
012210002153344442423141 2 1202502193.072109
012210002154320043423141 2 1202502193.072110
012210002154321043423141 2 1202502193.072112
012210002154322043423141 2 1202502193.072113
012210002154324043423141 2 1202502193.072114
012210002154320143423141 2 1202502193.072115
012210002154321143423141 2 1202502193.072117
012210002154322143423141 2 1202502193.072118
012210002154324143423141 2 1202502193.072119
012210002154320243423141 2 1202502193.072120
012210002154321243423141 2 1202502193.072122
012210002154322243423141 2 1202502193.072123
012210002154324243423141 2 1202502193.072124
012210002154320443423141 2 1202502193.072125
012210002154321443423141 2 1202502193.072127
012210002154322443423141 2 1202502193.072128
012210002154324443423141 2 1202502193.072129
012210302114300045423202 2 1202502193.072608
011110222034300045423202 2 1202502193.072610
012110222034300045423202 2 1202502193.072611
011110222034301045423202 2 1202502193.072612
012110222034301045423202 2 1202502193.072613
011110222034302045423202 2 1202502193.072615
012110222034302045423202 2 1202502193.072616
011110222034304045423202 2 1202502193.072617
012110222034304045423202 2 1202502193.072618
012110222034300145423202 2 1202502193.072619
012210002134310145423202 2 1202502193.072621
012110222034301145423202 2 1202502193.072622
012210002134311145423202 2 1202502193.072623
012110222034302145423202 2 1202502193.072624
012210002134312145423202 2 1202502193.072626
012110222034304145423202 2 1202502193.072627
012210002134314145423202 2 1202502193.072628
011110222034300245423202 2 1202502193.072629
012110222034300245423202 2 1202502193.072631
012210002134310245423202 2 1202502193.072632
012210202134310245423202 2 1202502193.072633
012210302134310245423202 2 1202502193.072634
012210502134310245423202 2 1202502193.072635
011110222034301245423202 2 1202502193.072637
012110222034301245423202 2 1202502193.072638
012210002134311245423202 2 1202502193.072639
012210202134311245423202 2 1202502193.072640
012210302134311245423202 2 1202502193.072642
012210502134311245423202 2 1202502193.072643
011110222034302245423202 2 1202502193.072644
012110222034302245423202 2 1202502193.072645
012210002134312245423202 2 1202502193.072646
012210202134312245423202 2 1202502193.072648
012210302134312245423202 2 1202502193.072649
012210502134312245423202 2 1202502193.072650
011110222034304245423202 2 1202502193.072651
012110222034304245423202 2 1202502193.072653
012210002134314245423202 2 1202502193.072654
012210202134314245423202 2 1202502193.072655
012210302134314245423202 2 1202502193.072656
012210502134314245423202 2 1202502193.072658
012110222034300445423202 2 1202502193.072659
012110222034301445423202 2 1202502193.072700
012110222034302445423202 2 1202502193.072701
012110222034304445423202 2 1202502193.072703
014410352101304042420524 2 1202502193.104255
014510352101304042420524 2 1202502193.104256
014410352101314042420524 2 1202502193.104309
014510352101314042420524 2 1202502193.104310
014210352101304242420524 2 1202502193.104329
014410352101304242420524 2 1202502193.104330
014210352101314242420524 2 1202502193.104333
014510352101314242420524 2 1202502193.104334
014210052103301442420524 2 1202502193.104403
014410052103301442420524 2 1202502193.104404
014210252103301442420524 2 1202502193.104405
014210052113301442420524 2 1202502193.104407
014410052113301442420524 2 1202502193.104408
014210052103311442420524 2 1202502193.104412
014210252103311442420524 2 1202502193.104413
014210052113311442420524 2 1202502193.104416
014210352101304442420524 2 1202502193.104455
014210052103304442420524 2 1202502193.104503
014210252103304442420524 2 1202502193.104505
014210352103304442420524 2 1202502193.104507
014210552103304442420524 2 1202502193.104508
014210052113304442420524 2 1202502193.104510
014210352101314442420524 2 1202502193.104521
014410352101314442420524 2 1202502193.104522
014510352101314442420524 2 1202502193.104523
014110552103314442420524 2 1202502193.104538
011410252133314442420524 2 1202502193.104554
014210352101314542420524 2 1202502193.104642
012110222053340442423044 2 1202502193.105708
012110222053341442423044 2 1202502193.105725
012110222053342442423044 2 1202502193.105742
012110222053344442423044 2 1202502193.105754
012110222054320043423044 2 1202502193.105757
012110222054321043423044 2 1202502193.105758
012110222054322043423044 2 1202502193.105759
012110222054324043423044 2 1202502193.105800
012110222054320143423044 2 1202502193.105801
012110222054321143423044 2 1202502193.105802
012110222054322143423044 2 1202502193.105803
012110222054324143423044 2 1202502193.105804
012110222054320243423044 2 1202502193.105805
012110222054321243423044 2 1202502193.105807
012110222054322243423044 2 1202502193.105808
012110222054324243423044 2 1202502193.105809
012110222054320443423044 2 1202502193.105810
012110222054321443423044 2 1202502193.105811
012110222054322443423044 2 1202502193.105812
012110222054324443423044 2 1202502193.105813
011010222030354442420154 1 1202502193.110432
011010222030304542420154 1 1202502193.110444
011010222030314542420154 1 1202502193.110445
011010222030354542420154 1 1202502193.110446
012510252134302140420215 2 1202502193.110502
012210252134312140420215 1 1202502193.110506
012210252134312240420215 1 1202502193.110511
014510252130304042420215 1 1202502193.110531
014510252131304042420215 2 1202502193.110535
014510252133304042420215 2 1202502193.110538
014510252134304042420215 2 1202502193.110541
014510252135304042420215 1 1202502193.110604
014510252130302442420215 1 1202502193.110649
014510252130304442420215 1 1202502193.110701
014510252131304442420215 2 1202502193.110704
014510252133304442420215 2 1202502193.110708
014510252134304442420215 2 1202502193.110712
014510252135304442420215 1 1202502193.110735
