001215252130304042420500 1 1202502193.050010
001115202135304042420500 2 1202502193.050014
012110222053340442423020 2 1202502193.050844
012110222053341442423020 2 1202502193.050855
012110222053342442423020 2 1202502193.050905
011110222053344442423020 2 1202502193.050919
012110222053344442423020 2 1202502193.050921
011110222054320043423020 2 1202502193.050922
012110222054320043423020 2 1202502193.050924
011110222054321043423020 2 1202502193.050925
012110222054321043423020 2 1202502193.050927
011110222054322043423020 2 1202502193.050928
012110222054322043423020 2 1202502193.050930
011110222054324043423020 2 1202502193.050931
012110222054324043423020 2 1202502193.050932
011110222054320143423020 2 1202502193.050934
012110222054320143423020 2 1202502193.050935
011110222054321143423020 2 1202502193.050937
012110222054321143423020 2 1202502193.050938
011110222054322143423020 2 1202502193.050940
012110222054322143423020 2 1202502193.050941
011110222054324143423020 2 1202502193.050943
012110222054324143423020 2 1202502193.050944
011110222054320243423020 2 1202502193.050946
012110222054320243423020 2 1202502193.050947
011110222054321243423020 2 1202502193.050949
012110222054321243423020 2 1202502193.050950
011110222054322243423020 2 1202502193.050952
012110222054322243423020 2 1202502193.050953
011110222054324243423020 2 1202502193.050955
012110222054324243423020 2 1202502193.050956
011110222054320443423020 2 1202502193.050958
012110222054320443423020 2 1202502193.050959
011110222054321443423020 2 1202502193.051001
012110222054321443423020 2 1202502193.051002
011110222054322443423020 2 1202502193.051004
012110222054322443423020 2 1202502193.051005
011110222054324443423020 2 1202502193.051007
012110222054324443423020 2 1202502193.051008
012210302114300045423240 2 1202502193.053511
011110222034300045423240 2 1202502193.053513
012110222034300045423240 2 1202502193.053514
011110222034301045423240 2 1202502193.053515
012110222034301045423240 2 1202502193.053517
011110222034302045423240 2 1202502193.053518
012110222034302045423240 2 1202502193.053519
011110222034304045423240 2 1202502193.053520
012110222034304045423240 2 1202502193.053522
012110222034300145423240 2 1202502193.053523
012210002134310145423240 2 1202502193.053524
012110222034301145423240 2 1202502193.053526
012210002134311145423240 2 1202502193.053527
012110222034302145423240 2 1202502193.053528
012210002134312145423240 2 1202502193.053530
012110222034304145423240 2 1202502193.053531
012210002134314145423240 2 1202502193.053532
011110222034300245423240 2 1202502193.053534
012110222034300245423240 2 1202502193.053535
012210002134310245423240 2 1202502193.053536
012210202134310245423240 2 1202502193.053537
012210302134310245423240 2 1202502193.053539
012210502134310245423240 2 1202502193.053540
011110222034301245423240 2 1202502193.053541
012110222034301245423240 2 1202502193.053543
012210002134311245423240 2 1202502193.053544
012210202134311245423240 2 1202502193.053545
012210302134311245423240 2 1202502193.053547
012210502134311245423240 2 1202502193.053548
011110222034302245423240 2 1202502193.053549
012110222034302245423240 2 1202502193.053551
012210002134312245423240 2 1202502193.053552
012210202134312245423240 2 1202502193.053553
012210302134312245423240 2 1202502193.053555
012210502134312245423240 2 1202502193.053556
011110222034304245423240 2 1202502193.053557
012110222034304245423240 2 1202502193.053559
012210002134314245423240 2 1202502193.053600
012210202134314245423240 2 1202502193.053601
012210302134314245423240 2 1202502193.053603
012210502134314245423240 2 1202502193.053604
012110222034300445423240 2 1202502193.053605
012110222034301445423240 2 1202502193.053607
012110222034302445423240 2 1202502193.053608
012110222034304445423240 2 1202502193.053609
012210002153340442423112 2 1202502193.061111
012210202153340442423112 2 1202502193.061113
012210302153340442423112 2 1202502193.061114
012210502153340442423112 2 1202502193.061115
012210002153341442423112 2 1202502193.061124
012210202153341442423112 2 1202502193.061126
012210302153341442423112 2 1202502193.061127
012210502153341442423112 2 1202502193.061128
012210002153342442423112 2 1202502193.061137
012210202153342442423112 2 1202502193.061139
012210302153342442423112 2 1202502193.061140
012210502153342442423112 2 1202502193.061141
012210302151344442423112 2 1202502193.061154
012210002153344442423112 2 1202502193.061155
012210202153344442423112 2 1202502193.061156
012210302153344442423112 2 1202502193.061158
012210502153344442423112 2 1202502193.061159
012210002154320043423112 2 1202502193.061200
012210202154320043423112 2 1202502193.061202
012210302154320043423112 2 1202502193.061203
012210502154320043423112 2 1202502193.061204
012210002154321043423112 2 1202502193.061206
012210202154321043423112 2 1202502193.061207
012210302154321043423112 2 1202502193.061208
012210502154321043423112 2 1202502193.061210
012210002154322043423112 2 1202502193.061211
012210202154322043423112 2 1202502193.061212
012210302154322043423112 2 1202502193.061214
012210502154322043423112 2 1202502193.061215
012210002154324043423112 2 1202502193.061216
012210202154324043423112 2 1202502193.061218
012210302154324043423112 2 1202502193.061219
012210502154324043423112 2 1202502193.061220
012210002154320143423112 2 1202502193.061222
012210202154320143423112 2 1202502193.061223
012210302154320143423112 2 1202502193.061224
012210502154320143423112 2 1202502193.061226
012210002154321143423112 2 1202502193.061227
012210202154321143423112 2 1202502193.061228
012210302154321143423112 2 1202502193.061230
012210502154321143423112 2 1202502193.061231
012210002154322143423112 2 1202502193.061232
012210202154322143423112 2 1202502193.061234
012210302154322143423112 2 1202502193.061235
012210502154322143423112 2 1202502193.061236
012210002154324143423112 2 1202502193.061238
012210202154324143423112 2 1202502193.061239
012210302154324143423112 2 1202502193.061240
012210502154324143423112 2 1202502193.061242
012210002154320243423112 2 1202502193.061243
012210202154320243423112 2 1202502193.061244
012210302154320243423112 2 1202502193.061246
012210502154320243423112 2 1202502193.061247
012210002154321243423112 2 1202502193.061249
012210202154321243423112 2 1202502193.061250
012210302154321243423112 2 1202502193.061251
012210502154321243423112 2 1202502193.061253
012210002154322243423112 2 1202502193.061254
012210202154322243423112 2 1202502193.061255
012210302154322243423112 2 1202502193.061257
012210502154322243423112 2 1202502193.061258
012210002154324243423112 2 1202502193.061259
012210202154324243423112 2 1202502193.061301
012210302154324243423112 2 1202502193.061302
012210502154324243423112 2 1202502193.061303
012210002154320443423112 2 1202502193.061305
012210202154320443423112 2 1202502193.061306
012210302154320443423112 2 1202502193.061307
012210502154320443423112 2 1202502193.061309
012210002154321443423112 2 1202502193.061310
012210202154321443423112 2 1202502193.061311
012210302154321443423112 2 1202502193.061313
012210502154321443423112 2 1202502193.061314
012210002154322443423112 2 1202502193.061315
012210202154322443423112 2 1202502193.061317
012210302154322443423112 2 1202502193.061318
012210502154322443423112 2 1202502193.061319
012210002154324443423112 2 1202502193.061321
012210202154324443423112 2 1202502193.061322
012210302154324443423112 2 1202502193.061323
012210502154324443423112 2 1202502193.061325
012210302114300045423212 2 1202502193.061341
011110222034300045423212 2 1202502193.061342
012110222034300045423212 2 1202502193.061344
011110222034301045423212 2 1202502193.061345
012110222034301045423212 2 1202502193.061346
011110222034302045423212 2 1202502193.061348
012110222034302045423212 2 1202502193.061349
011110222034304045423212 2 1202502193.061350
012110222034304045423212 2 1202502193.061352
012110222034300145423212 2 1202502193.061353
012210002134310145423212 2 1202502193.061354
012110222034301145423212 2 1202502193.061356
012210002134311145423212 2 1202502193.061357
012110222034302145423212 2 1202502193.061358
012210002134312145423212 2 1202502193.061400
012110222034304145423212 2 1202502193.061401
012210002134314145423212 2 1202502193.061402
011110222034300245423212 2 1202502193.061404
012110222034300245423212 2 1202502193.061405
012210002134310245423212 2 1202502193.061406
012210202134310245423212 2 1202502193.061408
012210302134310245423212 2 1202502193.061409
012210502134310245423212 2 1202502193.061410
011110222034301245423212 2 1202502193.061412
012110222034301245423212 2 1202502193.061413
012210002134311245423212 2 1202502193.061414
012210202134311245423212 2 1202502193.061415
012210302134311245423212 2 1202502193.061417
012210502134311245423212 2 1202502193.061418
011110222034302245423212 2 1202502193.061419
012110222034302245423212 2 1202502193.061421
012210002134312245423212 2 1202502193.061422
012210202134312245423212 2 1202502193.061423
012210302134312245423212 2 1202502193.061425
012210502134312245423212 2 1202502193.061426
011110222034304245423212 2 1202502193.061427
012110222034304245423212 2 1202502193.061429
012210002134314245423212 2 1202502193.061430
012210202134314245423212 2 1202502193.061431
012210302134314245423212 2 1202502193.061433
012210502134314245423212 2 1202502193.061434
012110222034300445423212 2 1202502193.061436
012110222034301445423212 2 1202502193.061437
012110222034302445423212 2 1202502193.061438
012110222034304445423212 2 1202502193.061440
051210202134352240420122 1 1202502193.061448
051110552131304042420122 2 1202502193.061547
011210552131304042420122 2 1202502193.061549
051210552131304042420122 2 1202502193.061550
051510552131304042420122 2 1202502193.061552
051110552131304142420122 2 1202502193.061830
051510552131304142420122 2 1202502193.061832
011210552131314142420122 2 1202502193.061854
051510552131314142420122 2 1202502193.061856
011110552133310442420122 2 1202502193.062042
051110552133310442420122 2 1202502193.062043
011210552133310442420122 2 1202502193.062045
051210552133310442420122 2 1202502193.062046
051510552133310442420122 2 1202502193.062048
011110552133311442420122 2 1202502193.062151
051110552133311442420122 2 1202502193.062152
011210552133311442420122 2 1202502193.062154
051210552133311442420122 2 1202502193.062155
051510552133311442420122 2 1202502193.062157
011110552133312442420122 2 1202502193.062255
051110552133312442420122 2 1202502193.062257
011210552133312442420122 2 1202502193.062258
051210552133312442420122 2 1202502193.062259
051510552133312442420122 2 1202502193.062301
051110552131304442420122 2 1202502193.062341
051210552131304442420122 2 1202502193.062342
051510552131304442420122 2 1202502193.062344
011110552131314442420122 2 1202502193.062442
051110552131314442420122 2 1202502193.062443
011210552131314442420122 2 1202502193.062444
011110552133314442420122 2 1202502193.062530
051110552133314442420122 2 1202502193.062531
011210552133314442420122 2 1202502193.062533
051210552133314442420122 2 1202502193.062534
051510552133314442420122 2 1202502193.062536
011110552133315442420122 2 1202502193.062707
051110552133315442420122 2 1202502193.062708
011210552133315442420122 2 1202502193.062710
051210552133315442420122 2 1202502193.062711
051510552133315442420122 2 1202502193.062713
041010252530304542420122 1 1202502193.062733
051210552131314542420122 2 1202502193.062901
051015202134302045420122 1 1202502193.062942
051210202134312045420122 2 1202502193.062946
051010202134352045420122 1 1202502193.062953
051210202134352045420122 2 1202502193.062955
001115202134352045420122 1 1202502193.062957
051015202134302145420122 2 1202502193.063010
001015202134312145420122 1 1202502193.063013
011015202134312145420122 1 1202502193.063014
021015202134312145420122 1 1202502193.063015
041015202134312145420122 1 1202502193.063017
051015202134312145420122 1 1202502193.063018
001015202134312245420122 1 1202502193.063028
011015202134312245420122 1 1202502193.063030
021015202134312245420122 1 1202502193.063031
041015202134312245420122 1 1202502193.063032
051015202134312245420122 1 1202502193.063033
001115202134312245420122 1 1202502193.063035
051115202134312245420122 1 1202502193.063036
051210202134352245420122 1 1202502193.063040
001115202134352245420122 1 1202502193.063043
014110552103310442420222 2 1202502193.063203
014110552103314442420222 2 1202502193.063327
014110552103305442420222 2 1202502193.063348
012110222035300042423424 2 1202502193.073157
012110222035301042423424 2 1202502193.073158
012110222035302042423424 2 1202502193.073159
012110222035304042423424 2 1202502193.073200
012110222035300142423424 2 1202502193.073204
012110222035301142423424 2 1202502193.073206
012110222035302142423424 2 1202502193.073207
012110222035304142423424 2 1202502193.073208
011110222035300242423424 2 1202502193.073209
012110222035300242423424 2 1202502193.073211
012210002135310242423424 2 1202502193.073212
012210202135310242423424 2 1202502193.073213
012210302135310242423424 2 1202502193.073214
012210502135310242423424 2 1202502193.073216
011110222035301242423424 2 1202502193.073217
012110222035301242423424 2 1202502193.073218
012210002135311242423424 2 1202502193.073219
012210202135311242423424 2 1202502193.073221
012210302135311242423424 2 1202502193.073222
012210502135311242423424 2 1202502193.073223
011110222035302242423424 2 1202502193.073224
012110222035302242423424 2 1202502193.073226
012210002135312242423424 2 1202502193.073227
012210202135312242423424 2 1202502193.073228
012210302135312242423424 2 1202502193.073230
012210502135312242423424 2 1202502193.073231
011110222035304242423424 2 1202502193.073232
012110222035304242423424 2 1202502193.073233
012210002135314242423424 2 1202502193.073235
012210202135314242423424 2 1202502193.073236
012210302135314242423424 2 1202502193.073237
012210502135314242423424 2 1202502193.073238
012110222035300442423424 2 1202502193.073240
012110222035301442423424 2 1202502193.073244
012110222035302442423424 2 1202502193.073247
012110222035304442423424 2 1202502193.073250
014510352111304042420125 2 1202502193.074045
014415352111304042420125 2 1202502193.074048
054415352111304042420125 2 1202502193.074049
014515352111304042420125 2 1202502193.074050
054415352131304042420125 2 1202502193.074109
011110552131304042420125 2 1202502193.074111
051110552131304042420125 2 1202502193.074112
051210552131304042420125 2 1202502193.074114
051510552131304042420125 2 1202502193.074116
014415352111314042420125 2 1202502193.074244
054415352111314042420125 2 1202502193.074245
004515352111314042420125 2 1202502193.074247
014515352111314042420125 2 1202502193.074248
024515352111314042420125 2 1202502193.074249
044515352111314042420125 2 1202502193.074251
054515352111314042420125 2 1202502193.074252
051510552131314042420125 2 1202502193.074326
014510352111354042420125 2 1202502193.074413
054510352111354042420125 2 1202502193.074414
014415352111354042420125 2 1202502193.074418
054415352111354042420125 2 1202502193.074419
004515352111354042420125 2 1202502193.074421
014515352111354042420125 2 1202502193.074422
024515352111354042420125 2 1202502193.074423
044515352111354042420125 2 1202502193.074425
054515352111354042420125 2 1202502193.074426
051110552131304142420125 2 1202502193.074541
051510552131304142420125 2 1202502193.074544
011210552131314142420125 2 1202502193.074632
051210552131314142420125 2 1202502193.074633
051510552131314142420125 2 1202502193.074635
011110552133310442420125 2 1202502193.074817
051110552133310442420125 2 1202502193.074818
011210552133310442420125 2 1202502193.074819
051210552133310442420125 2 1202502193.074820
011510552133310442420125 2 1202502193.074823
051510552133310442420125 2 1202502193.074824
011110552133311442420125 2 1202502193.074924
051110552133311442420125 2 1202502193.074926
011210552133311442420125 2 1202502193.074927
051210552133311442420125 2 1202502193.074928
011510552133311442420125 2 1202502193.074930
051510552133311442420125 2 1202502193.074932
011110552133312442420125 2 1202502193.075020
051110552133312442420125 2 1202502193.075021
011210552133312442420125 2 1202502193.075023
051210552133312442420125 2 1202502193.075024
011510552133312442420125 2 1202502193.075026
051510552133312442420125 2 1202502193.075028
014510352111304442420125 2 1202502193.075116
054510352111304442420125 2 1202502193.075118
014415352111304442420125 2 1202502193.075123
054415352111304442420125 2 1202502193.075124
014515352111304442420125 2 1202502193.075126
054515352111304442420125 2 1202502193.075127
054515352131304442420125 2 1202502193.075153
051110552131304442420125 2 1202502193.075156
051210552131304442420125 2 1202502193.075158
051510552131304442420125 2 1202502193.075200
054510352111314442420125 2 1202502193.075308
011110552131314442420125 2 1202502193.075339
051110552131314442420125 2 1202502193.075341
011210552131314442420125 2 1202502193.075342
051210552131314442420125 2 1202502193.075344
051510552131314442420125 2 1202502193.075347
011110552133314442420125 2 1202502193.075428
051110552133314442420125 2 1202502193.075430
011210552133314442420125 2 1202502193.075431
051210552133314442420125 2 1202502193.075432
011510552133314442420125 2 1202502193.075435
051510552133314442420125 2 1202502193.075436
011110552133315442420125 2 1202502193.075629
051110552133315442420125 2 1202502193.075630
011210552133315442420125 2 1202502193.075631
051210552133315442420125 2 1202502193.075632
011510552133315442420125 2 1202502193.075635
051510552133315442420125 2 1202502193.075636
051510552131304542420125 2 1202502193.075818
011210552131314542420125 2 1202502193.075942
051210552131314542420125 2 1202502193.075944
051510552131314542420125 2 1202502193.075947
014510352111304042420225 2 1202502193.080056
014510352111304442420225 2 1202502193.080256
