014410352101304042420420 2 1202501315.172153
052110552131314142420420 2 1202501315.172215
014410352101314242420420 2 1202501315.172230
014410052113300442420420 2 1202501315.172243
014410052113310442420420 2 1202501315.172255
014110052103301442420420 2 1202501315.172311
014410252103301442420420 2 1202501315.172315
014110052113301442420420 2 1202501315.172319
014110052103311442420420 2 1202501315.172324
014410252103311442420420 2 1202501315.172331
014110052113311442420420 2 1202501315.172334
014110052133311442420420 2 1202501315.172337
014410352101304442420420 2 1202501315.172342
014410352111304442420420 2 1202501315.172345
014410052113304442420420 2 1202501315.172356
014410352101314442420420 2 1202501315.172405
014110052103314442420420 2 1202501315.172413
014210052103314442420420 2 1202501315.172416
014410052103314442420420 2 1202501315.172418
014210252103314442420420 2 1202501315.172421
014410252103314442420420 2 1202501315.172424
014210352103314442420420 2 1202501315.172427
014410352103314442420420 2 1202501315.172430
014210552103314442420420 2 1202501315.172433
014410552103314442420420 2 1202501315.172437
014110052113314442420420 2 1202501315.172441
014210052113314442420420 2 1202501315.172445
014410052113314442420420 2 1202501315.172448
054110052133314442420420 2 1202501315.172454
014210352101304542420420 2 1202501315.172523
014410352101304542420420 2 1202501315.172526
011115222053310442420540 2 1202501315.172652
011115222053350442420540 2 1202501315.172703
011115222053311442420540 2 1202501315.172715
011115222053351442420540 2 1202501315.172729
011115222053352442420540 2 1202501315.172749
011115222053314442420540 2 1202501315.172806
011115222053354442420540 2 1202501315.172818
011115222053315442420540 2 1202501315.172834
011115222053355442420540 2 1202501315.172845
014515252130304142420011 1 1202501315.172914
014515252130354242420011 1 1202501315.172928
014515252130352442420011 1 1202501315.172953
014515252130354442420011 1 1202501315.173008
014515252130314542420011 1 1202501315.173027
014515252130354542420011 1 1202501315.173031
011410252143340245420211 2 1202501315.173051
012410502113311442420242 2 1202501315.173324
012410502153311442420242 2 1202501315.173326
014215252130314142420014 1 1202501315.173555
014110552103314442420220 2 1202501315.172200
014410352101304042420524 2 1202501315.172749
014410352101314042420524 2 1202501315.172755
014510352101314042420524 2 1202501315.172757
014210352101304242420524 2 1202501315.172803
014410352101304242420524 2 1202501315.172805
014210052103301442420524 2 1202501315.172825
014410052103301442420524 2 1202501315.172828
014210252103301442420524 2 1202501315.172830
014210052113301442420524 2 1202501315.172833
014410052113301442420524 2 1202501315.172836
014210052103311442420524 2 1202501315.172840
014210252103311442420524 2 1202501315.172843
014210052113311442420524 2 1202501315.172848
014210352101304442420524 2 1202501315.172855
014110552103314442420524 2 1202501315.172928
014210352101314542420524 2 1202501315.172943
052110002131304142420440 2 1202501315.172215
004510222503300442420111 2 1202501315.172310
004510222503310442420111 2 1202501315.172315
004510222503301442420111 2 1202501315.172321
004510222503311442420111 2 1202501315.172326
004510222503302442420111 2 1202501315.172331
004510222503304442420111 2 1202501315.172335
004510222503314442420111 2 1202501315.172339
004510222503305442420111 2 1202501315.172344
004510222503315442420111 2 1202501315.172347
014510252130300042420412 1 1202501315.172438
014510252130310042420412 1 1202501315.172440
014510252130320042420412 1 1202501315.172443
014510252130340042420412 1 1202501315.172446
014510252130350042420412 1 1202501315.172450
014510252130302042420412 1 1202501315.172452
014510252130300142420412 1 1202501315.172507
014510252130310142420412 1 1202501315.172510
014510252130320142420412 1 1202501315.172513
014510252130340142420412 1 1202501315.172516
014510252130350142420412 1 1202501315.172519
014510252130304142420412 2 1202501315.172523
014510252130314142420412 1 1202501315.172530
014510252130300242420412 1 1202501315.172533
014510252130310242420412 1 1202501315.172536
014510252130320242420412 1 1202501315.172538
014510252130340242420412 1 1202501315.172541
014510252130350242420412 1 1202501315.172544
004110552103300442420022 2 1202501315.172557
004115552103300442420022 2 1202501315.172600
004110552103310442420022 2 1202501315.172605
004110552103350442420022 2 1202501315.172609
004110552103301442420022 2 1202501315.172615
004115552103301442420022 2 1202501315.172618
004110552103311442420022 2 1202501315.172622
004110552103351442420022 2 1202501315.172627
004110552103302442420022 2 1202501315.172632
004115552103302442420022 2 1202501315.172635
004110552103352442420022 2 1202501315.172641
004110552103304442420022 2 1202501315.172646
004115552103304442420022 2 1202501315.172649
004110552103314442420022 2 1202501315.172655
004110552103354442420022 2 1202501315.172700
004110552103305442420022 2 1202501315.172705
004115552103305442420022 2 1202501315.172708
004110552103355442420022 2 1202501315.172714
002415302151314042420142 2 1202501315.172737
012415302151314042420142 2 1202501315.172739
042415302151314042420142 2 1202501315.172742
042415302151354042420142 2 1202501315.172758
042515302151354042420142 2 1202501315.172801
051410202135314142420142 1 1202501315.172823
042215302151314242420142 2 1202501315.172846
042415302151314242420142 2 1202501315.172850
042215302151354242420142 2 1202501315.172903
002415302151354242420142 2 1202501315.172906
042415302151354242420142 2 1202501315.172908
042115502113310442420142 2 1202501315.172925
042415502113310442420142 2 1202501315.172927
042415002153310442420142 2 1202501315.172935
042415202153310442420142 2 1202501315.172938
042415302153310442420142 2 1202501315.172940
042415502153310442420142 2 1202501315.172942
012415502113301442420142 2 1202501315.172947
012415502153301442420142 2 1202501315.172951
042115502113311442420142 2 1202501315.172953
002415502113311442420142 2 1202501315.172956
042415502113311442420142 2 1202501315.172958
042115002153311442420142 2 1202501315.173007
042115202153311442420142 2 1202501315.173009
002415202153311442420142 2 1202501315.173011
042415202153311442420142 2 1202501315.173014
002415502153311442420142 2 1202501315.173017
042415502153311442420142 2 1202501315.173020
042115502113351442420142 2 1202501315.173023
002415502113351442420142 2 1202501315.173025
042415502113351442420142 2 1202501315.173027
042115202153351442420142 2 1202501315.173035
002415202153351442420142 2 1202501315.173038
042415202153351442420142 2 1202501315.173040
002415502153351442420142 2 1202501315.173044
042415502153351442420142 2 1202501315.173046
042415302151314442420142 2 1202501315.173110
042415502113314442420142 2 1202501315.173116
042515502113314442420142 2 1202501315.173119
042415002153314442420142 2 1202501315.173129
042515002153314442420142 2 1202501315.173131
042115202153314442420142 2 1202501315.173134
042415202153314442420142 2 1202501315.173137
042515202153314442420142 2 1202501315.173139
042415302153314442420142 2 1202501315.173142
042515302153314442420142 2 1202501315.173145
042115502153314442420142 2 1202501315.173147
042415502153314442420142 2 1202501315.173150
042515502153314442420142 2 1202501315.173152
002415302151354442420142 2 1202501315.173204
042415302151354442420142 2 1202501315.173206
042115002153354442420142 2 1202501315.173220
042115202153354442420142 2 1202501315.173225
021115202143345240420114 2 1202501315.173417
012215202035354042420415 1 1202501315.173537
014410252130304442420410 2 1202501315.172255
014410252131304442420410 2 1202501315.172258
014410252133304442420410 2 1202501315.172300
014410252134304442420410 2 1202501315.172303
014410252135304442420410 1 1202501315.172307
051110202135304042420140 1 1202501315.172449
041115202130314042420140 1 1202501315.172452
041215202130314042420140 1 1202501315.172454
042215302111314042420140 2 1202501315.172457
041215202131314042420140 2 1202501315.172459
012415302151314042420140 2 1202501315.172502
041215202133314042420140 2 1202501315.172505
041215202134314042420140 2 1202501315.172507
051110202135314042420140 1 1202501315.172511
041215202135314042420140 2 1202501315.172513
012415302151354042420140 2 1202501315.172517
041215202135354042420140 1 1202501315.172520
041215202135305042420140 1 1202501315.172522
041215202135315042420140 1 1202501315.172525
041215202135325042420140 1 1202501315.172527
041215202135345042420140 1 1202501315.172530
041215202135355042420140 1 1202501315.172532
041215202135314142420140 1 1202501315.172537
051110202135354142420140 1 1202501315.172541
041215202135354142420140 2 1202501315.172544
041215202135305142420140 1 1202501315.172546
041215202135315142420140 1 1202501315.172549
041215202135325142420140 1 1202501315.172551
041215202135345142420140 1 1202501315.172554
041215202135355142420140 1 1202501315.172556
051110202135304242420140 1 1202501315.172600
041215202135305242420140 1 1202501315.172608
041215202135315242420140 1 1202501315.172611
041215202135325242420140 1 1202501315.172613
041215202135345242420140 1 1202501315.172616
041215202135355242420140 1 1202501315.172618
042215302113310442420140 2 1202501315.172621
042115502113310442420140 2 1202501315.172624
042115502153310442420140 2 1202501315.172631
042215302113311442420140 2 1202501315.172635
042115502113311442420140 2 1202501315.172637
012415502113311442420140 2 1202501315.172640
012415202153311442420140 2 1202501315.172645
042115502153311442420140 2 1202501315.172649
012415502153311442420140 2 1202501315.172651
051110202135302442420140 1 1202501315.172655
042215302113312442420140 2 1202501315.172657
042115502113312442420140 2 1202501315.172700
042115502153312442420140 2 1202501315.172707
051110202135304442420140 1 1202501315.172711
042215302113314442420140 2 1202501315.172717
042115502113314442420140 2 1202501315.172719
012415502113314442420140 2 1202501315.172722
012415002153314442420140 2 1202501315.172727
012415202153314442420140 2 1202501315.172730
012415302153314442420140 2 1202501315.172733
042115502153314442420140 2 1202501315.172736
012415502153314442420140 2 1202501315.172738
041215202135305442420140 1 1202501315.172744
042215302113315442420140 2 1202501315.172746
042115502113315442420140 2 1202501315.172749
042115502153315442420140 2 1202501315.172757
041215202135315442420140 1 1202501315.172800
041215202135325442420140 1 1202501315.172803
041215202135345442420140 1 1202501315.172805
041215202135355442420140 1 1202501315.172808
041215202135352542420140 1 1202501315.172810
002415302151314542420140 2 1202501315.172814
041215202135305542420140 1 1202501315.172819
041215202135315542420140 1 1202501315.172822
041215202135325542420140 1 1202501315.172824
041215202135345542420140 1 1202501315.172826
041215202135355542420140 1 1202501315.172829
012510302151304442420444 2 1202501315.173352
044415352101354442420120 2 1202501315.172305
014510252130300442420412 1 1202501315.172619
014510252130310442420412 1 1202501315.172622
014510252130320442420412 1 1202501315.172625
014510252130340442420412 1 1202501315.172628
014510252130350442420412 1 1202501315.172632
014510252130300542420412 1 1202501315.172646
014510252130310542420412 1 1202501315.172649
014510252130320542420412 1 1202501315.172651
014510252130340542420412 1 1202501315.172654
014510252130350542420412 1 1202501315.172656
014510252130304542420412 1 1202501315.172701
014510252130314542420412 2 1202501315.172706
014510252131314542420412 2 1202501315.172709
014510252133314542420412 2 1202501315.172712
014510252134314542420412 2 1202501315.172714
014510252135314542420412 1 1202501315.172717
042515002131314142420021 2 1202501315.172335
044515552131354142420021 2 1202501315.172338
014110052133301442420021 2 1202501315.172354
014110052133311442420021 2 1202501315.172400
014110052133314442420021 2 1202501315.172426
042215502113310442420141 2 1202501315.172807
042215002133310442420141 2 1202501315.172812
022415002153310442420141 2 1202501315.172819
042115502153310442420141 2 1202501315.172822
022415502153310442420141 2 1202501315.172824
042415502153310442420141 2 1202501315.172827
022215002153350442420141 2 1202501315.172832
042415502153350442420141 2 1202501315.172835
012115502133301442420141 2 1202501315.172841
022115502113311442420141 2 1202501315.172851
042115502113311442420141 2 1202501315.172853
042215502113311442420141 2 1202501315.172856
042415502113311442420141 2 1202501315.172859
042515502113311442420141 2 1202501315.172902
042215002133311442420141 2 1202501315.172905
042115502133311442420141 2 1202501315.172909
052115502133311442420141 2 1202501315.172912
042415502133311442420141 2 1202501315.172915
052415502133311442420141 2 1202501315.172917
042515502133311442420141 2 1202501315.172921
022415002153311442420141 2 1202501315.172928
022115502153311442420141 2 1202501315.172930
042115502153311442420141 2 1202501315.172932
042215502153311442420141 2 1202501315.172935
042415502153311442420141 2 1202501315.172938
042515502153311442420141 2 1202501315.172941
042415502113351442420141 2 1202501315.172947
042515502113351442420141 2 1202501315.172949
012115502133351442420141 2 1202501315.172952
052115502133351442420141 2 1202501315.172954
042415502133351442420141 2 1202501315.172957
042515502153351442420141 2 1202501315.173001
042215002133312442420141 2 1202501315.173012
042215002131314442420141 2 1202501315.173030
042115502113314442420141 2 1202501315.173035
042215502113314442420141 2 1202501315.173038
042415502113314442420141 2 1202501315.173041
042515502113314442420141 2 1202501315.173043
042215002133314442420141 2 1202501315.173048
012115502133314442420141 2 1202501315.173052
042115502133314442420141 2 1202501315.173054
052115502133314442420141 2 1202501315.173056
042415502133314442420141 2 1202501315.173101
052415502133314442420141 2 1202501315.173104
022115002153314442420141 2 1202501315.173114
042115002153314442420141 2 1202501315.173116
022215002153314442420141 2 1202501315.173118
002415002153314442420141 2 1202501315.173121
022415002153314442420141 2 1202501315.173123
022515002153314442420141 2 1202501315.173125
042115502153314442420141 2 1202501315.173128
042215502153314442420141 2 1202501315.173130
042415502153314442420141 2 1202501315.173133
042515502153314442420141 2 1202501315.173136
042215002133354442420141 2 1202501315.173153
022415002153305442420141 2 1202501315.173210
042215002133315442420141 2 1202501315.173223
042115002153315442420141 2 1202501315.173230
022215002153315442420141 2 1202501315.173232
042115502153315442420141 2 1202501315.173235
042415002131304542420141 2 1202501315.173253
014110052133311442420024 2 1202501315.173655
014110052133314442420024 2 1202501315.173712
042515302151354042420144 2 1202501315.173815
042215302151314242420144 2 1202501315.173948
042515302151314242420144 2 1202501315.173951
042215302151354242420144 2 1202501315.174010
002415302151354242420144 2 1202501315.174012
042415302151354242420144 2 1202501315.174014
042115502113310442420144 2 1202501315.174052
042115502113311442420144 2 1202501315.174101
042115202153311442420144 2 1202501315.174106
042515202153311442420144 2 1202501315.174108
042115502153311442420144 2 1202501315.174110
042115502113351442420144 2 1202501315.174114
042215502113351442420144 2 1202501315.174116
002415502113351442420144 2 1202501315.174118
042415502113351442420144 2 1202501315.174120
042115202153351442420144 2 1202501315.174125
042215202153351442420144 2 1202501315.174127
042415202153351442420144 2 1202501315.174129
042515202153351442420144 2 1202501315.174131
042115502153351442420144 2 1202501315.174133
042215502153351442420144 2 1202501315.174135
002415502153351442420144 2 1202501315.174137
042415502153351442420144 2 1202501315.174139
042215302151314442420144 2 1202501315.174155
042415302151314442420144 2 1202501315.174158
042515302151314442420144 2 1202501315.174200
042115502113314442420144 2 1202501315.174204
042515502113314442420144 2 1202501315.174207
042115002153314442420144 2 1202501315.174217
042515002153314442420144 2 1202501315.174220
042115202153314442420144 2 1202501315.174222
042515202153314442420144 2 1202501315.174225
042515302153314442420144 2 1202501315.174228
042115502153314442420144 2 1202501315.174230
042515502153314442420144 2 1202501315.174233
041515202130354442420144 1 1202501315.174243
042515302111354442420144 2 1202501315.174246
041515202131354442420144 2 1202501315.174251
042215302151354442420144 2 1202501315.174256
042415302151354442420144 2 1202501315.174258
042515302151354442420144 2 1202501315.174300
042215502113354442420144 2 1202501315.174306
042515502113354442420144 2 1202501315.174308
041515202133354442420144 2 1202501315.174313
042115002153354442420144 2 1202501315.174319
042215002153354442420144 2 1202501315.174321
042115202153354442420144 2 1202501315.174325
042215202153354442420144 2 1202501315.174327
042215302153354442420144 2 1202501315.174330
042115502153354442420144 2 1202501315.174334
042215502153354442420144 2 1202501315.174336
041515202134354442420144 2 1202501315.174340
041515202135354442420144 2 1202501315.174345
042115502113315442420144 2 1202501315.174359
042515502113315442420144 2 1202501315.174401
042115002153315442420144 2 1202501315.174412
042115502153315442420144 2 1202501315.174418
042115502113355442420144 2 1202501315.174439
042215502113355442420144 2 1202501315.174441
042415502113355442420144 2 1202501315.174444
042515502113355442420144 2 1202501315.174446
042115002153355442420144 2 1202501315.174453
042215002153355442420144 2 1202501315.174455
042415002153355442420144 2 1202501315.174458
042115202153355442420144 2 1202501315.174500
042215202153355442420144 2 1202501315.174502
042415202153355442420144 2 1202501315.174505
042215302153355442420144 2 1202501315.174508
042415302153355442420144 2 1202501315.174511
042115502153355442420144 2 1202501315.174513
042215502153355442420144 2 1202501315.174515
042415502153355442420144 2 1202501315.174518
042215302151314542420144 2 1202501315.174533
002415302151314542420144 2 1202501315.174535
042415302151314542420144 2 1202501315.174536
042215302151354542420144 2 1202501315.174557
002415302151354542420144 2 1202501315.174559
042415302151354542420144 2 1202501315.174601
042515302151354542420144 2 1202501315.174603
014110052103311442420221 2 1202501315.172350
014110052113311442420221 2 1202501315.172353
014110552103314442420221 2 1202501315.172357
014410052103300442420421 2 1202501315.172409
014410252103300442420421 2 1202501315.172412
014410552103300442420421 2 1202501315.172414
014410052113300442420421 2 1202501315.172417
014110052103310442420421 2 1202501315.172421
014410052103310442420421 2 1202501315.172423
014510052103310442420421 2 1202501315.172426
014110552103310442420421 2 1202501315.172428
014410552103310442420421 2 1202501315.172431
014410052113310442420421 2 1202501315.172433
014510052113310442420421 2 1202501315.172436
014410052103301442420421 2 1202501315.172442
014210252103301442420421 2 1202501315.172444
014410252103301442420421 2 1202501315.172447
014210052113301442420421 2 1202501315.172449
014410052113301442420421 2 1202501315.172452
014110052103311442420421 2 1202501315.172456
014410052103311442420421 2 1202501315.172458
014510052103311442420421 2 1202501315.172501
014210252103311442420421 2 1202501315.172503
014410252103311442420421 2 1202501315.172506
014210552103311442420421 2 1202501315.172508
014110052113311442420421 2 1202501315.172511
014210052113311442420421 2 1202501315.172514
014410052113311442420421 2 1202501315.172516
014510052113311442420421 2 1202501315.172519
014110052133311442420421 2 1202501315.172521
014510052103312442420421 2 1202501315.172526
014510052113312442420421 2 1202501315.172528
014410052103304442420421 2 1202501315.172532
014210252103304442420421 2 1202501315.172535
014410252103304442420421 2 1202501315.172537
014210552103304442420421 2 1202501315.172540
014410552103304442420421 2 1202501315.172542
014110052103314442420421 2 1202501315.172550
014210052103314442420421 2 1202501315.172552
014410052103314442420421 2 1202501315.172555
014510052103314442420421 2 1202501315.172558
014210252103314442420421 2 1202501315.172600
014410252103314442420421 2 1202501315.172603
014110552103314442420421 2 1202501315.172605
014410552103314442420421 2 1202501315.172607
014110052113314442420421 2 1202501315.172610
014410052113314442420421 2 1202501315.172615
014510052113314442420421 2 1202501315.172617
014110052133314442420421 2 1202501315.172620
014110052103315442420421 2 1202501315.172624
014510052103315442420421 2 1202501315.172627
014210052113315442420421 2 1202501315.172629
014410052113315442420421 2 1202501315.172632
014510052113315442420421 2 1202501315.172634
052215002153300442420541 2 1202501315.172654
052210002153350442420541 2 1202501315.172658
052215002153350442420541 2 1202501315.172703
052215002153301442420541 2 1202501315.172706
052215002153311442420541 2 1202501315.172710
052210002153351442420541 2 1202501315.172714
052215002153351442420541 2 1202501315.172718
052215002153302442420541 2 1202501315.172721
052210002153352442420541 2 1202501315.172725
052215002153352442420541 2 1202501315.172730
052215002153304442420541 2 1202501315.172734
052215002153314442420541 2 1202501315.172738
052210002153354442420541 2 1202501315.172743
052215002153354442420541 2 1202501315.172747
052215002153305442420541 2 1202501315.172750
052215002153315442420541 2 1202501315.172754
052210002153355442420541 2 1202501315.172758
052215002153355442420541 2 1202501315.172802
014110552103350442420224 2 1202501315.173111
014110552103311442420224 2 1202501315.173114
014110552103314442420224 2 1202501315.173118
014110052103315442420224 2 1202501315.173122
014110552103315442420224 2 1202501315.173124
014410352101304042420424 2 1202501315.173136
014410352101314042420424 2 1202501315.173140
014110552131354042420424 2 1202501315.173144
014210352101304242420424 2 1202501315.173157
014410352101304242420424 2 1202501315.173159
014210352101314242420424 2 1202501315.173202
014410052103300442420424 2 1202501315.173205
014410252103300442420424 2 1202501315.173208
014410352103300442420424 2 1202501315.173210
014410552103300442420424 2 1202501315.173212
014410052113300442420424 2 1202501315.173214
014210052103301442420424 2 1202501315.173220
014410052103301442420424 2 1202501315.173222
014210252103301442420424 2 1202501315.173225
014410252103301442420424 2 1202501315.173227
014110052113301442420424 2 1202501315.173229
014210052113301442420424 2 1202501315.173231
014410052113301442420424 2 1202501315.173233
014110052133301442420424 2 1202501315.173236
014110052103311442420424 2 1202501315.173238
014210052103311442420424 2 1202501315.173240
014210252103311442420424 2 1202501315.173242
014110052113311442420424 2 1202501315.173244
014210052113311442420424 2 1202501315.173246
014110052133311442420424 2 1202501315.173249
014210352101304442420424 2 1202501315.173252
014410352101304442420424 2 1202501315.173254
014210352101314442420424 2 1202501315.173259
014410352101314442420424 2 1202501315.173301
014110052103314442420424 2 1202501315.173305
014210052103314442420424 2 1202501315.173307
014210252103314442420424 2 1202501315.173309
014210352103314442420424 2 1202501315.173311
014210552103314442420424 2 1202501315.173313
014110052113314442420424 2 1202501315.173314
014210052113314442420424 2 1202501315.173316
014110052133314442420424 2 1202501315.173319
014110052103305442420424 2 1202501315.173321
014110052103315442420424 2 1202501315.173323
014210052103315442420424 2 1202501315.173325
014210252103315442420424 2 1202501315.173326
014210352103315442420424 2 1202501315.173328
014210552103315442420424 2 1202501315.173330
014210052113315442420424 2 1202501315.173332
014210352101304542420424 2 1202501315.173338
012110552131304542420424 2 1202501315.173340
014210352101314542420424 2 1202501315.173343
042515502133314442420041 2 1202501315.172357
014110552103310442420222 2 1202501315.172449
014110552103314442420222 2 1202501315.172455
014110552103305442420222 2 1202501315.172458
014510252135314542420411 1 1202501315.172417
041010252530304542420122 1 1202501315.172514
042415002131354042420121 2 1202501315.172425
014110052133301442420121 2 1202501315.172433
014110052133351442420121 2 1202501315.172439
014110052133314442420121 2 1202501315.172448
014410352101304042420422 2 1202501315.172546
014410352101314042420422 2 1202501315.172551
014210352101304242420422 2 1202501315.172601
014410352101304242420422 2 1202501315.172604
014210352101314242420422 2 1202501315.172607
014410352101314242420422 2 1202501315.172609
014410052103300442420422 2 1202501315.172613
014410252103300442420422 2 1202501315.172615
014410352103300442420422 2 1202501315.172618
014410552103300442420422 2 1202501315.172620
014410052113300442420422 2 1202501315.172622
014510352113310442420422 2 1202501315.172629
014110552133310442420422 2 1202501315.172632
014410052103301442420422 2 1202501315.172636
014410252103301442420422 2 1202501315.172639
014410052113301442420422 2 1202501315.172641
014110052103311442420422 2 1202501315.172644
014110052113311442420422 2 1202501315.172647
014510352113311442420422 2 1202501315.172649
014110552133311442420422 2 1202501315.172652
014510352113312442420422 2 1202501315.172654
014110552133312442420422 2 1202501315.172657
014410352101304442420422 2 1202501315.172659
014410052103304442420422 2 1202501315.172705
014410252103304442420422 2 1202501315.172707
014410352103304442420422 2 1202501315.172710
014410552103304442420422 2 1202501315.172712
014410052113304442420422 2 1202501315.172715
014110552133304442420422 2 1202501315.172718
014410352101314442420422 2 1202501315.172722
014110552131314442420422 2 1202501315.172725
014110052103314442420422 2 1202501315.172728
014110052113314442420422 2 1202501315.172730
014510352113314442420422 2 1202501315.172734
014110552133314442420422 2 1202501315.172739
014110052113315442420422 2 1202501315.172742
014510352113315442420422 2 1202501315.172744
014110552133315442420422 2 1202501315.172747
014510352111314542420422 2 1202501315.172753
014510052103311442420124 2 1202501315.173206
024215052103311442420124 2 1202501315.173208
024415052103311442420124 2 1202501315.173211
014510252103311442420124 2 1202501315.173213
014510052113311442420124 2 1202501315.173216
024215052113311442420124 2 1202501315.173218
024415052113311442420124 2 1202501315.173220
014210052103351442420124 2 1202501315.173224
014210052113351442420124 2 1202501315.173226
014510052103314442420124 2 1202501315.173237
014510252103314442420124 2 1202501315.173239
014510352103314442420124 2 1202501315.173242
014510552103314442420124 2 1202501315.173244
014510052113314442420124 2 1202501315.173246
014510352101304542420124 2 1202501315.173255
014210352101314542420124 2 1202501315.173258
014510352101314542420124 2 1202501315.173301
012410502113311442420244 2 1202501315.173328
012410502153311442420244 2 1202501315.173330
