0012102621353640424200000011 2 1202503263.002039
0012152621353640424200000011 2 1202503263.002040
0012102621353644424200000011 2 1202503263.002104
0012102621353646424200000011 2 1202503263.002117
0012152621353646424200000011 2 1202503263.002119
0612162521303040424200000611 1 1202503263.002434
0612162521303540424200000611 1 1202503263.002440
0612162521303044424200000611 1 1202503263.002520
0062102621353644424200000611 2 1202503263.002555
0612162521303046424200000611 1 1202503263.002614
0612162521303546424200000611 1 1202503263.002620
0516102325303541424200122141 1 1202503263.005131
0516122325303541424200122141 1 1202503263.005133
0516132325303541424200122141 1 1202503263.005135
0516152325303541424200122141 1 1202503263.005137
0516162325303541424200122141 1 1202503263.005139
0506102325353541424200122141 1 1202503263.005140
0516102325353541424200122141 1 1202503263.005142
0526102325353541424200122141 1 1202503263.005144
0546102325353541424200122141 1 1202503263.005146
0556102325353541424200122141 1 1202503263.005148
0566102325353541424200122141 1 1202503263.005150
0506122325353541424200122141 1 1202503263.005152
0516122325353541424200122141 1 1202503263.005153
0526122325353541424200122141 1 1202503263.005155
0546122325353541424200122141 1 1202503263.005157
0556122325353541424200122141 1 1202503263.005159
0566122325353541424200122141 1 1202503263.005201
0506132325353541424200122141 1 1202503263.005202
0516132325353541424200122141 1 1202503263.005204
0526132325353541424200122141 1 1202503263.005206
0546132325353541424200122141 1 1202503263.005208
0556132325353541424200122141 1 1202503263.005210
0566132325353541424200122141 1 1202503263.005212
0506152325353541424200122141 1 1202503263.005214
0516152325353541424200122141 1 1202503263.005215
0526152325353541424200122141 1 1202503263.005217
0546152325353541424200122141 1 1202503263.005219
0556152325353541424200122141 1 1202503263.005221
0566152325353541424200122141 1 1202503263.005223
0506162325353541424200122141 1 1202503263.005225
0516162325353541424200122141 1 1202503263.005226
0526162325353541424200122141 1 1202503263.005228
0546162325353541424200122141 1 1202503263.005230
0556162325353541424200122141 1 1202503263.005232
0566162325353541424200122141 1 1202503263.005234
0511102025333546424200122141 6 1202503263.005244
0511122025333546424200122141 6 1202503263.005246
0511132025333546424200122141 6 1202503263.005248
0511152025333546424200122141 6 1202503263.005250
0511162025333546424200122141 6 1202503263.005251
0501102525333546424200122141 6 1202503263.005253
0511102525333546424200122141 6 1202503263.005255
0521102525333546424200122141 6 1202503263.005257
0541102525333546424200122141 6 1202503263.005259
0551102525333546424200122141 6 1202503263.005301
0561102525333546424200122141 6 1202503263.005302
0501122525333546424200122141 6 1202503263.005304
0511122525333546424200122141 6 1202503263.005306
0521122525333546424200122141 6 1202503263.005308
0541122525333546424200122141 6 1202503263.005310
0551122525333546424200122141 6 1202503263.005312
0561122525333546424200122141 6 1202503263.005314
0501132525333546424200122141 6 1202503263.005315
0511132525333546424200122141 6 1202503263.005317
0521132525333546424200122141 6 1202503263.005319
0541132525333546424200122141 6 1202503263.005321
0551132525333546424200122141 6 1202503263.005323
0561132525333546424200122141 6 1202503263.005325
0501152525333546424200122141 6 1202503263.005326
0511152525333546424200122141 6 1202503263.005328
0521152525333546424200122141 6 1202503263.005330
0541152525333546424200122141 6 1202503263.005332
0551152525333546424200122141 6 1202503263.005334
0561152525333546424200122141 6 1202503263.005336
0501162525333546424200122141 6 1202503263.005337
0511162525333546424200122141 6 1202503263.005339
0521162525333546424200122141 6 1202503263.005341
0541162525333546424200122141 6 1202503263.005343
0551162525333546424200122141 6 1202503263.005345
0561162525333546424200122141 6 1202503263.005347
0526102320353141464200122141 1 1202503263.005446
0526152320353141464200122141 1 1202503263.005448
0516102325303541424600122141 1 1202503263.005546
0516122325303541424600122141 1 1202503263.005547
0516132325303541424600122141 1 1202503263.005549
0516152325303541424600122141 1 1202503263.005551
0516162325303541424600122141 1 1202503263.005553
0506102325353541424600122141 1 1202503263.005555
0516102325353541424600122141 1 1202503263.005557
0526102325353541424600122141 1 1202503263.005559
0546102325353541424600122141 1 1202503263.005601
0556102325353541424600122141 1 1202503263.005602
0566102325353541424600122141 1 1202503263.005604
0506122325353541424600122141 1 1202503263.005606
0516122325353541424600122141 1 1202503263.005608
0526122325353541424600122141 1 1202503263.005610
0546122325353541424600122141 1 1202503263.005612
0556122325353541424600122141 1 1202503263.005614
0566122325353541424600122141 1 1202503263.005615
0506132325353541424600122141 1 1202503263.005617
0516132325353541424600122141 1 1202503263.005619
0526132325353541424600122141 1 1202503263.005621
0546132325353541424600122141 1 1202503263.005623
0556132325353541424600122141 1 1202503263.005625
0566132325353541424600122141 1 1202503263.005626
0506152325353541424600122141 1 1202503263.005628
0516152325353541424600122141 1 1202503263.005630
0526152325353541424600122141 1 1202503263.005632
0546152325353541424600122141 1 1202503263.005634
0556152325353541424600122141 1 1202503263.005636
0566152325353541424600122141 1 1202503263.005637
0506162325353541424600122141 1 1202503263.005639
0516162325353541424600122141 1 1202503263.005641
0526162325353541424600122141 1 1202503263.005643
0546162325353541424600122141 1 1202503263.005645
0556162325353541424600122141 1 1202503263.005647
0566162325353541424600122141 1 1202503263.005649
0511102025333546424600122141 6 1202503263.005703
0511122025333546424600122141 6 1202503263.005705
0511132025333546424600122141 6 1202503263.005707
0511152025333546424600122141 6 1202503263.005709
0511162025333546424600122141 6 1202503263.005711
0501102525333546424600122141 6 1202503263.005713
0511102525333546424600122141 6 1202503263.005714
0521102525333546424600122141 6 1202503263.005716
0541102525333546424600122141 6 1202503263.005718
0551102525333546424600122141 6 1202503263.005720
0561102525333546424600122141 6 1202503263.005722
0501122525333546424600122141 6 1202503263.005724
0511122525333546424600122141 6 1202503263.005726
0521122525333546424600122141 6 1202503263.005727
0541122525333546424600122141 6 1202503263.005729
0551122525333546424600122141 6 1202503263.005731
0561122525333546424600122141 6 1202503263.005733
0501132525333546424600122141 6 1202503263.005735
0511132525333546424600122141 6 1202503263.005737
0521132525333546424600122141 6 1202503263.005738
0541132525333546424600122141 6 1202503263.005740
0551132525333546424600122141 6 1202503263.005742
0561132525333546424600122141 6 1202503263.005744
0501152525333546424600122141 6 1202503263.005746
0511152525333546424600122141 6 1202503263.005748
0521152525333546424600122141 6 1202503263.005749
0541152525333546424600122141 6 1202503263.005751
0551152525333546424600122141 6 1202503263.005753
0561152525333546424600122141 6 1202503263.005755
0501162525333546424600122141 6 1202503263.005757
0511162525333546424600122141 6 1202503263.005759
0521162525333546424600122141 6 1202503263.005800
0541162525333546424600122141 6 1202503263.005802
0551162525333546424600122141 6 1202503263.005804
0561162525333546424600122141 6 1202503263.005806
0526102320353141464600122141 1 1202503263.005909
0526152320353141464600122141 1 1202503263.005911
0562103021313042424600202451 2 1202503263.010402
0560103021103142424600202451 2 1202503263.010404
0560103521103142424600202451 2 1202503263.010407
0560153521103142424600202451 2 1202503263.010409
0425160021313641424200000142 2 1202503263.013533
0111152021343120464200000052 1 1202503263.014532
0111152021343121464200000052 1 1202503263.014536
0522152023343161404201112103 6 1202503263.015052
0022102520353545464201112103 1 1202503263.015931
0522152023343101404601112103 6 1202503263.020026
0522152023343111404601112103 6 1202503263.020028
0522152023343121404601112103 6 1202503263.020030
0522152023343141404601112103 6 1202503263.020032
0522152023343151404601112103 6 1202503263.020034
0522152023343161404601112103 6 1202503263.020035
0022102520353545464601112103 1 1202503263.020459
0112102025303142464605402153 1 1202503263.025251
0122103025113142464605402153 6 1202503263.025252
0112102025313142464605402153 6 1202503263.025253
0112102025333142464605402153 6 1202503263.025255
0112102025343142464605402153 6 1202503263.025256
0112102025353142464605402153 1 1202503263.025257
0146102621353142424200000114 2 1202503263.035844
0146102621353146424200000114 2 1202503263.035914
0512102020333066404200212144 6 1202503263.042639
0512122020333066404200212144 6 1202503263.042640
0512132020333066404200212144 6 1202503263.042642
0512152020333066404200212144 6 1202503263.042643
0512162020333066404200212144 6 1202503263.042644
0512102020333046424200212144 6 1202503263.042700
0512122020333046424200212144 6 1202503263.042701
0512132020333046424200212144 6 1202503263.042702
0512152020333046424200212144 6 1202503263.042704
0512162020333046424200212144 6 1202503263.042705
0022155020313141464200212144 6 1202503263.042745
0022155520313141464200212144 6 1202503263.042747
0512102020333066404600212144 6 1202503263.043028
0512122020333066404600212144 6 1202503263.043029
0512132020333066404600212144 6 1202503263.043031
0512152020333066404600212144 6 1202503263.043033
0512162020333066404600212144 6 1202503263.043034
0512102020333046424600212144 6 1202503263.043118
0512122020333046424600212144 6 1202503263.043120
0512132020333046424600212144 6 1202503263.043121
0512152020333046424600212144 6 1202503263.043123
0512162020333046424600212144 6 1202503263.043124
0022155020313141464600212144 6 1202503263.043212
0022155520313141464600212144 6 1202503263.043214
0111152025303060404205222154 1 1202503263.043440
0116152025303060404205222154 1 1202503263.043441
0111152025303040464205222154 1 1202503263.043953
0116152025303040464205222154 1 1202503263.043954
0521100025313141464205222154 6 1202503263.044054
0521100525313141464205222154 6 1202503263.044055
0114102523333004464205222154 6 1202503263.044129
0114102523333014464205222154 6 1202503263.044132
0114102523333024464205222154 6 1202503263.044134
0114102523333044464205222154 6 1202503263.044200
0114102523333054464205222154 6 1202503263.044229
0114102523333064464205222154 6 1202503263.044231
0111152025303060404605222154 1 1202503263.044258
0116152025303060404605222154 1 1202503263.044300
0111152025303040464605222154 1 1202503263.044828
0116152025303040464605222154 1 1202503263.044829
0521100025313141464605222154 6 1202503263.044929
0521100525313141464605222154 6 1202503263.044930
0114102523333004464605222154 6 1202503263.045005
0114102523333014464605222154 6 1202503263.045008
0114102523333024464605222154 6 1202503263.045011
0114102523333044464605222154 6 1202503263.045037
0114102523333054464605222154 6 1202503263.045107
0114102523333064464605222154 6 1202503263.045109
0425156021333161424601442105 2 1202503263.045750
0425153021313564424601442105 2 1202503263.050117
0425156020333161464601442105 6 1202503263.050917
0425156021333161464601442105 2 1202503263.050919
0425156023333161464601442105 6 1202503263.050921
0425156024333161464601442105 6 1202503263.050923
0425156025333161464601442105 6 1202503263.050925
0425150025333162464601442105 6 1202503263.051217
0425152025333162464601442105 6 1202503263.051218
0425153025333162464601442105 6 1202503263.051219
0425155025333162464601442105 6 1202503263.051221
0425156025333162464601442105 6 1202503263.051223
0425153020313564464601442105 6 1202503263.052121
0425153021313564464601442105 2 1202503263.052123
0425153023313564464601442105 6 1202503263.052125
0425153024313564464601442105 6 1202503263.052127
0425153025313564464601442105 6 1202503263.052128
0114152621303040424205400015 1 1202503263.053237
0114152621313040424205400015 2 1202503263.053240
0114152621333040424205400015 2 1202503263.053242
0114152621343040424205400015 2 1202503263.053244
0114152621353040424205400015 1 1202503263.053247
0114152621363040424205400015 1 1202503263.053303
0114152621303140424205400015 1 1202503263.053315
0114152621313140424205400015 2 1202503263.053316
0111152621333140424205400015 2 1202503263.053317
0141152621333140424205400015 2 1202503263.053318
0114152621333140424205400015 2 1202503263.053320
0114152621343140424205400015 2 1202503263.053321
0111152621353140424205400015 2 1202503263.053322
0114152621353140424205400015 2 1202503263.053324
0114152621363140424205400015 1 1202503263.053326
0114152621303041424205400015 1 1202503263.053445
0114152621363041424205400015 1 1202503263.053456
0124152621363041424205400015 1 1202503263.053457
0114152621303141424205400015 1 1202503263.053502
0111152621353141424205400015 2 1202503263.053506
0114152621353141424205400015 2 1202503263.053508
0124152621353141424205400015 1 1202503263.053509
0114152621363141424205400015 1 1202503263.053512
0124152621363141424205400015 1 1202503263.053513
0114152621353022424205400015 1 1202503263.053635
0124152621353022424205400015 1 1202503263.053636
0114152621303042424205400015 1 1202503263.053729
0114152621313042424205400015 2 1202503263.053732
0114152621333042424205400015 2 1202503263.053734
0114152621343042424205400015 2 1202503263.053736
0111152621353042424205400015 1 1202503263.053738
0114152621353042424205400015 2 1202503263.053740
0124152621353042424205400015 2 1202503263.053742
0114152621363042424205400015 1 1202503263.053746
0124152621363042424205400015 1 1202503263.053747
0114152621303142424205400015 1 1202503263.053752
0114152621313142424205400015 2 1202503263.053755
0111152621333142424205400015 2 1202503263.053757
0114152621333142424205400015 2 1202503263.053759
0114152621343142424205400015 2 1202503263.053801
0111152621353142424205400015 2 1202503263.053803
0114152621353142424205400015 2 1202503263.053805
0124152621353142424205400015 1 1202503263.053807
0114152621363142424205400015 1 1202503263.053810
0124152621363142424205400015 1 1202503263.053811
0114152621353024424205400015 1 1202503263.053942
0114152621303044424205400015 1 1202503263.054002
0114152621313044424205400015 2 1202503263.054005
0114152621333044424205400015 2 1202503263.054006
0114152621343044424205400015 2 1202503263.054008
0114152621353044424205400015 2 1202503263.054011
0114152621363044424205400015 1 1202503263.054023
0114152621303144424205400015 1 1202503263.054032
0114152621313144424205400015 2 1202503263.054034
0111152620333144424205400015 2 1202503263.054037
0111152621333144424205400015 2 1202503263.054038
0141152621333144424205400015 2 1202503263.054040
0114152621333144424205400015 2 1202503263.054041
0114152621343144424205400015 2 1202503263.054044
0111152621353144424205400015 2 1202503263.054046
0114152621353144424205400015 1 1202503263.054048
0124152621353144424205400015 1 1202503263.054049
0114152621363144424205400015 1 1202503263.054052
0124152621363144424205400015 1 1202503263.054053
0114152621303145424205400015 1 1202503263.054300
0114152621313145424205400015 2 1202503263.054302
0111152621333145424205400015 2 1202503263.054304
0141152621333145424205400015 2 1202503263.054305
0114152621333145424205400015 2 1202503263.054306
0114152621343145424205400015 2 1202503263.054308
0111152621353145424205400015 1 1202503263.054309
0114152621353145424205400015 1 1202503263.054311
0114152621363145424205400015 1 1202503263.054314
0114152621303046424205400015 1 1202503263.054510
0114152621313046424205400015 2 1202503263.054513
0114152621333046424205400015 2 1202503263.054515
0114152621343046424205400015 2 1202503263.054517
0114152621353046424205400015 1 1202503263.054519
0124152621353046424205400015 2 1202503263.054521
0114152621363046424205400015 1 1202503263.054525
0124152621363046424205400015 1 1202503263.054526
0114152621303146424205400015 1 1202503263.054531
0114152621313146424205400015 2 1202503263.054534
0111152621333146424205400015 2 1202503263.054536
0114152621333146424205400015 2 1202503263.054538
0114152621343146424205400015 2 1202503263.054540
0111152621353146424205400015 2 1202503263.054542
0114152621353146424205400015 2 1202503263.054544
0124152621353146424205400015 1 1202503263.054545
0114152621363146424205400015 1 1202503263.054549
0124152621363146424205400015 1 1202503263.054550
