0141100521033164424204242410 2 1202503252.205400
0141100521133164424204242410 2 1202503252.205401
0141100521333164424204242410 2 1202503252.205402
0011102521363640424200000012 1 1202503252.231252
0011152521363640424200000012 1 1202503252.231254
0026162621353042424200000012 2 1202503252.231302
0011102521363644424200000012 1 1202503252.231317
0011102521363646424200000012 1 1202503252.231413
0011152521363646424200000012 1 1202503252.231415
0111152021343120464200000012 1 1202503252.231434
0111152021343121464200000012 1 1202503252.231438
0111152021343126464200000012 1 1202503252.231449
0611162021353040424200000612 2 1202503252.231507
0611162021353540424200000612 2 1202503252.231515
0611162021353044424200000612 2 1202503252.231557
0061102521363644424200000612 1 1202503252.231631
0611162021353046424200000612 2 1202503252.231649
0611162021353546424200000612 2 1202503252.231655
0026102525353544424601112014 1 1202503263.001932
0026102521353545424601112014 1 1202503263.001939
0026102525353545424601112014 1 1202503263.001942
0026102524353562454601112014 1 1202503263.002059
0022102520353565454601112014 1 1202503263.002109
0026102520353565454601112014 1 1202503263.002112
0026102521353565454601112014 1 1202503263.002115
0026102523353565454601112014 1 1202503263.002117
0026102524353565454601112014 1 1202503263.002120
0026102525353565454601112014 1 1202503263.002122
0111152021363120404200000544 2 1202503263.004141
0111152021363121404200000544 2 1202503263.004144
0645103226103140424206641025 2 1202503263.020705
0645103226113140424206641025 2 1202503263.020800
0645103226133140424206641025 2 1202503263.020842
0645103226143140424206641025 2 1202503263.020907
0645103226153140424206641025 2 1202503263.020929
0645103226163140424206641025 2 1202503263.021032
0142153521103640424206641025 6 1202503263.021112
0142153526103640424206641025 6 1202503263.021140
0146153520153640424206641025 6 1202503263.021534
0145105521303041424206641025 6 1202503263.024539
0645105521303041424206641025 6 1202503263.024542
0645155521303041424206641025 2 1202503263.024545
0645105026303041424206641025 6 1202503263.024601
0645125026303041424206641025 6 1202503263.024603
0645135026303041424206641025 6 1202503263.024605
0645155026303041424206641025 6 1202503263.024608
0645105226303041424206641025 6 1202503263.024621
0645125226303041424206641025 6 1202503263.024624
0645135226303041424206641025 6 1202503263.024626
0645155226303041424206641025 6 1202503263.024628
0645105326303041424206641025 6 1202503263.024642
0645125326303041424206641025 6 1202503263.024644
0645135326303041424206641025 6 1202503263.024647
0645155326303041424206641025 6 1202503263.024649
0145105526303041424206641025 6 1202503263.024704
0645105526303041424206641025 6 1202503263.024706
0645125526303041424206641025 6 1202503263.024709
0645135526303041424206641025 6 1202503263.024711
0645155526303041424206641025 6 1202503263.024714
0645155521313041424206641025 2 1202503263.024731
0645155521333041424206641025 2 1202503263.024839
0645155521343041424206641025 2 1202503263.024911
0645152321353041424206641025 1 1202503263.024951
0645155521353041424206641025 2 1202503263.025011
0645155521363041424206641025 2 1202503263.025210
0145105521303141424206641025 2 1202503263.025256
0645105521303141424206641025 2 1202503263.025257
0145105526303141424206641025 2 1202503263.025334
0645105526303141424206641025 2 1202503263.025335
0566150021313141424206641025 2 1202503263.025338
0566155021313141424206641025 2 1202503263.025342
0566150521313141424206641025 2 1202503263.025348
0145105521313141424206641025 2 1202503263.025355
0645105521313141424206641025 2 1202503263.025356
0566155521313141424206641025 2 1202503263.025404
0145105526313141424206641025 2 1202503263.025425
0645105526313141424206641025 2 1202503263.025426
0145105521333141424206641025 2 1202503263.025433
0645105521333141424206641025 2 1202503263.025435
0145105526333141424206641025 2 1202503263.025444
0645105526333141424206641025 2 1202503263.025445
0145105521343141424206641025 2 1202503263.025450
0645105521343141424206641025 2 1202503263.025452
0145105526343141424206641025 2 1202503263.025501
0645105526343141424206641025 2 1202503263.025502
0145105521353141424206641025 2 1202503263.025524
0645105521353141424206641025 2 1202503263.025526
0145105526353141424206641025 2 1202503263.025605
0645105526353141424206641025 2 1202503263.025606
0145105521363141424206641025 2 1202503263.025611
0645105521363141424206641025 2 1202503263.025612
0145105526363141424206641025 2 1202503263.025621
0645105526363141424206641025 2 1202503263.025623
0142152521303641424206641025 2 1202503263.025720
0145105521303641424206641025 2 1202503263.025726
0645105521303641424206641025 2 1202503263.025727
0645102026303641424206641025 2 1202503263.025741
0645122026303641424206641025 2 1202503263.025745
0645132026303641424206641025 2 1202503263.025749
0645152026303641424206641025 2 1202503263.025753
0645105026303641424206641025 2 1202503263.025759
0645125026303641424206641025 2 1202503263.025802
0645135026303641424206641025 2 1202503263.025805
0645155026303641424206641025 2 1202503263.025809
0645102226303641424206641025 2 1202503263.025819
0645122226303641424206641025 2 1202503263.025824
0645132226303641424206641025 2 1202503263.025829
0645152226303641424206641025 2 1202503263.025833
0645105226303641424206641025 2 1202503263.025838
0645125226303641424206641025 2 1202503263.025841
0645135226303641424206641025 2 1202503263.025845
0645155226303641424206641025 2 1202503263.025848
0645102326303641424206641025 2 1202503263.025857
0645122326303641424206641025 2 1202503263.025902
0645132326303641424206641025 2 1202503263.025906
0645152326303641424206641025 2 1202503263.025910
0645105326303641424206641025 2 1202503263.025915
0645125326303641424206641025 2 1202503263.025919
0645135326303641424206641025 2 1202503263.025922
0645155326303641424206641025 2 1202503263.025925
0645122526303641424206641025 2 1202503263.025937
0645132526303641424206641025 2 1202503263.025941
0645152526303641424206641025 2 1202503263.025946
0145105526303641424206641025 2 1202503263.025952
0645105526303641424206641025 2 1202503263.025953
0645125526303641424206641025 2 1202503263.025956
0645135526303641424206641025 2 1202503263.030000
0645155526303641424206641025 2 1202503263.030003
0566150021313641424206641025 2 1202503263.030007
0566155021313641424206641025 2 1202503263.030009
0566150221313641424206641025 6 1202503263.030011
0566155221313641424206641025 6 1202503263.030012
0566150321313641424206641025 6 1202503263.030014
0566155321313641424206641025 6 1202503263.030019
0566150521313641424206641025 2 1202503263.030026
0145105521313641424206641025 2 1202503263.030030
0645105521313641424206641025 2 1202503263.030031
0566155521313641424206641025 2 1202503263.030035
0645105026313641424206641025 2 1202503263.030045
0645125026313641424206641025 2 1202503263.030048
0645135026313641424206641025 2 1202503263.030051
0645155026313641424206641025 2 1202503263.030054
0645105226313641424206641025 2 1202503263.030103
0645125226313641424206641025 2 1202503263.030107
0645135226313641424206641025 2 1202503263.030110
0645155226313641424206641025 2 1202503263.030113
0645105326313641424206641025 2 1202503263.030123
0645125326313641424206641025 2 1202503263.030128
0645135326313641424206641025 2 1202503263.030133
0645155326313641424206641025 2 1202503263.030136
0145105526313641424206641025 2 1202503263.030146
0645105526313641424206641025 2 1202503263.030148
0645125526313641424206641025 2 1202503263.030151
0645135526313641424206641025 2 1202503263.030154
0645155526313641424206641025 2 1202503263.030158
0145105521333641424206641025 2 1202503263.030205
0645105521333641424206641025 2 1202503263.030206
0645105026333641424206641025 2 1202503263.030212
0645125026333641424206641025 2 1202503263.030214
0645135026333641424206641025 2 1202503263.030216
0645155026333641424206641025 2 1202503263.030218
0645105226333641424206641025 2 1202503263.030222
0645125226333641424206641025 2 1202503263.030224
0645135226333641424206641025 2 1202503263.030226
0645155226333641424206641025 2 1202503263.030228
0645105326333641424206641025 2 1202503263.030233
0645125326333641424206641025 2 1202503263.030235
0645135326333641424206641025 2 1202503263.030237
0645155326333641424206641025 2 1202503263.030238
0145105526333641424206641025 2 1202503263.030244
0645105526333641424206641025 2 1202503263.030245
0645125526333641424206641025 2 1202503263.030247
0645135526333641424206641025 2 1202503263.030249
0645155526333641424206641025 2 1202503263.030251
0145105521343641424206641025 2 1202503263.030257
0645105521343641424206641025 2 1202503263.030259
0645105026343641424206641025 2 1202503263.030305
0645125026343641424206641025 2 1202503263.030306
0645135026343641424206641025 2 1202503263.030308
0645155026343641424206641025 2 1202503263.030310
0645105226343641424206641025 2 1202503263.030315
0645125226343641424206641025 2 1202503263.030317
0645135226343641424206641025 2 1202503263.030319
0645155226343641424206641025 2 1202503263.030320
0645105326343641424206641025 2 1202503263.030325
0645125326343641424206641025 2 1202503263.030327
0645135326343641424206641025 2 1202503263.030329
0645155326343641424206641025 2 1202503263.030331
0145105526343641424206641025 2 1202503263.030336
0645105526343641424206641025 2 1202503263.030337
0645125526343641424206641025 2 1202503263.030339
0645135526343641424206641025 2 1202503263.030341
0645155526343641424206641025 2 1202503263.030343
0145105521353641424206641025 2 1202503263.030434
0645105521353641424206641025 2 1202503263.030435
0645102026353641424206641025 1 1202503263.030446
0645122026353641424206641025 1 1202503263.030448
0645132026353641424206641025 1 1202503263.030450
0645152026353641424206641025 1 1202503263.030452
0645105026353641424206641025 2 1202503263.030456
0645125026353641424206641025 2 1202503263.030459
0645135026353641424206641025 2 1202503263.030502
0645155026353641424206641025 2 1202503263.030505
0645102226353641424206641025 1 1202503263.030513
0645122226353641424206641025 1 1202503263.030515
0645132226353641424206641025 1 1202503263.030517
0645152226353641424206641025 1 1202503263.030519
0645105226353641424206641025 2 1202503263.030522
0645125226353641424206641025 2 1202503263.030525
0645135226353641424206641025 2 1202503263.030528
0645155226353641424206641025 2 1202503263.030531
0645102326353641424206641025 1 1202503263.030539
0645122326353641424206641025 1 1202503263.030541
0645132326353641424206641025 1 1202503263.030543
0645152326353641424206641025 1 1202503263.030545
0645105326353641424206641025 2 1202503263.030548
0645125326353641424206641025 2 1202503263.030551
0645135326353641424206641025 2 1202503263.030554
0645155326353641424206641025 2 1202503263.030557
0645122526353641424206641025 1 1202503263.030607
0645132526353641424206641025 1 1202503263.030609
0645152526353641424206641025 1 1202503263.030612
0145105526353641424206641025 2 1202503263.030616
0645105526353641424206641025 2 1202503263.030618
0645125526353641424206641025 2 1202503263.030621
0645135526353641424206641025 2 1202503263.030624
0645155526353641424206641025 2 1202503263.030627
0145105521363641424206641025 2 1202503263.030634
0645105521363641424206641025 2 1202503263.030635
0645105026363641424206641025 2 1202503263.030641
0645125026363641424206641025 2 1202503263.030643
0645135026363641424206641025 2 1202503263.030645
0645155026363641424206641025 2 1202503263.030647
0645105226363641424206641025 2 1202503263.030651
0645125226363641424206641025 2 1202503263.030653
0645135226363641424206641025 2 1202503263.030655
0645155226363641424206641025 2 1202503263.030657
0645105326363641424206641025 2 1202503263.030701
0645125326363641424206641025 2 1202503263.030703
0645135326363641424206641025 2 1202503263.030705
0645155326363641424206641025 2 1202503263.030707
0145105526363641424206641025 2 1202503263.030712
0645105526363641424206641025 2 1202503263.030713
0645125526363641424206641025 2 1202503263.030715
0645135526363641424206641025 2 1202503263.030717
0645155526363641424206641025 2 1202503263.030719
0645150521303022424206641025 2 1202503263.032049
0645152521303022424206641025 2 1202503263.032051
0645153521303022424206641025 2 1202503263.032054
0645155521303022424206641025 2 1202503263.032058
0645150521313022424206641025 2 1202503263.032109
0645100226303122424206641025 2 1202503263.032143
0645150226303122424206641025 2 1202503263.032145
0645102226303122424206641025 1 1202503263.032146
0645152226303122424206641025 1 1202503263.032148
0645103226303122424206641025 2 1202503263.032149
0645153226303122424206641025 2 1202503263.032150
0641105226303122424206641025 2 1202503263.032151
0645105226303122424206641025 2 1202503263.032152
0641155226303122424206641025 2 1202503263.032153
0645155226303122424206641025 2 1202503263.032155
0645100226313122424206641025 2 1202503263.032159
0645150226313122424206641025 2 1202503263.032201
0645150521303522424206641025 2 1202503263.032205
0645152521303522424206641025 2 1202503263.032206
0645153521303522424206641025 2 1202503263.032210
0645155521303522424206641025 2 1202503263.032214
0645150521313522424206641025 2 1202503263.032227
0144153226103042424206641025 2 1202503263.032305
0144153226113042424206641025 2 1202503263.032405
0144153226133042424206641025 2 1202503263.032615
0144153226143042424206641025 2 1202503263.032648
0144153226153042424206641025 2 1202503263.032726
0144153226163042424206641025 2 1202503263.032834
0145103521103142424206641025 2 1202503263.032901
0645103521103142424206641025 2 1202503263.032902
0145103526103142424206641025 2 1202503263.032912
0645103526103142424206641025 2 1202503263.032913
0145100521303142424206641025 2 1202503263.032923
0645100521303142424206641025 2 1202503263.032924
0145103521303142424206641025 2 1202503263.032929
0645103521303142424206641025 2 1202503263.032930
0145105521303142424206641025 2 1202503263.032936
0645105521303142424206641025 2 1202503263.032937
0645150226303142424206641025 6 1202503263.032957
0645152226303142424206641025 1 1202503263.033000
0645153226303142424206641025 6 1202503263.033003
0645155226303142424206641025 6 1202503263.033010
0145100526303142424206641025 2 1202503263.033013
0645100526303142424206641025 2 1202503263.033014
0145103526303142424206641025 2 1202503263.033021
0645103526303142424206641025 2 1202503263.033023
0145105526303142424206641025 2 1202503263.033029
0645105526303142424206641025 2 1202503263.033030
0145103521113142424206641025 2 1202503263.033034
0645103521113142424206641025 2 1202503263.033035
0145103526113142424206641025 2 1202503263.033040
0645103526113142424206641025 2 1202503263.033041
0145100521313142424206641025 2 1202503263.033046
0645100521313142424206641025 2 1202503263.033048
0145103521313142424206641025 2 1202503263.033051
0645103521313142424206641025 2 1202503263.033052
0145105521313142424206641025 2 1202503263.033056
0645105521313142424206641025 2 1202503263.033057
0645150226313142424206641025 6 1202503263.033111
0145100526313142424206641025 2 1202503263.033125
0645100526313142424206641025 2 1202503263.033126
0145103526313142424206641025 2 1202503263.033133
0645103526313142424206641025 2 1202503263.033134
0145105526313142424206641025 2 1202503263.033140
0645105526313142424206641025 2 1202503263.033141
0145103521133142424206641025 2 1202503263.033145
0645103521133142424206641025 2 1202503263.033146
0145103526133142424206641025 2 1202503263.033150
0645103526133142424206641025 2 1202503263.033152
0145100521333142424206641025 2 1202503263.033155
0645100521333142424206641025 2 1202503263.033156
0145103521333142424206641025 2 1202503263.033158
0645103521333142424206641025 2 1202503263.033200
0145105521333142424206641025 2 1202503263.033202
0645105521333142424206641025 2 1202503263.033204
0145100526333142424206641025 2 1202503263.033220
0645100526333142424206641025 2 1202503263.033221
0145103526333142424206641025 2 1202503263.033225
0645103526333142424206641025 2 1202503263.033226
0145105526333142424206641025 2 1202503263.033230
0645105526333142424206641025 2 1202503263.033231
0145103521143142424206641025 2 1202503263.033233
0645103521143142424206641025 2 1202503263.033234
0145103526143142424206641025 2 1202503263.033239
0645103526143142424206641025 2 1202503263.033240
0145100521343142424206641025 2 1202503263.033243
0645100521343142424206641025 2 1202503263.033245
0145103521343142424206641025 2 1202503263.033247
0645103521343142424206641025 2 1202503263.033248
0145105521343142424206641025 2 1202503263.033251
0645105521343142424206641025 2 1202503263.033252
0145100526343142424206641025 2 1202503263.033308
0645100526343142424206641025 2 1202503263.033310
0145103526343142424206641025 2 1202503263.033314
0645103526343142424206641025 2 1202503263.033315
0145105526343142424206641025 2 1202503263.033319
0645105526343142424206641025 2 1202503263.033321
0145103521153142424206641025 2 1202503263.033325
0645103521153142424206641025 2 1202503263.033326
0145103526153142424206641025 2 1202503263.033334
0645103526153142424206641025 2 1202503263.033336
0145100521353142424206641025 2 1202503263.033347
0645100521353142424206641025 2 1202503263.033348
0145103521353142424206641025 2 1202503263.033354
0645103521353142424206641025 2 1202503263.033355
0145105521353142424206641025 2 1202503263.033400
0645105521353142424206641025 2 1202503263.033402
0145100526353142424206641025 2 1202503263.033440
0645100526353142424206641025 2 1202503263.033442
0145103526353142424206641025 2 1202503263.033450
0645103526353142424206641025 2 1202503263.033452
0145105526353142424206641025 2 1202503263.033459
0645105526353142424206641025 2 1202503263.033500
0145103521163142424206641025 2 1202503263.033505
0645103521163142424206641025 2 1202503263.033506
0145103526163142424206641025 2 1202503263.033511
0645103526163142424206641025 2 1202503263.033512
0145100521363142424206641025 2 1202503263.033516
0645100521363142424206641025 2 1202503263.033517
0145103521363142424206641025 2 1202503263.033520
0645103521363142424206641025 2 1202503263.033521
0145105521363142424206641025 2 1202503263.033524
0645105521363142424206641025 2 1202503263.033525
0145100526363142424206641025 2 1202503263.033549
0645100526363142424206641025 2 1202503263.033550
0145103526363142424206641025 2 1202503263.033556
0645103526363142424206641025 2 1202503263.033558
0145105526363142424206641025 2 1202503263.033603
0645105526363142424206641025 2 1202503263.033604
0145103521103642424206641025 2 1202503263.033941
0645103521103642424206641025 2 1202503263.033942
0645103026103642424206641025 2 1202503263.033946
0645123026103642424206641025 2 1202503263.033947
0645133026103642424206641025 2 1202503263.033949
0645153026103642424206641025 2 1202503263.033950
0645103226103642424206641025 2 1202503263.033951
0645123226103642424206641025 2 1202503263.033953
0645133226103642424206641025 2 1202503263.033954
0645153226103642424206641025 2 1202503263.033955
0645103326103642424206641025 2 1202503263.033957
0645123326103642424206641025 2 1202503263.033958
0645133326103642424206641025 2 1202503263.033959
0645153326103642424206641025 2 1202503263.034000
0145103526103642424206641025 2 1202503263.034002
0645103526103642424206641025 2 1202503263.034003
0645123526103642424206641025 2 1202503263.034005
0645133526103642424206641025 2 1202503263.034006
0645153526103642424206641025 2 1202503263.034008
0145100521303642424206641025 2 1202503263.034020
0645100521303642424206641025 2 1202503263.034021
0645150521303642424206641025 6 1202503263.034026
0645152521303642424206641025 1 1202503263.034029
0145103521303642424206641025 2 1202503263.034031
0645103521303642424206641025 2 1202503263.034032
0645153521303642424206641025 6 1202503263.034036
0145105521303642424206641025 2 1202503263.034040
0645105521303642424206641025 2 1202503263.034042
0645155521303642424206641025 6 1202503263.034047
0145100526303642424206641025 2 1202503263.034133
0145103526303642424206641025 2 1202503263.034142
0145105526303642424206641025 2 1202503263.034146
0145103521113642424206641025 2 1202503263.034152
0645103521113642424206641025 2 1202503263.034153
0645103026113642424206641025 2 1202503263.034155
0645123026113642424206641025 2 1202503263.034156
0645133026113642424206641025 2 1202503263.034158
0645153026113642424206641025 2 1202503263.034159
0645103226113642424206641025 2 1202503263.034200
0645123226113642424206641025 2 1202503263.034201
0645133226113642424206641025 2 1202503263.034202
0645153226113642424206641025 2 1202503263.034204
0645103326113642424206641025 2 1202503263.034205
0645123326113642424206641025 2 1202503263.034207
0645133326113642424206641025 2 1202503263.034208
0645153326113642424206641025 2 1202503263.034209
0145103526113642424206641025 2 1202503263.034210
0645103526113642424206641025 2 1202503263.034211
0645123526113642424206641025 2 1202503263.034213
0645133526113642424206641025 2 1202503263.034214
0645153526113642424206641025 2 1202503263.034215
0145100521313642424206641025 2 1202503263.034221
0645100521313642424206641025 2 1202503263.034222
0645150521313642424206641025 6 1202503263.034226
0145103521313642424206641025 2 1202503263.034230
0645103521313642424206641025 2 1202503263.034231
0145105521313642424206641025 2 1202503263.034237
0645105521313642424206641025 2 1202503263.034238
0645100026313642424206641025 2 1202503263.034245
0645120026313642424206641025 2 1202503263.034247
0645130026313642424206641025 2 1202503263.034249
0645150026313642424206641025 2 1202503263.034252
0645102026313642424206641025 2 1202503263.034253
0645122026313642424206641025 2 1202503263.034254
0645132026313642424206641025 2 1202503263.034255
0645152026313642424206641025 2 1202503263.034257
0645103026313642424206641025 2 1202503263.034258
0645123026313642424206641025 2 1202503263.034259
0645133026313642424206641025 2 1202503263.034301
0645153026313642424206641025 2 1202503263.034302
0645105026313642424206641025 2 1202503263.034305
0645125026313642424206641025 2 1202503263.034308
0645135026313642424206641025 2 1202503263.034310
0645155026313642424206641025 2 1202503263.034313
0645100226313642424206641025 2 1202503263.034315
0645120226313642424206641025 2 1202503263.034317
0645130226313642424206641025 2 1202503263.034319
0645150226313642424206641025 2 1202503263.034322
0645102226313642424206641025 2 1202503263.034323
0645122226313642424206641025 2 1202503263.034324
0645132226313642424206641025 2 1202503263.034325
0645152226313642424206641025 2 1202503263.034327
0645103226313642424206641025 2 1202503263.034328
0645123226313642424206641025 2 1202503263.034329
0645133226313642424206641025 2 1202503263.034331
0645153226313642424206641025 2 1202503263.034332
0645105226313642424206641025 2 1202503263.034335
0645125226313642424206641025 2 1202503263.034337
0645135226313642424206641025 2 1202503263.034340
0645155226313642424206641025 2 1202503263.034342
0645100326313642424206641025 2 1202503263.034344
0645120326313642424206641025 2 1202503263.034347
0645130326313642424206641025 2 1202503263.034349
0645150326313642424206641025 2 1202503263.034351
0645102326313642424206641025 2 1202503263.034352
0645122326313642424206641025 2 1202503263.034353
0645132326313642424206641025 2 1202503263.034355
0645152326313642424206641025 2 1202503263.034356
0645103326313642424206641025 2 1202503263.034357
0645123326313642424206641025 2 1202503263.034359
0645133326313642424206641025 2 1202503263.034400
0645153326313642424206641025 2 1202503263.034401
0645105326313642424206641025 2 1202503263.034404
0645125326313642424206641025 2 1202503263.034407
0645135326313642424206641025 2 1202503263.034409
0645155326313642424206641025 2 1202503263.034412
0145100526313642424206641025 2 1202503263.034415
0645100526313642424206641025 2 1202503263.034417
0645120526313642424206641025 2 1202503263.034419
0645130526313642424206641025 2 1202503263.034421
0645150526313642424206641025 2 1202503263.034423
0645122526313642424206641025 2 1202503263.034425
0645132526313642424206641025 2 1202503263.034426
0645152526313642424206641025 2 1202503263.034427
0145103526313642424206641025 2 1202503263.034429
0645103526313642424206641025 2 1202503263.034430
0645123526313642424206641025 2 1202503263.034431
0645133526313642424206641025 2 1202503263.034433
0645153526313642424206641025 2 1202503263.034434
0145105526313642424206641025 2 1202503263.034438
0645105526313642424206641025 2 1202503263.034440
0645125526313642424206641025 2 1202503263.034442
0645135526313642424206641025 2 1202503263.034445
0645155526313642424206641025 2 1202503263.034447
0145103521133642424206641025 2 1202503263.034449
0645103521133642424206641025 2 1202503263.034450
0645103026133642424206641025 2 1202503263.034453
0645123026133642424206641025 2 1202503263.034454
0645133026133642424206641025 2 1202503263.034455
0645153026133642424206641025 2 1202503263.034456
0645103226133642424206641025 2 1202503263.034457
0645123226133642424206641025 2 1202503263.034459
0645133226133642424206641025 2 1202503263.034500
0645153226133642424206641025 2 1202503263.034501
0645103326133642424206641025 2 1202503263.034502
0645123326133642424206641025 2 1202503263.034503
0645133326133642424206641025 2 1202503263.034505
0645153326133642424206641025 2 1202503263.034506
0145103526133642424206641025 2 1202503263.034507
0645103526133642424206641025 2 1202503263.034508
0645123526133642424206641025 2 1202503263.034509
0645133526133642424206641025 2 1202503263.034510
0645153526133642424206641025 2 1202503263.034512
0145100521333642424206641025 2 1202503263.034515
0645100521333642424206641025 2 1202503263.034516
0145103521333642424206641025 2 1202503263.034521
0645103521333642424206641025 2 1202503263.034522
0145105521333642424206641025 2 1202503263.034527
0645105521333642424206641025 2 1202503263.034528
0145100526333642424206641025 2 1202503263.034542
0145103526333642424206641025 2 1202503263.034545
0145105526333642424206641025 2 1202503263.034547
0145103521143642424206641025 2 1202503263.034550
0645103521143642424206641025 2 1202503263.034551
0645103026143642424206641025 2 1202503263.034554
0645123026143642424206641025 2 1202503263.034555
0645133026143642424206641025 2 1202503263.034556
0645153026143642424206641025 2 1202503263.034557
0645103226143642424206641025 2 1202503263.034558
0645123226143642424206641025 2 1202503263.034600
0645133226143642424206641025 2 1202503263.034601
0645153226143642424206641025 2 1202503263.034602
0645103326143642424206641025 2 1202503263.034603
0645123326143642424206641025 2 1202503263.034604
0645133326143642424206641025 2 1202503263.034605
0645153326143642424206641025 2 1202503263.034607
0145103526143642424206641025 2 1202503263.034608
0645103526143642424206641025 2 1202503263.034609
0645123526143642424206641025 2 1202503263.034610
0645133526143642424206641025 2 1202503263.034611
0645153526143642424206641025 2 1202503263.034613
0145100521343642424206641025 2 1202503263.034616
0645100521343642424206641025 2 1202503263.034617
0145103521343642424206641025 2 1202503263.034623
0645103521343642424206641025 2 1202503263.034624
0145105521343642424206641025 2 1202503263.034629
0645105521343642424206641025 2 1202503263.034630
0145100526343642424206641025 2 1202503263.034645
0145103526343642424206641025 2 1202503263.034647
0145105526343642424206641025 2 1202503263.034650
0145103521153642424206641025 2 1202503263.034656
0645103521153642424206641025 2 1202503263.034657
0645103026153642424206641025 2 1202503263.034701
0645123026153642424206641025 2 1202503263.034702
0645133026153642424206641025 2 1202503263.034703
0645153026153642424206641025 2 1202503263.034705
0645103226153642424206641025 2 1202503263.034706
0645123226153642424206641025 2 1202503263.034707
0645133226153642424206641025 2 1202503263.034709
0645153226153642424206641025 2 1202503263.034710
0645103326153642424206641025 2 1202503263.034711
0645123326153642424206641025 2 1202503263.034713
0645133326153642424206641025 2 1202503263.034714
0645153326153642424206641025 2 1202503263.034715
0145103526153642424206641025 2 1202503263.034717
0645103526153642424206641025 2 1202503263.034718
0645123526153642424206641025 2 1202503263.034719
0645133526153642424206641025 2 1202503263.034720
0645153526153642424206641025 2 1202503263.034722
0145100521353642424206641025 2 1202503263.034737
0645100521353642424206641025 2 1202503263.034738
0145103521353642424206641025 2 1202503263.034757
0645103521353642424206641025 2 1202503263.034759
0145105521353642424206641025 2 1202503263.034809
0645105521353642424206641025 2 1202503263.034810
0145100526353642424206641025 2 1202503263.034841
0145103526353642424206641025 2 1202503263.034847
0145105526353642424206641025 2 1202503263.034851
0145103521163642424206641025 2 1202503263.034857
0645103521163642424206641025 2 1202503263.034858
0645103026163642424206641025 2 1202503263.034900
0645123026163642424206641025 2 1202503263.034901
0645133026163642424206641025 2 1202503263.034903
0645153026163642424206641025 2 1202503263.034904
0645103226163642424206641025 2 1202503263.034905
0645123226163642424206641025 2 1202503263.034906
0645133226163642424206641025 2 1202503263.034907
0645153226163642424206641025 2 1202503263.034908
0645103326163642424206641025 2 1202503263.034910
0645123326163642424206641025 2 1202503263.034911
0645133326163642424206641025 2 1202503263.034912
0645153326163642424206641025 2 1202503263.034913
0145103526163642424206641025 2 1202503263.034914
0645103526163642424206641025 2 1202503263.034916
0645123526163642424206641025 2 1202503263.034917
0645133526163642424206641025 2 1202503263.034918
0645153526163642424206641025 2 1202503263.034919
0145100521363642424206641025 2 1202503263.034922
0645100521363642424206641025 2 1202503263.034923
0145103521363642424206641025 2 1202503263.034929
0645103521363642424206641025 2 1202503263.034930
0145105521363642424206641025 2 1202503263.034934
0645105521363642424206641025 2 1202503263.034935
0145100526363642424206641025 2 1202503263.034950
0145103526363642424206641025 2 1202503263.034952
0145105526363642424206641025 2 1202503263.034955
0641105226303124424206641025 6 1202503263.040251
0565153521103144424206641025 2 1202503263.040622
0565153521113144424206641025 2 1202503263.040739
0565153521133144424206641025 2 1202503263.040833
0565153521143144424206641025 2 1202503263.040904
0565153521153144424206641025 2 1202503263.040937
0565153521163144424206641025 2 1202503263.041046
0142153521103644424206641025 2 1202503263.041139
0142153521113644424206641025 2 1202503263.041318
0142153521133644424206641025 2 1202503263.041500
0142153521143644424206641025 2 1202503263.041528
0142153521153644424206641025 2 1202503263.041604
0146153521153644424206641025 2 1202503263.041605
0142153521163644424206641025 2 1202503263.041736
0145100521303045424206641025 6 1202503263.042926
0645100521303045424206641025 6 1202503263.042928
0145103521303045424206641025 6 1202503263.042932
0645103521303045424206641025 6 1202503263.042933
0145105521303045424206641025 6 1202503263.042937
0645105521303045424206641025 6 1202503263.042938
0145100526303045424206641025 6 1202503263.042959
0145103526303045424206641025 6 1202503263.043004
0145105526303045424206641025 6 1202503263.043007
0145100521313045424206641025 6 1202503263.043025
0645100521313045424206641025 6 1202503263.043027
0645100026313045424206641025 6 1202503263.043038
0645120026313045424206641025 6 1202503263.043040
0645130026313045424206641025 6 1202503263.043043
0645150026313045424206641025 6 1202503263.043045
0645100226313045424206641025 6 1202503263.043100
0645120226313045424206641025 6 1202503263.043102
0645130226313045424206641025 6 1202503263.043105
0645150226313045424206641025 6 1202503263.043107
0645100326313045424206641025 6 1202503263.043122
0645120326313045424206641025 6 1202503263.043124
0645130326313045424206641025 6 1202503263.043127
0645150326313045424206641025 6 1202503263.043129
0145100526313045424206641025 6 1202503263.043144
0645100526313045424206641025 6 1202503263.043145
0645120526313045424206641025 6 1202503263.043148
0645130526313045424206641025 6 1202503263.043151
0645150526313045424206641025 6 1202503263.043153
0145100521303145424206641025 2 1202503263.043521
0645100521303145424206641025 2 1202503263.043522
0145103521303145424206641025 2 1202503263.043524
0645103521303145424206641025 2 1202503263.043525
0145105521303145424206641025 2 1202503263.043529
0645105521303145424206641025 2 1202503263.043530
0145100526303145424206641025 2 1202503263.043547
0645100526303145424206641025 2 1202503263.043548
0145103526303145424206641025 2 1202503263.043550
0645103526303145424206641025 2 1202503263.043551
0145105526303145424206641025 2 1202503263.043554
0645105526303145424206641025 2 1202503263.043555
0145100521313145424206641025 2 1202503263.043603
0645100521313145424206641025 2 1202503263.043604
0145103521313145424206641025 2 1202503263.043605
0645103521313145424206641025 2 1202503263.043606
0145105521313145424206641025 2 1202503263.043609
0645105521313145424206641025 2 1202503263.043611
0145100526313145424206641025 2 1202503263.043624
0645100526313145424206641025 2 1202503263.043625
0145103526313145424206641025 2 1202503263.043627
0645103526313145424206641025 2 1202503263.043628
0145105526313145424206641025 2 1202503263.043631
0645105526313145424206641025 2 1202503263.043632
0145100521333145424206641025 2 1202503263.043639
0645100521333145424206641025 2 1202503263.043640
0145103521333145424206641025 2 1202503263.043641
0645103521333145424206641025 2 1202503263.043642
0145105521333145424206641025 2 1202503263.043644
0645105521333145424206641025 2 1202503263.043645
0145100526333145424206641025 2 1202503263.043653
0645100526333145424206641025 2 1202503263.043653
0145103526333145424206641025 2 1202503263.043655
0645103526333145424206641025 2 1202503263.043656
0145105526333145424206641025 2 1202503263.043658
0645105526333145424206641025 2 1202503263.043659
0145100521343145424206641025 2 1202503263.043705
0645100521343145424206641025 2 1202503263.043706
0145103521343145424206641025 2 1202503263.043707
0645103521343145424206641025 2 1202503263.043708
0145105521343145424206641025 2 1202503263.043710
0645105521343145424206641025 2 1202503263.043711
0145100526343145424206641025 2 1202503263.043718
0645100526343145424206641025 2 1202503263.043719
0145103526343145424206641025 2 1202503263.043720
0645103526343145424206641025 2 1202503263.043721
0145105526343145424206641025 2 1202503263.043723
0645105526343145424206641025 2 1202503263.043724
0145100521353145424206641025 2 1202503263.043741
0645100521353145424206641025 2 1202503263.043742
0145103521353145424206641025 2 1202503263.043744
0645103521353145424206641025 2 1202503263.043745
0145105521353145424206641025 2 1202503263.043748
0645105521353145424206641025 2 1202503263.043749
0145100526353145424206641025 2 1202503263.043810
0645100526353145424206641025 2 1202503263.043811
0145103526353145424206641025 2 1202503263.043813
0645103526353145424206641025 2 1202503263.043814
0145105526353145424206641025 2 1202503263.043817
0645105526353145424206641025 2 1202503263.043818
0145100521363145424206641025 2 1202503263.043824
0645100521363145424206641025 2 1202503263.043825
0145103521363145424206641025 2 1202503263.043827
0645103521363145424206641025 2 1202503263.043828
0145105521363145424206641025 2 1202503263.043830
0645105521363145424206641025 2 1202503263.043830
0145100526363145424206641025 2 1202503263.043838
0645100526363145424206641025 2 1202503263.043839
0145103526363145424206641025 2 1202503263.043840
0645103526363145424206641025 2 1202503263.043841
0145105526363145424206641025 2 1202503263.043843
0645105526363145424206641025 2 1202503263.043844
0645153521103645424206641025 6 1202503263.043903
0142153526103645424206641025 2 1202503263.043917
0145100521303645424206641025 2 1202503263.043927
0645100521303645424206641025 2 1202503263.043928
0142150521303645424206641025 2 1202503263.043930
0142152521303645424206641025 2 1202503263.043933
0145103521303645424206641025 2 1202503263.043937
0645103521303645424206641025 2 1202503263.043938
0142153521303645424206641025 2 1202503263.043939
0145105521303645424206641025 2 1202503263.043943
0645105521303645424206641025 2 1202503263.043944
0142155521303645424206641025 2 1202503263.043947
0145100526303645424206641025 2 1202503263.044021
0145103526303645424206641025 2 1202503263.044028
0145105526303645424206641025 2 1202503263.044031
0142153526113645424206641025 2 1202503263.044047
0145100521313645424206641025 2 1202503263.044056
0645100521313645424206641025 2 1202503263.044057
0142150521313645424206641025 2 1202503263.044059
0142152521313645424206641025 2 1202503263.044101
0145103521313645424206641025 2 1202503263.044103
0645103521313645424206641025 2 1202503263.044104
0142153521313645424206641025 2 1202503263.044105
0145105521313645424206641025 2 1202503263.044109
0645105521313645424206641025 2 1202503263.044110
0142155521313645424206641025 2 1202503263.044113
0645100026313645424206641025 2 1202503263.044117
0645120026313645424206641025 2 1202503263.044119
0645130026313645424206641025 2 1202503263.044120
0645150026313645424206641025 2 1202503263.044122
0645102026313645424206641025 2 1202503263.044123
0645122026313645424206641025 2 1202503263.044125
0645132026313645424206641025 2 1202503263.044126
0645152026313645424206641025 2 1202503263.044127
0645103026313645424206641025 2 1202503263.044128
0645123026313645424206641025 2 1202503263.044130
0645133026313645424206641025 2 1202503263.044131
0645153026313645424206641025 2 1202503263.044132
0645105026313645424206641025 2 1202503263.044135
0645125026313645424206641025 2 1202503263.044138
0645135026313645424206641025 2 1202503263.044140
0645155026313645424206641025 2 1202503263.044143
0645100226313645424206641025 2 1202503263.044145
0645120226313645424206641025 2 1202503263.044146
0645130226313645424206641025 2 1202503263.044148
0645150226313645424206641025 2 1202503263.044150
0645102226313645424206641025 2 1202503263.044151
0645122226313645424206641025 2 1202503263.044152
0645132226313645424206641025 2 1202503263.044153
0645152226313645424206641025 2 1202503263.044155
0645103226313645424206641025 2 1202503263.044156
0645123226313645424206641025 2 1202503263.044157
0645133226313645424206641025 2 1202503263.044158
0645153226313645424206641025 2 1202503263.044200
0645105226313645424206641025 2 1202503263.044202
0645125226313645424206641025 2 1202503263.044205
0645135226313645424206641025 2 1202503263.044207
0645155226313645424206641025 2 1202503263.044210
0645100326313645424206641025 2 1202503263.044212
0645120326313645424206641025 2 1202503263.044213
0645130326313645424206641025 2 1202503263.044215
0645150326313645424206641025 2 1202503263.044217
0645102326313645424206641025 2 1202503263.044218
0645122326313645424206641025 2 1202503263.044219
0645132326313645424206641025 2 1202503263.044220
0645152326313645424206641025 2 1202503263.044222
0645103326313645424206641025 2 1202503263.044223
0645123326313645424206641025 2 1202503263.044224
0645133326313645424206641025 2 1202503263.044225
0645153326313645424206641025 2 1202503263.044227
0645105326313645424206641025 2 1202503263.044229
0645125326313645424206641025 2 1202503263.044231
0645135326313645424206641025 2 1202503263.044234
0645155326313645424206641025 2 1202503263.044237
0145100526313645424206641025 2 1202503263.044239
0645100526313645424206641025 2 1202503263.044240
0645120526313645424206641025 2 1202503263.044242
0645130526313645424206641025 2 1202503263.044243
0645150526313645424206641025 2 1202503263.044245
0645122526313645424206641025 2 1202503263.044247
0645132526313645424206641025 2 1202503263.044248
0645152526313645424206641025 2 1202503263.044249
0145103526313645424206641025 2 1202503263.044250
0645103526313645424206641025 2 1202503263.044251
0645123526313645424206641025 2 1202503263.044253
0645133526313645424206641025 2 1202503263.044254
0645153526313645424206641025 2 1202503263.044256
0145105526313645424206641025 2 1202503263.044259
0645105526313645424206641025 2 1202503263.044300
0645125526313645424206641025 2 1202503263.044302
0645135526313645424206641025 2 1202503263.044305
0645155526313645424206641025 2 1202503263.044308
0142153526133645424206641025 2 1202503263.044322
0145100521333645424206641025 2 1202503263.044324
0645100521333645424206641025 2 1202503263.044325
0142150521333645424206641025 2 1202503263.044327
0142152521333645424206641025 2 1202503263.044328
0145103521333645424206641025 2 1202503263.044330
0645103521333645424206641025 2 1202503263.044331
0142153521333645424206641025 2 1202503263.044332
0145105521333645424206641025 2 1202503263.044335
0645105521333645424206641025 2 1202503263.044336
0142155521333645424206641025 2 1202503263.044338
0145100526333645424206641025 2 1202503263.044348
0145103526333645424206641025 2 1202503263.044350
0145105526333645424206641025 2 1202503263.044352
0142153526143645424206641025 2 1202503263.044406
0145100521343645424206641025 2 1202503263.044409
0645100521343645424206641025 2 1202503263.044410
0142150521343645424206641025 2 1202503263.044411
0142152521343645424206641025 2 1202503263.044413
0145103521343645424206641025 2 1202503263.044415
0645103521343645424206641025 2 1202503263.044416
0142153521343645424206641025 2 1202503263.044417
0145105521343645424206641025 2 1202503263.044420
0645105521343645424206641025 2 1202503263.044421
0142155521343645424206641025 2 1202503263.044422
0145100526343645424206641025 2 1202503263.044432
0145103526343645424206641025 2 1202503263.044435
0145105526343645424206641025 2 1202503263.044437
0142153526153645424206641025 2 1202503263.044511
0146153526153645424206641025 2 1202503263.044513
0145100521353645424206641025 2 1202503263.044542
0645100521353645424206641025 2 1202503263.044543
0142150521353645424206641025 2 1202503263.044545
0146150521353645424206641025 2 1202503263.044547
0141152521353645424206641025 1 1202503263.044549
0142152521353645424206641025 1 1202503263.044550
0146152521353645424206641025 1 1202503263.044553
0145103521353645424206641025 2 1202503263.044554
0645103521353645424206641025 2 1202503263.044555
0142153521353645424206641025 2 1202503263.044557
0146153521353645424206641025 2 1202503263.044559
0145105521353645424206641025 2 1202503263.044602
0645105521353645424206641025 2 1202503263.044603
0142155521353645424206641025 2 1202503263.044606
0146155521353645424206641025 2 1202503263.044608
0145100526353645424206641025 2 1202503263.044636
0145103526353645424206641025 2 1202503263.044645
0145105526353645424206641025 2 1202503263.044648
0142153526163645424206641025 2 1202503263.044705
0145100521363645424206641025 2 1202503263.044708
0645100521363645424206641025 2 1202503263.044709
0142150521363645424206641025 2 1202503263.044710
0142152521363645424206641025 2 1202503263.044712
0145103521363645424206641025 2 1202503263.044714
0645103521363645424206641025 2 1202503263.044715
0142153521363645424206641025 2 1202503263.044716
0145105521363645424206641025 2 1202503263.044718
0645105521363645424206641025 2 1202503263.044719
0142155521363645424206641025 2 1202503263.044721
0145100526363645424206641025 2 1202503263.044731
0145103526363645424206641025 2 1202503263.044733
0145105526363645424206641025 2 1202503263.044735
0645155321313046424206641025 6 1202503263.045942
0144153226153046424206641025 2 1202503263.050124
0645150321353046424206641025 6 1202503263.050135
0645152321353046424206641025 1 1202503263.050137
0645153321353046424206641025 6 1202503263.050138
0645155321353046424206641025 6 1202503263.050140
0645153521103146424206641025 6 1202503263.050225
0645153026103146424206641025 6 1202503263.050229
0645153226103146424206641025 2 1202503263.050232
0145100521303146424206641025 2 1202503263.050244
0645100521303146424206641025 2 1202503263.050244
0145103521303146424206641025 2 1202503263.050250
0645103521303146424206641025 2 1202503263.050251
0145105521303146424206641025 2 1202503263.050255
0645105521303146424206641025 2 1202503263.050256
0641105226303146424206641025 2 1202503263.050318
0145100526303146424206641025 2 1202503263.050322
0645100526303146424206641025 2 1202503263.050323
0145103526303146424206641025 2 1202503263.050327
0645103526303146424206641025 2 1202503263.050328
0145105526303146424206641025 2 1202503263.050332
0645105526303146424206641025 2 1202503263.050332
0145100521313146424206641025 2 1202503263.050337
0645100521313146424206641025 2 1202503263.050338
0145105521313146424206641025 2 1202503263.050343
0645105521313146424206641025 2 1202503263.050344
0145100526313146424206641025 2 1202503263.050400
0645100526313146424206641025 2 1202503263.050401
0142150526313146424206641025 6 1202503263.050403
0145105526313146424206641025 2 1202503263.050407
0645105526313146424206641025 2 1202503263.050408
0145103521153146424206641025 2 1202503263.050412
0645103521153146424206641025 2 1202503263.050412
0145103526153146424206641025 2 1202503263.050420
0645103526153146424206641025 2 1202503263.050421
0145100521353146424206641025 2 1202503263.050430
0645100521353146424206641025 2 1202503263.050431
0145103521353146424206641025 2 1202503263.050435
0645103521353146424206641025 2 1202503263.050436
0145105521353146424206641025 2 1202503263.050441
0645105521353146424206641025 2 1202503263.050442
0145100526353146424206641025 2 1202503263.050514
0645100526353146424206641025 2 1202503263.050515
0145103526353146424206641025 2 1202503263.050522
0645103526353146424206641025 2 1202503263.050523
0145105526353146424206641025 2 1202503263.050529
0645105526353146424206641025 2 1202503263.050529
0142153526103546424206641025 2 1202503263.050550
0645153521103646424206641025 6 1202503263.050716
0145153026103646424206641025 2 1202503263.050723
0145100521303646424206641025 2 1202503263.050803
0645100521303646424206641025 2 1202503263.050804
0142150521303646424206641025 2 1202503263.050806
0142152521303646424206641025 2 1202503263.050809
0145103521303646424206641025 2 1202503263.050812
0645103521303646424206641025 2 1202503263.050813
0142153521303646424206641025 2 1202503263.050815
0145105521303646424206641025 2 1202503263.050819
0645105521303646424206641025 2 1202503263.050820
0142155521303646424206641025 2 1202503263.050823
0145100526303646424206641025 2 1202503263.050853
0145103526303646424206641025 2 1202503263.050859
0145105526303646424206641025 2 1202503263.050901
0145100521313646424206641025 2 1202503263.050910
0645100521313646424206641025 2 1202503263.050911
0145105521313646424206641025 2 1202503263.050918
0645105521313646424206641025 2 1202503263.050919
0645100026313646424206641025 2 1202503263.050923
0645120026313646424206641025 2 1202503263.050924
0645130026313646424206641025 2 1202503263.050926
0645150026313646424206641025 2 1202503263.050927
0645105026313646424206641025 2 1202503263.050930
0645125026313646424206641025 2 1202503263.050932
0645135026313646424206641025 2 1202503263.050934
0645155026313646424206641025 2 1202503263.050936
0645100226313646424206641025 2 1202503263.050938
0645120226313646424206641025 2 1202503263.050939
0645130226313646424206641025 2 1202503263.050940
0645150226313646424206641025 2 1202503263.050942
0645105226313646424206641025 2 1202503263.050945
0645125226313646424206641025 2 1202503263.050947
0645135226313646424206641025 2 1202503263.050949
0645155226313646424206641025 2 1202503263.050951
0645100326313646424206641025 2 1202503263.050952
0645120326313646424206641025 2 1202503263.050954
0645130326313646424206641025 2 1202503263.050955
0645150326313646424206641025 2 1202503263.050956
0645105326313646424206641025 2 1202503263.050959
0645125326313646424206641025 2 1202503263.051001
0645135326313646424206641025 2 1202503263.051003
0645155326313646424206641025 2 1202503263.051005
0145100526313646424206641025 2 1202503263.051007
0645100526313646424206641025 2 1202503263.051008
0645120526313646424206641025 2 1202503263.051009
0645130526313646424206641025 2 1202503263.051010
0645150526313646424206641025 2 1202503263.051012
0145105526313646424206641025 2 1202503263.051016
0645105526313646424206641025 2 1202503263.051017
0645125526313646424206641025 2 1202503263.051019
0645135526313646424206641025 2 1202503263.051021
0645155526313646424206641025 2 1202503263.051023
0145103521153646424206641025 2 1202503263.051031
0645103521153646424206641025 2 1202503263.051032
0645103026153646424206641025 2 1202503263.051035
0645123026153646424206641025 2 1202503263.051036
0645133026153646424206641025 2 1202503263.051037
0645153026153646424206641025 2 1202503263.051038
0645103226153646424206641025 2 1202503263.051039
0645123226153646424206641025 2 1202503263.051041
0645133226153646424206641025 2 1202503263.051042
0645153226153646424206641025 2 1202503263.051043
0645103326153646424206641025 2 1202503263.051044
0645123326153646424206641025 2 1202503263.051045
0645133326153646424206641025 2 1202503263.051046
0645153326153646424206641025 2 1202503263.051047
0145103526153646424206641025 2 1202503263.051048
0645103526153646424206641025 2 1202503263.051049
0645123526153646424206641025 2 1202503263.051050
0645133526153646424206641025 2 1202503263.051052
0645153526153646424206641025 2 1202503263.051053
0145100521353646424206641025 2 1202503263.051106
0645100521353646424206641025 2 1202503263.051107
0145103521353646424206641025 2 1202503263.051123
0645103521353646424206641025 2 1202503263.051124
0145105521353646424206641025 2 1202503263.051132
0645105521353646424206641025 2 1202503263.051133
0145100526353646424206641025 2 1202503263.051200
0145103526353646424206641025 2 1202503263.051204
0145105526353646424206641025 2 1202503263.051208
0026155021313141424600212055 2 1202503263.051747
0026155521313141424600212055 2 1202503263.051749
0516102021333042464600212055 2 1202503263.051907
0516122021333042464600212055 2 1202503263.051908
0516132021333042464600212055 2 1202503263.051909
0516152021333042464600212055 2 1202503263.051910
0516162021333042464600212055 2 1202503263.051911
0111152021363120404200000246 2 1202503263.052457
0111152021363121404200000246 2 1202503263.052459
