0441152621353140424201460610 2 1202503252.211145
0421152021363546424201460610 2 1202503252.211820
0411152021363140424201461303 1 1202503252.232131
0524153021313540424201461303 2 1202503252.232145
0411152021363141424201461303 1 1202503252.232242
0421152021363141424201461303 2 1202503252.232245
0411152021363142424201461303 1 1202503252.232405
0422153021133144424201461303 2 1202503252.232545
0412152021353144424201461303 1 1202503252.232608
0411152021363145424201461303 1 1202503252.232809
0411152021363146424201461303 1 1202503252.232919
0421152021363146424201461303 1 1202503252.232920
0524153021313546424201461303 2 1202503252.232934
0114102521303141424606462313 1 1202503252.234004
0114102521333145424204161325 2 1202503263.035056
0164102521333145424204161325 2 1202503263.035057
