0025106521503042424602152530 2 1202503252.214953
0112162521303040424204140140 1 1202503252.215524
0112162521313040424204140140 2 1202503252.215533
0112162521333040424204140140 2 1202503252.215538
0112162521343040424204140140 2 1202503252.215543
0111162521353040424204140140 1 1202503252.215552
0112162521353040424204140140 1 1202503252.215556
0112162521363040424204140140 2 1202503252.215605
0041162521303140424204140140 2 1202503252.215618
0141162521303140424204140140 2 1202503252.215619
0112162521303140424204140140 1 1202503252.215622
0142162521303140424204140140 1 1202503252.215626
0542162521303140424204140140 1 1202503252.215627
0014162521303140424204140140 1 1202503252.215629
0114162521303140424204140140 1 1202503252.215630
0514162521303140424204140140 1 1202503252.215632
0044162521303140424204140140 1 1202503252.215634
0144162521303140424204140140 1 1202503252.215635
0544162521303140424204140140 1 1202503252.215636
0115162521303140424204140140 1 1202503252.215637
0515162521303140424204140140 1 1202503252.215639
0112162521313140424204140140 2 1202503252.215641
0014162521313140424204140140 2 1202503252.215645
0114162521313140424204140140 2 1202503252.215646
0514162521313140424204140140 2 1202503252.215648
0144162521313140424204140140 2 1202503252.215651
0115162521313140424204140140 2 1202503252.215652
0515162521313140424204140140 2 1202503252.215653
0111162521333140424204140140 2 1202503252.215655
0141162521333140424204140140 2 1202503252.215658
0112162521333140424204140140 2 1202503252.215659
0014162521333140424204140140 2 1202503252.215703
0114162521333140424204140140 2 1202503252.215704
0514162521333140424204140140 2 1202503252.215706
0144162521333140424204140140 2 1202503252.215709
0115162521333140424204140140 2 1202503252.215710
0515162521333140424204140140 2 1202503252.215711
0112162521343140424204140140 2 1202503252.215714
0014162521343140424204140140 2 1202503252.215718
0114162521343140424204140140 2 1202503252.215719
0514162521343140424204140140 2 1202503252.215721
0144162521343140424204140140 2 1202503252.215724
0115162521343140424204140140 2 1202503252.215725
0515162521343140424204140140 2 1202503252.215726
0114162021353140424204140140 1 1202503252.215734
0111162521353140424204140140 1 1202503252.215738
0112162521353140424204140140 1 1202503252.215747
0014162521353140424204140140 1 1202503252.215754
0114162521353140424204140140 1 1202503252.215755
0514162521353140424204140140 1 1202503252.215758
0144162521353140424204140140 1 1202503252.215801
0115162521353140424204140140 1 1202503252.215803
0515162521353140424204140140 1 1202503252.215804
0111162521363140424204140140 1 1202503252.215808
0511162521363140424204140140 1 1202503252.215809
0141162521363140424204140140 2 1202503252.215812
0112162521363140424204140140 1 1202503252.215815
0142162521363140424204140140 1 1202503252.215821
0542162521363140424204140140 1 1202503252.215823
0014162521363140424204140140 1 1202503252.215824
0114162521363140424204140140 1 1202503252.215825
0514162521363140424204140140 1 1202503252.215827
0044162521363140424204140140 1 1202503252.215828
0144162521363140424204140140 1 1202503252.215830
0544162521363140424204140140 1 1202503252.215831
0115162521363140424204140140 1 1202503252.215832
0515162521363140424204140140 1 1202503252.215834
0112162521303640424204140140 1 1202503252.215847
0014162521303640424204140140 1 1202503252.215857
0114162521303640424204140140 1 1202503252.215858
0515162521303640424204140140 1 1202503252.215906
0112162521313640424204140140 2 1202503252.215910
0014162521313640424204140140 2 1202503252.215915
0114162521313640424204140140 2 1202503252.215916
0515162521313640424204140140 2 1202503252.215921
0511162521333640424204140140 2 1202503252.215924
0112162521333640424204140140 2 1202503252.215926
0014162521333640424204140140 2 1202503252.215931
0114162521333640424204140140 2 1202503252.215932
0515162521333640424204140140 2 1202503252.215937
0112162521343640424204140140 2 1202503252.215940
0014162521343640424204140140 2 1202503252.215946
0114162521343640424204140140 2 1202503252.215947
0515162521343640424204140140 2 1202503252.215952
0111162520353640424204140140 2 1202503252.215954
0111162521353640424204140140 1 1202503252.220003
0112162521353640424204140140 1 1202503252.220013
0014162521353640424204140140 1 1202503252.220022
0114162521353640424204140140 1 1202503252.220023
0515162521353640424204140140 1 1202503252.220032
0111162521363640424204140140 1 1202503252.220036
0511162521363640424204140140 2 1202503252.220038
0112162521363640424204140140 2 1202503252.220043
0512162521363640424204140140 1 1202503252.220045
0014162521363640424204140140 2 1202503252.220053
0114162521363640424204140140 1 1202503252.220054
0515162521363640424204140140 1 1202503252.220102
0112162521303041424204140140 1 1202503252.220521
0111162520353041424204140140 2 1202503252.220532
0121162520353041424204140140 1 1202503252.220533
0141162520353041424204140140 1 1202503252.220534
0111162521353041424204140140 1 1202503252.220536
0121162521353041424204140140 1 1202503252.220537
0112162521353041424204140140 1 1202503252.220540
0122162521353041424204140140 1 1202503252.220542
0124162521353041424204140140 1 1202503252.220545
0144162521353041424204140140 1 1202503252.220546
0111162521303141424204140140 1 1202503252.220606
0141162521303141424204140140 1 1202503252.220610
0541162521303141424204140140 2 1202503252.220612
0112162521303141424204140140 1 1202503252.220614
0042162521303141424204140140 1 1202503252.220617
0142162521303141424204140140 1 1202503252.220618
0542162521303141424204140140 1 1202503252.220620
0114162521303141424204140140 1 1202503252.220621
0044162521303141424204140140 1 1202503252.220623
0144162521303141424204140140 1 1202503252.220624
0544162521303141424204140140 2 1202503252.220625
0515162521303141424204140140 1 1202503252.220630
0111162520353141424204140140 2 1202503252.220631
0121162520353141424204140140 1 1202503252.220633
0141162520353141424204140140 1 1202503252.220634
0114162021353141424204140140 1 1202503252.220638
0524162021353141424204140140 1 1202503252.220640
0111162521353141424204140140 1 1202503252.220643
0121162521353141424204140140 1 1202503252.220646
0521162521353141424204140140 1 1202503252.220650
0041162521353141424204140140 1 1202503252.220651
0141162521353141424204140140 1 1202503252.220652
0541162521353141424204140140 1 1202503252.220653
0112162521353141424204140140 1 1202503252.220655
0122162521353141424204140140 1 1202503252.220658
0522162521353141424204140140 1 1202503252.220702
0042162521353141424204140140 1 1202503252.220703
0142162521353141424204140140 1 1202503252.220704
0542162521353141424204140140 1 1202503252.220705
0114162521353141424204140140 1 1202503252.220707
0024162521353141424204140140 1 1202503252.220708
0124162521353141424204140140 1 1202503252.220709
0144162521353141424204140140 1 1202503252.220711
0544162521353141424204140140 1 1202503252.220712
0515162521353141424204140140 1 1202503252.220717
0125162521353141424204140140 1 1202503252.220719
0114102521363141424204140140 1 1202503252.220726
0111162521363141424204140140 1 1202503252.220727
0511162521363141424204140140 2 1202503252.220729
0141162521363141424204140140 2 1202503252.220732
0112162521363141424204140140 1 1202503252.220734
0512162521363141424204140140 1 1202503252.220737
0022162521363141424204140140 1 1202503252.220738
0122162521363141424204140140 1 1202503252.220739
0522162521363141424204140140 1 1202503252.220742
0042162521363141424204140140 1 1202503252.220743
0142162521363141424204140140 1 1202503252.220744
0542162521363141424204140140 1 1202503252.220747
0014162521363141424204140140 1 1202503252.220748
0114162521363141424204140140 1 1202503252.220749
0514162521363141424204140140 1 1202503252.220751
0024162521363141424204140140 1 1202503252.220752
0124162521363141424204140140 1 1202503252.220753
0044162521363141424204140140 1 1202503252.220755
0144162521363141424204140140 1 1202503252.220756
0544162521363141424204140140 2 1202503252.220757
0115162521363141424204140140 1 1202503252.220759
0515162521363141424204140140 1 1202503252.220800
0125162521363141424204140140 1 1202503252.220802
0525162521363141424204140140 1 1202503252.220804
0112162521303641424204140140 1 1202503252.220813
0512162521303641424204140140 1 1202503252.220817
0014162521303641424204140140 1 1202503252.220824
0114162521303641424204140140 1 1202503252.220826
0514162521303641424204140140 1 1202503252.220827
0111162520353641424204140140 2 1202503252.220837
0141162520353641424204140140 1 1202503252.220838
0111162521353641424204140140 1 1202503252.220843
0511162521353641424204140140 1 1202503252.220847
0141162521353641424204140140 1 1202503252.220849
0112162521353641424204140140 1 1202503252.220853
0512162521353641424204140140 1 1202503252.220856
0142162521353641424204140140 1 1202503252.220858
0014162521353641424204140140 1 1202503252.220902
0114162521353641424204140140 1 1202503252.220903
0514162521353641424204140140 1 1202503252.220904
0145162521353641424204140140 1 1202503252.220912
0112162521363022424204140140 1 1202503252.221358
0112162521363622424204140140 1 1202503252.221407
0014162521363622424204140140 1 1202503252.221410
0141162521303042424204140140 1 1202503252.221417
0112162521303042424204140140 1 1202503252.221419
0144162521303042424204140140 1 1202503252.221421
0112162521313042424204140140 2 1202503252.221423
0144162521313042424204140140 2 1202503252.221426
0112162521333042424204140140 2 1202503252.221427
0144162521333042424204140140 2 1202503252.221430
0112162521343042424204140140 2 1202503252.221431
0144162521343042424204140140 2 1202503252.221433
0111162521353042424204140140 1 1202503252.221438
0121162521353042424204140140 1 1202503252.221439
0112162521353042424204140140 1 1202503252.221442
0122162521353042424204140140 1 1202503252.221444
0124162521353042424204140140 1 1202503252.221447
0144162521353042424204140140 1 1202503252.221448
0141162521363042424204140140 1 1202503252.221451
0112162521363042424204140140 2 1202503252.221452
0144162521363042424204140140 1 1202503252.221455
0111162521303142424204140140 1 1202503252.221501
0141162521303142424204140140 1 1202503252.221505
0541162521303142424204140140 1 1202503252.221507
0112162521303142424204140140 1 1202503252.221509
0042162521303142424204140140 1 1202503252.221513
0142162521303142424204140140 2 1202503252.221516
0542162521303142424204140140 2 1202503252.221519
0114162521303142424204140140 1 1202503252.221521
0144162521303142424204140140 1 1202503252.221525
0544162521303142424204140140 1 1202503252.221527
0515162521303142424204140140 1 1202503252.221533
0112162521313142424204140140 2 1202503252.221539
0042162521313142424204140140 2 1202503252.221542
0142162521313142424204140140 2 1202503252.221543
0542162521313142424204140140 2 1202503252.221544
0114162521313142424204140140 2 1202503252.221545
0144162521313142424204140140 2 1202503252.221546
0544162521313142424204140140 2 1202503252.221548
0515162521313142424204140140 2 1202503252.221551
0111162521333142424204140140 2 1202503252.221554
0121162521333142424204140140 2 1202503252.221556
0521162521333142424204140140 2 1202503252.221557
0141162521333142424204140140 2 1202503252.221559
0112162521333142424204140140 2 1202503252.221600
0122162521333142424204140140 2 1202503252.221602
0042162521333142424204140140 2 1202503252.221606
0142162521333142424204140140 2 1202503252.221607
0542162521333142424204140140 2 1202503252.221608
0114162521333142424204140140 2 1202503252.221609
0124162521333142424204140140 2 1202503252.221612
0524162521333142424204140140 2 1202503252.221613
0144162521333142424204140140 2 1202503252.221615
0544162521333142424204140140 2 1202503252.221616
0515162521333142424204140140 2 1202503252.221621
0525162521333142424204140140 2 1202503252.221625
0112162521343142424204140140 2 1202503252.221629
0042162521343142424204140140 2 1202503252.221632
0142162521343142424204140140 2 1202503252.221634
0542162521343142424204140140 2 1202503252.221636
0114162521343142424204140140 2 1202503252.221638
0144162521343142424204140140 2 1202503252.221639
0544162521343142424204140140 2 1202503252.221640
0515162521343142424204140140 2 1202503252.221643
0141162520353142424204140140 2 1202503252.221645
0114162021353142424204140140 1 1202503252.221647
0111162521353142424204140140 1 1202503252.221651
0121162521353142424204140140 1 1202503252.221654
0521162521353142424204140140 1 1202503252.221658
0041162521353142424204140140 1 1202503252.221659
0141162521353142424204140140 1 1202503252.221700
0541162521353142424204140140 1 1202503252.221702
0112162521353142424204140140 1 1202503252.221703
0122162521353142424204140140 1 1202503252.221706
0522162521353142424204140140 1 1202503252.221711
0042162521353142424204140140 1 1202503252.221712
0142162521353142424204140140 1 1202503252.221714
0542162521353142424204140140 1 1202503252.221716
0114162521353142424204140140 1 1202503252.221717
0024162521353142424204140140 1 1202503252.221720
0124162521353142424204140140 1 1202503252.221722
0144162521353142424204140140 1 1202503252.221724
0544162521353142424204140140 1 1202503252.221726
0515162521353142424204140140 1 1202503252.221732
0125162521353142424204140140 1 1202503252.221734
0615102021363142424204140140 1 1202503252.221740
0111162521363142424204140140 2 1202503252.221746
0141162521363142424204140140 1 1202503252.221753
0541162521363142424204140140 1 1202503252.221755
0112162521363142424204140140 1 1202503252.221757
0022162521363142424204140140 2 1202503252.221801
0522162521363142424204140140 1 1202503252.221809
0042162521363142424204140140 1 1202503252.221811
0142162521363142424204140140 2 1202503252.221813
0542162521363142424204140140 2 1202503252.221817
0014162521363142424204140140 1 1202503252.221819
0114162521363142424204140140 1 1202503252.221820
0514162521363142424204140140 1 1202503252.221822
0024162521363142424204140140 2 1202503252.221825
0124162521363142424204140140 1 1202503252.221827
0144162521363142424204140140 1 1202503252.221830
0544162521363142424204140140 1 1202503252.221832
0115162521363142424204140140 1 1202503252.221834
0515162521363142424204140140 1 1202503252.221838
0141162521303642424204140140 1 1202503252.221850
0541162521303642424204140140 1 1202503252.221852
0112162521303642424204140140 1 1202503252.221854
0512162521303642424204140140 1 1202503252.221859
0042162521303642424204140140 1 1202503252.221900
0142162521303642424204140140 1 1202503252.221901
0014162521303642424204140140 1 1202503252.221905
0114162521303642424204140140 1 1202503252.221906
0514162521303642424204140140 1 1202503252.221908
0144162521303642424204140140 1 1202503252.221911
0145162521303642424204140140 1 1202503252.221914
0112162521313642424204140140 2 1202503252.221916
0512162521313642424204140140 2 1202503252.221919
0142162521313642424204140140 2 1202503252.221921
0014162521313642424204140140 2 1202503252.221923
0114162521313642424204140140 2 1202503252.221924
0514162521313642424204140140 2 1202503252.221925
0145162521313642424204140140 2 1202503252.221929
0111162521333642424204140140 2 1202503252.221931
0112162521333642424204140140 2 1202503252.221934
0512162521333642424204140140 2 1202503252.221937
0142162521333642424204140140 2 1202503252.221939
0014162521333642424204140140 2 1202503252.221942
0114162521333642424204140140 2 1202503252.221943
0514162521333642424204140140 2 1202503252.221945
0145162521333642424204140140 2 1202503252.221949
0112162521343642424204140140 2 1202503252.221951
0512162521343642424204140140 2 1202503252.221953
0142162521343642424204140140 2 1202503252.221954
0014162521343642424204140140 2 1202503252.221957
0114162521343642424204140140 2 1202503252.221958
0514162521343642424204140140 2 1202503252.221959
0145162521343642424204140140 2 1202503252.222002
0111162521353642424204140140 1 1202503252.222008
0511162521353642424204140140 1 1202503252.222012
0141162521353642424204140140 1 1202503252.222014
0112162521353642424204140140 1 1202503252.222018
0512162521353642424204140140 1 1202503252.222022
0142162521353642424204140140 1 1202503252.222024
0014162521353642424204140140 1 1202503252.222028
0114162521353642424204140140 1 1202503252.222029
0514162521353642424204140140 1 1202503252.222030
0145162521353642424204140140 1 1202503252.222038
0111162521363642424204140140 1 1202503252.222041
0511162521363642424204140140 2 1202503252.222043
0112162521363642424204140140 2 1202503252.222049
0512162521363642424204140140 1 1202503252.222051
0042162521363642424204140140 1 1202503252.222055
0142162521363642424204140140 1 1202503252.222056
0014162521363642424204140140 2 1202503252.222100
0114162521363642424204140140 1 1202503252.222101
0514162521363642424204140140 2 1202503252.222102
0144162521363642424204140140 1 1202503252.222106
0145162521363642424204140140 1 1202503252.222109
0521166021333104424204140140 2 1202503252.222441
0521166021333114424204140140 2 1202503252.222534
0521166021333124424204140140 2 1202503252.222540
0111162520303044424204140140 2 1202503252.222546
0141162521303144424204140140 1 1202503252.222643
0541162521303144424204140140 2 1202503252.222646
0014162521303144424204140140 1 1202503252.222658
0114162521303144424204140140 1 1202503252.222700
0044162521303144424204140140 2 1202503252.222709
0144162521303144424204140140 1 1202503252.222711
0115162521303144424204140140 1 1202503252.222714
0515162521303144424204140140 1 1202503252.222716
0014162521313144424204140140 2 1202503252.222724
0114162521313144424204140140 2 1202503252.222726
0044162521313144424204140140 2 1202503252.222731
0144162521313144424204140140 2 1202503252.222733
0115162521313144424204140140 2 1202503252.222737
0515162521313144424204140140 2 1202503252.222738
0111162520333144424204140140 2 1202503252.222740
0521166021333144424204140140 2 1202503252.222746
0111162521333144424204140140 2 1202503252.222749
0521162521333144424204140140 2 1202503252.222753
0522162521333144424204140140 2 1202503252.222800
0014162521333144424204140140 2 1202503252.222806
0114162521333144424204140140 2 1202503252.222807
0024162521333144424204140140 2 1202503252.222812
0524162521333144424204140140 2 1202503252.222815
0044162521333144424204140140 2 1202503252.222817
0144162521333144424204140140 2 1202503252.222819
0115162521333144424204140140 2 1202503252.222822
0515162521333144424204140140 2 1202503252.222824
0524166021633144424204140140 2 1202503252.222826
0014162521343144424204140140 2 1202503252.222833
0114162521343144424204140140 2 1202503252.222835
0044162521343144424204140140 2 1202503252.222839
0144162521343144424204140140 2 1202503252.222841
0115162521343144424204140140 2 1202503252.222844
0515162521343144424204140140 2 1202503252.222846
0111162520353144424204140140 1 1202503252.222848
0121162520353144424204140140 2 1202503252.222849
0141162520353144424204140140 1 1202503252.222851
0524162021353144424204140140 2 1202503252.222857
0121162521353144424204140140 1 1202503252.222903
0122162521353144424204140140 1 1202503252.222920
0014162521353144424204140140 1 1202503252.222931
0114162521353144424204140140 1 1202503252.222932
0024162521353144424204140140 1 1202503252.222937
0124162521353144424204140140 1 1202503252.222938
0044162521353144424204140140 1 1202503252.222940
0144162521353144424204140140 1 1202503252.222941
0115162521353144424204140140 1 1202503252.222945
0515162521353144424204140140 1 1202503252.222946
0111162521363144424204140140 1 1202503252.222950
0511162521363144424204140140 2 1202503252.222952
0141162521363144424204140140 1 1202503252.222954
0541162521363144424204140140 2 1202503252.222956
0112162521363144424204140140 1 1202503252.222957
0512162521363144424204140140 1 1202503252.222958
0122162521363144424204140140 1 1202503252.223000
0522162521363144424204140140 1 1202503252.223001
0014162521363144424204140140 2 1202503252.223008
0114162521363144424204140140 1 1202503252.223009
0024162521363144424204140140 2 1202503252.223014
0124162521363144424204140140 1 1202503252.223015
0044162521363144424204140140 2 1202503252.223018
0144162521363144424204140140 1 1202503252.223019
0115162521363144424204140140 2 1202503252.223021
0515162521363144424204140140 2 1202503252.223023
0125162521363144424204140140 1 1202503252.223024
0525162521363144424204140140 1 1202503252.223025
0521166021333154424204140140 2 1202503252.223245
0521166021333164424204140140 2 1202503252.223329
0141162521303045424204140140 2 1202503252.223730
0112162521303045424204140140 1 1202503252.223731
0142162521303045424204140140 1 1202503252.223732
0144162521303045424204140140 1 1202503252.223735
0145162521303045424204140140 1 1202503252.223738
0112162521313045424204140140 2 1202503252.223740
0144162521313045424204140140 2 1202503252.223743
0145162521313045424204140140 2 1202503252.223745
0112162521333045424204140140 2 1202503252.223746
0144162521333045424204140140 2 1202503252.223750
0145162521333045424204140140 2 1202503252.223751
0112162521343045424204140140 2 1202503252.223753
0144162521343045424204140140 2 1202503252.223756
0145162521343045424204140140 2 1202503252.223759
0121162520353045424204140140 2 1202503252.223802
0141162520353045424204140140 1 1202503252.223804
0111162521353045424204140140 1 1202503252.223805
0121162521353045424204140140 1 1202503252.223807
0112162521353045424204140140 1 1202503252.223810
0122162521353045424204140140 1 1202503252.223811
0144162521353045424204140140 1 1202503252.223816
0125162521353045424204140140 1 1202503252.223819
0145162521353045424204140140 1 1202503252.223820
0141162521363045424204140140 1 1202503252.223825
0112162521363045424204140140 2 1202503252.223826
0142162521363045424204140140 1 1202503252.223828
0144162521363045424204140140 1 1202503252.223831
0125162521363045424204140140 2 1202503252.223834
0145162521363045424204140140 1 1202503252.223835
0114162021303145424204140140 1 1202503252.223842
0141162521303145424204140140 1 1202503252.223851
0541162521303145424204140140 1 1202503252.223853
0112162521303145424204140140 1 1202503252.223856
0142162521303145424204140140 1 1202503252.223902
0542162521303145424204140140 1 1202503252.223905
0014162521303145424204140140 1 1202503252.223906
0114162521303145424204140140 1 1202503252.223908
0514162521303145424204140140 1 1202503252.223912
0144162521303145424204140140 1 1202503252.223916
0544162521303145424204140140 1 1202503252.223917
0115162521303145424204140140 1 1202503252.223919
0515162521303145424204140140 1 1202503252.223922
0145162521303145424204140140 1 1202503252.223923
0114162021313145424204140140 2 1202503252.223927
0112162521313145424204140140 2 1202503252.223930
0542162521313145424204140140 2 1202503252.223935
0014162521313145424204140140 2 1202503252.223937
0114162521313145424204140140 2 1202503252.223938
0514162521313145424204140140 2 1202503252.223941
0144162521313145424204140140 2 1202503252.223942
0544162521313145424204140140 2 1202503252.223944
0115162521313145424204140140 2 1202503252.223945
0515162521313145424204140140 2 1202503252.223947
0145162521313145424204140140 2 1202503252.223949
0114162021333145424204140140 2 1202503252.223953
0111162521333145424204140140 2 1202503252.223955
0121162521333145424204140140 2 1202503252.223957
0521162521333145424204140140 2 1202503252.223959
0112162521333145424204140140 2 1202503252.224002
0022162521333145424204140140 2 1202503252.224004
0122162521333145424204140140 2 1202503252.224005
0542162521333145424204140140 2 1202503252.224009
0014162521333145424204140140 2 1202503252.224010
0114162521333145424204140140 2 1202503252.224011
0514162521333145424204140140 2 1202503252.224013
0024162521333145424204140140 2 1202503252.224015
0124162521333145424204140140 2 1202503252.224016
0144162521333145424204140140 2 1202503252.224018
0544162521333145424204140140 2 1202503252.224019
0115162521333145424204140140 2 1202503252.224021
0515162521333145424204140140 2 1202503252.224023
0145162521333145424204140140 2 1202503252.224024
0114162021343145424204140140 2 1202503252.224026
0112162521343145424204140140 2 1202503252.224029
0542162521343145424204140140 2 1202503252.224032
0014162521343145424204140140 2 1202503252.224034
0114162521343145424204140140 2 1202503252.224035
0514162521343145424204140140 2 1202503252.224037
0144162521343145424204140140 2 1202503252.224038
0544162521343145424204140140 2 1202503252.224039
0115162521343145424204140140 2 1202503252.224041
0515162521343145424204140140 2 1202503252.224042
0145162521343145424204140140 2 1202503252.224043
0121162520353145424204140140 1 1202503252.224045
0141162520353145424204140140 2 1202503252.224047
0114162021353145424204140140 1 1202503252.224055
0111162521353145424204140140 1 1202503252.224059
0521162521353145424204140140 1 1202503252.224106
0541162521353145424204140140 1 1202503252.224110
0112162521353145424204140140 1 1202503252.224112
0522162521353145424204140140 1 1202503252.224119
0542162521353145424204140140 1 1202503252.224123
0014162521353145424204140140 1 1202503252.224124
0114162521353145424204140140 1 1202503252.224125
0514162521353145424204140140 1 1202503252.224128
0024162521353145424204140140 1 1202503252.224129
0124162521353145424204140140 1 1202503252.224130
0144162521353145424204140140 1 1202503252.224132
0544162521353145424204140140 1 1202503252.224133
0115162521353145424204140140 1 1202503252.224135
0515162521353145424204140140 1 1202503252.224136
0125162521353145424204140140 1 1202503252.224137
0145162521353145424204140140 1 1202503252.224139
0114162021363145424204140140 1 1202503252.224142
0111162521363145424204140140 1 1202503252.224149
0511162521363145424204140140 1 1202503252.224151
0141162521363145424204140140 2 1202503252.224153
0541162521363145424204140140 2 1202503252.224155
0112162521363145424204140140 1 1202503252.224157
0122162521363145424204140140 2 1202503252.224201
0522162521363145424204140140 1 1202503252.224204
0142162521363145424204140140 1 1202503252.224206
0542162521363145424204140140 1 1202503252.224208
0014162521363145424204140140 1 1202503252.224209
0114162521363145424204140140 1 1202503252.224210
0514162521363145424204140140 1 1202503252.224212
0024162521363145424204140140 1 1202503252.224213
0124162521363145424204140140 1 1202503252.224215
0144162521363145424204140140 1 1202503252.224219
0544162521363145424204140140 1 1202503252.224220
0115162521363145424204140140 1 1202503252.224221
0515162521363145424204140140 1 1202503252.224223
0145162521363145424204140140 1 1202503252.224224
0141162521303645424204140140 1 1202503252.224232
0541162521303645424204140140 1 1202503252.224234
0112162521303645424204140140 1 1202503252.224236
0142162521303645424204140140 1 1202503252.224239
0542162521303645424204140140 1 1202503252.224241
0014162521303645424204140140 1 1202503252.224242
0114162521303645424204140140 1 1202503252.224243
0144162521303645424204140140 1 1202503252.224247
0544162521303645424204140140 1 1202503252.224249
0515162521303645424204140140 1 1202503252.224251
0112162521313645424204140140 2 1202503252.224255
0014162521313645424204140140 2 1202503252.224259
0114162521313645424204140140 2 1202503252.224300
0144162521313645424204140140 2 1202503252.224303
0515162521313645424204140140 2 1202503252.224306
0511162521333645424204140140 2 1202503252.224309
0112162521333645424204140140 2 1202503252.224312
0014162521333645424204140140 2 1202503252.224316
0114162521333645424204140140 2 1202503252.224317
0144162521333645424204140140 2 1202503252.224320
0515162521333645424204140140 2 1202503252.224323
0112162521343645424204140140 2 1202503252.224326
0014162521343645424204140140 2 1202503252.224330
0114162521343645424204140140 2 1202503252.224331
0144162521343645424204140140 2 1202503252.224334
0515162521343645424204140140 2 1202503252.224337
0111162520353645424204140140 2 1202503252.224339
0111162521353645424204140140 1 1202503252.224346
0112162521353645424204140140 1 1202503252.224354
0014162521353645424204140140 1 1202503252.224400
0114162521353645424204140140 1 1202503252.224401
0144162521353645424204140140 1 1202503252.224406
0515162521353645424204140140 1 1202503252.224411
0114162021363645424204140140 1 1202503252.224415
0111162521363645424204140140 1 1202503252.224418
0511162521363645424204140140 2 1202503252.224419
0112162521363645424204140140 2 1202503252.224425
0512162521363645424204140140 1 1202503252.224428
0142162521363645424204140140 1 1202503252.224431
0542162521363645424204140140 1 1202503252.224433
0014162521363645424204140140 2 1202503252.224434
0114162521363645424204140140 1 1202503252.224435
0144162521363645424204140140 1 1202503252.224439
0544162521363645424204140140 1 1202503252.224440
0515162521363645424204140140 1 1202503252.224443
0111162521303146424204140140 1 1202503252.225022
0511162521303146424204140140 1 1202503252.225023
0541162521303146424204140140 2 1202503252.225026
0112162521303146424204140140 1 1202503252.225028
0512162521303146424204140140 1 1202503252.225029
0142162521303146424204140140 2 1202503252.225032
0542162521303146424204140140 1 1202503252.225034
0014162521303146424204140140 1 1202503252.225035
0114162521303146424204140140 1 1202503252.225036
0514162521303146424204140140 1 1202503252.225038
0144162521303146424204140140 1 1202503252.225040
0544162521303146424204140140 1 1202503252.225042
0112162521313146424204140140 2 1202503252.225047
0512162521313146424204140140 2 1202503252.225048
0142162521313146424204140140 2 1202503252.225050
0014162521313146424204140140 2 1202503252.225053
0114162521313146424204140140 2 1202503252.225054
0514162521313146424204140140 2 1202503252.225055
0144162521313146424204140140 2 1202503252.225057
0511162521333146424204140140 2 1202503252.225102
0112162521333146424204140140 2 1202503252.225104
0512162521333146424204140140 2 1202503252.225106
0142162521333146424204140140 2 1202503252.225108
0014162521333146424204140140 2 1202503252.225110
0114162521333146424204140140 2 1202503252.225112
0514162521333146424204140140 2 1202503252.225113
0144162521333146424204140140 2 1202503252.225115
0112162521343146424204140140 2 1202503252.225120
0512162521343146424204140140 2 1202503252.225122
0142162521343146424204140140 2 1202503252.225124
0014162521343146424204140140 2 1202503252.225126
0114162521343146424204140140 2 1202503252.225127
0514162521343146424204140140 2 1202503252.225129
0144162521343146424204140140 2 1202503252.225131
0111162521353146424204140140 1 1202503252.225139
0511162521353146424204140140 1 1202503252.225141
0141162521353146424204140140 1 1202503252.225146
0112162521353146424204140140 1 1202503252.225150
0512162521353146424204140140 1 1202503252.225152
0142162521353146424204140140 1 1202503252.225157
0014162521353146424204140140 1 1202503252.225201
0114162521353146424204140140 1 1202503252.225202
0514162521353146424204140140 1 1202503252.225203
0144162521353146424204140140 1 1202503252.225207
0111162521363146424204140140 1 1202503252.225213
0141162521363146424204140140 1 1202503252.225216
0541162521363146424204140140 2 1202503252.225218
0112162521363146424204140140 1 1202503252.225219
0512162521363146424204140140 1 1202503252.225221
0142162521363146424204140140 2 1202503252.225225
0542162521363146424204140140 1 1202503252.225227
0014162521363146424204140140 1 1202503252.225228
0114162521363146424204140140 1 1202503252.225229
0514162521363146424204140140 1 1202503252.225230
0144162521363146424204140140 1 1202503252.225235
0544162521363146424204140140 1 1202503252.225236
0162100521313141424602242533 2 1202503263.021042
0516162021303144424204050144 1 1202503263.023549
0526163021113144424204050144 2 1202503263.023550
0516162021313144424204050144 2 1202503263.023551
0516162021333144424204050144 2 1202503263.023553
0516162021343144424204050144 2 1202503263.023554
0516162021353144424204050144 2 1202503263.023557
0516162021363144424204050144 2 1202503263.023558
0122103621313140424201440125 2 1202503263.030150
0122103621313144424201440125 2 1202503263.030548
