014110242003351042010500 1202309166.140112
014110242053351042010500 1202309166.140113
014110242003354042010500 1202309166.140116
014110242003351442010500 1202309166.140122
014110242003351542010500 1202309166.140126
014110242053351042020500 1202309166.140129
014110242003354042020500 1202309166.140132
014110242003351542020500 1202309166.140138
014110242003351042010510 1202309166.141353
014110242003354042010510 1202309166.141356
014110242033354042010510 1202309166.141358
014110242003350442010510 1202309166.141402
014110242033350442010510 1202309166.141404
014110242003351442010510 1202309166.141405
014110242003354442010510 1202309166.141409
014110242003355442010510 1202309166.141411
014110242003351542010510 1202309166.141414
014110242003354542010510 1202309166.141416
014110242033354542010510 1202309166.141417
014110242003354042020510 1202309166.141420
014110242033354042020510 1202309166.141422
014110242003351542020510 1202309166.141426
014110242003354542020510 1202309166.141428
014110242033354542020510 1202309166.141429
014110242003351042010520 1202309166.142621
014110242003354042010520 1202309166.142623
014110242033354042010520 1202309166.142625
014110242033350442010520 1202309166.142628
014110242053350442010520 1202309166.142630
014110242003351442010520 1202309166.142631
014110242003354442010520 1202309166.142634
014110242033354442010520 1202309166.142636
014110242053354442010520 1202309166.142637
014110242003351542010520 1202309166.142639
014110242003354542010520 1202309166.142641
014110242033354542010520 1202309166.142642
014110242053354542010520 1202309166.142643
014110242003354042020520 1202309166.142646
014110242033354042020520 1202309166.142648
014110242053354042020520 1202309166.142649
014110242003351542020520 1202309166.142653
014110242003354542020520 1202309166.142655
014110242033354542020520 1202309166.142656
014110242053354542020520 1202309166.142658
