014110242003351042010540 1202309166.135345
014110242053351042010540 1202309166.135347
014110242003354042010540 1202309166.135350
014110242003351442010540 1202309166.135357
014110242053351442010540 1202309166.135358
014110242003354442010540 1202309166.135401
014110242003355442010540 1202309166.135406
014110242003351542010540 1202309166.135411
014110242053351542010540 1202309166.135412
014110242003354542010540 1202309166.135415
014110242003354042020540 1202309166.135420
014110242003351542020540 1202309166.135429
014110242053351542020540 1202309166.135431
014110242003354542020540 1202309166.135434
014110242003351042010550 1202309166.140833
014110242003354042010550 1202309166.140835
014110242003351442010550 1202309166.140841
014110242003351542010550 1202309166.140847
014110242003354042020550 1202309166.140851
014110242003351542020550 1202309166.140857
014510252030354042021011 1202309166.142744
014510252030354442021011 1202309166.142755
014510052003354042021021 1202309166.144419
014510052003355142021021 1202309166.144450
014510052013355142021021 1202309166.144452
