0141100521033164424204242410 2 1202504281.234638
0141100521133164424204242410 2 1202504281.234639
0141100521333164424204242410 2 1202504281.234641
0145105521303041424206641025 6 1202504292.002402
0145105526303041424206641025 6 1202504292.002405
0145105521303141424206641025 2 1202504292.002427
0145105526303141424206641025 2 1202504292.002432
0145105521313141424206641025 2 1202504292.002435
0145105526313141424206641025 2 1202504292.002442
0145105521333141424206641025 2 1202504292.002447
0145105526333141424206641025 2 1202504292.002452
0145105521343141424206641025 2 1202504292.002457
0145105526343141424206641025 2 1202504292.002501
0145105521353141424206641025 2 1202504292.002509
0145105526353141424206641025 2 1202504292.002514
0145105521363141424206641025 2 1202504292.002516
0145105526363141424206641025 2 1202504292.002519
0145105521303641424206641025 2 1202504292.002523
0145105526303641424206641025 2 1202504292.002528
0145105521313641424206641025 2 1202504292.002532
0145105526313641424206641025 2 1202504292.002537
0145105521333641424206641025 2 1202504292.002540
0145105526333641424206641025 2 1202504292.002543
0145105521343641424206641025 2 1202504292.002545
0145105526343641424206641025 2 1202504292.002549
0145105521353641424206641025 2 1202504292.002553
0145105526353641424206641025 2 1202504292.002558
0145105521363641424206641025 2 1202504292.002601
0145105526363641424206641025 2 1202504292.002604
0145103521103142424206641025 2 1202504292.002940
0145103526103142424206641025 2 1202504292.002942
0145100521303142424206641025 2 1202504292.002945
0145103521303142424206641025 2 1202504292.002946
0145105521303142424206641025 2 1202504292.002950
0145100526303142424206641025 2 1202504292.002953
0145103526303142424206641025 2 1202504292.002955
0145105526303142424206641025 2 1202504292.002958
0145103521113142424206641025 2 1202504292.003000
0145103526113142424206641025 2 1202504292.003001
0145100521313142424206641025 2 1202504292.003004
0145103521313142424206641025 2 1202504292.003006
0145105521313142424206641025 2 1202504292.003009
0145100526313142424206641025 2 1202504292.003013
0145103526313142424206641025 2 1202504292.003014
0145105526313142424206641025 2 1202504292.003018
0145103521133142424206641025 2 1202504292.003019
0145103526133142424206641025 2 1202504292.003021
0145100521333142424206641025 2 1202504292.003023
0145103521333142424206641025 2 1202504292.003024
0145105521333142424206641025 2 1202504292.003027
0145100526333142424206641025 2 1202504292.003029
0145103526333142424206641025 2 1202504292.003031
0145105526333142424206641025 2 1202504292.003033
0145103521143142424206641025 2 1202504292.003034
0145103526143142424206641025 2 1202504292.003036
0145100521343142424206641025 2 1202504292.003038
0145103521343142424206641025 2 1202504292.003040
0145105521343142424206641025 2 1202504292.003042
0145100526343142424206641025 2 1202504292.003044
0145103526343142424206641025 2 1202504292.003046
0145105526343142424206641025 2 1202504292.003048
0145103521153142424206641025 2 1202504292.003050
0145103526153142424206641025 2 1202504292.003052
0145100521353142424206641025 2 1202504292.003055
0145103521353142424206641025 2 1202504292.003057
0145105521353142424206641025 2 1202504292.003101
0145100526353142424206641025 2 1202504292.003104
0145103526353142424206641025 2 1202504292.003106
0145105526353142424206641025 2 1202504292.003109
0145103521163142424206641025 2 1202504292.003111
0145103526163142424206641025 2 1202504292.003112
0145100521363142424206641025 2 1202504292.003114
0145103521363142424206641025 2 1202504292.003116
0145105521363142424206641025 2 1202504292.003118
0145100526363142424206641025 2 1202504292.003121
0145103526363142424206641025 2 1202504292.003122
0145105526363142424206641025 2 1202504292.003125
0145103521103642424206641025 2 1202504292.003203
0145103526103642424206641025 2 1202504292.003205
0145100521303642424206641025 2 1202504292.003208
0145103521303642424206641025 2 1202504292.003210
0145105521303642424206641025 2 1202504292.003213
0145100526303642424206641025 2 1202504292.003216
0145103526303642424206641025 2 1202504292.003218
0145105526303642424206641025 2 1202504292.003221
0145103521113642424206641025 2 1202504292.003223
0145103526113642424206641025 2 1202504292.003224
0145100521313642424206641025 2 1202504292.003227
0145103521313642424206641025 2 1202504292.003229
0145105521313642424206641025 2 1202504292.003232
0145100526313642424206641025 2 1202504292.003235
0145103526313642424206641025 2 1202504292.003237
0145105526313642424206641025 2 1202504292.003240
0145103521133642424206641025 2 1202504292.003242
0145103526133642424206641025 2 1202504292.003244
0145100521333642424206641025 2 1202504292.003246
0145103521333642424206641025 2 1202504292.003247
0145105521333642424206641025 2 1202504292.003250
0145100526333642424206641025 2 1202504292.003252
0145103526333642424206641025 2 1202504292.003253
0145105526333642424206641025 2 1202504292.003256
0145103521143642424206641025 2 1202504292.003257
0145103526143642424206641025 2 1202504292.003259
0145100521343642424206641025 2 1202504292.003301
0145103521343642424206641025 2 1202504292.003303
0145105521343642424206641025 2 1202504292.003305
0145100526343642424206641025 2 1202504292.003307
0145103526343642424206641025 2 1202504292.003309
0145105526343642424206641025 2 1202504292.003311
0145103521153642424206641025 2 1202504292.003313
0145103526153642424206641025 2 1202504292.003315
0145100521353642424206641025 2 1202504292.003318
0145103521353642424206641025 2 1202504292.003320
0145105521353642424206641025 2 1202504292.003324
0145100526353642424206641025 2 1202504292.003327
0145103526353642424206641025 2 1202504292.003328
0145105526353642424206641025 2 1202504292.003332
0145103521163642424206641025 2 1202504292.003333
0145103526163642424206641025 2 1202504292.003335
0145100521363642424206641025 2 1202504292.003337
0145103521363642424206641025 2 1202504292.003339
0145105521363642424206641025 2 1202504292.003341
0145100526363642424206641025 2 1202504292.003343
0145103526363642424206641025 2 1202504292.003345
0145105526363642424206641025 2 1202504292.003347
0145100521303045424206641025 6 1202504292.004006
0145103521303045424206641025 6 1202504292.004008
0145105521303045424206641025 6 1202504292.004011
0145100526303045424206641025 6 1202504292.004014
0145103526303045424206641025 6 1202504292.004016
0145105526303045424206641025 6 1202504292.004019
0145100521313045424206641025 6 1202504292.004023
0145100526313045424206641025 6 1202504292.004030
0145100521303145424206641025 2 1202504292.004112
0145103521303145424206641025 2 1202504292.004113
0145105521303145424206641025 2 1202504292.004116
0145100526303145424206641025 2 1202504292.004119
0145103526303145424206641025 2 1202504292.004121
0145105526303145424206641025 2 1202504292.004124
0145100521313145424206641025 2 1202504292.004128
0145103521313145424206641025 2 1202504292.004129
0145105521313145424206641025 2 1202504292.004132
0145100526313145424206641025 2 1202504292.004135
0145103526313145424206641025 2 1202504292.004137
0145105526313145424206641025 2 1202504292.004140
0145100521333145424206641025 2 1202504292.004144
0145103521333145424206641025 2 1202504292.004145
0145105521333145424206641025 2 1202504292.004147
0145100526333145424206641025 2 1202504292.004149
0145103526333145424206641025 2 1202504292.004151
0145105526333145424206641025 2 1202504292.004153
0145100521343145424206641025 2 1202504292.004157
0145103521343145424206641025 2 1202504292.004158
0145105521343145424206641025 2 1202504292.004201
0145100526343145424206641025 2 1202504292.004203
0145103526343145424206641025 2 1202504292.004204
0145105526343145424206641025 2 1202504292.004206
0145100521353145424206641025 2 1202504292.004214
0145103521353145424206641025 2 1202504292.004215
0145105521353145424206641025 2 1202504292.004218
0145100526353145424206641025 2 1202504292.004221
0145103526353145424206641025 2 1202504292.004223
0145105526353145424206641025 2 1202504292.004226
0145100521363145424206641025 2 1202504292.004229
0145103521363145424206641025 2 1202504292.004231
0145105521363145424206641025 2 1202504292.004233
0145100526363145424206641025 2 1202504292.004235
0145103526363145424206641025 2 1202504292.004237
0145105526363145424206641025 2 1202504292.004239
0145100521303645424206641025 2 1202504292.004244
0145103521303645424206641025 2 1202504292.004246
0145105521303645424206641025 2 1202504292.004249
0145100526303645424206641025 2 1202504292.004252
0145103526303645424206641025 2 1202504292.004254
0145105526303645424206641025 2 1202504292.004257
0145100521313645424206641025 2 1202504292.004301
0145103521313645424206641025 2 1202504292.004303
0145105521313645424206641025 2 1202504292.004306
0145100526313645424206641025 2 1202504292.004310
0145103526313645424206641025 2 1202504292.004311
0145105526313645424206641025 2 1202504292.004314
0145100521333645424206641025 2 1202504292.004318
0145103521333645424206641025 2 1202504292.004320
0145105521333645424206641025 2 1202504292.004322
0145100526333645424206641025 2 1202504292.004325
0145103526333645424206641025 2 1202504292.004326
0145105526333645424206641025 2 1202504292.004328
0145100521343645424206641025 2 1202504292.004332
0145103521343645424206641025 2 1202504292.004334
0145105521343645424206641025 2 1202504292.004336
0145100526343645424206641025 2 1202504292.004338
0145103526343645424206641025 2 1202504292.004340
0145105526343645424206641025 2 1202504292.004342
0145100521353645424206641025 2 1202504292.004350
0145103521353645424206641025 2 1202504292.004352
0145105521353645424206641025 2 1202504292.004355
0145100526353645424206641025 2 1202504292.004359
0145103526353645424206641025 2 1202504292.004400
0145105526353645424206641025 2 1202504292.004403
0145100521363645424206641025 2 1202504292.004407
0145103521363645424206641025 2 1202504292.004409
0145105521363645424206641025 2 1202504292.004411
0145100526363645424206641025 2 1202504292.004413
0145103526363645424206641025 2 1202504292.004415
0145105526363645424206641025 2 1202504292.004417
0145100521303146424206641025 2 1202504292.004724
0145103521303146424206641025 2 1202504292.004725
0145105521303146424206641025 2 1202504292.004728
0145100526303146424206641025 2 1202504292.004730
0145103526303146424206641025 2 1202504292.004732
0145105526303146424206641025 2 1202504292.004735
0145100521313146424206641025 2 1202504292.004737
0145105521313146424206641025 2 1202504292.004740
0145100526313146424206641025 2 1202504292.004742
0145105526313146424206641025 2 1202504292.004745
0145103521153146424206641025 2 1202504292.004747
0145103526153146424206641025 2 1202504292.004749
0145100521353146424206641025 2 1202504292.004752
0145103521353146424206641025 2 1202504292.004754
0145105521353146424206641025 2 1202504292.004757
0145100526353146424206641025 2 1202504292.004800
0145103526353146424206641025 2 1202504292.004802
0145105526353146424206641025 2 1202504292.004806
0145100521303646424206641025 2 1202504292.004831
0145103521303646424206641025 2 1202504292.004832
0145105521303646424206641025 2 1202504292.004835
0145100526303646424206641025 2 1202504292.004838
0145103526303646424206641025 2 1202504292.004840
0145105526303646424206641025 2 1202504292.004842
0145100521313646424206641025 2 1202504292.004844
0145105521313646424206641025 2 1202504292.004847
0145100526313646424206641025 2 1202504292.004850
0145105526313646424206641025 2 1202504292.004853
0145103521153646424206641025 2 1202504292.004855
0145103526153646424206641025 2 1202504292.004857
0145100521353646424206641025 2 1202504292.004900
0145103521353646424206641025 2 1202504292.004902
0145105521353646424206641025 2 1202504292.004905
0145100526353646424206641025 2 1202504292.004908
0145103526353646424206641025 2 1202504292.004910
0145105526353646424206641025 2 1202504292.004913
