0021106021353045424606162400 1 1202503064.000629
0022106021353045424606162400 1 1202503064.000632
0021106221353045424606162400 1 1202503064.000635
0021106321353045424606162400 1 1202503064.000638
0021106521353045424606162400 1 1202503064.000641
0021106621353045424606162400 1 1202503064.000643
0164103526133040424206251020 2 1202503064.001248
0164103521113640424206251020 2 1202503064.001252
0164103526113640424206251020 2 1202503064.001254
0164100526333641424206251020 2 1202503064.001303
0164103521113042424206251020 2 1202503064.001307
0164103526113042424206251020 2 1202503064.001308
0164103521113142424206251020 2 1202503064.001310
0164103526113142424206251020 2 1202503064.001312
0164103521113642424206251020 2 1202503064.001314
0164103526113642424206251020 2 1202503064.001315
0164103526133642424206251020 2 1202503064.001317
0164100526333642424206251020 2 1202503064.001319
0114102526333642424206251020 2 1202503064.001320
0164102526333642424206251020 2 1202503064.001321
0164103526333642424206251020 2 1202503064.001322
0164105526333642424206251020 2 1202503064.001324
0164103521113044424206251020 2 1202503064.001334
0164103526113044424206251020 2 1202503064.001335
0164103521113144424206251020 2 1202503064.001340
0164103526113144424206251020 2 1202503064.001341
0164103521133144424206251020 2 1202503064.001343
0164103526133144424206251020 2 1202503064.001345
0164103521113644424206251020 2 1202503064.001350
0164103526113644424206251020 2 1202503064.001351
0164103521133644424206251020 2 1202503064.001354
0164103526133644424206251020 2 1202503064.001356
0041106621313040424200000520 2 1202503064.001828
0616162021353040424200000520 2 1202503064.001830
0041106621313541424200000520 2 1202503064.001910
0614102021353042424200000520 2 1202503064.001921
0144153621113142424200000520 2 1202503064.001923
0144153621113542424200000520 2 1202503064.001925
0612152021353542424200000520 2 1202503064.001928
0046103621113642424200000520 2 1202503064.001930
0046153621113642424200000520 2 1202503064.001932
0046163621113642424200000520 2 1202503064.001934
0144150621333104424200000520 2 1202503064.001947
0144152621333104424200000520 2 1202503064.001950
0144153621333104424200000520 2 1202503064.001954
0144155621333104424200000520 2 1202503064.001957
0041106621333104424200000520 2 1202503064.002000
0541156621333104424200000520 2 1202503064.002002
0144156621333104424200000520 2 1202503064.002004
0144150621333114424200000520 2 1202503064.002025
0144152621333114424200000520 2 1202503064.002028
0144153621333114424200000520 2 1202503064.002032
0144155621333114424200000520 2 1202503064.002035
0041106621333114424200000520 2 1202503064.002038
0541156621333114424200000520 2 1202503064.002040
0144156621333114424200000520 2 1202503064.002042
0144150621333124424200000520 2 1202503064.002102
0144152621333124424200000520 2 1202503064.002105
0144153621333124424200000520 2 1202503064.002109
0144155621333124424200000520 2 1202503064.002112
0041106621333124424200000520 2 1202503064.002115
0541156621333124424200000520 2 1202503064.002117
0144156621333124424200000520 2 1202503064.002118
0041106621313044424200000520 2 1202503064.002137
0144153621113144424200000520 2 1202503064.002147
0144153621313144424200000520 2 1202503064.002155
0041106621313144424200000520 2 1202503064.002158
0144150621333144424200000520 2 1202503064.002210
0144152621333144424200000520 2 1202503064.002213
0144153621333144424200000520 2 1202503064.002217
0144155621333144424200000520 2 1202503064.002220
0041106621333144424200000520 2 1202503064.002223
0541156621333144424200000520 2 1202503064.002225
0144156621333144424200000520 2 1202503064.002227
0612162021353644424200000520 2 1202503064.002309
0144150621333154424200000520 2 1202503064.002320
0144152621333154424200000520 2 1202503064.002323
0144153621333154424200000520 2 1202503064.002326
0144155621333154424200000520 2 1202503064.002329
0041106621333154424200000520 2 1202503064.002332
0541156621333154424200000520 2 1202503064.002334
0144156621333154424200000520 2 1202503064.002336
0144150621333164424200000520 2 1202503064.002359
0144152621333164424200000520 2 1202503064.002402
0144153621333164424200000520 2 1202503064.002406
0144155621333164424200000520 2 1202503064.002409
0041106621333164424200000520 2 1202503064.002412
0541156621333164424200000520 2 1202503064.002413
0144156621333164424200000520 2 1202503064.002415
0144153621113145424200000520 2 1202503064.002429
0144153621113146424200000520 2 1202503064.002452
0144153621313146424200000520 2 1202503064.002459
0144153621113546424200000520 2 1202503064.002503
0144153621313546424200000520 2 1202503064.002505
0616152021353646424200000520 2 1202503064.002516
0612162021353646424200000520 2 1202503064.002518
0516102021333042464600512050 2 1202503064.012425
0516122021333042464600512050 2 1202503064.012427
0516132021333042464600512050 2 1202503064.012429
0516152021333042464600512050 2 1202503064.012431
0516162021333042464600512050 2 1202503064.012433
0114102521333145424604112031 2 1202503064.014048
0561105021303540424200252431 2 1202503064.014326
0062105021003041424200252431 2 1202503064.014329
0561155021303041424200252431 2 1202503064.014332
0062105021013041424200252431 2 1202503064.014334
0062155021013041424200252431 2 1202503064.014336
0062105021033041424200252431 2 1202503064.014338
0062105021043041424200252431 2 1202503064.014340
0062105021053041424200252431 2 1202503064.014342
0062155021003541424200252431 2 1202503064.014345
0561105021303541424200252431 2 1202503064.014348
0062155021013541424200252431 2 1202503064.014350
0562103521013142424200252431 2 1202503064.014353
0561155021303044424200252431 2 1202503064.014357
0561155521303044424200252431 2 1202503064.014359
0561105021303544424200252431 2 1202503064.014402
0561105021303540424600252431 2 1202503064.014427
0062105021003041424600252431 2 1202503064.014430
0561155021303041424600252431 2 1202503064.014433
0062105021013041424600252431 2 1202503064.014435
0062155021013041424600252431 2 1202503064.014437
0062105021033041424600252431 2 1202503064.014440
0062105021043041424600252431 2 1202503064.014442
0062105021053041424600252431 2 1202503064.014444
0062155021003541424600252431 2 1202503064.014446
0561105021303541424600252431 2 1202503064.014449
0062155021013541424600252431 2 1202503064.014451
0562103521013142424600252431 2 1202503064.014454
0561155021303044424600252431 2 1202503064.014459
0561155521303044424600252431 2 1202503064.014501
0561105021303544424600252431 2 1202503064.014504
0012162521303040424200000651 1 1202503064.015525
0012162521303540424200000651 1 1202503064.015527
0012162521303044424200000651 1 1202503064.015546
0012162621303044424200000651 1 1202503064.015548
0026150621313040424200000222 2 1202503064.021244
0026150621313046424200000222 2 1202503064.021300
0414152021303140424601142014 1 1202503064.035445
0414152021313140424601142014 2 1202503064.035453
0411152021333140424601142014 2 1202503064.035457
0441152021333140424601142014 2 1202503064.035500
0414152021333140424601142014 2 1202503064.035501
0414152021343140424601142014 2 1202503064.035505
0414152021353140424601142014 1 1202503064.035510
0424152021353140424601142014 1 1202503064.035511
0542102521303141424601142014 1 1202503064.035545
0015152621303541424601142014 1 1202503064.035558
0015152621353541424601142014 1 1202503064.035601
0542102521303144424601142014 2 1202503064.035709
0542102521313144424601142014 2 1202503064.035713
0024152021333144424601142014 2 1202503064.035716
0542102521333144424601142014 2 1202503064.035718
0542102521343144424601142014 2 1202503064.035722
0541102521353144424601142014 1 1202503064.035728
0542102521353144424601142014 1 1202503064.035731
0110102220303544424601142014 1 1202503064.035732
0110102620303544424601142014 1 1202503064.035734
0110102621303544424601142014 1 1202503064.035735
0110102625303544424601142014 1 1202503064.035737
0110102220353544424601142014 1 1202503064.035740
0110102620353544424601142014 1 1202503064.035742
0110102621353544424601142014 1 1202503064.035744
0110102625353544424601142014 1 1202503064.035746
0110102220303045424601142014 1 1202503064.035800
0110102620303045424601142014 1 1202503064.035802
0542102521303045424601142014 2 1202503064.035806
0110102225303045424601142014 1 1202503064.035807
0110102625303045424601142014 1 1202503064.035808
0542102521313045424601142014 2 1202503064.035810
0542102521333045424601142014 2 1202503064.035812
0542102521343045424601142014 2 1202503064.035814
0110102220353045424601142014 1 1202503064.035815
0110102620353045424601142014 1 1202503064.035817
0541102521353045424601142014 1 1202503064.035819
0542102521353045424601142014 1 1202503064.035821
0110102225353045424601142014 1 1202503064.035823
0110102625353045424601142014 1 1202503064.035824
0110102220303145424601142014 1 1202503064.035826
0110102620303145424601142014 1 1202503064.035827
0542102521303145424601142014 1 1202503064.035832
0110102225303145424601142014 1 1202503064.035834
0110102625303145424601142014 1 1202503064.035836
0542102521313145424601142014 2 1202503064.035840
0542102521333145424601142014 2 1202503064.035844
0542102521343145424601142014 2 1202503064.035847
0110102220353145424601142014 1 1202503064.035849
0110102620353145424601142014 1 1202503064.035851
0541102521353145424601142014 1 1202503064.035855
0542102521353145424601142014 1 1202503064.035859
0110102225353145424601142014 1 1202503064.035900
0026102225353145424601142014 1 1202503064.035902
0110102625353145424601142014 1 1202503064.035904
0110102220303545424601142014 1 1202503064.035905
0110102620303545424601142014 1 1202503064.035907
0110102225303545424601142014 1 1202503064.035908
0110102625303545424601142014 1 1202503064.035909
0110102220353545424601142014 1 1202503064.035911
0110102620353545424601142014 1 1202503064.035912
0110102225353545424601142014 1 1202503064.035914
0026102525353545424601142014 1 1202503064.035916
0110102625353545424601142014 1 1202503064.035917
0542102521303146424601142014 1 1202503064.035954
0141152521303146424601142014 2 1202503064.035956
0542102521313146424601142014 2 1202503064.040001
0542102521333146424601142014 2 1202503064.040007
0542102521343146424601142014 2 1202503064.040012
0424152021353146424601142014 2 1202503064.040018
0541102521353146424601142014 1 1202503064.040020
0542102521353146424601142014 1 1202503064.040022
0542102521303546424601142014 6 1202503064.040033
0542102521313546424601142014 6 1202503064.040036
0542102521333546424601142014 6 1202503064.040038
0542102521343546424601142014 6 1202503064.040040
0541102521353546424601142014 6 1202503064.040043
0542102521353546424601142014 6 1202503064.040045
0201152521353141464601142014 1 1202503064.040156
0211152521353141464601142014 1 1202503064.040158
0221152521353141464601142014 1 1202503064.040159
0241152521353141464601142014 1 1202503064.040201
0251152521353141464601142014 1 1202503064.040202
0261152521353141464601142014 1 1202503064.040204
0202152521353141464601142014 1 1202503064.040205
0212152521353141464601142014 1 1202503064.040206
0222152521353141464601142014 1 1202503064.040208
0242152521353141464601142014 1 1202503064.040209
0252152521353141464601142014 1 1202503064.040210
0262152521353141464601142014 1 1202503064.040212
0211152521303142464601142014 1 1202503064.040223
0202152521303142464601142014 2 1202503064.040225
0212152521303142464601142014 1 1202503064.040226
0222152521303142464601142014 2 1202503064.040227
0242152521303142464601142014 2 1202503064.040229
0252152521303142464601142014 2 1202503064.040231
0262152521303142464601142014 2 1202503064.040232
0202152521313142464601142014 2 1202503064.040234
0212152521313142464601142014 2 1202503064.040235
0222152521313142464601142014 2 1202503064.040236
0242152521313142464601142014 2 1202503064.040238
0252152521313142464601142014 2 1202503064.040239
0262152521313142464601142014 2 1202503064.040240
0202152521333142464601142014 2 1202503064.040242
0212152521333142464601142014 2 1202503064.040243
0222152521333142464601142014 2 1202503064.040245
0242152521333142464601142014 2 1202503064.040246
0252152521333142464601142014 2 1202503064.040248
0262152521333142464601142014 2 1202503064.040249
0202152521343142464601142014 2 1202503064.040251
0212152521343142464601142014 2 1202503064.040252
0222152521343142464601142014 2 1202503064.040254
0242152521343142464601142014 2 1202503064.040255
0252152521343142464601142014 2 1202503064.040257
0262152521343142464601142014 2 1202503064.040258
0201152521353142464601142014 1 1202503064.040300
0211152521353142464601142014 1 1202503064.040302
0221152521353142464601142014 1 1202503064.040303
0241152521353142464601142014 1 1202503064.040305
0251152521353142464601142014 1 1202503064.040306
0261152521353142464601142014 1 1202503064.040308
0202152521353142464601142014 1 1202503064.040309
0212152521353142464601142014 1 1202503064.040310
0222152521353142464601142014 1 1202503064.040312
0242152521353142464601142014 1 1202503064.040313
0252152521353142464601142014 1 1202503064.040314
0262152521353142464601142014 1 1202503064.040316
0211152021333144464601142014 2 1202503064.040331
0110102220303544464601142014 1 1202503064.040339
0110102620303544464601142014 1 1202503064.040341
0110102621303544464601142014 1 1202503064.040342
0110102623303544464601142014 1 1202503064.040344
0110102624303544464601142014 1 1202503064.040345
0110102625303544464601142014 1 1202503064.040347
0110102220353544464601142014 1 1202503064.040348
0110102620353544464601142014 1 1202503064.040350
0110102621353544464601142014 1 1202503064.040352
0110102623353544464601142014 1 1202503064.040353
0110102624353544464601142014 1 1202503064.040355
0110102625353544464601142014 1 1202503064.040356
0110102220303045464601142014 1 1202503064.040403
0110102620303045464601142014 1 1202503064.040404
0110102621303045464601142014 1 1202503064.040406
0110102623303045464601142014 1 1202503064.040408
0110102624303045464601142014 1 1202503064.040409
0110102225303045464601142014 1 1202503064.040411
0110102625303045464601142014 1 1202503064.040412
0110102220353045464601142014 1 1202503064.040415
0110102620353045464601142014 1 1202503064.040417
0110102621353045464601142014 1 1202503064.040419
0110102623353045464601142014 1 1202503064.040421
0110102624353045464601142014 1 1202503064.040423
0110102225353045464601142014 1 1202503064.040424
0110102625353045464601142014 1 1202503064.040426
0110102220303145464601142014 1 1202503064.040427
0110102620303145464601142014 1 1202503064.040429
0110102621303145464601142014 1 1202503064.040431
0110102623303145464601142014 1 1202503064.040433
0110102624303145464601142014 1 1202503064.040434
0110102225303145464601142014 1 1202503064.040436
0110102625303145464601142014 1 1202503064.040437
0110102220353145464601142014 1 1202503064.040440
0110102620353145464601142014 1 1202503064.040442
0110102621353145464601142014 1 1202503064.040446
0110102623353145464601142014 1 1202503064.040448
0110102624353145464601142014 1 1202503064.040450
0110102225353145464601142014 1 1202503064.040451
0110102625353145464601142014 1 1202503064.040453
0110102220303545464601142014 1 1202503064.040455
0110102620303545464601142014 1 1202503064.040457
0110102621303545464601142014 1 1202503064.040458
0110102623303545464601142014 1 1202503064.040500
0110102624303545464601142014 1 1202503064.040502
0110102225303545464601142014 1 1202503064.040503
0110102625303545464601142014 1 1202503064.040505
0110102220353545464601142014 1 1202503064.040507
0110102620353545464601142014 1 1202503064.040508
0110102621353545464601142014 1 1202503064.040510
0110102623353545464601142014 1 1202503064.040512
0110102624353545464601142014 1 1202503064.040513
0110102225353545464601142014 1 1202503064.040515
0110102625353545464601142014 1 1202503064.040516
0016102021363520424200000244 1 1202503064.042707
0026103021613542424200000244 2 1202503064.042742
0026103021513046424200000244 2 1202503064.043340
0016102021353046424200000244 2 1202503064.043342
0016102021303546424200000244 1 1202503064.043346
0026103021013546424200000244 2 1202503064.043347
0026103021113546424200000244 2 1202503064.043349
0016102021313546424200000244 2 1202503064.043351
0026103021313546424200000244 2 1202503064.043353
0026103021413546424200000244 2 1202503064.043355
0026103021513546424200000244 2 1202503064.043357
0026103021613546424200000244 2 1202503064.043359
0016102021333546424200000244 2 1202503064.043401
0016102021343546424200000244 2 1202503064.043403
0016102021353546424200000244 2 1202503064.043405
0016102021363546424200000244 2 1202503064.043407
0516102321303061404600422054 1 1202503064.044409
0516122321303061404600422054 1 1202503064.044411
0516132321303061404600422054 1 1202503064.044414
0516152321303061404600422054 1 1202503064.044416
0516162321303061404600422054 1 1202503064.044418
0516102321303041464600422054 1 1202503064.044559
0516122321303041464600422054 1 1202503064.044601
0516132321303041464600422054 1 1202503064.044603
0516152321303041464600422054 1 1202503064.044605
0516162321303041464600422054 1 1202503064.044607
0110102220303644424200000154 1 1202503064.044827
0110102220303046424200000154 1 1202503064.044832
0110102220303146424200000154 1 1202503064.044834
0110102220303646424200000154 1 1202503064.044835
0061102021003045424200162435 1 1202503064.055832
0062102021003045424200162435 1 1202503064.055834
0061102221003045424200162435 1 1202503064.055837
0061102321003045424200162435 1 1202503064.055839
0061102521003045424200162435 1 1202503064.055841
0061102621003045424200162435 1 1202503064.055844
0062102021013045424200162435 2 1202503064.055846
0062102021033045424200162435 2 1202503064.055848
0062102021043045424200162435 2 1202503064.055851
0062102021053045424200162435 2 1202503064.055853
0121156620443020404600162435 2 1202503064.055913
0121156620443121404600162435 2 1202503064.055934
0121156224443022404600162435 1 1202503064.055947
0121156624443022404600162435 1 1202503064.055949
0121156620443122404600162435 1 1202503064.055953
0121156620443026404600162435 1 1202503064.060012
0121156621443026404600162435 1 1202503064.060014
0121156623443026404600162435 1 1202503064.060016
0121156224443026404600162435 1 1202503064.060018
0121156624443026404600162435 1 1202503064.060020
0121156625443026404600162435 1 1202503064.060022
0061102021003045424600162435 1 1202503064.060044
0062102021003045424600162435 1 1202503064.060046
0061102221003045424600162435 1 1202503064.060049
0061102321003045424600162435 1 1202503064.060052
0061102521003045424600162435 1 1202503064.060054
0061102621003045424600162435 1 1202503064.060056
0062102021013045424600162435 2 1202503064.060059
0062102021033045424600162435 2 1202503064.060102
0062102021043045424600162435 2 1202503064.060104
0062102021053045424600162435 2 1202503064.060106
0614102021333142424200251055 2 1202503064.060315
0614152521333004424200251055 2 1202503064.060320
0614102226333104424200251055 2 1202503064.060326
0614152521333014424200251055 2 1202503064.060341
0614102226333114424200251055 2 1202503064.060346
0614152521333024424200251055 2 1202503064.060403
0614102226333124424200251055 2 1202503064.060408
0614152021333044424200251055 2 1202503064.060420
0614152521333044424200251055 2 1202503064.060422
0614102226333144424200251055 2 1202503064.060430
0614152521333054424200251055 2 1202503064.060445
0614102226333154424200251055 2 1202503064.060449
0614152521333064424200251055 2 1202503064.060458
0614102226333164424200251055 2 1202503064.060501
0011106021303540424600242055 1 1202503064.060605
0012106021303540424600242055 1 1202503064.060606
0011156021303540424600242055 2 1202503064.060608
0012156021303540424600242055 2 1202503064.060610
0011106221303540424600242055 1 1202503064.060612
0011106321303540424600242055 1 1202503064.060614
0011106521303540424600242055 1 1202503064.060616
0012106521303540424600242055 1 1202503064.060617
0011106621303540424600242055 1 1202503064.060619
0062103021113540424600242055 2 1202503064.060621
0012106021313540424600242055 2 1202503064.060623
0012106021333540424600242055 2 1202503064.060625
0012106021343540424600242055 2 1202503064.060627
0012106021353540424600242055 2 1202503064.060629
0115152521303541424600242055 2 1202503064.060639
0062105021333061424600242055 2 1202503064.060642
0062105021333561424600242055 2 1202503064.060644
0011106021303542424600242055 1 1202503064.060649
0011156021303542424600242055 1 1202503064.060651
0062153021313144424600242055 2 1202503064.060659
0062155021313144424600242055 2 1202503064.060701
0062156021333144424600242055 1 1202503064.060704
0012106021303544424600242055 1 1202503064.060706
0012156021303544424600242055 1 1202503064.060708
0062103021113544424600242055 2 1202503064.060710
0062153021113544424600242055 2 1202503064.060711
0062156021333154424600242055 1 1202503064.060716
0062150021333164424600242055 2 1202503064.060719
0062152021333164424600242055 2 1202503064.060721
0062153021333164424600242055 2 1202503064.060723
0062155021333164424600242055 2 1202503064.060724
0062156021333164424600242055 1 1202503064.060726
0062103021313145424600242055 2 1202503064.060731
0062153021313145424600242055 2 1202503064.060733
0062100021333145424600242055 2 1202503064.060735
0062102021333145424600242055 2 1202503064.060737
0062103021333145424600242055 2 1202503064.060738
0062105021333145424600242055 2 1202503064.060740
0062106021333145424600242055 2 1202503064.060742
0012106021303545424600242055 1 1202503064.060744
0012156021303545424600242055 1 1202503064.060746
0062103021113545424600242055 2 1202503064.060747
0062153021113545424600242055 2 1202503064.060749
0062105021333061464600242055 2 1202503064.060832
0062125021333061464600242055 2 1202503064.060834
0062135021333061464600242055 2 1202503064.060836
0062155021333061464600242055 2 1202503064.060837
0062165021333061464600242055 2 1202503064.060839
0062105021333561464600242055 2 1202503064.060841
0062125021333561464600242055 2 1202503064.060843
0062135021333561464600242055 2 1202503064.060845
0062155021333561464600242055 2 1202503064.060846
0062165021333561464600242055 2 1202503064.060848
0145106521133204424201243155 2 1202503064.060952
0545106521133204424201243155 2 1202503064.060953
0145100521633204424201243155 2 1202503064.060956
0145102521633204424201243155 2 1202503064.060958
0145103521633204424201243155 2 1202503064.061000
0541105521633204424201243155 2 1202503064.061003
0145105521633204424201243155 2 1202503064.061004
0145106521633204424201243155 2 1202503064.061006
0145106521133214424201243155 2 1202503064.061015
0545106521133214424201243155 2 1202503064.061016
0145100521633214424201243155 2 1202503064.061019
0145102521633214424201243155 2 1202503064.061021
0145103521633214424201243155 2 1202503064.061024
0541105521633214424201243155 2 1202503064.061026
0145105521633214424201243155 2 1202503064.061027
0145106521633214424201243155 2 1202503064.061029
0145106521133224424201243155 2 1202503064.061039
0545106521133224424201243155 2 1202503064.061040
0145100521633224424201243155 2 1202503064.061043
0145102521633224424201243155 2 1202503064.061045
0145103521633224424201243155 2 1202503064.061047
0541105521633224424201243155 2 1202503064.061049
0145105521633224424201243155 2 1202503064.061051
0145106521633224424201243155 2 1202503064.061053
0145106521133244424201243155 2 1202503064.061107
0545106521133244424201243155 2 1202503064.061109
0542100521633244424201243155 2 1202503064.061112
0145100521633244424201243155 2 1202503064.061113
0542102521633244424201243155 2 1202503064.061116
0145102521633244424201243155 2 1202503064.061118
0542103521633244424201243155 2 1202503064.061120
0145103521633244424201243155 2 1202503064.061122
0541105521633244424201243155 2 1202503064.061124
0542105521633244424201243155 2 1202503064.061126
0145105521633244424201243155 2 1202503064.061127
0542106521633244424201243155 2 1202503064.061130
0145106521633244424201243155 2 1202503064.061131
0145106521133254424201243155 2 1202503064.061149
0545106521133254424201243155 2 1202503064.061150
0145100521633254424201243155 2 1202503064.061154
0145102521633254424201243155 2 1202503064.061158
0145103521633254424201243155 2 1202503064.061201
0541105521633254424201243155 2 1202503064.061203
0145105521633254424201243155 2 1202503064.061206
0145106521633254424201243155 2 1202503064.061208
0512102521633554424201243155 2 1202503064.061212
0526102621353040424200000216 2 1202503064.061347
0111152021363120404200000546 1 1202503064.061704
0111152021363121404200000546 1 1202503064.061707
