0011152021363040424205420500 2 1202503064.001304
0011162021363040424205420500 2 1202503064.001306
0011152021363044424205420500 2 1202503064.001316
0116162020303045424205420500 1 1202503064.001324
0011152021363045424205420500 2 1202503064.001327
0011162021363045424205420500 2 1202503064.001329
0144152621303021424200000110 1 1202503064.001904
0144152621353121424200000110 2 1202503064.001906
0144152621303621424200000110 1 1202503064.001910
0144152621353141424200000110 2 1202503064.001917
0144152621363141424200000110 1 1202503064.001928
0144152621363541424200000110 1 1202503064.001934
0144152621303022424200000110 1 1202503064.001951
0144152621353122424200000110 2 1202503064.001954
0144152621353522424200000110 2 1202503064.001957
0144152621303622424200000110 1 1202503064.001959
0144152621303142424200000110 2 1202503064.002006
0144152621313142424200000110 2 1202503064.002009
0144152621333142424200000110 2 1202503064.002013
0144152621343142424200000110 2 1202503064.002016
0144152621353142424200000110 2 1202503064.002019
0144152621363142424200000110 1 1202503064.002028
0144152621303542424200000110 2 1202503064.002031
0144152621313542424200000110 2 1202503064.002033
0144152621333542424200000110 2 1202503064.002035
0144152621343542424200000110 2 1202503064.002037
0144152621353542424200000110 2 1202503064.002039
0144152621363542424200000110 1 1202503064.002042
0144152621353124424200000110 2 1202503064.002058
0144152621303144424200000110 2 1202503064.002113
0144152621313144424200000110 2 1202503064.002120
0144152621333144424200000110 2 1202503064.002126
0144152621343144424200000110 2 1202503064.002132
0144152621353144424200000110 2 1202503064.002137
0144152621363144424200000110 1 1202503064.002156
0144152621303145424200000110 2 1202503064.002318
0144152621313145424200000110 2 1202503064.002320
0144152621333145424200000110 2 1202503064.002321
0144152621343145424200000110 2 1202503064.002323
0144152621353145424200000110 2 1202503064.002325
0144152621363145424200000110 1 1202503064.002329
0144152621353126424200000110 2 1202503064.002359
0144152621353526424200000110 2 1202503064.002401
0144152621303146424200000110 2 1202503064.002412
0144152621313146424200000110 2 1202503064.002417
0144152621333146424200000110 2 1202503064.002421
0144152621343146424200000110 2 1202503064.002425
0144152621353146424200000110 2 1202503064.002429
0144152621363146424200000110 1 1202503064.002444
0144152621303546424200000110 2 1202503064.002452
0144152621313546424200000110 2 1202503064.002455
0144152621333546424200000110 2 1202503064.002458
0144152621343546424200000110 2 1202503064.002501
0144152621353546424200000110 2 1202503064.002503
0144152621363546424200000110 1 1202503064.002513
0041106621313541424200000020 2 1202503064.010200
0041166621313541424200000020 2 1202503064.010203
0144153621113142424200000020 2 1202503064.010211
0144153621113542424200000020 2 1202503064.010215
0144150621333104424200000020 2 1202503064.010220
0144152621333104424200000020 2 1202503064.010222
0144153621333104424200000020 2 1202503064.010224
0144155621333104424200000020 2 1202503064.010227
0141156621333104424200000020 2 1202503064.010229
0541156621333104424200000020 2 1202503064.010231
0144156621333104424200000020 2 1202503064.010233
0144150621333114424200000020 2 1202503064.010250
0144152621333114424200000020 2 1202503064.010252
0144153621333114424200000020 2 1202503064.010255
0144155621333114424200000020 2 1202503064.010258
0141156621333114424200000020 2 1202503064.010300
0541156621333114424200000020 2 1202503064.010302
0144156621333114424200000020 2 1202503064.010304
0144150621333124424200000020 2 1202503064.010321
0144152621333124424200000020 2 1202503064.010323
0144153621333124424200000020 2 1202503064.010325
0144155621333124424200000020 2 1202503064.010327
0141156621333124424200000020 2 1202503064.010329
0541156621333124424200000020 2 1202503064.010331
0144156621333124424200000020 2 1202503064.010333
0144153621113144424200000020 2 1202503064.010347
0144153621313144424200000020 2 1202503064.010349
0144150621333144424200000020 2 1202503064.010354
0144152621333144424200000020 2 1202503064.010356
0144153621333144424200000020 2 1202503064.010358
0144155621333144424200000020 2 1202503064.010401
0141156621333144424200000020 2 1202503064.010403
0541156621333144424200000020 2 1202503064.010405
0144156621333144424200000020 2 1202503064.010407
0144153621313644424200000020 2 1202503064.010435
0144150621333154424200000020 2 1202503064.010440
0144152621333154424200000020 2 1202503064.010442
0144153621333154424200000020 2 1202503064.010444
0144155621333154424200000020 2 1202503064.010447
0041106621333154424200000020 2 1202503064.010449
0141156621333154424200000020 2 1202503064.010452
0541156621333154424200000020 2 1202503064.010454
0144156621333154424200000020 2 1202503064.010456
0144150621333164424200000020 2 1202503064.010513
0144152621333164424200000020 2 1202503064.010515
0144153621333164424200000020 2 1202503064.010517
0144155621333164424200000020 2 1202503064.010519
0141156621333164424200000020 2 1202503064.010521
0541156621333164424200000020 2 1202503064.010523
0144156621333164424200000020 2 1202503064.010526
0144153621113145424200000020 2 1202503064.010553
0144153621113146424200000020 2 1202503064.010610
0144153621313146424200000020 2 1202503064.010612
0144153621113546424200000020 2 1202503064.010616
0144153621313546424200000020 2 1202503064.010618
0144163621313546424200000020 2 1202503064.010620
0144153621313646424200000020 2 1202503064.010622
0012162521303040424200000620 1 1202503064.010814
0642153621013040424200000620 2 1202503064.010816
0011162021353040424200000620 2 1202503064.010819
0012162521303540424200000620 1 1202503064.010821
0011162021353540424200000620 2 1202503064.010828
0642153621013640424200000620 2 1202503064.010830
0244163621513640424200000620 2 1202503064.010832
0041106621313541424200000620 2 1202503064.010838
0614102021353042424200000620 2 1202503064.010846
0144153621113142424200000620 2 1202503064.010848
0144153621113542424200000620 2 1202503064.010850
0144150621333104424200000620 2 1202503064.010855
0144152621333104424200000620 2 1202503064.010857
0144153621333104424200000620 2 1202503064.010859
0144155621333104424200000620 2 1202503064.010901
0541156621333104424200000620 2 1202503064.010903
0144156621333104424200000620 2 1202503064.010904
0144150621333114424200000620 2 1202503064.010921
0144152621333114424200000620 2 1202503064.010922
0144153621333114424200000620 2 1202503064.010924
0144155621333114424200000620 2 1202503064.010926
0541156621333114424200000620 2 1202503064.010928
0144156621333114424200000620 2 1202503064.010930
0144150621333124424200000620 2 1202503064.010945
0144152621333124424200000620 2 1202503064.010947
0144153621333124424200000620 2 1202503064.010949
0144155621333124424200000620 2 1202503064.010951
0541156621333124424200000620 2 1202503064.010953
0144156621333124424200000620 2 1202503064.010955
0144153621113144424200000620 2 1202503064.011009
0144153621313144424200000620 2 1202503064.011011
0144150621333144424200000620 2 1202503064.011015
0144152621333144424200000620 2 1202503064.011017
0144153621333144424200000620 2 1202503064.011018
0144155621333144424200000620 2 1202503064.011021
0541156621333144424200000620 2 1202503064.011022
0144156621333144424200000620 2 1202503064.011025
0041166621333054424200000620 2 1202503064.011100
0144150621333154424200000620 2 1202503064.011105
0144152621333154424200000620 2 1202503064.011107
0144153621333154424200000620 2 1202503064.011110
0144155621333154424200000620 2 1202503064.011113
0041106621333154424200000620 2 1202503064.011116
0541156621333154424200000620 2 1202503064.011119
0144156621333154424200000620 2 1202503064.011121
0144150621333164424200000620 2 1202503064.011143
0144152621333164424200000620 2 1202503064.011145
0144153621333164424200000620 2 1202503064.011147
0144155621333164424200000620 2 1202503064.011150
0541156621333164424200000620 2 1202503064.011152
0144156621333164424200000620 2 1202503064.011154
0144153621113145424200000620 2 1202503064.011226
0144153621113146424200000620 2 1202503064.011243
0144153621313146424200000620 2 1202503064.011246
0144153621113546424200000620 2 1202503064.011252
0144153621313546424200000620 2 1202503064.011254
0041166621313546424200000620 2 1202503064.011257
0146152521303040424200141250 1 1202503064.013105
0046152521303044424200141250 1 1202503064.013315
0012162521303040424200000601 1 1202503064.013636
0012162521303540424200000601 1 1202503064.013638
0012162521303044424200000601 1 1202503064.013646
0612162521303040424200000511 1 1202503064.014827
0612162521363040424200000511 1 1202503064.014837
0612162521303041424200000511 1 1202503064.014923
0612162521363041424200000511 1 1202503064.014926
0612162521303042424200000511 1 1202503064.014957
0612162521363042424200000511 1 1202503064.015000
0612162521303044424200000511 1 1202503064.015034
0612162521363044424200000511 1 1202503064.015042
0612162521303045424200000511 1 1202503064.015127
0612162521363045424200000511 1 1202503064.015134
0612162521303046424200000511 1 1202503064.015213
0612162521363046424200000511 1 1202503064.015222
0144150621333104424200000421 2 1202503064.020048
0146150621333104424200000421 2 1202503064.020050
0144100621033504424200000421 2 1202503064.020052
0144100621133504424200000421 2 1202503064.020053
0144150621333504424200000421 2 1202503064.020056
0144150621333114424200000421 2 1202503064.020058
0146150621333114424200000421 2 1202503064.020100
0144100621033514424200000421 2 1202503064.020102
0144100621133514424200000421 2 1202503064.020103
0144150621333514424200000421 2 1202503064.020105
0144150621333124424200000421 2 1202503064.020107
0146150621333124424200000421 2 1202503064.020109
0144150621333144424200000421 2 1202503064.020112
0146150621333144424200000421 2 1202503064.020114
0144100621133054424200000421 2 1202503064.020122
0146100621033154424200000421 2 1202503064.020126
0146100621133154424200000421 2 1202503064.020127
0144150621333154424200000421 2 1202503064.020130
0146150621333154424200000421 2 1202503064.020132
0144150621333164424200000421 2 1202503064.020140
0146150621333164424200000421 2 1202503064.020141
0160100220303045424206141222 6 1202503064.025722
0110102220303045424206141222 1 1202503064.025723
0160102220303045424206141222 1 1202503064.025724
0160103220303045424206141222 6 1202503064.025726
0160105220303045424206141222 6 1202503064.025727
0160100220313045424206141222 6 1202503064.025729
0110102220353045424206141222 1 1202503064.025730
0160102220353045424206141222 1 1202503064.025732
0160100220303145424206141222 6 1202503064.025733
0110102220303145424206141222 1 1202503064.025735
0160102220303145424206141222 1 1202503064.025736
0160103220303145424206141222 6 1202503064.025737
0160105220303145424206141222 6 1202503064.025739
0160100220313145424206141222 6 1202503064.025740
0110102220353145424206141222 1 1202503064.025742
0160102220353145424206141222 1 1202503064.025743
0011162021343120454201220522 2 1202503064.030035
0114162021353140424200000042 2 1202503064.030308
0114162021353141424200000042 2 1202503064.030313
0016152021363641424200000042 1 1202503064.030316
0026103021613542424200000042 2 1202503064.030320
0016152021363024424200000042 1 1202503064.030324
0026153021313644424200000042 2 1202503064.030328
0016152021363644424200000042 1 1202503064.030331
0114162021363025424200000042 1 1202503064.030336
0016102021303645424200000042 1 1202503064.030342
0026103021013645424200000042 2 1202503064.030344
0026103021113645424200000042 2 1202503064.030345
0016102021313645424200000042 2 1202503064.030348
0026103021313645424200000042 2 1202503064.030350
0026103021413645424200000042 2 1202503064.030351
0026103021513645424200000042 2 1202503064.030354
0026103021613645424200000042 2 1202503064.030356
0016102021333645424200000042 2 1202503064.030359
0016102021343645424200000042 2 1202503064.030401
0016102021353645424200000042 2 1202503064.030403
0016102021363645424200000042 1 1202503064.030405
0026103021613546424200000042 2 1202503064.030409
0111152021343120464200000042 1 1202503064.030428
0111152021343121464200000042 1 1202503064.030433
0011162021353040424200000642 2 1202503064.030553
0011162021353540424200000642 2 1202503064.030601
0011162021353044424200000642 2 1202503064.030911
0011162021353046424200000642 2 1202503064.031213
0110102220303046424200411252 1 1202503064.031326
0110102220303146424200411252 1 1202503064.031327
0012162521303046424200000014 1 1202503064.035518
0011162021353046424200000014 2 1202503064.035520
0011162621353046424200000014 2 1202503064.035522
0012162521363046424200000014 1 1202503064.035525
0012162521303040424200000614 1 1202503064.040034
0011162021353040424200000614 2 1202503064.040037
0011162621353040424200000614 2 1202503064.040039
0012162521363040424200000614 1 1202503064.040042
0012162521303540424200000614 1 1202503064.040045
0011162021353540424200000614 2 1202503064.040048
0011162621353540424200000614 2 1202503064.040050
0012162521363540424200000614 1 1202503064.040053
0012162521303044424200000614 1 1202503064.040116
0011162021353044424200000614 2 1202503064.040118
0011162621353044424200000614 2 1202503064.040121
0012162521363044424200000614 1 1202503064.040123
0610102021353546424200000524 2 1202503064.040603
0110102220303046424200000254 1 1202503064.043521
0022100021313642424200140564 2 1202503064.043723
0022102021353642424200140564 2 1202503064.043725
0022152021353642424200140564 2 1202503064.043728
