0012162521303040424200000600 1 1202503064.001000
0011162021353040424200000600 2 1202503064.001002
0012162521303540424200000600 1 1202503064.001005
0012162621303540424200000600 1 1202503064.001006
0011162021353540424200000600 2 1202503064.001008
0011162021363540424200000600 2 1202503064.001010
0612162521303040424200000510 1 1202503064.002413
0611162021353040424200000510 2 1202503064.002416
0611162621353040424200000510 2 1202503064.002418
0612162521363040424200000510 1 1202503064.002427
0144152621303021424200000510 1 1202503064.002537
0144152621353121424200000510 2 1202503064.002539
0144152621353141424200000510 2 1202503064.002548
0144152621363141424200000510 1 1202503064.002550
0144152621363541424200000510 1 1202503064.002554
0046102021363641424200000510 1 1202503064.002557
0046102221363641424200000510 1 1202503064.002559
0046102321363641424200000510 1 1202503064.002600
0046102521363641424200000510 1 1202503064.002602
0046102621363641424200000510 1 1202503064.002604
0046152621363641424200000510 1 1202503064.002606
0046162621363641424200000510 1 1202503064.002608
0144152621303022424200000510 1 1202503064.002621
0144152621353122424200000510 2 1202503064.002623
0144152621353522424200000510 2 1202503064.002625
0144152621303142424200000510 2 1202503064.002630
0144152621313142424200000510 2 1202503064.002632
0144152621333142424200000510 2 1202503064.002634
0144152621343142424200000510 2 1202503064.002636
0144152621353142424200000510 2 1202503064.002638
0144152621363142424200000510 1 1202503064.002639
0144152621303542424200000510 2 1202503064.002641
0144152621313542424200000510 2 1202503064.002643
0144152621333542424200000510 2 1202503064.002645
0144152621343542424200000510 2 1202503064.002647
0144152621353542424200000510 2 1202503064.002649
0144152621363542424200000510 1 1202503064.002651
0046102621303642424200000510 1 1202503064.002653
0046152621303642424200000510 1 1202503064.002655
0046162621303642424200000510 1 1202503064.002657
0046102621313642424200000510 2 1202503064.002659
0046152621313642424200000510 2 1202503064.002701
0046162621313642424200000510 2 1202503064.002703
0046102621333642424200000510 2 1202503064.002705
0046152621333642424200000510 2 1202503064.002706
0046162621333642424200000510 2 1202503064.002708
0046102621343642424200000510 2 1202503064.002710
0046152621343642424200000510 2 1202503064.002712
0046162621343642424200000510 2 1202503064.002714
0046102621353642424200000510 2 1202503064.002716
0046152621353642424200000510 2 1202503064.002718
0046162621353642424200000510 2 1202503064.002720
0046102621363642424200000510 1 1202503064.002722
0046152621363642424200000510 1 1202503064.002724
0046162621363642424200000510 1 1202503064.002726
0144152621353124424200000510 2 1202503064.002746
0144152621303144424200000510 2 1202503064.002803
0144152621313144424200000510 2 1202503064.002807
0144152621333144424200000510 2 1202503064.002812
0144152621343144424200000510 2 1202503064.002816
0144152621353144424200000510 2 1202503064.002819
0144152621363144424200000510 1 1202503064.002825
0144152621303145424200000510 2 1202503064.002954
0144152621313145424200000510 2 1202503064.002956
0144152621333145424200000510 2 1202503064.002957
0144152621343145424200000510 2 1202503064.002959
0144152621353145424200000510 2 1202503064.003001
0144152621363145424200000510 1 1202503064.003003
0144152621353126424200000510 2 1202503064.003034
0144152621353526424200000510 2 1202503064.003035
0612162521303046424200000510 1 1202503064.003040
0611162021353046424200000510 2 1202503064.003044
0611162621353046424200000510 2 1202503064.003046
0612162521363046424200000510 1 1202503064.003057
0144152621303146424200000510 2 1202503064.003101
0144152621313146424200000510 2 1202503064.003107
0144152621333146424200000510 2 1202503064.003110
0144152621343146424200000510 2 1202503064.003114
0144152621353146424200000510 2 1202503064.003118
0144152621363146424200000510 1 1202503064.003126
0144152621303546424200000510 2 1202503064.003134
0144152621313546424200000510 2 1202503064.003137
0144152621333546424200000510 2 1202503064.003139
0144152621343546424200000510 2 1202503064.003141
0144152621353546424200000510 2 1202503064.003143
0144152621363546424200000510 1 1202503064.003146
0121162621433510404201460610 2 1202503064.003245
0111162621433502404201460610 2 1202503064.003250
0121162621433502404201460610 2 1202503064.003252
0121162621433512404201460610 2 1202503064.003255
0121162621433522404201460610 2 1202503064.003257
0121162621433542404201460610 2 1202503064.003300
0121162621433052404201460610 2 1202503064.003301
0121162621433552404201460610 2 1202503064.003303
0111162621433562404201460610 2 1202503064.003307
0121162621433562404201460610 2 1202503064.003308
0514102621353120424201460610 1 1202503064.003321
0114152021303140424201460610 1 1202503064.003331
0114152621303140424201460610 1 1202503064.003333
0114152021313140424201460610 2 1202503064.003335
0114152621313140424201460610 2 1202503064.003337
0114152021333140424201460610 2 1202503064.003339
0114152621333140424201460610 2 1202503064.003342
0114152021343140424201460610 2 1202503064.003344
0114152621343140424201460610 2 1202503064.003346
0114152021353140424201460610 2 1202503064.003349
0441152621353140424201460610 2 1202503064.003351
0114152621353140424201460610 2 1202503064.003353
0114152021363140424201460610 1 1202503064.003356
0114152621363140424201460610 1 1202503064.003400
0244162621353640424201460610 2 1202503064.003425
0514102621353121424201460610 1 1202503064.003522
0514102621353521424201460610 1 1202503064.003530
0514102621353141424201460610 1 1202503064.003554
0124152021363141424201460610 2 1202503064.003602
0114152021353541424201460610 2 1202503064.003616
0114152621353541424201460610 2 1202503064.003622
0124152021363541424201460610 1 1202503064.003626
0045102621303022424201460610 1 1202503064.003726
0045162621303022424201460610 1 1202503064.003728
0025102621353022424201460610 1 1202503064.003731
0045102621353022424201460610 1 1202503064.003733
0025162621353022424201460610 1 1202503064.003737
0045162621353022424201460610 1 1202503064.003738
0514102621353122424201460610 1 1202503064.003741
0514102621353142424201460610 1 1202503064.003812
0514102621353124424201460610 1 1202503064.003944
0642102621353624424201460610 2 1202503064.003953
0642162621353044424201460610 1 1202503064.003958
0514102621303144424201460610 1 1202503064.004004
0514102621313144424201460610 2 1202503064.004009
0514102621333144424201460610 2 1202503064.004013
0514102621343144424201460610 2 1202503064.004017
0514102621353144424201460610 1 1202503064.004021
0514102621363144424201460610 1 1202503064.004030
0114152021353025424201460610 1 1202503064.004142
0114152621353025424201460610 1 1202503064.004144
0114152021353525424201460610 1 1202503064.004150
0114152621353525424201460610 1 1202503064.004153
0114152021353026424201460610 1 1202503064.004325
0114152621353026424201460610 1 1202503064.004327
0114152021353526424201460610 1 1202503064.004331
0114152621353526424201460610 1 1202503064.004334
0244162621353626424201460610 1 1202503064.004340
0114152021303146424201460610 1 1202503064.004347
0114152621303146424201460610 1 1202503064.004349
0114152021313146424201460610 2 1202503064.004352
0114152621313146424201460610 2 1202503064.004354
0114152021333146424201460610 2 1202503064.004357
0114152621333146424201460610 2 1202503064.004359
0114152021343146424201460610 2 1202503064.004401
0114152621343146424201460610 2 1202503064.004403
0114152021353146424201460610 2 1202503064.004407
0114152621353146424201460610 2 1202503064.004411
0114152021363146424201460610 1 1202503064.004415
0124152021363146424201460610 1 1202503064.004417
0114152621363146424201460610 1 1202503064.004420
0421152021363546424201460610 2 1202503064.004443
0144103621313540424200000420 2 1202503064.004958
0041106621313541424200000420 2 1202503064.005003
0144153621113142424200000420 2 1202503064.005006
0144153621113542424200000420 2 1202503064.005010
0144150621333104424200000420 2 1202503064.005016
0144152621333104424200000420 2 1202503064.005018
0144153621333104424200000420 2 1202503064.005019
0144105621333104424200000420 2 1202503064.005021
0144155621333104424200000420 2 1202503064.005023
0541156621333104424200000420 2 1202503064.005024
0144156621333104424200000420 2 1202503064.005026
0144100621133504424200000420 2 1202503064.005029
0144105621333014424200000420 2 1202503064.005042
0144150621333114424200000420 2 1202503064.005044
0144152621333114424200000420 2 1202503064.005046
0144153621333114424200000420 2 1202503064.005048
0144105621333114424200000420 2 1202503064.005049
0144155621333114424200000420 2 1202503064.005051
0541156621333114424200000420 2 1202503064.005053
0144156621333114424200000420 2 1202503064.005055
0144150621333124424200000420 2 1202503064.005109
0144152621333124424200000420 2 1202503064.005111
0144153621333124424200000420 2 1202503064.005113
0144155621333124424200000420 2 1202503064.005114
0541156621333124424200000420 2 1202503064.005116
0144156621333124424200000420 2 1202503064.005118
0144153621113144424200000420 2 1202503064.005131
0144153621313144424200000420 2 1202503064.005133
0144105621033144424200000420 2 1202503064.005134
0144150621333144424200000420 2 1202503064.005137
0144152621333144424200000420 2 1202503064.005139
0144153621333144424200000420 2 1202503064.005141
0144155621333144424200000420 2 1202503064.005144
0541156621333144424200000420 2 1202503064.005146
0144156621333144424200000420 2 1202503064.005147
0144150621333154424200000420 2 1202503064.005222
0144152621333154424200000420 2 1202503064.005225
0144153621333154424200000420 2 1202503064.005227
0144155621333154424200000420 2 1202503064.005230
0041106621333154424200000420 2 1202503064.005232
0541156621333154424200000420 2 1202503064.005234
0144156621333154424200000420 2 1202503064.005236
0144150621333164424200000420 2 1202503064.005257
0144152621333164424200000420 2 1202503064.005259
0144153621333164424200000420 2 1202503064.005301
0144155621333164424200000420 2 1202503064.005303
0541156621333164424200000420 2 1202503064.005304
0144156621333164424200000420 2 1202503064.005306
0144153621113145424200000420 2 1202503064.005321
0144153621113146424200000420 2 1202503064.005334
0144153621313146424200000420 2 1202503064.005336
0144153621113546424200000420 2 1202503064.005339
0144153621313546424200000420 2 1202503064.005340
0022106021353045424601122301 2 1202503064.015655
0426156021353545424601122301 2 1202503064.015657
0141102523303140464204162011 6 1202503064.015934
0141102521303142464204162011 1 1202503064.015958
0141102521303145464204162011 2 1202503064.020024
0141102523303146464204162011 6 1202503064.020039
0016102021303645424200000041 1 1202503064.021650
0121152520333064424200402341 2 1202503064.021833
0121152520333164424200402341 2 1202503064.021835
0115102521503104424600462341 1 1202503064.022539
0115102521503114424600462341 1 1202503064.022542
0115102521503124424600462341 1 1202503064.022544
0115102521503144424600462341 1 1202503064.022546
0115102521503154424600462341 1 1202503064.022548
0115102521503164424600462341 1 1202503064.022551
0012162521303040424200000641 1 1202503064.022828
0012162521303540424200000641 1 1202503064.022830
0626100021313540424200000641 2 1202503064.022832
0626100021313541424200000641 2 1202503064.022840
0526160021333104424200000641 2 1202503064.022852
0526160021333114424200000641 2 1202503064.022855
0526160021333124424200000641 2 1202503064.022858
0012162521303044424200000641 1 1202503064.022900
0526160021313144424200000641 2 1202503064.022903
0526160021333144424200000641 2 1202503064.022905
0526160021313644424200000641 2 1202503064.022911
0026160021333154424200000641 2 1202503064.022915
0126160021333154424200000641 2 1202503064.022917
0226160021333154424200000641 2 1202503064.022919
0426160021333154424200000641 2 1202503064.022921
0526160021333154424200000641 2 1202503064.022923
0626160021333154424200000641 2 1202503064.022924
0026100021333654424200000641 2 1202503064.022927
0526160021333164424200000641 2 1202503064.022930
0626100021313045424200000641 2 1202503064.022937
0026100021313645424200000641 2 1202503064.022940
0012162521303046424200000641 1 1202503064.023010
0624160021313546424200000641 2 1202503064.023014
0526160021313646424200000641 2 1202503064.023016
0526160021333104424202450641 2 1202503064.023115
0526160021333114424202450641 2 1202503064.023118
0526160021333124424202450641 2 1202503064.023121
0526160021313144424202450641 2 1202503064.023124
0526160021333144424202450641 2 1202503064.023126
0526160021313644424202450641 2 1202503064.023128
0026160021333154424202450641 2 1202503064.023132
0126160021333154424202450641 2 1202503064.023133
0226160021333154424202450641 2 1202503064.023135
0426160021333154424202450641 2 1202503064.023137
0526160021333154424202450641 2 1202503064.023139
0626160021333154424202450641 2 1202503064.023141
0026100021333654424202450641 2 1202503064.023143
0526160021333164424202450641 2 1202503064.023146
0526160021313646424202450641 2 1202503064.023217
0526150021313541424205412351 2 1202503064.024020
0625150021333104424205412351 2 1202503064.024031
0526150021333104424205412351 2 1202503064.024032
0622150021533104424205412351 2 1202503064.024034
0625150021333114424205412351 2 1202503064.024037
0526150021333114424205412351 2 1202503064.024039
0622150021533114424205412351 2 1202503064.024040
0625150021333124424205412351 2 1202503064.024043
0526150021333124424205412351 2 1202503064.024045
0622150021533124424205412351 2 1202503064.024046
0625150021313144424205412351 2 1202503064.024049
0526150021313144424205412351 2 1202503064.024051
0625150021333144424205412351 2 1202503064.024053
0526150021333144424205412351 2 1202503064.024055
0622150021533144424205412351 2 1202503064.024056
0625150021313544424205412351 2 1202503064.024059
0526150021313544424205412351 2 1202503064.024100
0625150021333154424205412351 2 1202503064.024103
0526150021333154424205412351 2 1202503064.024105
0622150021533154424205412351 2 1202503064.024106
0025150021333164424205412351 2 1202503064.024113
0125150021333164424205412351 2 1202503064.024115
0225150021333164424205412351 2 1202503064.024117
0425150021333164424205412351 2 1202503064.024119
0525150021333164424205412351 2 1202503064.024121
0625150021333164424205412351 2 1202503064.024123
0526150021333164424205412351 2 1202503064.024124
0622150021533164424205412351 2 1202503064.024126
0025100021333564424205412351 2 1202503064.024128
0625150021313545424205412351 2 1202503064.024132
0526150021313545424205412351 2 1202503064.024134
0662150021003104424605412351 2 1202503064.024304
0662150021103104424605412351 2 1202503064.024305
0662150021303104424605412351 2 1202503064.024307
0662150021403104424605412351 2 1202503064.024309
0662150021503104424605412351 2 1202503064.024311
0662150021013104424605412351 2 1202503064.024312
0662150021113104424605412351 2 1202503064.024314
0662150021313104424605412351 2 1202503064.024316
0662150021413104424605412351 2 1202503064.024318
0622150021513104424605412351 2 1202503064.024319
0662150021513104424605412351 2 1202503064.024321
0662150021033104424605412351 2 1202503064.024323
0662150021133104424605412351 2 1202503064.024324
0662150021333104424605412351 2 1202503064.024326
0662150021433104424605412351 2 1202503064.024328
0662150021533104424605412351 2 1202503064.024330
0662150021043104424605412351 2 1202503064.024331
0662150021143104424605412351 2 1202503064.024333
0662150021343104424605412351 2 1202503064.024335
0662150021443104424605412351 2 1202503064.024336
0662150021543104424605412351 2 1202503064.024338
0662150021053104424605412351 2 1202503064.024340
0662150021153104424605412351 2 1202503064.024342
0662150021353104424605412351 2 1202503064.024343
0662150021453104424605412351 2 1202503064.024345
0662150021553104424605412351 2 1202503064.024348
0662150021003114424605412351 2 1202503064.024352
0662150021103114424605412351 2 1202503064.024354
0662150021303114424605412351 2 1202503064.024355
0662150021403114424605412351 2 1202503064.024357
0662150021503114424605412351 2 1202503064.024359
0662150021013114424605412351 2 1202503064.024401
0662150021113114424605412351 2 1202503064.024402
0662150021313114424605412351 2 1202503064.024404
0662150021413114424605412351 2 1202503064.024406
0622150021513114424605412351 2 1202503064.024408
0662150021513114424605412351 2 1202503064.024409
0662150021033114424605412351 2 1202503064.024411
0662150021133114424605412351 2 1202503064.024413
0662150021333114424605412351 2 1202503064.024415
0662150021433114424605412351 2 1202503064.024417
0662150021533114424605412351 2 1202503064.024418
0662150021043114424605412351 2 1202503064.024420
0662150021143114424605412351 2 1202503064.024422
0662150021343114424605412351 2 1202503064.024424
0662150021443114424605412351 2 1202503064.024425
0662150021543114424605412351 2 1202503064.024427
0662150021053114424605412351 2 1202503064.024429
0662150021153114424605412351 2 1202503064.024431
0662150021353114424605412351 2 1202503064.024432
0662150021453114424605412351 2 1202503064.024434
0662150021553114424605412351 2 1202503064.024437
0662150021003124424605412351 2 1202503064.024441
0662150021103124424605412351 2 1202503064.024443
0662150021303124424605412351 2 1202503064.024444
0662150021403124424605412351 2 1202503064.024446
0662150021503124424605412351 2 1202503064.024448
0662150021013124424605412351 2 1202503064.024449
0662150021113124424605412351 2 1202503064.024451
0662150021313124424605412351 2 1202503064.024453
0662150021413124424605412351 2 1202503064.024455
0622150021513124424605412351 2 1202503064.024456
0662150021513124424605412351 2 1202503064.024458
0662150021033124424605412351 2 1202503064.024500
0662150021133124424605412351 2 1202503064.024502
0662150021333124424605412351 2 1202503064.024503
0662150021433124424605412351 2 1202503064.024505
0662150021533124424605412351 2 1202503064.024507
0662150021043124424605412351 2 1202503064.024508
0662150021143124424605412351 2 1202503064.024510
0662150021343124424605412351 2 1202503064.024512
0662150021443124424605412351 2 1202503064.024514
0662150021543124424605412351 2 1202503064.024515
0662150021053124424605412351 2 1202503064.024517
0662150021153124424605412351 2 1202503064.024519
0662150021353124424605412351 2 1202503064.024521
0662150021453124424605412351 2 1202503064.024523
0662150021553124424605412351 2 1202503064.024526
0662150021003144424605412351 2 1202503064.024530
0662150021103144424605412351 2 1202503064.024531
0662150021303144424605412351 2 1202503064.024533
0662150021403144424605412351 2 1202503064.024535
0662150021503144424605412351 2 1202503064.024537
0662150021013144424605412351 2 1202503064.024538
0662150021113144424605412351 2 1202503064.024540
0662150021313144424605412351 2 1202503064.024543
0662150021413144424605412351 2 1202503064.024546
0622150021513144424605412351 2 1202503064.024547
0662150021513144424605412351 2 1202503064.024549
0662150021033144424605412351 2 1202503064.024551
0662150021133144424605412351 2 1202503064.024552
0662150021333144424605412351 2 1202503064.024554
0662150021433144424605412351 2 1202503064.024556
0662150021533144424605412351 2 1202503064.024558
0662150021043144424605412351 2 1202503064.024559
0662150021143144424605412351 2 1202503064.024601
0662150021343144424605412351 2 1202503064.024603
0662150021443144424605412351 2 1202503064.024605
0662150021543144424605412351 2 1202503064.024606
0662150021053144424605412351 2 1202503064.024608
0662150021153144424605412351 2 1202503064.024610
0662150021353144424605412351 2 1202503064.024612
0662150021453144424605412351 2 1202503064.024614
0662150021553144424605412351 2 1202503064.024617
0662150021003154424605412351 2 1202503064.024620
0662150021103154424605412351 2 1202503064.024622
0662150021303154424605412351 2 1202503064.024624
0662150021403154424605412351 2 1202503064.024626
0662150021503154424605412351 2 1202503064.024627
0662150021013154424605412351 2 1202503064.024629
0662150021113154424605412351 2 1202503064.024631
0662150021313154424605412351 2 1202503064.024633
0662150021413154424605412351 2 1202503064.024634
0622150021513154424605412351 2 1202503064.024636
0662150021513154424605412351 2 1202503064.024638
0662150021033154424605412351 2 1202503064.024640
0662150021133154424605412351 2 1202503064.024641
0662150021333154424605412351 2 1202503064.024643
0662150021433154424605412351 2 1202503064.024645
0662150021533154424605412351 2 1202503064.024647
0662150021043154424605412351 2 1202503064.024648
0662150021143154424605412351 2 1202503064.024650
0662150021343154424605412351 2 1202503064.024652
0662150021443154424605412351 2 1202503064.024654
0662150021543154424605412351 2 1202503064.024655
0662150021053154424605412351 2 1202503064.024657
0662150021153154424605412351 2 1202503064.024659
0662150021353154424605412351 2 1202503064.024700
0662150021453154424605412351 2 1202503064.024702
0662150021553154424605412351 2 1202503064.024706
0662150021003164424605412351 2 1202503064.024709
0662150021103164424605412351 2 1202503064.024711
0662150021303164424605412351 2 1202503064.024713
0662150021403164424605412351 2 1202503064.024714
0662150021503164424605412351 2 1202503064.024716
0662150021013164424605412351 2 1202503064.024718
0662150021113164424605412351 2 1202503064.024720
0662150021313164424605412351 2 1202503064.024721
0662150021413164424605412351 2 1202503064.024723
0622150021513164424605412351 2 1202503064.024725
0662150021513164424605412351 2 1202503064.024727
0662150021033164424605412351 2 1202503064.024728
0662150021133164424605412351 2 1202503064.024730
0662150021333164424605412351 2 1202503064.024732
0662150021433164424605412351 2 1202503064.024734
0662150021533164424605412351 2 1202503064.024735
0662150021043164424605412351 2 1202503064.024737
0662150021143164424605412351 2 1202503064.024739
0662150021343164424605412351 2 1202503064.024740
0662150021443164424605412351 2 1202503064.024742
0662150021543164424605412351 2 1202503064.024744
0662150021053164424605412351 2 1202503064.024746
0662150021153164424605412351 2 1202503064.024748
0662150021353164424605412351 2 1202503064.024749
0662150021453164424605412351 2 1202503064.024751
0662150021553164424605412351 2 1202503064.024754
0525103021313040424201461303 2 1202503064.031218
0114152021303140424201461303 1 1202503064.031223
0124153021113140424201461303 2 1202503064.031227
0114152021313140424201461303 2 1202503064.031230
0525103021313140424201461303 2 1202503064.031232
0422153021313140424201461303 2 1202503064.031233
0426153021513140424201461303 2 1202503064.031236
0114152021333140424201461303 2 1202503064.031240
0114152021343140424201461303 2 1202503064.031243
0114152021353140424201461303 1 1202503064.031246
0411152021363140424201461303 1 1202503064.031250
0114152021363140424201461303 1 1202503064.031254
0411152021303540424201461303 1 1202503064.031256
0412152021303540424201461303 1 1202503064.031257
0422153021113540424201461303 2 1202503064.031300
0412152021313540424201461303 2 1202503064.031302
0524153021313540424201461303 2 1202503064.031306
0426153021513540424201461303 2 1202503064.031307
0412152021333540424201461303 2 1202503064.031308
0412152021343540424201461303 2 1202503064.031310
0412152021353540424201461303 2 1202503064.031313
0524103021163540424201461303 2 1202503064.031316
0422153021163540424201461303 2 1202503064.031317
0411152021363540424201461303 1 1202503064.031320
0421152021363540424201461303 1 1202503064.031321
0412152021363540424201461303 1 1202503064.031322
0114152021303141424201461303 1 1202503064.031417
0114152021353141424201461303 2 1202503064.031425
0411152021363141424201461303 1 1202503064.031430
0421152021363141424201461303 1 1202503064.031431
0114152021363141424201461303 1 1202503064.031432
0524152021363141424201461303 1 1202503064.031437
0411152021363541424201461303 1 1202503064.031450
0412152021353522424201461303 1 1202503064.031546
0114152021303142424201461303 1 1202503064.031554
0124153021113142424201461303 2 1202503064.031559
0114152021313142424201461303 2 1202503064.031603
0426153021513142424201461303 2 1202503064.031605
0114152021333142424201461303 2 1202503064.031607
0114152021343142424201461303 2 1202503064.031611
0114152021353142424201461303 2 1202503064.031616
0524103021163142424201461303 2 1202503064.031619
0524153021163142424201461303 2 1202503064.031621
0411152021363142424201461303 1 1202503064.031623
0114152021363142424201461303 1 1202503064.031624
0426153021513542424201461303 2 1202503064.031637
0411152021363542424201461303 1 1202503064.031649
0422150021333104424201461303 2 1202503064.031732
0521102021333104424201461303 2 1202503064.031734
0422152021333104424201461303 2 1202503064.031736
0422153021333104424201461303 2 1202503064.031737
0422155021333104424201461303 2 1202503064.031738
0421155021133114424201461303 2 1202503064.031744
0425155021133114424201461303 2 1202503064.031745
0426155021133114424201461303 2 1202503064.031746
0422150021333114424201461303 2 1202503064.031747
0521102021333114424201461303 2 1202503064.031749
0422152021333114424201461303 2 1202503064.031751
0422153021333114424201461303 2 1202503064.031752
0422155021333114424201461303 2 1202503064.031754
0426152021533114424201461303 2 1202503064.031757
0421155021533114424201461303 2 1202503064.031758
0426155021533114424201461303 2 1202503064.031800
0421155021133514424201461303 2 1202503064.031806
0524155021333514424201461303 2 1202503064.031807
0421155021533514424201461303 2 1202503064.031809
0422150021333124424201461303 2 1202503064.031814
0521102021333124424201461303 2 1202503064.031815
0422152021333124424201461303 2 1202503064.031817
0422153021333124424201461303 2 1202503064.031819
0422155021333124424201461303 2 1202503064.031820
0422150021313144424201461303 2 1202503064.031830
0426153021513144424201461303 2 1202503064.031834
0422153021133144424201461303 2 1202503064.031835
0421155021133144424201461303 2 1202503064.031839
0426155021133144424201461303 2 1202503064.031840
0422150021333144424201461303 2 1202503064.031841
0521102021333144424201461303 2 1202503064.031844
0422152021333144424201461303 2 1202503064.031846
0422153021333144424201461303 2 1202503064.031849
0422155021333144424201461303 2 1202503064.031852
0421150021533144424201461303 2 1202503064.031855
0426150021533144424201461303 2 1202503064.031856
0426152021533144424201461303 2 1202503064.031858
0426153021533144424201461303 2 1202503064.031859
0421155021533144424201461303 2 1202503064.031900
0426155021533144424201461303 2 1202503064.031901
0412152021353144424201461303 1 1202503064.031904
0422150021363144424201461303 2 1202503064.031909
0411152021363144424201461303 1 1202503064.031911
0421152021363144424201461303 1 1202503064.031912
0422152021363144424201461303 2 1202503064.031913
0422153021363144424201461303 2 1202503064.031917
0422155021363144424201461303 2 1202503064.031918
0524100021313544424201461303 2 1202503064.031925
0426153021513544424201461303 2 1202503064.031928
0524103021163544424201461303 2 1202503064.031945
0524100021363544424201461303 2 1202503064.031948
0524102021363544424201461303 1 1202503064.031949
0411152021363544424201461303 1 1202503064.031951
0421152021363544424201461303 1 1202503064.031952
0524103021363544424201461303 2 1202503064.031956
0524105021363544424201461303 2 1202503064.031958
0425155021133154424201461303 2 1202503064.032006
0426155021133154424201461303 2 1202503064.032007
0422150021333154424201461303 2 1202503064.032009
0521102021333154424201461303 2 1202503064.032011
0422152021333154424201461303 2 1202503064.032013
0422153021333154424201461303 2 1202503064.032015
0422155021333154424201461303 2 1202503064.032016
0421150021533154424201461303 2 1202503064.032018
0426150021533154424201461303 2 1202503064.032019
0426152021533154424201461303 2 1202503064.032021
0426153021533154424201461303 2 1202503064.032022
0426155021533154424201461303 2 1202503064.032024
0422150021333164424201461303 2 1202503064.032059
0521102021333164424201461303 2 1202503064.032101
0422152021333164424201461303 2 1202503064.032103
0422153021333164424201461303 2 1202503064.032104
0422155021333164424201461303 2 1202503064.032106
0421155021533164424201461303 2 1202503064.032108
0524100021313045424201461303 2 1202503064.032120
0524100021363045424201461303 2 1202503064.032123
0524102021363045424201461303 2 1202503064.032125
0524103021363045424201461303 2 1202503064.032128
0524105021363045424201461303 2 1202503064.032130
0525103021313145424201461303 2 1202503064.032137
0426153021513145424201461303 2 1202503064.032138
0411152021363145424201461303 1 1202503064.032147
0421152021363145424201461303 1 1202503064.032148
0525103021313545424201461303 2 1202503064.032154
0426153021513545424201461303 2 1202503064.032155
0514102021353545424201461303 1 1202503064.032158
0411152021363545424201461303 1 1202503064.032202
0421152021363545424201461303 1 1202503064.032203
0525103021313046424201461303 2 1202503064.032253
0114152021303146424201461303 1 1202503064.032259
0124153021113146424201461303 2 1202503064.032303
0114152021313146424201461303 2 1202503064.032305
0525103021313146424201461303 2 1202503064.032308
0422153021313146424201461303 2 1202503064.032309
0426153021513146424201461303 2 1202503064.032312
0114152021333146424201461303 2 1202503064.032315
0114152021343146424201461303 2 1202503064.032318
0114152021353146424201461303 1 1202503064.032322
0411152021363146424201461303 1 1202503064.032325
0421152021363146424201461303 1 1202503064.032326
0114152021363146424201461303 1 1202503064.032330
0411152021303546424201461303 1 1202503064.032332
0412152021303546424201461303 1 1202503064.032333
0422153021113546424201461303 2 1202503064.032336
0412152021313546424201461303 2 1202503064.032339
0524153021313546424201461303 2 1202503064.032342
0426153021513546424201461303 2 1202503064.032344
0412152021333546424201461303 2 1202503064.032345
0412152021343546424201461303 2 1202503064.032347
0412152021353546424201461303 2 1202503064.032349
0411152021363546424201461303 1 1202503064.032355
0421152021363546424201461303 1 1202503064.032357
0412152021363546424201461303 1 1202503064.032358
0426150021513124424601452303 2 1202503064.033456
0114102521303141424606462313 1 1202503064.033720
0121102224353122404200652033 1 1202503064.035653
0021100021513540424200652033 2 1202503064.040743
0021100021513041424200652033 2 1202503064.040749
0021150021513041424200652033 2 1202503064.040751
0124103521153004424200652033 2 1202503064.042357
0124103521153104424200652033 2 1202503064.042407
0124103521153014424200652033 2 1202503064.042414
0124103521153114424200652033 2 1202503064.042423
0124103521153024424200652033 2 1202503064.042429
0124103521153124424200652033 2 1202503064.042439
0124103521153044424200652033 2 1202503064.042449
0124103521153144424200652033 2 1202503064.042501
0124103521153054424200652033 2 1202503064.042508
0124103521153154424200652033 2 1202503064.042517
0124103521153064424200652033 2 1202503064.042524
0124103521153164424200652033 2 1202503064.042533
0121102224353122404600652033 1 1202503064.052013
0021100021513540424600652033 2 1202503064.053027
0021100021513041424600652033 2 1202503064.053032
0021150021513041424600652033 2 1202503064.053033
0124103521153004424600652033 2 1202503064.054433
0124103521153104424600652033 2 1202503064.054439
0124103521153014424600652033 2 1202503064.054445
0124103521153114424600652033 2 1202503064.054451
0124103521153024424600652033 2 1202503064.054455
0124103521153124424600652033 2 1202503064.054502
0124103521153044424600652033 2 1202503064.054510
0124103521153144424600652033 2 1202503064.054519
0124103521153054424600652033 2 1202503064.054524
0124103521153154424600652033 2 1202503064.054530
0124103521153064424600652033 2 1202503064.054535
0124103521153164424600652033 2 1202503064.054541
0021100021513041424602622333 2 1202503064.062902
0021150021313540424205662043 2 1202503064.064035
0522153021153024424205662043 2 1202503064.064048
0022153021153524424205662043 2 1202503064.064051
0122153021153524424205662043 2 1202503064.064053
0222153021153524424205662043 2 1202503064.064054
0422153021153524424205662043 2 1202503064.064056
0522153021153524424205662043 2 1202503064.064058
0622153021153524424205662043 2 1202503064.064059
0151152020453520454205662043 2 1202503064.064130
0151152021453520454205662043 6 1202503064.064131
0151152023453520454205662043 6 1202503064.064133
0151152024453520454205662043 6 1202503064.064135
0151122025453520454205662043 2 1202503064.064137
0151152025453520454205662043 2 1202503064.064138
0151102020553520454205662043 2 1202503064.064140
0151122020553520454205662043 2 1202503064.064142
0151132020553520454205662043 2 1202503064.064143
0151152020553520454205662043 2 1202503064.064145
0151162020553520454205662043 2 1202503064.064147
0151102021553520454205662043 6 1202503064.064148
0151122021553520454205662043 6 1202503064.064150
0151132021553520454205662043 6 1202503064.064152
0151152021553520454205662043 6 1202503064.064153
0151162021553520454205662043 6 1202503064.064155
0151102023553520454205662043 6 1202503064.064157
0151122023553520454205662043 6 1202503064.064158
0151132023553520454205662043 6 1202503064.064200
0151152023553520454205662043 6 1202503064.064202
0151162023553520454205662043 6 1202503064.064203
0151102024553520454205662043 6 1202503064.064205
0151122024553520454205662043 6 1202503064.064207
0151132024553520454205662043 6 1202503064.064208
0151152024553520454205662043 6 1202503064.064210
0151162024553520454205662043 6 1202503064.064212
0151102224553520454205662043 6 1202503064.064213
0151162224553520454205662043 6 1202503064.064215
0151102025553520454205662043 2 1202503064.064217
0151122025553520454205662043 2 1202503064.064219
0151132025553520454205662043 2 1202503064.064220
0151152025553520454205662043 2 1202503064.064222
0151162025553520454205662043 2 1202503064.064224
0021150021313540424605662043 2 1202503064.064831
0522153021153024424605662043 2 1202503064.064842
0022153021153524424605662043 2 1202503064.064845
0122153021153524424605662043 2 1202503064.064847
0222153021153524424605662043 2 1202503064.064849
0422153021153524424605662043 2 1202503064.064851
0522153021153524424605662043 2 1202503064.064852
0622153021153524424605662043 2 1202503064.064854
0151152020453520454605662043 2 1202503064.064921
0151152021453520454605662043 6 1202503064.064923
0151152023453520454605662043 6 1202503064.064925
0151152024453520454605662043 6 1202503064.064926
0151122025453520454605662043 2 1202503064.064928
0151152025453520454605662043 2 1202503064.064930
0151102020553520454605662043 2 1202503064.064931
0151122020553520454605662043 2 1202503064.064933
0151132020553520454605662043 2 1202503064.064935
0151152020553520454605662043 2 1202503064.064936
0151162020553520454605662043 2 1202503064.064938
0151102021553520454605662043 6 1202503064.064940
0151122021553520454605662043 6 1202503064.064942
0151132021553520454605662043 6 1202503064.064943
0151152021553520454605662043 6 1202503064.064945
0151162021553520454605662043 6 1202503064.064947
0151102023553520454605662043 6 1202503064.064948
0151122023553520454605662043 6 1202503064.064950
0151132023553520454605662043 6 1202503064.064952
0151152023553520454605662043 6 1202503064.064953
0151162023553520454605662043 6 1202503064.064955
0151102024553520454605662043 6 1202503064.064957
0151122024553520454605662043 6 1202503064.064958
0151132024553520454605662043 6 1202503064.065000
0151152024553520454605662043 6 1202503064.065002
0151162024553520454605662043 6 1202503064.065003
0151102224553520454605662043 6 1202503064.065005
0151162224553520454605662043 6 1202503064.065007
0151102025553520454605662043 2 1202503064.065008
0151122025553520454605662043 2 1202503064.065010
0151132025553520454605662043 2 1202503064.065012
0151152025553520454605662043 2 1202503064.065013
0151162025553520454605662043 2 1202503064.065015
0544102025333064424201212304 2 1202503064.065659
0544102025333164424201212304 2 1202503064.065701
0045102025333164424201212304 2 1202503064.065703
0545102025333164424201212304 2 1202503064.065704
0544102025333564424201212304 2 1202503064.065706
0045102025333564424201212304 2 1202503064.065708
0545102025333564424201212304 2 1202503064.065709
0015102021433562454201212304 2 1202503064.065727
0015122220303064454201212304 1 1202503064.065729
0015102021433565454201212304 2 1202503064.065732
0015102021433502454601212304 2 1202503064.065934
0015102021433512454601212304 2 1202503064.065938
0015102021433522454601212304 2 1202503064.065943
0015102021433542454601212304 2 1202503064.065949
0015102021433552454601212304 2 1202503064.065954
0015102021433562454601212304 2 1202503064.065959
0015122220303064454601212304 1 1202503064.070015
0015102021433515454601212304 2 1202503064.070022
0645152224003165454601212304 1 1202503064.070035
0015102021433565454601212304 2 1202503064.070038
0041105521013104424606222314 2 1202503064.070149
0041105521013114424606222314 2 1202503064.070155
0041105521013124424606222314 2 1202503064.070203
0041105521013144424606222314 2 1202503064.070212
0041105521013154424606222314 2 1202503064.070215
0041105521013164424606222314 2 1202503064.070217
0114102621353146424200000414 2 1202503064.070408
0110102220303045424602442334 1 1202503064.070930
0225150021363100424205413044 2 1202503064.071244
0425150021363100424205413044 2 1202503064.071246
0225150021363110424205413044 2 1202503064.071248
0425150021363110424205413044 2 1202503064.071250
0425150021363120424205413044 2 1202503064.071252
0425150021363140424205413044 2 1202503064.071256
0425150021363150424205413044 2 1202503064.071258
0225150021363141424205413044 2 1202503064.071303
0425150021363141424205413044 2 1202503064.071304
0525150021633204424205413044 2 1202503064.071312
0525150021633214424205413044 2 1202503064.071316
0525150021633224424205413044 2 1202503064.071320
0525150021633244424205413044 2 1202503064.071324
0525150021633254424205413044 2 1202503064.071328
0225150021363105424205413044 2 1202503064.071330
0225150021363145424205413044 2 1202503064.071335
0225150021363545424205413044 2 1202503064.071338
0426165021633144424200000144 2 1202503064.071445
0425160021313644424200000144 2 1202503064.071449
0416162021353644424200000144 2 1202503064.071453
0621102021333054424200000144 2 1202503064.071455
0421166021133154424200000144 2 1202503064.071456
0621102021333154424200000144 2 1202503064.071458
0426160021633154424200000144 2 1202503064.071459
0426162021633154424200000144 2 1202503064.071500
0426163021633154424200000144 2 1202503064.071501
0426165021633154424200000144 2 1202503064.071502
0426166021633154424200000144 2 1202503064.071503
0621102021333654424200000144 2 1202503064.071506
0426165021333164424200000144 2 1202503064.071509
0626103021313645424200000144 2 1202503064.071532
0426163021613645424200000144 2 1202503064.071534
0626103021313546424200000144 2 1202503064.071558
0416162021353646424200000144 2 1202503064.071601
0016102021353020424206400244 1 1202503064.071635
0026103021513046424206400244 2 1202503064.071645
0016102021353046424206400244 2 1202503064.071647
0110102220303046424204510254 1 1202503064.073038
0022105021313041424206652005 2 1202503064.074105
0022155021313064424206652005 2 1202503064.074110
0022105021313041424606652005 2 1202503064.074154
0022155021313064424606652005 2 1202503064.074200
0114102521333145424204161325 2 1202503064.075011
0164102521333145424204161325 2 1202503064.075012
0145102521353145424204161325 1 1202503064.075014
0041105521333164424202202335 2 1202503064.075141
0062100021113045424202202335 2 1202503064.075144
0062100021113045424602202335 2 1202503064.075438
0015102021303140424602262335 1 1202503064.075639
0015106021303140424602262335 2 1202503064.075640
0141100521003104424602262335 2 1202503064.075647
0015102021303144424602262335 1 1202503064.075653
0015106021303144424602262335 1 1202503064.075655
0015102221303144424602262335 1 1202503064.075656
0015102321303144424602262335 1 1202503064.075658
0015102521303144424602262335 1 1202503064.075659
0015106521303144424602262335 1 1202503064.075701
0015102621303144424602262335 1 1202503064.075703
0062100021113045424602262335 2 1202503064.075708
0015102021303145424602262335 1 1202503064.075710
0015106021303145424602262335 1 1202503064.075711
0015102521303145424602262335 1 1202503064.075713
0015106021303141454602262335 1 1202503064.075816
0015106021303142454602262335 1 1202503064.075853
0046152621353020424200000116 2 1202503064.082319
0546152621353020424200000116 2 1202503064.082321
0526102621353040424200000116 2 1202503064.082323
0154162226363040424200000116 1 1202503064.082327
0154162226363140424200000116 1 1202503064.082352
0154162226363640424200000116 1 1202503064.082414
0254162226363640424200000116 1 1202503064.082415
0154162226363044424200000116 1 1202503064.082450
0022152321363540424205500216 1 1202503064.082752
0122152321363540424205500216 1 1202503064.082754
0222152321363540424205500216 1 1202503064.082755
0422152321363540424205500216 1 1202503064.082757
0522152321363540424205500216 1 1202503064.082758
0622152321363540424205500216 1 1202503064.082800
0022152321363546424205500216 1 1202503064.082809
0122152321363546424205500216 1 1202503064.082811
0222152321363546424205500216 1 1202503064.082813
0422152321363546424205500216 1 1202503064.082814
0522152321363546424205500216 1 1202503064.082816
0622152321363546424205500216 1 1202503064.082817
0012162521303040424200000026 1 1202503064.082850
0012162521303540424200000026 1 1202503064.082853
0045163621013044424206650626 2 1202503064.083051
0045163621113044424206650626 2 1202503064.083053
0045163621313044424206650626 2 1202503064.083054
0045163621413044424206650626 2 1202503064.083056
0045163621513044424206650626 2 1202503064.083057
0045163621613044424206650626 2 1202503064.083059
0041105521333164424202200266 2 1202503064.083144
