0612152521303040424205010010 1 1202503064.001424
0612152521363040424205010010 1 1202503064.001426
0612152521303640424205010010 1 1202503064.001431
0612152521363640424205010010 1 1202503064.001433
0022102025363041424205010010 1 1202503064.001437
0022122025363041424205010010 1 1202503064.001439
0022132025363041424205010010 1 1202503064.001441
0022152025363041424205010010 1 1202503064.001443
0022162025363041424205010010 1 1202503064.001445
0022102225363041424205010010 1 1202503064.001447
0022122225363041424205010010 1 1202503064.001449
0022132225363041424205010010 1 1202503064.001451
0022152225363041424205010010 1 1202503064.001453
0022162225363041424205010010 1 1202503064.001455
0022102325363041424205010010 1 1202503064.001457
0022122325363041424205010010 1 1202503064.001459
0022132325363041424205010010 1 1202503064.001500
0022152325363041424205010010 1 1202503064.001502
0022162325363041424205010010 1 1202503064.001504
0022102525363041424205010010 1 1202503064.001506
0022122525363041424205010010 1 1202503064.001508
0022132525363041424205010010 1 1202503064.001510
0022152525363041424205010010 1 1202503064.001512
0022162525363041424205010010 1 1202503064.001514
0022102625363041424205010010 1 1202503064.001516
0022122625363041424205010010 1 1202503064.001518
0022132625363041424205010010 1 1202503064.001520
0022152625363041424205010010 1 1202503064.001522
0022162625363041424205010010 1 1202503064.001524
0022102025363641424205010010 1 1202503064.001526
0022122025363641424205010010 1 1202503064.001528
0022132025363641424205010010 1 1202503064.001530
0022152025363641424205010010 1 1202503064.001532
0022162025363641424205010010 1 1202503064.001534
0022102225363641424205010010 1 1202503064.001536
0022122225363641424205010010 1 1202503064.001538
0022132225363641424205010010 1 1202503064.001540
0022152225363641424205010010 1 1202503064.001542
0022162225363641424205010010 1 1202503064.001544
0022102325363641424205010010 1 1202503064.001546
0022122325363641424205010010 1 1202503064.001548
0022132325363641424205010010 1 1202503064.001550
0022152325363641424205010010 1 1202503064.001552
0022162325363641424205010010 1 1202503064.001554
0022102525363641424205010010 1 1202503064.001556
0022122525363641424205010010 1 1202503064.001558
0022132525363641424205010010 1 1202503064.001559
0022152525363641424205010010 1 1202503064.001601
0022162525363641424205010010 1 1202503064.001603
0022102625363641424205010010 1 1202503064.001605
0022122625363641424205010010 1 1202503064.001607
0022132625363641424205010010 1 1202503064.001609
0022152625363641424205010010 1 1202503064.001611
0022162625363641424205010010 1 1202503064.001613
0612152521303044424205010010 1 1202503064.001622
0612152521363044424205010010 1 1202503064.001624
0612152521303644424205010010 1 1202503064.001634
0612152521363644424205010010 1 1202503064.001636
0612152521303046424205010010 1 1202503064.001646
0612152521363046424205010010 1 1202503064.001648
0612152521303646424205010010 1 1202503064.001651
0612152521363646424205010010 1 1202503064.001653
0622162521363646424205010010 1 1202503064.001654
0114102025303141424606062110 1 1202503064.003142
0114102025303146424606062110 1 1202503064.003257
0124103025113146424606062110 6 1202503064.003259
0114102025313146424606062110 6 1202503064.003301
0114102025333146424606062110 6 1202503064.003304
0114102025343146424606062110 6 1202503064.003306
0114102025353146424606062110 6 1202503064.003308
0015106321343024454202222130 1 1202503064.005010
0065105520013040464202222130 6 1202503064.005031
0065150520313040464202222130 6 1202503064.005034
0114106523333040464202222130 1 1202503064.005035
0015102023303140464202222130 1 1202503064.005038
0015106023303140464202222130 1 1202503064.005040
0041105525313160464202222130 6 1202503064.005044
0114106523333041464202222130 1 1202503064.005055
0065100525113141464202222130 6 1202503064.005059
0114102523333104464202222130 6 1202503064.005114
0114106523333104464202222130 6 1202503064.005115
0141100523313114464202222130 6 1202503064.005121
0114102523333114464202222130 6 1202503064.005123
0114106523333114464202222130 6 1202503064.005125
0114102523333124464202222130 6 1202503064.005131
0114106523333124464202222130 6 1202503064.005132
0065150520313044464202222130 6 1202503064.005135
0114102523333044464202222130 6 1202503064.005138
0114106523333044464202222130 1 1202503064.005139
0015102023303144464202222130 1 1202503064.005146
0015106023303144464202222130 1 1202503064.005148
0015102223303144464202222130 1 1202503064.005150
0015106223303144464202222130 1 1202503064.005152
0015102323303144464202222130 1 1202503064.005154
0015106323303144464202222130 1 1202503064.005156
0114102523303144464202222130 6 1202503064.005158
0015102523303144464202222130 1 1202503064.005200
0114106523303144464202222130 6 1202503064.005201
0015106523303144464202222130 1 1202503064.005203
0015102623303144464202222130 1 1202503064.005205
0015106623303144464202222130 1 1202503064.005207
0124103523313144464202222130 6 1202503064.005212
0041105525313144464202222130 6 1202503064.005214
0114102523333144464202222130 6 1202503064.005217
0114106523333144464202222130 1 1202503064.005218
0124100520333154464202222130 6 1202503064.005222
0124102520333154464202222130 6 1202503064.005223
0124103520333154464202222130 6 1202503064.005224
0124105520333154464202222130 6 1202503064.005225
0124106520333154464202222130 1 1202503064.005227
0114102523333154464202222130 6 1202503064.005228
0114106523333154464202222130 6 1202503064.005229
0065100520313064464202222130 6 1202503064.005232
0065100523013164464202222130 6 1202503064.005234
0041105525313164464202222130 6 1202503064.005237
0114102523333164464202222130 6 1202503064.005239
0114106523333164464202222130 6 1202503064.005241
0065150520313045464202222130 6 1202503064.005246
0015102023303145464202222130 1 1202503064.005249
0015106023303145464202222130 1 1202503064.005252
0015102523303145464202222130 1 1202503064.005255
0015106523303145464202222130 1 1202503064.005257
0015106525003046464202222130 1 1202503064.005303
0015106321343024454602222130 1 1202503064.005443
0065105520013040464602222130 6 1202503064.005457
0065150520313040464602222130 6 1202503064.005500
0114106523333040464602222130 1 1202503064.005503
0015102023303140464602222130 1 1202503064.005505
0015106023303140464602222130 1 1202503064.005508
0041105525313160464602222130 6 1202503064.005512
0114106523333041464602222130 1 1202503064.005523
0065100525113141464602222130 6 1202503064.005526
0114102523333104464602222130 6 1202503064.005545
0114106523333104464602222130 6 1202503064.005547
0141100523333114464602222130 6 1202503064.005554
0114102523333114464602222130 6 1202503064.005556
0114106523333114464602222130 6 1202503064.005557
0114102523333124464602222130 6 1202503064.005602
0114106523333124464602222130 6 1202503064.005604
0065150520313044464602222130 6 1202503064.005607
0114102523333044464602222130 6 1202503064.005612
0114106523333044464602222130 1 1202503064.005614
0015102023303144464602222130 1 1202503064.005616
0015106023303144464602222130 1 1202503064.005619
0015102223303144464602222130 1 1202503064.005621
0015106223303144464602222130 1 1202503064.005623
0015102323303144464602222130 1 1202503064.005625
0015106323303144464602222130 1 1202503064.005628
0114102523303144464602222130 6 1202503064.005629
0015102523303144464602222130 1 1202503064.005631
0114106523303144464602222130 6 1202503064.005633
0015106523303144464602222130 1 1202503064.005635
0015102623303144464602222130 1 1202503064.005637
0015106623303144464602222130 1 1202503064.005639
0124103523313144464602222130 6 1202503064.005641
0041105525313144464602222130 6 1202503064.005644
0141100523333144464602222130 6 1202503064.005648
0114102523333144464602222130 6 1202503064.005649
0114106523333144464602222130 1 1202503064.005651
0124100520333154464602222130 6 1202503064.005655
0124102520333154464602222130 6 1202503064.005656
0124103520333154464602222130 6 1202503064.005657
0124105520333154464602222130 6 1202503064.005658
0124106520333154464602222130 1 1202503064.005700
0114102523333154464602222130 6 1202503064.005701
0114106523333154464602222130 6 1202503064.005703
0065100520313064464602222130 6 1202503064.005705
0065100523013164464602222130 6 1202503064.005708
0041105525313164464602222130 6 1202503064.005710
0114102523333164464602222130 6 1202503064.005713
0114106523333164464602222130 6 1202503064.005715
0065150520313045464602222130 6 1202503064.005719
0015102023303145464602222130 1 1202503064.005722
0015106023303145464602222130 1 1202503064.005724
0015102523303145464602222130 1 1202503064.005726
0015106523303145464602222130 1 1202503064.005728
0041105525313165464602222130 6 1202503064.005732
0015106525003046464602222130 1 1202503064.005736
0412162021353140424200000140 2 1202503064.010011
0114162021353140424200000140 2 1202503064.010013
0114162021353142424200000140 2 1202503064.010029
0422163021133154424200000140 2 1202503064.010044
0421166021133154424200000140 2 1202503064.010045
0421166021633154424200000140 2 1202503064.010053
0114162021363025424200000140 1 1202503064.010102
0412162021363625424200000140 1 1202503064.010103
0114162021363625424200000140 1 1202503064.010106
0021100021313545424600412450 2 1202503064.015658
0021150021313545424600412450 2 1202503064.015700
0422150021633004424201413550 2 1202503064.020004
0524150021633104424201413550 2 1202503064.020008
0045102025633104424201413550 2 1202503064.020010
0124150021633204424201413550 2 1202503064.020013
0524152021633204424201413550 2 1202503064.020016
0422150021633014424201413550 2 1202503064.020018
0424155021633014424201413550 2 1202503064.020019
0524150021633114424201413550 2 1202503064.020024
0124150021633214424201413550 2 1202503064.020027
0524152021633214424201413550 2 1202503064.020030
0524150021633124424201413550 2 1202503064.020036
0124150021633224424201413550 2 1202503064.020039
0524152021633224424201413550 2 1202503064.020042
0424155021633044424201413550 2 1202503064.020046
0524150021633144424201413550 2 1202503064.020050
0045102025633144424201413550 2 1202503064.020052
0124150021633244424201413550 2 1202503064.020056
0524152021633244424201413550 2 1202503064.020058
0422150021633054424201413550 2 1202503064.020101
0524150021633154424201413550 2 1202503064.020105
0045102025633154424201413550 2 1202503064.020107
0124150021633254424201413550 2 1202503064.020110
0524152021633254424201413550 2 1202503064.020113
0012162521303040424200000650 1 1202503064.020245
0011162021353040424200000650 2 1202503064.020247
0012162521303540424200000650 1 1202503064.020249
0011162021353540424200000650 2 1202503064.020251
0661152621303046424205520011 2 1202503064.022623
0114102025303141424206512111 1 1202503064.025038
0114102025303146424206512111 1 1202503064.025048
0114102025303141424606512111 1 1202503064.025133
0114102025303146424606512111 1 1202503064.025142
0144150621333104424200000221 2 1202503064.030316
0146150621333104424200000221 2 1202503064.030318
0144150621333114424200000221 2 1202503064.030321
0146150621333114424200000221 2 1202503064.030322
0144150621333124424200000221 2 1202503064.030325
0146150621333124424200000221 2 1202503064.030327
0144150621333144424200000221 2 1202503064.030330
0146150621333144424200000221 2 1202503064.030332
0144150621333154424200000221 2 1202503064.030337
0146150621333154424200000221 2 1202503064.030338
0144150621333164424200000221 2 1202503064.030343
0146150621333164424200000221 2 1202503064.030345
0110102220303045424602042131 1 1202503064.031359
0516102021353640424206000041 2 1202503064.031714
0510102021353044424206000041 2 1202503064.031811
0016102021303645424206000041 1 1202503064.031852
0012102521363640424204110051 2 1202503064.032458
0012102521363645424204110051 2 1202503064.032523
0121152521433062404205102151 2 1202503064.032647
0121152524433062404205102151 6 1202503064.032649
0121152524433162404205102151 6 1202503064.032652
0121152525433162404205102151 6 1202503064.032655
0111152520433006404205102151 6 1202503064.032706
0121152520433006404205102151 6 1202503064.032708
0111152521433006404205102151 2 1202503064.032710
0121152521433006404205102151 2 1202503064.032713
0111152523433006404205102151 6 1202503064.032715
0121152523433006404205102151 6 1202503064.032717
0111152524433006404205102151 6 1202503064.032719
0121152524433006404205102151 6 1202503064.032721
0111152525433006404205102151 6 1202503064.032723
0121152525433006404205102151 6 1202503064.032725
0121152520433016404205102151 6 1202503064.032740
0121152521433016404205102151 2 1202503064.032746
0121152523433016404205102151 6 1202503064.032750
0121152524433016404205102151 6 1202503064.032754
0121152525433016404205102151 6 1202503064.032758
0111152520433116404205102151 6 1202503064.032800
0111152521433116404205102151 2 1202503064.032802
0111152523433116404205102151 6 1202503064.032805
0111152524433116404205102151 6 1202503064.032807
0111152525433116404205102151 6 1202503064.032809
0121152520433026404205102151 6 1202503064.032824
0121152521433026404205102151 2 1202503064.032826
0121152523433026404205102151 6 1202503064.032828
0121152524433026404205102151 6 1202503064.032830
0121152525433026404205102151 6 1202503064.032833
0121152520433046404205102151 6 1202503064.032847
0121152521433046404205102151 2 1202503064.032849
0121152523433046404205102151 6 1202503064.032851
0121152524433046404205102151 6 1202503064.032853
0121152525433046404205102151 6 1202503064.032855
0111152520433056404205102151 6 1202503064.032906
0121152520433056404205102151 6 1202503064.032908
0111152521433056404205102151 2 1202503064.032910
0121152521433056404205102151 2 1202503064.032911
0111152523433056404205102151 6 1202503064.032913
0121152523433056404205102151 6 1202503064.032915
0111152524433056404205102151 6 1202503064.032917
0121152524433056404205102151 6 1202503064.032918
0111152525433056404205102151 6 1202503064.032921
0121152525433056404205102151 6 1202503064.032923
0121152520433066404205102151 6 1202503064.032949
0121152521433066404205102151 2 1202503064.032951
0121152523433066404205102151 6 1202503064.032954
0121152524433066404205102151 6 1202503064.032956
0121152525433066404205102151 6 1202503064.032958
0644152521303540424205102151 2 1202503064.033013
0644152521313540424205102151 2 1202503064.033015
0644152521333540424205102151 2 1202503064.033018
0644152521343540424205102151 2 1202503064.033020
0644152521353540424205102151 1 1202503064.033023
0546102521303524424205102151 2 1202503064.033035
0546152521303044424205102151 1 1202503064.033038
0644152521303525424205102151 1 1202503064.033044
0214152020303140464205102151 1 1202503064.033132
0214152520303140464205102151 1 1202503064.033134
0214152020313140464205102151 6 1202503064.033136
0214152520313140464205102151 6 1202503064.033138
0214152020333140464205102151 6 1202503064.033140
0214152520333140464205102151 6 1202503064.033141
0214152020343140464205102151 6 1202503064.033143
0214152520343140464205102151 6 1202503064.033145
0214152020353140464205102151 1 1202503064.033148
0214152520353140464205102151 1 1202503064.033149
0022152023353140464205102151 1 1202503064.033152
0122152023353140464205102151 1 1202503064.033154
0222152023353140464205102151 1 1202503064.033156
0422152023353140464205102151 1 1202503064.033158
0522152023353140464205102151 1 1202503064.033200
0622152023353140464205102151 1 1202503064.033202
0022152523353140464205102151 1 1202503064.033204
0122152523353140464205102151 1 1202503064.033206
0222152523353140464205102151 1 1202503064.033208
0422152523353140464205102151 1 1202503064.033210
0522152523353140464205102151 1 1202503064.033212
0622152523353140464205102151 1 1202503064.033214
0244152521303540464205102151 2 1202503064.033216
0644152521303540464205102151 2 1202503064.033218
0244152521313540464205102151 2 1202503064.033220
0644152521313540464205102151 2 1202503064.033222
0244152521333540464205102151 2 1202503064.033224
0644152521333540464205102151 2 1202503064.033226
0244152521343540464205102151 2 1202503064.033228
0644152521343540464205102151 2 1202503064.033230
0244152521353540464205102151 1 1202503064.033232
0644152521353540464205102151 1 1202503064.033234
0114102225303041464205102151 1 1202503064.033238
0522102020353041464205102151 1 1202503064.033241
0522102220353041464205102151 1 1202503064.033243
0522102320353041464205102151 1 1202503064.033245
0522102520353041464205102151 1 1202503064.033247
0522102620353041464205102151 1 1202503064.033249
0114102225353041464205102151 1 1202503064.033251
0542102521303524464205102151 2 1202503064.033308
0546102521303524464205102151 2 1202503064.033310
0542152521303044464205102151 1 1202503064.033312
0546152521303044464205102151 1 1202503064.033314
0214152020303144464205102151 1 1202503064.033320
0214152520303144464205102151 1 1202503064.033322
0214152020313144464205102151 6 1202503064.033324
0214152520313144464205102151 6 1202503064.033326
0214152020333144464205102151 6 1202503064.033328
0214152520333144464205102151 6 1202503064.033330
0214152020343144464205102151 6 1202503064.033332
0214152520343144464205102151 6 1202503064.033334
0214152020353144464205102151 1 1202503064.033336
0214152520353144464205102151 1 1202503064.033338
0022152023353144464205102151 1 1202503064.033340
0122152023353144464205102151 1 1202503064.033342
0222152023353144464205102151 1 1202503064.033344
0422152023353144464205102151 1 1202503064.033346
0522152023353144464205102151 1 1202503064.033348
0622152023353144464205102151 1 1202503064.033350
0022152223353144464205102151 1 1202503064.033352
0122152223353144464205102151 1 1202503064.033354
0222152223353144464205102151 1 1202503064.033356
0422152223353144464205102151 1 1202503064.033358
0522152223353144464205102151 1 1202503064.033400
0622152223353144464205102151 1 1202503064.033402
0022152323353144464205102151 1 1202503064.033404
0122152323353144464205102151 1 1202503064.033406
0222152323353144464205102151 1 1202503064.033408
0422152323353144464205102151 1 1202503064.033410
0522152323353144464205102151 1 1202503064.033412
0622152323353144464205102151 1 1202503064.033414
0022152523353144464205102151 1 1202503064.033416
0122152523353144464205102151 1 1202503064.033418
0222152523353144464205102151 1 1202503064.033420
0422152523353144464205102151 1 1202503064.033422
0522152523353144464205102151 1 1202503064.033424
0622152523353144464205102151 1 1202503064.033426
0022152623353144464205102151 1 1202503064.033428
0122152623353144464205102151 1 1202503064.033430
0222152623353144464205102151 1 1202503064.033432
0422152623353144464205102151 1 1202503064.033434
0522152623353144464205102151 1 1202503064.033436
0622152623353144464205102151 1 1202503064.033438
0244152521303525464205102151 1 1202503064.033446
0644152521303525464205102151 1 1202503064.033448
0214152020303145464205102151 1 1202503064.033452
0214152520303145464205102151 1 1202503064.033454
0214152020313145464205102151 6 1202503064.033456
0214152520313145464205102151 6 1202503064.033458
0214152020333145464205102151 6 1202503064.033500
0214152520333145464205102151 6 1202503064.033502
0214152020343145464205102151 6 1202503064.033504
0214152520343145464205102151 6 1202503064.033506
0214152020353145464205102151 1 1202503064.033508
0214152520353145464205102151 1 1202503064.033510
0022152523353145464205102151 1 1202503064.033512
0122152523353145464205102151 1 1202503064.033514
0222152523353145464205102151 1 1202503064.033516
0422152523353145464205102151 1 1202503064.033518
0522152523353145464205102151 1 1202503064.033520
0622152523353145464205102151 1 1202503064.033522
0522102520353046464205102151 1 1202503064.033531
0121152520433010404605102151 6 1202503064.033536
0121152521433010404605102151 2 1202503064.033538
0121152523433010404605102151 6 1202503064.033540
0121152524433010404605102151 6 1202503064.033542
0121152525433010404605102151 6 1202503064.033543
0111152520433110404605102151 6 1202503064.033545
0111152521433110404605102151 2 1202503064.033546
0111152523433110404605102151 6 1202503064.033548
0111152524433110404605102151 6 1202503064.033550
0111152525433110404605102151 6 1202503064.033551
0111152521433002404605102151 2 1202503064.033556
0121152521433002404605102151 2 1202503064.033558
0121152524433002404605102151 6 1202503064.033600
0121152524433102404605102151 6 1202503064.033603
0121152525433102404605102151 6 1202503064.033606
0121152521433012404605102151 2 1202503064.033614
0121152524433012404605102151 6 1202503064.033615
0111152521433112404605102151 2 1202503064.033617
0121152524433112404605102151 6 1202503064.033620
0121152525433112404605102151 6 1202503064.033623
0121152521433022404605102151 2 1202503064.033628
0121152524433022404605102151 6 1202503064.033629
0121152524433122404605102151 6 1202503064.033631
0121152525433122404605102151 6 1202503064.033634
0121152521433042404605102151 2 1202503064.033640
0121152524433042404605102151 6 1202503064.033642
0121152524433142404605102151 6 1202503064.033644
0121152525433142404605102151 6 1202503064.033647
0111152521433052404605102151 2 1202503064.033652
0121152521433052404605102151 2 1202503064.033653
0121152524433052404605102151 6 1202503064.033655
0121152524433152404605102151 6 1202503064.033701
0121152525433152404605102151 6 1202503064.033704
0121152521433062404605102151 2 1202503064.033709
0121152524433062404605102151 6 1202503064.033711
0121152524433162404605102151 6 1202503064.033712
0121152525433162404605102151 6 1202503064.033715
0111152520433006404605102151 6 1202503064.033724
0121152520433006404605102151 6 1202503064.033725
0111152521433006404605102151 2 1202503064.033727
0121152521433006404605102151 2 1202503064.033729
0111152523433006404605102151 6 1202503064.033730
0121152523433006404605102151 6 1202503064.033732
0111152524433006404605102151 6 1202503064.033734
0121152524433006404605102151 6 1202503064.033735
0111152525433006404605102151 6 1202503064.033737
0121152525433006404605102151 6 1202503064.033738
0121152520433016404605102151 6 1202503064.033750
0121152521433016404605102151 2 1202503064.033755
0121152523433016404605102151 6 1202503064.033758
0121152524433016404605102151 6 1202503064.033801
0121152525433016404605102151 6 1202503064.033804
0111152520433116404605102151 6 1202503064.033806
0111152521433116404605102151 2 1202503064.033807
0111152523433116404605102151 6 1202503064.033809
0111152524433116404605102151 6 1202503064.033810
0111152525433116404605102151 6 1202503064.033812
0121152520433026404605102151 6 1202503064.033822
0121152521433026404605102151 2 1202503064.033824
0121152523433026404605102151 6 1202503064.033826
0121152524433026404605102151 6 1202503064.033827
0121152525433026404605102151 6 1202503064.033829
0121152520433046404605102151 6 1202503064.033840
0121152521433046404605102151 2 1202503064.033841
0121152523433046404605102151 6 1202503064.033843
0121152524433046404605102151 6 1202503064.033845
0121152525433046404605102151 6 1202503064.033846
0111152520433056404605102151 6 1202503064.033857
0121152520433056404605102151 6 1202503064.033858
0111152521433056404605102151 2 1202503064.033900
0121152521433056404605102151 2 1202503064.033902
0111152523433056404605102151 6 1202503064.033903
0121152523433056404605102151 6 1202503064.033905
0111152524433056404605102151 6 1202503064.033906
0121152524433056404605102151 6 1202503064.033908
0111152525433056404605102151 6 1202503064.033910
0121152525433056404605102151 6 1202503064.033911
0121152520433066404605102151 6 1202503064.033930
0121152521433066404605102151 2 1202503064.033932
0121152523433066404605102151 6 1202503064.033934
0121152524433066404605102151 6 1202503064.033936
0121152525433066404605102151 6 1202503064.033937
0244152521303540424605102151 2 1202503064.033956
0644152521303540424605102151 2 1202503064.033958
0244152521313540424605102151 2 1202503064.034000
0644152521313540424605102151 2 1202503064.034002
0244152521333540424605102151 2 1202503064.034004
0644152521333540424605102151 2 1202503064.034006
0244152521343540424605102151 2 1202503064.034007
0644152521343540424605102151 2 1202503064.034009
0244152521353540424605102151 1 1202503064.034011
0644152521353540424605102151 1 1202503064.034013
0542102521303524424605102151 2 1202503064.034030
0546102521303524424605102151 2 1202503064.034032
0542152521303044424605102151 1 1202503064.034034
0546152521303044424605102151 1 1202503064.034036
0244152521303525424605102151 1 1202503064.034045
0644152521303525424605102151 1 1202503064.034047
0214152020303140464605102151 1 1202503064.034138
0214152520303140464605102151 1 1202503064.034140
0214152020313140464605102151 6 1202503064.034142
0214152520313140464605102151 6 1202503064.034144
0214152020333140464605102151 6 1202503064.034146
0214152520333140464605102151 6 1202503064.034148
0214152020343140464605102151 6 1202503064.034151
0214152520343140464605102151 6 1202503064.034153
0214152020353140464605102151 1 1202503064.034155
0214152520353140464605102151 1 1202503064.034157
0022152023353140464605102151 1 1202503064.034200
0122152023353140464605102151 1 1202503064.034202
0222152023353140464605102151 1 1202503064.034204
0422152023353140464605102151 1 1202503064.034206
0522152023353140464605102151 1 1202503064.034208
0622152023353140464605102151 1 1202503064.034210
0022152523353140464605102151 1 1202503064.034212
0122152523353140464605102151 1 1202503064.034214
0222152523353140464605102151 1 1202503064.034216
0422152523353140464605102151 1 1202503064.034218
0522152523353140464605102151 1 1202503064.034220
0622152523353140464605102151 1 1202503064.034222
0644152520303540464605102151 6 1202503064.034224
0244152521303540464605102151 2 1202503064.034226
0644152521303540464605102151 2 1202503064.034228
0644152523303540464605102151 6 1202503064.034230
0644152524303540464605102151 6 1202503064.034232
0644152525303540464605102151 6 1202503064.034234
0644152520313540464605102151 6 1202503064.034236
0244152521313540464605102151 2 1202503064.034238
0644152521313540464605102151 2 1202503064.034240
0644152523313540464605102151 6 1202503064.034241
0644152524313540464605102151 6 1202503064.034243
0644152525313540464605102151 6 1202503064.034245
0644152520333540464605102151 6 1202503064.034247
0244152521333540464605102151 2 1202503064.034249
0644152521333540464605102151 2 1202503064.034251
0644152523333540464605102151 6 1202503064.034253
0644152524333540464605102151 6 1202503064.034255
0644152525333540464605102151 6 1202503064.034257
0644152520343540464605102151 6 1202503064.034259
0244152521343540464605102151 2 1202503064.034301
0644152521343540464605102151 2 1202503064.034303
0644152523343540464605102151 6 1202503064.034304
0644152524343540464605102151 6 1202503064.034306
0644152525343540464605102151 6 1202503064.034308
0644152520353540464605102151 1 1202503064.034310
0244152521353540464605102151 1 1202503064.034312
0644152521353540464605102151 1 1202503064.034314
0644152523353540464605102151 1 1202503064.034316
0644152524353540464605102151 1 1202503064.034318
0644152525353540464605102151 1 1202503064.034320
0114102225303041464605102151 1 1202503064.034328
0522102020353041464605102151 1 1202503064.034331
0522102220353041464605102151 1 1202503064.034333
0522102320353041464605102151 1 1202503064.034335
0522102520353041464605102151 1 1202503064.034337
0522102620353041464605102151 1 1202503064.034339
0114102225353041464605102151 1 1202503064.034342
0546102520303524464605102151 6 1202503064.034407
0542102521303524464605102151 2 1202503064.034409
0546102521303524464605102151 2 1202503064.034411
0546102523303524464605102151 6 1202503064.034413
0546102524303524464605102151 6 1202503064.034415
0546102525303524464605102151 6 1202503064.034417
0546152520303044464605102151 1 1202503064.034419
0542152521303044464605102151 1 1202503064.034422
0546152521303044464605102151 1 1202503064.034424
0546152523303044464605102151 1 1202503064.034426
0546152524303044464605102151 1 1202503064.034429
0546152525303044464605102151 1 1202503064.034431
0546152520313044464605102151 2 1202503064.034433
0546152520333044464605102151 2 1202503064.034437
0546152520343044464605102151 2 1202503064.034440
0541152520353044464605102151 2 1202503064.034443
0546152520353044464605102151 2 1202503064.034445
0214152020303144464605102151 1 1202503064.034450
0214152520303144464605102151 1 1202503064.034452
0214152020313144464605102151 6 1202503064.034455
0214152520313144464605102151 6 1202503064.034457
0214152020333144464605102151 6 1202503064.034459
0214152520333144464605102151 6 1202503064.034501
0214152020343144464605102151 6 1202503064.034503
0214152520343144464605102151 6 1202503064.034505
0214152020353144464605102151 1 1202503064.034508
0214152520353144464605102151 1 1202503064.034510
0022152023353144464605102151 1 1202503064.034512
0122152023353144464605102151 1 1202503064.034514
0222152023353144464605102151 1 1202503064.034516
0422152023353144464605102151 1 1202503064.034518
0522152023353144464605102151 1 1202503064.034520
0622152023353144464605102151 1 1202503064.034522
0022152223353144464605102151 1 1202503064.034524
0122152223353144464605102151 1 1202503064.034526
0222152223353144464605102151 1 1202503064.034528
0422152223353144464605102151 1 1202503064.034530
0522152223353144464605102151 1 1202503064.034532
0622152223353144464605102151 1 1202503064.034534
0022152323353144464605102151 1 1202503064.034536
0122152323353144464605102151 1 1202503064.034538
0222152323353144464605102151 1 1202503064.034540
0422152323353144464605102151 1 1202503064.034542
0522152323353144464605102151 1 1202503064.034544
0622152323353144464605102151 1 1202503064.034546
0022152523353144464605102151 1 1202503064.034548
0122152523353144464605102151 1 1202503064.034550
0222152523353144464605102151 1 1202503064.034552
0422152523353144464605102151 1 1202503064.034554
0522152523353144464605102151 1 1202503064.034556
0622152523353144464605102151 1 1202503064.034558
0022152623353144464605102151 1 1202503064.034600
0122152623353144464605102151 1 1202503064.034602
0222152623353144464605102151 1 1202503064.034604
0422152623353144464605102151 1 1202503064.034606
0522152623353144464605102151 1 1202503064.034608
0622152623353144464605102151 1 1202503064.034610
0644152520303525464605102151 1 1202503064.034620
0244152521303525464605102151 1 1202503064.034621
0644152521303525464605102151 1 1202503064.034623
0644152523303525464605102151 1 1202503064.034625
0644152524303525464605102151 1 1202503064.034627
0644152525303525464605102151 1 1202503064.034629
0214152020303145464605102151 1 1202503064.034635
0214152520303145464605102151 1 1202503064.034637
0214152020313145464605102151 6 1202503064.034641
0214152520313145464605102151 6 1202503064.034643
0214152020333145464605102151 6 1202503064.034647
0214152520333145464605102151 6 1202503064.034649
0214152020343145464605102151 6 1202503064.034652
0214152520343145464605102151 6 1202503064.034654
0214152020353145464605102151 1 1202503064.034658
0214152520353145464605102151 1 1202503064.034700
0022152523353145464605102151 1 1202503064.034703
0122152523353145464605102151 1 1202503064.034705
0222152523353145464605102151 1 1202503064.034706
0422152523353145464605102151 1 1202503064.034708
0522152523353145464605102151 1 1202503064.034710
0622152523353145464605102151 1 1202503064.034712
0522102520353046464605102151 1 1202503064.034729
0055102021353545424605162151 1 1202503064.034811
0055102020353545464605162151 1 1202503064.034911
0055102021353545464605162151 1 1202503064.034913
0055102023353545464605162151 1 1202503064.034915
0055102024353545464605162151 1 1202503064.034917
0055102025353545464605162151 1 1202503064.034920
0521152521363040424200000112 1 1202503064.040954
0521152521363044424200000112 1 1202503064.041125
0046152621303045424200000112 1 1202503064.041226
0046152621313045424200000112 2 1202503064.041228
0046152621333045424200000112 2 1202503064.041230
0046152621343045424200000112 2 1202503064.041232
0046152621353045424200000112 2 1202503064.041234
0521152521363045424200000112 1 1202503064.041238
0046152621363045424200000112 1 1202503064.041240
0111152021343120464200000022 1 1202503064.042050
0111152021343121464200000022 1 1202503064.042054
0011162021353040424200000622 2 1202503064.042357
0011162021353540424200000622 2 1202503064.042401
0046156621313041424200000622 2 1202503064.042408
0546156621313541424200000622 2 1202503064.042412
0046156621313044424200000622 2 1202503064.042424
0011162021353044424200000622 2 1202503064.042427
0641156621313045424200000622 2 1202503064.042443
0641166621313045424200000622 2 1202503064.042445
0114162021353140424206510042 2 1202503064.042627
0016102021363524424206510042 2 1202503064.043207
0145102521303146464201142103 2 1202503064.050113
0145102521313146464201142103 2 1202503064.050123
0145102521333146464201142103 2 1202503064.050131
0145102521343146464201142103 2 1202503064.050137
0145102521353146464201142103 1 1202503064.050150
0542102521303546464201142103 1 1202503064.050158
0546102521303546464201142103 1 1202503064.050202
0021106520353546464201142103 2 1202503064.050210
0145102521303020424601142103 1 1202503064.050356
0145102521303520424601142103 1 1202503064.050357
0414152021303140424601142103 1 1202503064.050425
0414152021313140424601142103 2 1202503064.050436
0411152021333140424601142103 2 1202503064.050451
0414152021333140424601142103 2 1202503064.050453
0414152021343140424601142103 2 1202503064.050501
0414152021353140424601142103 1 1202503064.050511
0424152021353140424601142103 1 1202503064.050513
0021106025353540424601142103 6 1202503064.050529
0542102521303041424601142103 1 1202503064.050610
0145102521303041424601142103 2 1202503064.050613
0546102521303041424601142103 1 1202503064.050616
0145102521303141424601142103 2 1202503064.050638
0601152520353141424601142103 1 1202503064.050646
0611152520353141424601142103 1 1202503064.050648
0621152520353141424601142103 1 1202503064.050649
0641152520353141424601142103 1 1202503064.050651
0651152520353141424601142103 1 1202503064.050652
0661152520353141424601142103 1 1202503064.050653
0606152520353141424601142103 1 1202503064.050655
0616152520353141424601142103 1 1202503064.050656
0626152520353141424601142103 1 1202503064.050658
0646152520353141424601142103 1 1202503064.050659
0656152520353141424601142103 1 1202503064.050701
0666152520353141424601142103 1 1202503064.050702
0145102521353141424601142103 1 1202503064.050705
0141152520303142424601142103 6 1202503064.050819
0145102521303142424601142103 2 1202503064.050823
0145102521313142424601142103 2 1202503064.050827
0145102521333142424601142103 2 1202503064.050829
0145102521343142424601142103 2 1202503064.050832
0145102521353142424601142103 1 1202503064.050836
0542102521303542424601142103 1 1202503064.050839
0546102521303542424601142103 1 1202503064.050843
0611152020333144424601142103 2 1202503064.050945
0024152021333144424601142103 2 1202503064.050950
0110102220303544424601142103 1 1202503064.051017
0024156021333544424601142103 2 1202503064.051021
0110102220353544424601142103 1 1202503064.051024
0021106021353544424601142103 2 1202503064.051027
0021106025353544424601142103 6 1202503064.051030
0110102220303045424601142103 1 1202503064.051057
0145102521303045424601142103 1 1202503064.051059
0110102225303045424601142103 1 1202503064.051102
0110102220353045424601142103 1 1202503064.051116
0022106021353045424601142103 2 1202503064.051120
0026106021353045424601142103 2 1202503064.051123
0110102225353045424601142103 1 1202503064.051133
0110102220303145424601142103 1 1202503064.051135
0542102521303145424601142103 2 1202503064.051143
0145102521303145424601142103 1 1202503064.051146
0546102521303145424601142103 2 1202503064.051153
0110102225303145424601142103 1 1202503064.051155
0542102521313145424601142103 2 1202503064.051159
0145102521313145424601142103 2 1202503064.051202
0546102521313145424601142103 2 1202503064.051207
0542102521333145424601142103 2 1202503064.051212
0145102521333145424601142103 2 1202503064.051214
0546102521333145424601142103 2 1202503064.051218
0542102521343145424601142103 2 1202503064.051223
0145102521343145424601142103 2 1202503064.051226
0546102521343145424601142103 2 1202503064.051230
0110102220353145424601142103 1 1202503064.051232
0541102521353145424601142103 1 1202503064.051238
0542102521353145424601142103 1 1202503064.051243
0145102521353145424601142103 1 1202503064.051245
0546102521353145424601142103 1 1202503064.051250
0021106025353145424601142103 6 1202503064.051252
0110102225353145424601142103 1 1202503064.051254
0110102220303545424601142103 1 1202503064.051256
0110102225303545424601142103 1 1202503064.051257
0110102220353545424601142103 1 1202503064.051259
0110102225353545424601142103 1 1202503064.051301
0611152520303146424601142103 1 1202503064.051414
0661152520303146424601142103 2 1202503064.051416
0606152520303146424601142103 6 1202503064.051419
0616152520303146424601142103 1 1202503064.051421
0626152520303146424601142103 6 1202503064.051424
0646152520303146424601142103 6 1202503064.051427
0656152520303146424601142103 6 1202503064.051429
0666152520303146424601142103 6 1202503064.051432
0145102521303146424601142103 2 1202503064.051437
0606152520313146424601142103 6 1202503064.051441
0616152520313146424601142103 6 1202503064.051444
0626152520313146424601142103 6 1202503064.051446
0646152520313146424601142103 6 1202503064.051449
0656152520313146424601142103 6 1202503064.051452
0666152520313146424601142103 6 1202503064.051455
0145102521313146424601142103 2 1202503064.051457
0606152520333146424601142103 6 1202503064.051501
0616152520333146424601142103 6 1202503064.051503
0626152520333146424601142103 6 1202503064.051506
0646152520333146424601142103 6 1202503064.051509
0656152520333146424601142103 6 1202503064.051512
0666152520333146424601142103 6 1202503064.051514
0145102521333146424601142103 2 1202503064.051516
0606152520343146424601142103 6 1202503064.051519
0616152520343146424601142103 6 1202503064.051521
0626152520343146424601142103 6 1202503064.051523
0646152520343146424601142103 6 1202503064.051526
0656152520343146424601142103 6 1202503064.051528
0666152520343146424601142103 6 1202503064.051530
0145102521343146424601142103 2 1202503064.051532
0601152520353146424601142103 1 1202503064.051534
0611152520353146424601142103 1 1202503064.051536
0621152520353146424601142103 1 1202503064.051537
0641152520353146424601142103 1 1202503064.051538
0651152520353146424601142103 1 1202503064.051539
0661152520353146424601142103 1 1202503064.051541
0606152520353146424601142103 1 1202503064.051542
0616152520353146424601142103 1 1202503064.051543
0626152520353146424601142103 1 1202503064.051544
0646152520353146424601142103 1 1202503064.051545
0656152520353146424601142103 1 1202503064.051547
0666152520353146424601142103 1 1202503064.051548
0145102521353146424601142103 1 1202503064.051551
0542102521303546424601142103 1 1202503064.051553
0546102521303546424601142103 1 1202503064.051557
0145102520303020464601142103 1 1202503064.051733
0145102521303020464601142103 1 1202503064.051734
0145102523303020464601142103 1 1202503064.051736
0145102524303020464601142103 1 1202503064.051738
0145102525303020464601142103 1 1202503064.051741
0145102520303520464601142103 1 1202503064.051743
0145102521303520464601142103 1 1202503064.051745
0145102523303520464601142103 1 1202503064.051748
0145102524303520464601142103 1 1202503064.051750
0145102525303520464601142103 1 1202503064.051753
0414152020303140464601142103 1 1202503064.051835
0414152021303140464601142103 1 1202503064.051841
0414152023303140464601142103 1 1202503064.051851
0414152024303140464601142103 1 1202503064.051857
0414152025303140464601142103 1 1202503064.051902
0414152020313140464601142103 6 1202503064.051908
0414152021313140464601142103 2 1202503064.051912
0414152023313140464601142103 6 1202503064.051917
0414152024313140464601142103 6 1202503064.051920
0414152025313140464601142103 6 1202503064.051923
0411152020333140464601142103 6 1202503064.051927
0414152020333140464601142103 6 1202503064.051928
0411152021333140464601142103 2 1202503064.051932
0414152021333140464601142103 2 1202503064.051933
0411152023333140464601142103 6 1202503064.051939
0414152023333140464601142103 6 1202503064.051941
0411152024333140464601142103 6 1202503064.051944
0414152024333140464601142103 6 1202503064.051945
0411152025333140464601142103 6 1202503064.051948
0414152025333140464601142103 6 1202503064.051950
0414152020343140464601142103 6 1202503064.051953
0414152021343140464601142103 2 1202503064.051957
0414152023343140464601142103 6 1202503064.052002
0414152024343140464601142103 6 1202503064.052005
0414152025343140464601142103 6 1202503064.052007
0414152020353140464601142103 1 1202503064.052011
0424152020353140464601142103 1 1202503064.052012
0414152021353140464601142103 1 1202503064.052020
0424152021353140464601142103 1 1202503064.052021
0414152023353140464601142103 1 1202503064.052032
0424152023353140464601142103 1 1202503064.052034
0414152024353140464601142103 1 1202503064.052039
0424152024353140464601142103 1 1202503064.052041
0422152025353140464601142103 1 1202503064.052047
0414152025353140464601142103 1 1202503064.052048
0424152025353140464601142103 1 1202503064.052050
0145102520303041464601142103 6 1202503064.052225
0546102520303041464601142103 1 1202503064.052228
0542102521303041464601142103 1 1202503064.052231
0145102521303041464601142103 2 1202503064.052233
0546102521303041464601142103 1 1202503064.052235
0145102523303041464601142103 6 1202503064.052239
0546102523303041464601142103 1 1202503064.052242
0145102524303041464601142103 6 1202503064.052246
0546102524303041464601142103 1 1202503064.052249
0145102525303041464601142103 6 1202503064.052255
0546102525303041464601142103 1 1202503064.052257
0145102520303141464601142103 6 1202503064.052341
0145102521303141464601142103 2 1202503064.052352
0145102523303141464601142103 6 1202503064.052400
0145102524303141464601142103 6 1202503064.052405
0145102525303141464601142103 6 1202503064.052416
0145102520353141464601142103 1 1202503064.052423
0145102521353141464601142103 1 1202503064.052428
0145102523353141464601142103 1 1202503064.052431
0145102524353141464601142103 1 1202503064.052435
0145102525353141464601142103 1 1202503064.052438
0015152220303541464601142103 1 1202503064.052441
0015152220353541464601142103 1 1202503064.052502
0541102520353541464601142103 2 1202503064.052505
0546102520353541464601142103 2 1202503064.052509
0145102520303022464601142103 1 1202503064.052624
0546102520303522464601142103 6 1202503064.052632
0145102520303042464601142103 6 1202503064.052640
0546102520303042464601142103 1 1202503064.052643
0145102520313042464601142103 6 1202503064.052651
0546102520313042464601142103 2 1202503064.052653
0145102520333042464601142103 6 1202503064.052659
0546102520333042464601142103 2 1202503064.052702
0145102520343042464601142103 6 1202503064.052707
0546102520343042464601142103 2 1202503064.052710
0541102520353042464601142103 2 1202503064.052717
0145102520353042464601142103 1 1202503064.052718
0546102520353042464601142103 2 1202503064.052721
0145102520303142464601142103 6 1202503064.052732
0141152520303142464601142103 6 1202503064.052736
0145102521303142464601142103 2 1202503064.052746
0145102520313142464601142103 6 1202503064.052750
0145102521313142464601142103 2 1202503064.052755
0145102520333142464601142103 6 1202503064.052757
0145102521333142464601142103 2 1202503064.052803
0145102520343142464601142103 6 1202503064.052805
0145102521343142464601142103 2 1202503064.052810
0424152020353142464601142103 6 1202503064.052812
0145102520353142464601142103 1 1202503064.052815
0145102521353142464601142103 1 1202503064.052826
0021106525353142464601142103 6 1202503064.052828
0542102521303542464601142103 1 1202503064.052832
0546102521303542464601142103 1 1202503064.052835
0222152023333104464601142103 6 1202503064.052905
0522152023333104464601142103 6 1202503064.052907
0022152023333504464601142103 6 1202503064.052935
0222152023333114464601142103 6 1202503064.052948
0522152023333114464601142103 6 1202503064.052951
0022152023333514464601142103 6 1202503064.052952
0222152023333124464601142103 6 1202503064.052957
0522152023333124464601142103 6 1202503064.052958
0022152023333524464601142103 6 1202503064.053000
0412152023303144464601142103 1 1202503064.053044
0412152023313144464601142103 6 1202503064.053112
0024152020333144464601142103 6 1202503064.053122
0024152021333144464601142103 2 1202503064.053129
0221152023333144464601142103 6 1202503064.053136
0412152023333144464601142103 6 1202503064.053138
0222152023333144464601142103 6 1202503064.053140
0422152023333144464601142103 6 1202503064.053142
0522152023333144464601142103 6 1202503064.053144
0024152023333144464601142103 6 1202503064.053146
0024152024333144464601142103 6 1202503064.053152
0024152025333144464601142103 6 1202503064.053157
0412152023343144464601142103 6 1202503064.053211
0412152023353144464601142103 1 1202503064.053247
0222152023353144464601142103 6 1202503064.053248
0110102220303544464601142103 1 1202503064.053315
0110102225303544464601142103 1 1202503064.053317
0024156020333544464601142103 6 1202503064.053320
0024156021333544464601142103 2 1202503064.053324
0022152023333544464601142103 6 1202503064.053327
0222152023333544464601142103 6 1202503064.053328
0024156023333544464601142103 6 1202503064.053330
0024156024333544464601142103 6 1202503064.053333
0024156025333544464601142103 6 1202503064.053335
0021106020353544464601142103 6 1202503064.053338
0110102220353544464601142103 1 1202503064.053340
0021106021353544464601142103 2 1202503064.053343
0021106023353544464601142103 6 1202503064.053345
0021106024353544464601142103 6 1202503064.053348
0021106025353544464601142103 6 1202503064.053350
0110102225353544464601142103 1 1202503064.053352
0222152023333154464601142103 6 1202503064.053356
0522152023333154464601142103 6 1202503064.053358
0022152023333554464601142103 6 1202503064.053400
0222152023333164464601142103 6 1202503064.053405
0522152023333164464601142103 6 1202503064.053407
0022152023333564464601142103 6 1202503064.053409
0145102520303045464601142103 1 1202503064.053515
0145102521303045464601142103 1 1202503064.053519
0145102523303045464601142103 1 1202503064.053521
0145102524303045464601142103 1 1202503064.053523
0145102525303045464601142103 1 1202503064.053525
0026106020353045464601142103 6 1202503064.053559
0022106021353045464601142103 2 1202503064.053607
0026106021353045464601142103 2 1202503064.053610
0026106023353045464601142103 6 1202503064.053623
0026106024353045464601142103 6 1202503064.053629
0026106025353045464601142103 6 1202503064.053634
0145102520303145464601142103 1 1202503064.053642
0546102520303145464601142103 6 1202503064.053652
0542102521303145464601142103 2 1202503064.053659
0145102521303145464601142103 1 1202503064.053703
0546102521303145464601142103 2 1202503064.053708
0145102523303145464601142103 1 1202503064.053709
0546102523303145464601142103 6 1202503064.053713
0145102524303145464601142103 1 1202503064.053715
0546102524303145464601142103 6 1202503064.053719
0145102525303145464601142103 1 1202503064.053722
0546102525303145464601142103 6 1202503064.053727
0145102520313145464601142103 6 1202503064.053728
0546102520313145464601142103 6 1202503064.053734
0542102521313145464601142103 2 1202503064.053737
0145102521313145464601142103 2 1202503064.053739
0546102521313145464601142103 2 1202503064.053742
0145102523313145464601142103 6 1202503064.053743
0546102523313145464601142103 6 1202503064.053746
0145102524313145464601142103 6 1202503064.053747
0546102524313145464601142103 6 1202503064.053749
0145102525313145464601142103 6 1202503064.053751
0546102525313145464601142103 6 1202503064.053753
0145102520333145464601142103 6 1202503064.053755
0546102520333145464601142103 6 1202503064.053759
0542102521333145464601142103 2 1202503064.053803
0145102521333145464601142103 2 1202503064.053805
0546102521333145464601142103 2 1202503064.053808
0145102523333145464601142103 6 1202503064.053811
0546102523333145464601142103 6 1202503064.053814
0145102524333145464601142103 6 1202503064.053816
0546102524333145464601142103 6 1202503064.053818
0145102525333145464601142103 6 1202503064.053821
0546102525333145464601142103 6 1202503064.053824
0145102520343145464601142103 6 1202503064.053829
0546102520343145464601142103 6 1202503064.053835
0542102521343145464601142103 2 1202503064.053839
0145102521343145464601142103 2 1202503064.053841
0546102521343145464601142103 2 1202503064.053845
0145102523343145464601142103 6 1202503064.053847
0546102523343145464601142103 6 1202503064.053851
0145102524343145464601142103 6 1202503064.053853
0546102524343145464601142103 6 1202503064.053857
0145102525343145464601142103 6 1202503064.053900
0546102525343145464601142103 6 1202503064.053903
0541102520353145464601142103 1 1202503064.053910
0145102520353145464601142103 1 1202503064.053912
0546102520353145464601142103 1 1202503064.053917
0541102521353145464601142103 1 1202503064.053922
0542102521353145464601142103 1 1202503064.053926
0145102521353145464601142103 1 1202503064.053928
0546102521353145464601142103 1 1202503064.053933
0541102523353145464601142103 1 1202503064.053937
0145102523353145464601142103 1 1202503064.053939
0546102523353145464601142103 1 1202503064.053945
0541102524353145464601142103 1 1202503064.053949
0145102524353145464601142103 1 1202503064.053951
0546102524353145464601142103 1 1202503064.053955
0541102525353145464601142103 1 1202503064.053959
0145102525353145464601142103 1 1202503064.054005
0546102525353145464601142103 1 1202503064.054011
0145102520303146464601142103 6 1202503064.054323
0145102521303146464601142103 2 1202503064.054328
0145102523303146464601142103 6 1202503064.054332
0145102524303146464601142103 6 1202503064.054335
0145102525303146464601142103 6 1202503064.054339
0145102520313146464601142103 6 1202503064.054341
0145102521313146464601142103 2 1202503064.054344
0145102523313146464601142103 6 1202503064.054346
0145102524313146464601142103 6 1202503064.054348
0145102525313146464601142103 6 1202503064.054350
0145102520333146464601142103 6 1202503064.054351
0145102521333146464601142103 2 1202503064.054354
0145102523333146464601142103 6 1202503064.054355
0145102524333146464601142103 6 1202503064.054357
0145102525333146464601142103 6 1202503064.054358
0145102520343146464601142103 6 1202503064.054400
0145102521343146464601142103 2 1202503064.054403
0145102523343146464601142103 6 1202503064.054405
0145102524343146464601142103 6 1202503064.054407
0145102525343146464601142103 6 1202503064.054409
0145102520353146464601142103 1 1202503064.054411
0145102521353146464601142103 1 1202503064.054414
0145102523353146464601142103 1 1202503064.054416
0145102524353146464601142103 1 1202503064.054419
0145102525353146464601142103 1 1202503064.054421
0546102520303546464601142103 1 1202503064.054427
0542102521303546464601142103 1 1202503064.054428
0546102521303546464601142103 1 1202503064.054432
0546102523303546464601142103 1 1202503064.054435
0546102524303546464601142103 1 1202503064.054439
0546102525303546464601142103 1 1202503064.054442
0546102520313546464601142103 2 1202503064.054446
0546102520333546464601142103 2 1202503064.054454
0546102520343546464601142103 2 1202503064.054458
0541102520353546464601142103 2 1202503064.054502
0546102520353546464601142103 2 1202503064.054505
0021106520353546464601142103 2 1202503064.054507
0521102620333006454601222413 2 1202503064.054848
0521106620333006454601222413 2 1202503064.054850
0065102023303106454601222413 1 1202503064.054852
0065102523303106454601222413 1 1202503064.054854
0521102620333106454601222413 2 1202503064.054857
0521106620333106454601222413 2 1202503064.054858
0521102620333016454601222413 2 1202503064.054914
0521106620333016454601222413 2 1202503064.054916
0065102023303116454601222413 1 1202503064.054918
0065102523303116454601222413 1 1202503064.054919
0521102620333116454601222413 2 1202503064.054922
0521106620333116454601222413 2 1202503064.054923
0521102620333026454601222413 2 1202503064.054936
0521106620333026454601222413 2 1202503064.054938
0065102023303126454601222413 1 1202503064.054940
0065102523303126454601222413 1 1202503064.054942
0521102620333126454601222413 2 1202503064.054944
0521106620333126454601222413 2 1202503064.054945
0521102620333046454601222413 2 1202503064.054956
0521106620333046454601222413 2 1202503064.054957
0065102023303146454601222413 1 1202503064.054959
0065102523303146454601222413 1 1202503064.055001
0521102620333146454601222413 2 1202503064.055004
0521106620333146454601222413 2 1202503064.055005
0521102620333056454601222413 2 1202503064.055014
0521106620333056454601222413 2 1202503064.055015
0065102023303156454601222413 1 1202503064.055017
0065102523303156454601222413 1 1202503064.055019
0521102620333156454601222413 2 1202503064.055022
0521106620333156454601222413 2 1202503064.055024
0521102620333066454601222413 2 1202503064.055034
0521106620333066454601222413 2 1202503064.055035
0065102023303166454601222413 1 1202503064.055037
0065102523303166454601222413 1 1202503064.055039
0521102620333166454601222413 2 1202503064.055041
0521106620333166454601222413 2 1202503064.055042
0114152021353046424200422143 1 1202503064.060202
0114152021303140464200422143 1 1202503064.060235
0124153021113140464200422143 2 1202503064.060236
0114152021313140464200422143 2 1202503064.060238
0114152021333140464200422143 2 1202503064.060240
0114152021343140464200422143 2 1202503064.060241
0114152021353140464200422143 2 1202503064.060243
0114152021353541464200422143 1 1202503064.060301
0114152021353042464200422143 1 1202503064.060310
0115102523503104464200422143 1 1202503064.060321
0115102523503114464200422143 1 1202503064.060325
0015152021353024464200422143 2 1202503064.060332
0115102523503124464200422143 1 1202503064.060334
0115102523503144464200422143 1 1202503064.060341
0025153021313544464200422143 2 1202503064.060353
0015102021353544464200422143 1 1202503064.060356
0115102523503154464200422143 1 1202503064.060359
0115102523503164464200422143 1 1202503064.060410
0025103021513045464200422143 2 1202503064.060417
0025103021513545464200422143 2 1202503064.060422
0114152021353046464200422143 1 1202503064.060436
0114152021303140424600422143 1 1202503064.060506
0124153021113140424600422143 2 1202503064.060509
0114152021313140424600422143 2 1202503064.060512
0114152021333140424600422143 2 1202503064.060514
0114152021343140424600422143 2 1202503064.060516
0114152021353140424600422143 2 1202503064.060519
0114152021353541424600422143 1 1202503064.060533
0114152021353042424600422143 1 1202503064.060538
0015152021353024424600422143 2 1202503064.060552
0025153021313544424600422143 2 1202503064.060609
0015102021353544424600422143 1 1202503064.060612
0025103021513045424600422143 2 1202503064.060621
0025103021513545424600422143 2 1202503064.060625
0114152021353046424600422143 1 1202503064.060629
0114152021303140464600422143 1 1202503064.060656
0124153021113140464600422143 2 1202503064.060658
0114152021313140464600422143 2 1202503064.060700
0114152021333140464600422143 2 1202503064.060701
0114152021343140464600422143 2 1202503064.060703
0114152021353140464600422143 2 1202503064.060706
0114152021353541464600422143 1 1202503064.060723
0114152021353042464600422143 1 1202503064.060735
0015152021353024464600422143 2 1202503064.060752
0025153021313544464600422143 2 1202503064.060806
0015102021353544464600422143 1 1202503064.060809
0025103021513045464600422143 2 1202503064.060822
0025103021513545464600422143 2 1202503064.060828
0114152021353046464600422143 1 1202503064.060837
0022105021313041424601652104 2 1202503064.062704
0026105021313041424601652104 2 1202503064.062706
0026105020313061454601652104 6 1202503064.062734
0022105021313061454601652104 2 1202503064.062735
0026105021313061454601652104 2 1202503064.062737
0026105023313061454601652104 6 1202503064.062739
0026105024313061454601652104 6 1202503064.062740
0026105025313061454601652104 6 1202503064.062742
0026125020313065454601652104 6 1202503064.062747
0026105020313041464601652104 6 1202503064.062752
0022105021313041464601652104 2 1202503064.062754
0026105021313041464601652104 2 1202503064.062756
0026105023313041464601652104 6 1202503064.062757
0026105024313041464601652104 6 1202503064.062759
0026105025313041464601652104 6 1202503064.062801
0026162621353642424205610014 2 1202503064.063237
0022100021313645424205610014 2 1202503064.063305
0011162021353046424205610014 2 1202503064.063308
0011162621353046424205610014 2 1202503064.063310
0114102025303141424606662114 1 1202503064.064945
0114102025303146424606662114 1 1202503064.064952
0124103025113146424606662114 6 1202503064.064954
0114102025313146424606662114 6 1202503064.064956
0114102025333146424606662114 6 1202503064.064957
0114102025343146424606662114 6 1202503064.064959
0114102025353146424606662114 6 1202503064.065001
0141155521313540424600242144 2 1202503064.070131
0041155521313141424600242144 2 1202503064.070137
0115152521303541424600242144 2 1202503064.070141
0041105521313044424600242144 2 1202503064.070156
0141155521313044424600242144 2 1202503064.070158
0141155520313540464600242144 6 1202503064.070254
0141155521313540464600242144 2 1202503064.070257
0141155523313540464600242144 6 1202503064.070300
0141155524313540464600242144 6 1202503064.070302
0141155525313540464600242144 6 1202503064.070304
0041155520313141464600242144 6 1202503064.070312
0041155521313141464600242144 2 1202503064.070314
0041155523313141464600242144 6 1202503064.070318
0041155524313141464600242144 6 1202503064.070320
0041155525313141464600242144 6 1202503064.070323
0115152520303541464600242144 6 1202503064.070325
0115152521303541464600242144 2 1202503064.070327
0115152523303541464600242144 6 1202503064.070329
0115152524303541464600242144 6 1202503064.070330
0115152525303541464600242144 6 1202503064.070332
0141105520333102464600242144 6 1202503064.070337
0141105520333112464600242144 6 1202503064.070345
0141105520333122464600242144 6 1202503064.070347
0144153520113142464600242144 6 1202503064.070351
0141105520333142464600242144 6 1202503064.070358
0041155520333142464600242144 6 1202503064.070359
0141105520333152464600242144 6 1202503064.070404
0141105520333162464600242144 6 1202503064.070406
0041105520313044464600242144 6 1202503064.070428
0141155520313044464600242144 6 1202503064.070430
0041105521313044464600242144 2 1202503064.070432
0141155521313044464600242144 2 1202503064.070433
0041105523313044464600242144 6 1202503064.070436
0141155523313044464600242144 6 1202503064.070437
0041105524313044464600242144 6 1202503064.070439
0141155524313044464600242144 6 1202503064.070440
0041105525313044464600242144 6 1202503064.070442
0141155525313044464600242144 6 1202503064.070443
0142103525113146464600242144 6 1202503064.070529
0116102021303161454602212444 1 1202503064.070613
0116102021303162454602212444 1 1202503064.070615
0015102021303064454602212444 1 1202503064.070618
0015102221303064454602212444 1 1202503064.070619
0015102321303064454602212444 1 1202503064.070621
0015102521303064454602212444 1 1202503064.070623
0015102621303064454602212444 1 1202503064.070624
0144106521333104424204200054 2 1202503064.070706
0144106521033144424204200054 2 1202503064.070711
0144100521033164424204200054 2 1202503064.070715
0144102521033164424204200054 2 1202503064.070716
0144103521033164424204200054 2 1202503064.070717
0144105521033164424204200054 2 1202503064.070718
0144106521033164424204200054 2 1202503064.070719
0041105521333164424204200054 2 1202503064.070722
0514106521303042424605252154 2 1202503064.074438
0514106521303046424605252154 2 1202503064.075604
0514106521303042464605252154 2 1202503064.084942
0514106520303046464605252154 6 1202503064.085919
0514106521303046464605252154 2 1202503064.085921
0514106523303046464605252154 6 1202503064.085922
0514106524303046464605252154 6 1202503064.085923
0514106525303046464605252154 6 1202503064.085925
0114152021363140424200420005 2 1202503064.090203
0015162021353544424200420005 1 1202503064.090211
0025163021513045424200420005 2 1202503064.090215
0025163021513545424200420005 2 1202503064.090217
0025103021513645424200420005 2 1202503064.090218
0025163021513645424200420005 2 1202503064.090219
0015102021353645424200420005 1 1202503064.090221
0015162021353645424200420005 1 1202503064.090222
0015102021303546424200420005 1 1202503064.090224
0015162021303546424200420005 1 1202503064.090226
0025103021013546424200420005 2 1202503064.090227
0025163021013546424200420005 2 1202503064.090228
0025103021113546424200420005 2 1202503064.090229
0025163021113546424200420005 2 1202503064.090231
0015102021313546424200420005 2 1202503064.090232
0015162021313546424200420005 2 1202503064.090233
0025103021313546424200420005 2 1202503064.090234
0025163021313546424200420005 2 1202503064.090236
0025103021413546424200420005 2 1202503064.090237
0025163021413546424200420005 2 1202503064.090238
0025103021513546424200420005 2 1202503064.090239
0025163021513546424200420005 2 1202503064.090241
0025103021613546424200420005 2 1202503064.090242
0025163021613546424200420005 2 1202503064.090243
0015102021333546424200420005 2 1202503064.090244
0015162021333546424200420005 2 1202503064.090246
0015102021343546424200420005 2 1202503064.090247
0015162021343546424200420005 2 1202503064.090248
0015102021353546424200420005 1 1202503064.090249
0015162021353546424200420005 1 1202503064.090251
0015102021363546424200420005 2 1202503064.090252
0015162021363546424200420005 2 1202503064.090253
0124106021333161424201412105 1 1202503064.091139
0426150021333104424201412105 2 1202503064.091154
0426150021333114424201412105 2 1202503064.091156
0426150021333124424201412105 2 1202503064.091158
0426150021313144424201412105 2 1202503064.091200
0426150021333144424201412105 2 1202503064.091201
0426150021333154424201412105 2 1202503064.091208
0425156021333154424201412105 1 1202503064.091210
0045102025033164424201412105 2 1202503064.091221
0421155021133164424201412105 2 1202503064.091223
0424155021133164424201412105 2 1202503064.091225
0045102025133164424201412105 2 1202503064.091227
0422150021333164424201412105 2 1202503064.091228
0426150021333164424201412105 2 1202503064.091231
0125155021333164424201412105 2 1202503064.091238
0425155021333164424201412105 2 1202503064.091239
0045102025333164424201412105 2 1202503064.091241
0045102025433164424201412105 2 1202503064.091243
0421150021533164424201412105 2 1202503064.091245
0421155021533164424201412105 2 1202503064.091246
0424155021533164424201412105 2 1202503064.091248
0425155021533164424201412105 2 1202503064.091249
0045102025533164424201412105 2 1202503064.091250
0045102025033506424201412105 6 1202503064.091316
0045102025133506424201412105 6 1202503064.091317
0045102025333506424201412105 6 1202503064.091318
0045102025433506424201412105 6 1202503064.091319
0045102025533506424201412105 6 1202503064.091320
0045102025033116424201412105 6 1202503064.091326
0045102025533116424201412105 6 1202503064.091328
0045102025033516424201412105 6 1202503064.091329
0045102025533516424201412105 6 1202503064.091330
0045102025033146424201412105 6 1202503064.091344
0045102025133146424201412105 6 1202503064.091345
0045102025333146424201412105 6 1202503064.091347
0045102025433146424201412105 6 1202503064.091348
0045102025533146424201412105 6 1202503064.091349
0514102021353546424201412105 2 1202503064.091359
0045102025033556424201412105 6 1202503064.091411
0045102025133556424201412105 6 1202503064.091412
0045102025333556424201412105 6 1202503064.091413
0045102025433556424201412105 6 1202503064.091414
0045102025533556424201412105 6 1202503064.091415
0045102025033166424201412105 6 1202503064.091425
0045102025133166424201412105 6 1202503064.091426
0045102025333166424201412105 6 1202503064.091427
0045102025433166424201412105 6 1202503064.091428
0045102025533166424201412105 6 1202503064.091429
0045102025033566424201412105 6 1202503064.091433
0045102025133566424201412105 6 1202503064.091435
0045102025333566424201412105 6 1202503064.091436
0045102025433566424201412105 6 1202503064.091437
0045102025533566424201412105 6 1202503064.091438
0424155023313140464201412105 6 1202503064.091728
0426150023353140464201412105 6 1202503064.091732
0424155023353140464201412105 6 1202503064.091733
0424155023313160464201412105 6 1202503064.091747
0426150020333160464201412105 2 1202503064.091748
0124150023353160464201412105 6 1202503064.091750
0426150023353160464201412105 6 1202503064.091751
0424155023353160464201412105 6 1202503064.091752
0426150020333560464201412105 2 1202503064.091753
0426150023353141464201412105 6 1202503064.091808
0422152023353151464201412105 6 1202503064.091826
0422156023353151464201412105 6 1202503064.091828
0424155023313161464201412105 6 1202503064.091837
0124106021333161464201412105 1 1202503064.091838
0124150023353161464201412105 6 1202503064.091840
0426150023353161464201412105 6 1202503064.091841
0522152023353161464201412105 6 1202503064.091843
0424155023353161464201412105 6 1202503064.091844
0522156023353161464201412105 6 1202503064.091845
0114102025353142464201412105 6 1202503064.091858
0514102021353542464201412105 2 1202503064.091903
0045102025033104464201412105 6 1202503064.091936
0045102225033104464201412105 2 1202503064.091937
0045102025133104464201412105 6 1202503064.091939
0045102225133104464201412105 2 1202503064.091940
0422150021333104464201412105 2 1202503064.091941
0426150021333104464201412105 2 1202503064.091942
0045102025333104464201412105 6 1202503064.091944
0045102225333104464201412105 2 1202503064.091946
0045102025433104464201412105 6 1202503064.091947
0045102225433104464201412105 2 1202503064.091948
0424155021533104464201412105 2 1202503064.091951
0421150023533104464201412105 6 1202503064.091952
0045102025533104464201412105 6 1202503064.091955
0045102225533104464201412105 2 1202503064.091956
0424155021533504464201412105 2 1202503064.091959
0121155021333014464201412105 2 1202503064.092005
0422155023113114464201412105 6 1202503064.092013
0222155023313114464201412105 6 1202503064.092015
0422155023313114464201412105 6 1202503064.092016
0422155023513114464201412105 6 1202503064.092018
0045102025033114464201412105 6 1202503064.092020
0045102225033114464201412105 2 1202503064.092021
0424155021133114464201412105 2 1202503064.092024
0045102225133114464201412105 2 1202503064.092026
0422150021333114464201412105 2 1202503064.092027
0426150021333114464201412105 2 1202503064.092028
0421155021333114464201412105 2 1202503064.092031
0521155021333114464201412105 2 1202503064.092032
0424155021333114464201412105 2 1202503064.092034
0425155021333114464201412105 2 1202503064.092035
0525155021333114464201412105 2 1202503064.092036
0045102225333114464201412105 2 1202503064.092038
0045102225433114464201412105 2 1202503064.092039
0421155021533114464201412105 2 1202503064.092041
0424155021533114464201412105 2 1202503064.092043
0045102025533114464201412105 6 1202503064.092047
0045102225533114464201412105 2 1202503064.092048
0422155023153114464201412105 6 1202503064.092049
0422155023353114464201412105 6 1202503064.092051
0422155023553114464201412105 6 1202503064.092053
0424155021133514464201412105 2 1202503064.092055
0425155021133514464201412105 2 1202503064.092056
0121155021333514464201412105 2 1202503064.092058
0521155021333514464201412105 2 1202503064.092059
0424155021333514464201412105 2 1202503064.092100
0422155023113124464201412105 6 1202503064.092113
0422155023513124464201412105 6 1202503064.092115
0045102225033124464201412105 2 1202503064.092116
0045102225133124464201412105 2 1202503064.092117
0422150021333124464201412105 2 1202503064.092118
0426150021333124464201412105 2 1202503064.092119
0045102225333124464201412105 2 1202503064.092121
0045102225433124464201412105 2 1202503064.092122
0045102225533124464201412105 2 1202503064.092125
0422155023153124464201412105 6 1202503064.092126
0422155023553124464201412105 6 1202503064.092131
0422155023113144464201412105 6 1202503064.092150
0426150020313144464201412105 2 1202503064.092151
0422150021313144464201412105 2 1202503064.092151
0426150021313144464201412105 2 1202503064.092153
0422155023313144464201412105 6 1202503064.092154
0424155023313144464201412105 6 1202503064.092156
0422155023513144464201412105 6 1202503064.092158
0045102025033144464201412105 6 1202503064.092200
0045102225033144464201412105 2 1202503064.092201
0421155021133144464201412105 2 1202503064.092202
0424155021133144464201412105 2 1202503064.092205
0045102025133144464201412105 6 1202503064.092208
0045102225133144464201412105 2 1202503064.092209
0422150021333144464201412105 2 1202503064.092210
0426150021333144464201412105 2 1202503064.092212
0021155021333144464201412105 2 1202503064.092213
0121155021333144464201412105 2 1202503064.092214
0421155021333144464201412105 2 1202503064.092214
0521155021333144464201412105 2 1202503064.092215
0424155021333144464201412105 2 1202503064.092217
0525155021333144464201412105 2 1202503064.092220
0045102025333144464201412105 6 1202503064.092224
0045102225333144464201412105 2 1202503064.092225
0045102025433144464201412105 6 1202503064.092227
0045102225433144464201412105 2 1202503064.092228
0421150021533144464201412105 2 1202503064.092230
0421155021533144464201412105 2 1202503064.092231
0424155021533144464201412105 2 1202503064.092234
0421150023533144464201412105 6 1202503064.092236
0045102025533144464201412105 6 1202503064.092239
0045102225533144464201412105 2 1202503064.092240
0422155023153144464201412105 6 1202503064.092241
0426150023353144464201412105 6 1202503064.092246
0422155023353144464201412105 6 1202503064.092248
0424155023353144464201412105 6 1202503064.092249
0422155023553144464201412105 6 1202503064.092253
0524100021313544464201412105 2 1202503064.092302
0045102025033154464201412105 6 1202503064.092330
0045102225033154464201412105 2 1202503064.092331
0045102025133154464201412105 6 1202503064.092332
0045102225133154464201412105 2 1202503064.092333
0422150021333154464201412105 2 1202503064.092334
0426150021333154464201412105 2 1202503064.092335
0425156021333154464201412105 1 1202503064.092337
0045102025333154464201412105 6 1202503064.092339
0045102225333154464201412105 2 1202503064.092340
0045102025433154464201412105 6 1202503064.092341
0045102225433154464201412105 2 1202503064.092342
0421150021533154464201412105 2 1202503064.092343
0421155021533154464201412105 2 1202503064.092344
0421150023533154464201412105 6 1202503064.092345
0045102025533154464201412105 6 1202503064.092347
0045102225533154464201412105 2 1202503064.092348
0622155023553154464201412105 6 1202503064.092354
0422155023113164464201412105 6 1202503064.092416
0222155023313164464201412105 6 1202503064.092418
0422155023313164464201412105 6 1202503064.092419
0424155023313164464201412105 6 1202503064.092420
0422155023513164464201412105 6 1202503064.092422
0045102025033164464201412105 6 1202503064.092424
0045102225033164464201412105 2 1202503064.092425
0421155021133164464201412105 2 1202503064.092426
0424155021133164464201412105 2 1202503064.092428
0045102025133164464201412105 6 1202503064.092431
0045102225133164464201412105 2 1202503064.092432
0422150021333164464201412105 2 1202503064.092433
0426150021333164464201412105 2 1202503064.092435
0125155021333164464201412105 2 1202503064.092443
0425155021333164464201412105 2 1202503064.092443
0045102025333164464201412105 6 1202503064.092447
0045102225333164464201412105 2 1202503064.092448
0045102025433164464201412105 6 1202503064.092450
0045102225433164464201412105 2 1202503064.092451
0426155020533164464201412105 2 1202503064.092453
0421150021533164464201412105 2 1202503064.092453
0421155021533164464201412105 2 1202503064.092455
0424155021533164464201412105 2 1202503064.092457
0425155021533164464201412105 2 1202503064.092458
0045102025533164464201412105 6 1202503064.092501
0045102225533164464201412105 2 1202503064.092502
0422155023153164464201412105 6 1202503064.092503
0124150023353164464201412105 6 1202503064.092506
0426150023353164464201412105 6 1202503064.092507
0422155023353164464201412105 6 1202503064.092508
0424155023353164464201412105 6 1202503064.092510
0422155023553164464201412105 6 1202503064.092513
0524100021313045464201412105 2 1202503064.092531
0524100023313545464201412105 6 1202503064.092557
0426150020313165464201412105 6 1202503064.092610
0424155023313165464201412105 6 1202503064.092611
0424155023353165464201412105 6 1202503064.092612
0045102025033146464201412105 2 1202503064.092706
0045102025133146464201412105 2 1202503064.092708
0045102025333146464201412105 2 1202503064.092709
0045102025433146464201412105 2 1202503064.092710
0045102025533146464201412105 2 1202503064.092711
0426150023353146464201412105 6 1202503064.092713
0514102021353546464201412105 2 1202503064.092727
0424155023313166464201412105 6 1202503064.092801
0426150023353166464201412105 6 1202503064.092811
0424155023353166464201412105 6 1202503064.092812
0412152025353140424601412105 6 1202503064.092920
0514152025353540424601412105 6 1202503064.092929
0022100025313041424601412105 6 1202503064.092957
0524156025333551424601412105 1 1202503064.093046
0124106021333161424601412105 1 1202503064.093055
0114102025353142424601412105 6 1202503064.093116
0514152025353142424601412105 1 1202503064.093118
0416152025353142424601412105 1 1202503064.093120
0514102021353542424601412105 2 1202503064.093126
0514152025353542424601412105 6 1202503064.093132
0524156025333162424601412105 6 1202503064.093205
0524156025333562424601412105 2 1202503064.093210
0422150021333104424601412105 2 1202503064.093212
0426150021333104424601412105 2 1202503064.093213
0424155021533104424601412105 2 1202503064.093214
0424155021533504424601412105 2 1202503064.093216
0121155021333014424601412105 2 1202503064.093217
0424155021133114424601412105 2 1202503064.093220
0422150021333114424601412105 2 1202503064.093222
0426150021333114424601412105 2 1202503064.093223
0421155021333114424601412105 2 1202503064.093226
0521155021333114424601412105 2 1202503064.093227
0424155021333114424601412105 2 1202503064.093228
0425155021333114424601412105 2 1202503064.093230
0525155021333114424601412105 2 1202503064.093231
0421155021533114424601412105 2 1202503064.093232
0424155021533114424601412105 2 1202503064.093234
0424155021133514424601412105 2 1202503064.093237
0425155021133514424601412105 2 1202503064.093238
0121155021333514424601412105 2 1202503064.093239
0521155021333514424601412105 2 1202503064.093240
0424155021333514424601412105 2 1202503064.093241
0422150021333124424601412105 2 1202503064.093245
0426150021333124424601412105 2 1202503064.093246
0422150021313144424601412105 2 1202503064.093252
0426150021313144424601412105 2 1202503064.093253
0421155021133144424601412105 2 1202503064.093254
0424155021133144424601412105 2 1202503064.093256
0422150021333144424601412105 2 1202503064.093258
0426150021333144424601412105 2 1202503064.093300
0021155021333144424601412105 2 1202503064.093301
0121155021333144424601412105 2 1202503064.093302
0421155021333144424601412105 2 1202503064.093303
0521155021333144424601412105 2 1202503064.093304
0424155021333144424601412105 2 1202503064.093306
0525155021333144424601412105 2 1202503064.093309
0524156025333144424601412105 6 1202503064.093314
0421150021533144424601412105 2 1202503064.093316
0421155021533144424601412105 2 1202503064.093317
0424155021533144424601412105 2 1202503064.093319
0524100021313544424601412105 2 1202503064.093331
0426156025333544424601412105 2 1202503064.093336
0415152025353544424601412105 2 1202503064.093343
0422150021333154424601412105 2 1202503064.093350
0426150021333154424601412105 2 1202503064.093352
0425156021333154424601412105 1 1202503064.093354
0421150021533154424601412105 2 1202503064.093358
0421155021533154424601412105 2 1202503064.093359
0022100025313064424601412105 6 1202503064.093421
0421155021133164424601412105 2 1202503064.093422
0424155021133164424601412105 2 1202503064.093424
0422150021333164424601412105 2 1202503064.093426
0426150021333164424601412105 2 1202503064.093428
0125155021333164424601412105 2 1202503064.093435
0425155021333164424601412105 2 1202503064.093436
0422156025333164424601412105 6 1202503064.093439
0421150021533164424601412105 2 1202503064.093442
0421155021533164424601412105 2 1202503064.093443
0424155021533164424601412105 2 1202503064.093445
0425155021533164424601412105 2 1202503064.093446
0524100021313045424601412105 2 1202503064.093456
0412152025353146424601412105 1 1202503064.093555
0514102021353546424601412105 2 1202503064.093602
0426150020333160464601412105 2 1202503064.093749
0426150020333141464601412105 2 1202503064.093803
0426150020333541464601412105 2 1202503064.093822
0124106020333161464601412105 1 1202503064.093912
0124106021333161464601412105 1 1202503064.093913
0124106023333161464601412105 1 1202503064.093915
0124106024333161464601412105 1 1202503064.093918
0124106025333161464601412105 1 1202503064.093919
0424155020133102464601412105 6 1202503064.093933
0422155025133102464601412105 6 1202503064.093934
0124150025333102464601412105 6 1202503064.093935
0524150025333102464601412105 6 1202503064.093936
0426150025333102464601412105 6 1202503064.093937
0424155020533102464601412105 6 1202503064.093938
0422155025533102464601412105 6 1202503064.093939
0424155025533502464601412105 6 1202503064.093941
0424155020133112464601412105 6 1202503064.093946
0421155025133112464601412105 6 1202503064.093946
0422155025133112464601412105 6 1202503064.093947
0424155025133112464601412105 6 1202503064.093949
0421155020333112464601412105 6 1202503064.093951
0521155020333112464601412105 6 1202503064.093952
0424155020333112464601412105 6 1202503064.093953
0124150025333112464601412105 6 1202503064.093954
0524150025333112464601412105 6 1202503064.093955
0426150025333112464601412105 6 1202503064.093956
0121155025333112464601412105 6 1202503064.093957
0421155025333112464601412105 6 1202503064.093958
0521155025333112464601412105 6 1202503064.093959
0424155025333112464601412105 6 1202503064.094002
0125155025333112464601412105 6 1202503064.094003
0525155025333112464601412105 6 1202503064.094004
0424155020533112464601412105 6 1202503064.094006
0421150025533112464601412105 6 1202503064.094006
0421155025533112464601412105 6 1202503064.094007
0422155025533112464601412105 6 1202503064.094008
0424155025533112464601412105 6 1202503064.094010
0424155020133512464601412105 6 1202503064.094011
0422155025133512464601412105 6 1202503064.094012
0424155020333512464601412105 6 1202503064.094014
0521155025333512464601412105 6 1202503064.094015
0422155025333512464601412105 6 1202503064.094016
0424155025333512464601412105 6 1202503064.094017
0424155020533512464601412105 6 1202503064.094019
0422155025533512464601412105 6 1202503064.094020
0424155025533512464601412105 6 1202503064.094021
0624155025533512464601412105 6 1202503064.094021
0124150025333122464601412105 6 1202503064.094023
0524150025333122464601412105 6 1202503064.094024
0426150025333122464601412105 6 1202503064.094025
0422150025313142464601412105 6 1202503064.094030
0421155025133142464601412105 6 1202503064.094032
0422155025133142464601412105 6 1202503064.094033
0424155025133142464601412105 6 1202503064.094034
0424155020333142464601412105 6 1202503064.094035
0124150025333142464601412105 6 1202503064.094037
0524150025333142464601412105 6 1202503064.094037
0426150025333142464601412105 6 1202503064.094038
0121155025333142464601412105 6 1202503064.094040
0421155025333142464601412105 6 1202503064.094041
0521155025333142464601412105 6 1202503064.094042
0422155025333142464601412105 6 1202503064.094043
0424155025333142464601412105 6 1202503064.094045
0425155025333142464601412105 6 1202503064.094047
0525155025333142464601412105 6 1202503064.094048
0421150025533142464601412105 6 1202503064.094052
0421155025533142464601412105 6 1202503064.094052
0422155025533142464601412105 6 1202503064.094053
0424155025533142464601412105 6 1202503064.094054
0114102025353142464601412105 6 1202503064.094057
0514102021353542464601412105 2 1202503064.094105
0421155020133152464601412105 6 1202503064.094113
0424155020133152464601412105 6 1202503064.094114
0421155020333152464601412105 6 1202503064.094116
0424155020333152464601412105 6 1202503064.094117
0124150025333152464601412105 6 1202503064.094119
0524150025333152464601412105 6 1202503064.094119
0426150025333152464601412105 6 1202503064.094120
0424155020533152464601412105 6 1202503064.094122
0421150025533152464601412105 6 1202503064.094123
0524100020313062464601412105 6 1202503064.094135
0124150020333062464601412105 6 1202503064.094137
0422150025313162464601412105 6 1202503064.094141
0424155020133162464601412105 6 1202503064.094142
0421155025133162464601412105 6 1202503064.094143
0422155025133162464601412105 6 1202503064.094144
0024155025133162464601412105 6 1202503064.094145
0424155025133162464601412105 6 1202503064.094146
0124150020333162464601412105 6 1202503064.094148
0424155020333162464601412105 6 1202503064.094150
0124150025333162464601412105 6 1202503064.094151
0524150025333162464601412105 6 1202503064.094152
0426150025333162464601412105 6 1202503064.094153
0021155025333162464601412105 6 1202503064.094154
0524155025333162464601412105 6 1202503064.094157
0125155025333162464601412105 6 1202503064.094158
0424155020533162464601412105 6 1202503064.094201
0421150025533162464601412105 6 1202503064.094202
0425150025533162464601412105 6 1202503064.094203
0421155025533162464601412105 6 1202503064.094204
0422155025533162464601412105 6 1202503064.094205
0024155025533162464601412105 6 1202503064.094206
0424155025533162464601412105 6 1202503064.094207
0424155020133562464601412105 6 1202503064.094213
0124150020333562464601412105 6 1202503064.094214
0424155020333562464601412105 6 1202503064.094216
0424155020533562464601412105 6 1202503064.094220
0426150020333104464601412105 6 1202503064.094222
0422150021333104464601412105 2 1202503064.094223
0426150021333104464601412105 2 1202503064.094224
0426150023333104464601412105 6 1202503064.094225
0426150024333104464601412105 6 1202503064.094226
0426150025333104464601412105 6 1202503064.094227
0424155020533104464601412105 6 1202503064.094229
0424155021533104464601412105 2 1202503064.094230
0424155023533104464601412105 6 1202503064.094232
0424155024533104464601412105 6 1202503064.094233
0424155025533104464601412105 6 1202503064.094234
0424155020533504464601412105 6 1202503064.094236
0424155021533504464601412105 2 1202503064.094237
0424155023533504464601412105 6 1202503064.094238
0424155024533504464601412105 6 1202503064.094238
0424155025533504464601412105 6 1202503064.094239
0121155020333014464601412105 6 1202503064.094241
0121155021333014464601412105 2 1202503064.094242
0121155023333014464601412105 6 1202503064.094243
0121155024333014464601412105 6 1202503064.094244
0121155025333014464601412105 6 1202503064.094245
0424155020133114464601412105 6 1202503064.094248
0424155021133114464601412105 2 1202503064.094251
0422155023133114464601412105 6 1202503064.094254
0424155023133114464601412105 6 1202503064.094256
0424155024133114464601412105 6 1202503064.094258
0422155025133114464601412105 6 1202503064.094300
0424155025133114464601412105 6 1202503064.094301
0426150020333114464601412105 6 1202503064.094303
0421155020333114464601412105 6 1202503064.094305
0521155020333114464601412105 6 1202503064.094305
0424155020333114464601412105 6 1202503064.094307
0425155020333114464601412105 6 1202503064.094308
0525155020333114464601412105 6 1202503064.094309
0422150021333114464601412105 2 1202503064.094310
0426150021333114464601412105 2 1202503064.094311
0421155021333114464601412105 2 1202503064.094313
0521155021333114464601412105 2 1202503064.094314
0424155021333114464601412105 2 1202503064.094316
0425155021333114464601412105 2 1202503064.094318
0525155021333114464601412105 2 1202503064.094319
0426150023333114464601412105 6 1202503064.094320
0221155023333114464601412105 6 1202503064.094322
0421155023333114464601412105 6 1202503064.094323
0521155023333114464601412105 6 1202503064.094324
0222155023333114464601412105 6 1202503064.094325
0224155023333114464601412105 6 1202503064.094327
0424155023333114464601412105 6 1202503064.094327
0225155023333114464601412105 6 1202503064.094329
0425155023333114464601412105 6 1202503064.094330
0525155023333114464601412105 6 1202503064.094331
0426150024333114464601412105 6 1202503064.094332
0421155024333114464601412105 6 1202503064.094333
0521155024333114464601412105 6 1202503064.094334
0424155024333114464601412105 6 1202503064.094335
0425155024333114464601412105 6 1202503064.094337
0525155024333114464601412105 6 1202503064.094338
0426150025333114464601412105 6 1202503064.094339
0421155025333114464601412105 6 1202503064.094340
0521155025333114464601412105 6 1202503064.094341
0422155025333114464601412105 6 1202503064.094342
0424155025333114464601412105 6 1202503064.094344
0425155025333114464601412105 6 1202503064.094345
0525155025333114464601412105 6 1202503064.094346
0421155020533114464601412105 6 1202503064.094347
0424155020533114464601412105 6 1202503064.094348
0421155021533114464601412105 2 1202503064.094350
0424155021533114464601412105 2 1202503064.094352
0421155023533114464601412105 6 1202503064.094354
0422155023533114464601412105 6 1202503064.094355
0424155023533114464601412105 6 1202503064.094357
0421155024533114464601412105 6 1202503064.094359
0424155024533114464601412105 6 1202503064.094400
0421155025533114464601412105 6 1202503064.094401
0422155025533114464601412105 6 1202503064.094402
0424155025533114464601412105 6 1202503064.094404
0424155020133514464601412105 6 1202503064.094405
0425155020133514464601412105 6 1202503064.094406
0424155021133514464601412105 2 1202503064.094407
0425155021133514464601412105 2 1202503064.094408
0424155023133514464601412105 6 1202503064.094409
0425155023133514464601412105 6 1202503064.094410
0424155024133514464601412105 6 1202503064.094411
0425155024133514464601412105 6 1202503064.094412
0424155025133514464601412105 6 1202503064.094413
0425155025133514464601412105 6 1202503064.094414
0121155020333514464601412105 6 1202503064.094415
0521155020333514464601412105 6 1202503064.094416
0424155020333514464601412105 6 1202503064.094417
0121155021333514464601412105 2 1202503064.094419
0521155021333514464601412105 2 1202503064.094420
0424155021333514464601412105 2 1202503064.094421
0121155023333514464601412105 6 1202503064.094424
0521155023333514464601412105 6 1202503064.094425
0424155023333514464601412105 6 1202503064.094426
0121155024333514464601412105 6 1202503064.094428
0521155024333514464601412105 6 1202503064.094428
0424155024333514464601412105 6 1202503064.094430
0121155025333514464601412105 6 1202503064.094431
0521155025333514464601412105 6 1202503064.094432
0422155025333514464601412105 6 1202503064.094433
0424155025333514464601412105 6 1202503064.094435
0422155025533514464601412105 6 1202503064.094440
0426150020333124464601412105 6 1202503064.094442
0422150021333124464601412105 2 1202503064.094443
0426150021333124464601412105 2 1202503064.094444
0426150023333124464601412105 6 1202503064.094445
0426150024333124464601412105 6 1202503064.094446
0426150025333124464601412105 6 1202503064.094447
0426150020313144464601412105 6 1202503064.094457
0422150021313144464601412105 2 1202503064.094457
0426150021313144464601412105 2 1202503064.094458
0426150023313144464601412105 6 1202503064.094459
0426150024313144464601412105 6 1202503064.094500
0426150025313144464601412105 6 1202503064.094502
0421155020133144464601412105 6 1202503064.094503
0424155020133144464601412105 6 1202503064.094504
0421155021133144464601412105 2 1202503064.094506
0424155021133144464601412105 2 1202503064.094508
0421155023133144464601412105 6 1202503064.094510
0422155023133144464601412105 6 1202503064.094511
0424155023133144464601412105 6 1202503064.094513
0421155024133144464601412105 6 1202503064.094515
0424155024133144464601412105 6 1202503064.094517
0421155025133144464601412105 6 1202503064.094518
0422155025133144464601412105 6 1202503064.094519
0424155025133144464601412105 6 1202503064.094520
0426150020333144464601412105 6 1202503064.094522
0021155020333144464601412105 6 1202503064.094523
0121155020333144464601412105 6 1202503064.094524
0421155020333144464601412105 6 1202503064.094525
0521155020333144464601412105 6 1202503064.094526
0424155020333144464601412105 6 1202503064.094527
0525155020333144464601412105 6 1202503064.094529
0422150021333144464601412105 2 1202503064.094531
0426150021333144464601412105 2 1202503064.094533
0021155021333144464601412105 2 1202503064.094534
0121155021333144464601412105 2 1202503064.094535
0421155021333144464601412105 2 1202503064.094536
0521155021333144464601412105 2 1202503064.094537
0424155021333144464601412105 2 1202503064.094539
0525155021333144464601412105 2 1202503064.094542
0426150023333144464601412105 6 1202503064.094545
0021155023333144464601412105 6 1202503064.094546
0121155023333144464601412105 6 1202503064.094546
0221155023333144464601412105 6 1202503064.094547
0421155023333144464601412105 6 1202503064.094548
0521155023333144464601412105 6 1202503064.094549
0222155023333144464601412105 6 1202503064.094550
0422155023333144464601412105 6 1202503064.094551
0224155023333144464601412105 6 1202503064.094552
0424155023333144464601412105 6 1202503064.094553
0225155023333144464601412105 6 1202503064.094554
0525155023333144464601412105 6 1202503064.094556
0426150024333144464601412105 6 1202503064.094559
0021155024333144464601412105 6 1202503064.094600
0121155024333144464601412105 6 1202503064.094601
0421155024333144464601412105 6 1202503064.094602
0521155024333144464601412105 6 1202503064.094603
0424155024333144464601412105 6 1202503064.094604
0525155024333144464601412105 6 1202503064.094606
0426150025333144464601412105 6 1202503064.094608
0021155025333144464601412105 6 1202503064.094609
0121155025333144464601412105 6 1202503064.094610
0421155025333144464601412105 6 1202503064.094611
0521155025333144464601412105 6 1202503064.094612
0422155025333144464601412105 6 1202503064.094613
0424155025333144464601412105 6 1202503064.094615
0525155025333144464601412105 6 1202503064.094617
0421150020533144464601412105 6 1202503064.094619
0421155020533144464601412105 6 1202503064.094620
0424155020533144464601412105 6 1202503064.094621
0421150021533144464601412105 2 1202503064.094623
0421155021533144464601412105 2 1202503064.094624
0424155021533144464601412105 2 1202503064.094627
0421150023533144464601412105 6 1202503064.094629
0421155023533144464601412105 6 1202503064.094630
0424155023533144464601412105 6 1202503064.094633
0421150024533144464601412105 6 1202503064.094635
0421155024533144464601412105 6 1202503064.094636
0424155024533144464601412105 6 1202503064.094637
0421150025533144464601412105 6 1202503064.094639
0421155025533144464601412105 6 1202503064.094639
0422155025533144464601412105 6 1202503064.094640
0424155025533144464601412105 6 1202503064.094642
0524100020313544464601412105 6 1202503064.094656
0524100021313544464601412105 2 1202503064.094657
0524100023313544464601412105 6 1202503064.094658
0524100024313544464601412105 6 1202503064.094659
0524100025313544464601412105 6 1202503064.094700
0425156025333544464601412105 2 1202503064.094710
0422155023133154464601412105 6 1202503064.094733
0426150020333154464601412105 6 1202503064.094735
0425156020333154464601412105 1 1202503064.094736
0422150021333154464601412105 2 1202503064.094737
0426150021333154464601412105 2 1202503064.094739
0425156021333154464601412105 1 1202503064.094740
0426150023333154464601412105 6 1202503064.094742
0425156023333154464601412105 1 1202503064.094745
0426150024333154464601412105 6 1202503064.094746
0425156024333154464601412105 1 1202503064.094747
0426150025333154464601412105 6 1202503064.094748
0425156025333154464601412105 1 1202503064.094750
0421150020533154464601412105 6 1202503064.094751
0421155020533154464601412105 6 1202503064.094752
0421150021533154464601412105 2 1202503064.094753
0421155021533154464601412105 2 1202503064.094754
0421150023533154464601412105 6 1202503064.094754
0421155023533154464601412105 6 1202503064.094755
0421150024533154464601412105 6 1202503064.094756
0421155024533154464601412105 6 1202503064.094757
0421150025533154464601412105 6 1202503064.094758
0421155025533154464601412105 6 1202503064.094759
0022100025313064464601412105 6 1202503064.094823
0426150020313164464601412105 2 1202503064.094825
0422150023313164464601412105 6 1202503064.094826
0421155020133164464601412105 6 1202503064.094827
0424155020133164464601412105 6 1202503064.094828
0421155021133164464601412105 2 1202503064.094829
0424155021133164464601412105 2 1202503064.094832
0421155023133164464601412105 6 1202503064.094834
0422155023133164464601412105 6 1202503064.094835
0424155023133164464601412105 6 1202503064.094837
0421155024133164464601412105 6 1202503064.094839
0424155024133164464601412105 6 1202503064.094840
0421155025133164464601412105 6 1202503064.094841
0422155025133164464601412105 6 1202503064.094842
0424155025133164464601412105 6 1202503064.094844
0426150020333164464601412105 6 1202503064.094846
0125155020333164464601412105 6 1202503064.094850
0425155020333164464601412105 6 1202503064.094851
0422150021333164464601412105 2 1202503064.094853
0426150021333164464601412105 2 1202503064.094855
0125155021333164464601412105 2 1202503064.094903
0425155021333164464601412105 2 1202503064.094904
0426150023333164464601412105 6 1202503064.094906
0221155023333164464601412105 6 1202503064.094908
0222155023333164464601412105 6 1202503064.094911
0125155023333164464601412105 6 1202503064.094913
0425155023333164464601412105 6 1202503064.094915
0426150024333164464601412105 6 1202503064.094918
0125155024333164464601412105 6 1202503064.094922
0425155024333164464601412105 6 1202503064.094923
0426150025333164464601412105 6 1202503064.094926
0422155025333164464601412105 6 1202503064.094929
0125155025333164464601412105 6 1202503064.094931
0425155025333164464601412105 6 1202503064.094932
0421150020533164464601412105 6 1202503064.094933
0421155020533164464601412105 6 1202503064.094934
0424155020533164464601412105 6 1202503064.094936
0425155020533164464601412105 6 1202503064.094937
0421150021533164464601412105 2 1202503064.094938
0421155021533164464601412105 2 1202503064.094939
0424155021533164464601412105 2 1202503064.094941
0425155021533164464601412105 2 1202503064.094942
0421150023533164464601412105 6 1202503064.094943
0421155023533164464601412105 6 1202503064.094944
0422155023533164464601412105 6 1202503064.094945
0424155023533164464601412105 6 1202503064.094947
0425155023533164464601412105 6 1202503064.094948
0421150024533164464601412105 6 1202503064.094949
0421155024533164464601412105 6 1202503064.094950
0424155024533164464601412105 6 1202503064.094951
0425155024533164464601412105 6 1202503064.094952
0421150025533164464601412105 6 1202503064.094953
0421155025533164464601412105 6 1202503064.094954
0422155025533164464601412105 6 1202503064.094955
0424155025533164464601412105 6 1202503064.094956
0425155025533164464601412105 6 1202503064.094957
0524100020313045464601412105 6 1202503064.095021
0524100021313045464601412105 2 1202503064.095022
0524100023313045464601412105 6 1202503064.095024
0524100024313045464601412105 6 1202503064.095026
0524100025313045464601412105 6 1202503064.095028
0425156025333545464601412105 2 1202503064.095050
0514102020353546464601412105 6 1202503064.095144
0514102021353546464601412105 2 1202503064.095147
0514102023353546464601412105 6 1202503064.095150
0514102024353546464601412105 6 1202503064.095154
0514102025353546464601412105 6 1202503064.095156
0426150020313166464601412105 2 1202503064.095215
0110102220303045424602642135 1 1202503064.104205
0110102220303045464602642135 1 1202503064.104222
0011102020503045464602642135 1 1202503064.104223
0016102020503045464602642135 1 1202503064.104224
0011102220503045464602642135 1 1202503064.104225
0011102320503045464602642135 1 1202503064.104227
0011102520503045464602642135 1 1202503064.104228
0011102620503045464602642135 1 1202503064.104229
0026105020113045464602642135 6 1202503064.104230
0016102020513045464602642135 6 1202503064.104232
0016102020533045464602642135 6 1202503064.104233
0016102020543045464602642135 6 1202503064.104234
0016102020553045464602642135 6 1202503064.104235
0512102320303041424600062145 1 1202503064.104713
0512122320303041424600062145 1 1202503064.104714
0512132320303041424600062145 1 1202503064.104715
0512152320303041424600062145 1 1202503064.104717
0512162320303041424600062145 1 1202503064.104718
0012162521303040424200000616 1 1202503064.105416
0011162021353040424200000616 2 1202503064.105417
0526102621353040424200000616 2 1202503064.105418
0011162621353040424200000616 2 1202503064.105419
0526162621353040424200000616 2 1202503064.105421
0012162521363040424200000616 1 1202503064.105422
0012162521303540424200000616 1 1202503064.105424
0011162021353540424200000616 2 1202503064.105425
0011162621353540424200000616 2 1202503064.105426
0012162521363540424200000616 1 1202503064.105427
0012162521303044424200000616 1 1202503064.105438
0011162021353044424200000616 2 1202503064.105439
0011162621353044424200000616 2 1202503064.105441
0012162521363044424200000616 1 1202503064.105442
0012162521303046424200000616 1 1202503064.105453
0011162021353046424200000616 2 1202503064.105455
0011162621353046424200000616 2 1202503064.105456
0526162621353046424200000616 2 1202503064.105457
0012162521363046424200000616 1 1202503064.105459
0012162521303546424200000616 1 1202503064.105500
0011162021353546424200000616 2 1202503064.105501
0011162621353546424200000616 2 1202503064.105503
0526162621353546424200000616 2 1202503064.105504
0012162521363546424200000616 1 1202503064.105505
0610152021353046424200000526 2 1202503064.105741
0025103021513545424206420046 2 1202503064.105922
0025103021613545424206420046 2 1202503064.105924
