0124100521333154424206262000 2 1202503064.000509
0124102521333154424206262000 2 1202503064.000510
0124103521333154424206262000 2 1202503064.000511
0124105521333154424206262000 2 1202503064.000512
0124106521333154424206262000 1 1202503064.000514
0124100521333154424606262000 2 1202503064.000737
0124102521333154424606262000 2 1202503064.000738
0124103521333154424606262000 2 1202503064.000739
0124105521333154424606262000 2 1202503064.000741
0124106521333154424606262000 1 1202503064.000742
0144152621303021424200000210 1 1202503064.002337
0144152621353121424200000210 2 1202503064.002339
0144152621353141424200000210 2 1202503064.002343
0144152621363141424200000210 1 1202503064.002345
0144152621363541424200000210 1 1202503064.002349
0144152621303022424200000210 1 1202503064.002401
0144152621353122424200000210 2 1202503064.002403
0144152621353522424200000210 2 1202503064.002405
0144152621303142424200000210 2 1202503064.002407
0144152621313142424200000210 2 1202503064.002409
0144152621333142424200000210 2 1202503064.002410
0144152621343142424200000210 2 1202503064.002412
0144152621353142424200000210 2 1202503064.002414
0144152621363142424200000210 1 1202503064.002416
0144152621303542424200000210 2 1202503064.002418
0144152621313542424200000210 2 1202503064.002419
0144152621333542424200000210 2 1202503064.002421
0144152621343542424200000210 2 1202503064.002423
0144152621353542424200000210 2 1202503064.002425
0144152621363542424200000210 1 1202503064.002427
0144152621353124424200000210 2 1202503064.002439
0144152621303144424200000210 2 1202503064.002443
0144152621313144424200000210 2 1202503064.002445
0144152621333144424200000210 2 1202503064.002446
0144152621343144424200000210 2 1202503064.002448
0144152621353144424200000210 2 1202503064.002450
0144152621363144424200000210 1 1202503064.002452
0144152621303145424200000210 2 1202503064.002518
0144152621313145424200000210 2 1202503064.002520
0144152621333145424200000210 2 1202503064.002522
0144152621343145424200000210 2 1202503064.002523
0144152621353145424200000210 2 1202503064.002525
0144152621363145424200000210 1 1202503064.002527
0144152621353126424200000210 2 1202503064.002552
0144152621353526424200000210 2 1202503064.002554
0144152621303146424200000210 2 1202503064.002555
0144152621313146424200000210 2 1202503064.002557
0144152621333146424200000210 2 1202503064.002559
0144152621343146424200000210 2 1202503064.002600
0144152621353146424200000210 2 1202503064.002602
0144152621363146424200000210 1 1202503064.002604
0144152621303546424200000210 2 1202503064.002606
0144152621313546424200000210 2 1202503064.002608
0144152621333546424200000210 2 1202503064.002609
0144152621343546424200000210 2 1202503064.002611
0144152621353546424200000210 2 1202503064.002613
0144152621363546424200000210 1 1202503064.002615
0041106621313541424200000120 2 1202503064.003654
0144153621113142424200000120 2 1202503064.003701
0144153621113542424200000120 2 1202503064.003704
0144150621333104424200000120 2 1202503064.003710
0144152621333104424200000120 2 1202503064.003712
0144153621333104424200000120 2 1202503064.003714
0144155621333104424200000120 2 1202503064.003717
0541156621333104424200000120 2 1202503064.003718
0144156621333104424200000120 2 1202503064.003721
0144150621333114424200000120 2 1202503064.003735
0144152621333114424200000120 2 1202503064.003738
0144153621333114424200000120 2 1202503064.003740
0144155621333114424200000120 2 1202503064.003742
0541156621333114424200000120 2 1202503064.003744
0144156621333114424200000120 2 1202503064.003746
0144150621333124424200000120 2 1202503064.003800
0144152621333124424200000120 2 1202503064.003803
0144153621333124424200000120 2 1202503064.003805
0144155621333124424200000120 2 1202503064.003808
0541156621333124424200000120 2 1202503064.003809
0144156621333124424200000120 2 1202503064.003811
0144153621113144424200000120 2 1202503064.003833
0144153621313144424200000120 2 1202503064.003840
0144150621333144424200000120 2 1202503064.003848
0144152621333144424200000120 2 1202503064.003851
0144153621333144424200000120 2 1202503064.003853
0144155621333144424200000120 2 1202503064.003855
0541156621333144424200000120 2 1202503064.003857
0144156621333144424200000120 2 1202503064.003859
0144150621333154424200000120 2 1202503064.003939
0144152621333154424200000120 2 1202503064.003941
0144153621333154424200000120 2 1202503064.003944
0144155621333154424200000120 2 1202503064.003946
0041106621333154424200000120 2 1202503064.003948
0541156621333154424200000120 2 1202503064.003950
0144156621333154424200000120 2 1202503064.003952
0144150621333164424200000120 2 1202503064.004008
0144152621333164424200000120 2 1202503064.004010
0144153621333164424200000120 2 1202503064.004012
0144155621333164424200000120 2 1202503064.004015
0541156621333164424200000120 2 1202503064.004016
0144156621333164424200000120 2 1202503064.004019
0046153621013045424200000120 2 1202503064.004031
0144153621113145424200000120 2 1202503064.004032
0144153621113146424200000120 2 1202503064.004055
0144153621313146424200000120 2 1202503064.004102
0144153621113546424200000120 2 1202503064.004113
0144153621313546424200000120 2 1202503064.004115
0160105220303041424204461320 6 1202503064.004339
0160105220303141424204461320 6 1202503064.004340
0160103220103045424204461320 6 1202503064.004347
0141162620533104424202660640 2 1202503064.010706
0141162620533114424202660640 2 1202503064.010710
0141162620533144424202660640 2 1202503064.010717
0121162620333054424202660640 2 1202503064.010725
0121162620333154424202660640 2 1202503064.010731
0141162620533164424202660640 2 1202503064.010746
0522152621353545424200100201 1 1202503064.014329
0114152220303040424601152301 1 1202503064.014439
0114152225303040424601152301 1 1202503064.014440
0114152220353040424601152301 1 1202503064.014442
0104152225353040424601152301 1 1202503064.014443
0114152225353040424601152301 1 1202503064.014444
0124152225353040424601152301 1 1202503064.014446
0144152225353040424601152301 1 1202503064.014447
0154152225353040424601152301 1 1202503064.014448
0164152225353040424601152301 1 1202503064.014450
0114152220303140424601152301 1 1202503064.014451
0114152225303140424601152301 1 1202503064.014452
0144152225303140424601152301 1 1202503064.014454
0114152220353140424601152301 1 1202503064.014455
0104152225353140424601152301 1 1202503064.014457
0114152225353140424601152301 1 1202503064.014458
0124152225353140424601152301 1 1202503064.014459
0144152225353140424601152301 1 1202503064.014501
0154152225353140424601152301 1 1202503064.014502
0164152225353140424601152301 1 1202503064.014503
0114152220303540424601152301 1 1202503064.014505
0114152225303540424601152301 1 1202503064.014506
0214152225303540424601152301 1 1202503064.014507
0114152220353540424601152301 1 1202503064.014509
0104152225353540424601152301 1 1202503064.014510
0204152225353540424601152301 1 1202503064.014511
0114152225353540424601152301 1 1202503064.014512
0214152225353540424601152301 1 1202503064.014514
0124152225353540424601152301 1 1202503064.014515
0224152225353540424601152301 1 1202503064.014516
0144152225353540424601152301 1 1202503064.014518
0244152225353540424601152301 1 1202503064.014519
0154152225353540424601152301 1 1202503064.014520
0254152225353540424601152301 1 1202503064.014522
0164152225353540424601152301 1 1202503064.014523
0264152225353540424601152301 1 1202503064.014524
0114152225303044424601152301 1 1202503064.014530
0104152225353044424601152301 1 1202503064.014532
0114152225353044424601152301 1 1202503064.014533
0124152225353044424601152301 1 1202503064.014534
0144152225353044424601152301 1 1202503064.014535
0154152225353044424601152301 1 1202503064.014537
0164152225353044424601152301 1 1202503064.014538
0022106021353045424601152301 2 1202503064.014542
0065102521303545424205110211 2 1202503064.014707
0055102621303545424205110211 2 1202503064.014709
0065102621303545424205110211 2 1202503064.014711
0055102521303546424205110211 2 1202503064.014720
0065102521303546424205110211 2 1202503064.014722
0055102621303546424205110211 2 1202503064.014724
0065102621303546424205110211 2 1202503064.014726
0524156021313040424206260621 2 1202503064.015102
0641106521313040424206260621 2 1202503064.015104
0524156521313040424206260621 2 1202503064.015106
0641166521313040424206260621 2 1202503064.015108
0524156621313040424206260621 2 1202503064.015110
0144166521313540424206260621 2 1202503064.015113
0144166621313540424206260621 2 1202503064.015115
0041105521333104424206260621 2 1202503064.015126
0041105621333104424206260621 2 1202503064.015129
0041105521333114424206260621 2 1202503064.015133
0041105621333114424206260621 2 1202503064.015136
0041105521333124424206260621 2 1202503064.015140
0041105621333124424206260621 2 1202503064.015142
0114102521333144424206260621 2 1202503064.015146
0041105521333144424206260621 2 1202503064.015148
0041105621333144424206260621 2 1202503064.015151
0041105521333154424206260621 2 1202503064.015154
0041105621333154424206260621 2 1202503064.015157
0041105521333164424206260621 2 1202503064.015201
0041105621333164424206260621 2 1202503064.015204
0012152321403016404202500261 1 1202503064.034329
0012152321403026404202500261 1 1202503064.034331
0111152021343120464200000002 1 1202503064.034448
0111152021343121464200000002 1 1202503064.034452
0011162021353040424200000602 2 1202503064.034622
0011162021353540424200000602 2 1202503064.034624
0011162021353044424200000602 2 1202503064.034631
0045102521363140424205113042 2 1202503064.035314
0045102521363240424205113042 2 1202503064.035316
0045102521363142424205113042 2 1202503064.035324
0045102521363242424205113042 2 1202503064.035326
0045102521363144424205113042 2 1202503064.035332
0045102521363244424205113042 2 1202503064.035334
0045102521363145424205113042 2 1202503064.035339
0045102521363245424205113042 2 1202503064.035341
0145100521033164424204210252 2 1202503064.035653
0144100521133164424204210252 2 1202503064.035654
0145100521133164424204210252 2 1202503064.035655
0011162021353040424200000652 2 1202503064.035757
0011162021353540424200000652 2 1202503064.035759
0011162021353044424200000652 2 1202503064.035807
0011162021363044424200000652 2 1202503064.035809
0111102224353122404602652333 1 1202503064.044955
0021100021513041424602652333 2 1202503064.045856
0124103521153004424602652333 2 1202503064.051203
0124103521153104424602652333 2 1202503064.051206
0124103521153014424602652333 2 1202503064.051209
0124103521153114424602652333 2 1202503064.051212
0124103521153024424602652333 2 1202503064.051215
0124103521153124424602652333 2 1202503064.051218
0124103521153044424602652333 2 1202503064.051222
0124103521153144424602652333 2 1202503064.051225
0124103521153054424602652333 2 1202503064.051229
0124103521153154424602652333 2 1202503064.051232
0124103521153064424602652333 2 1202503064.051235
0124103521153164424602652333 2 1202503064.051237
0424153021113140424601242304 2 1202503064.060247
0424153021313140424601242304 2 1202503064.060249
0426153021113144424601242304 2 1202503064.060337
0426153021313144424601242304 2 1202503064.060339
0526153021313144424601242304 2 1202503064.060340
0626153021313144424601242304 2 1202503064.060341
0110102220303544424601242304 1 1202503064.060346
0110102220303045424601242304 1 1202503064.060359
0110102220303145424601242304 1 1202503064.060402
0110102220303545424601242304 1 1202503064.060405
0141100521363010424204213014 2 1202503064.060441
0141100521363110424204213014 2 1202503064.060443
0144100521363040424204213014 2 1202503064.060446
0141100521363111424204213014 2 1202503064.060451
0144100521363002424204213014 2 1202503064.060457
0112102521363542424204213014 2 1202503064.060503
0112102521363552424204213014 2 1202503064.060505
0144100521633104424204213014 2 1202503064.060508
0144100521363104424204213014 2 1202503064.060511
0144100521633204424204213014 2 1202503064.060512
0144100521633114424204213014 2 1202503064.060518
0144100521633214424204213014 2 1202503064.060521
0144100521633224424204213014 2 1202503064.060528
0144100521633044424204213014 2 1202503064.060533
0144100521633244424204213014 2 1202503064.060538
0112102521363544424204213014 2 1202503064.060544
0144100521633254424204213014 2 1202503064.060547
0144100521363005424204213014 2 1202503064.060552
0144100521363015424204213014 2 1202503064.060555
0141100521363115424204213014 2 1202503064.060556
0141100521363515424204213014 2 1202503064.060558
0112152223463001404205200214 1 1202503064.060638
0112152223463011404205200214 1 1202503064.060640
0112152223463021404205200214 1 1202503064.060642
0112152621343521404205200214 1 1202503064.060644
0112152223463041404205200214 1 1202503064.060647
0112152223463051404205200214 1 1202503064.060649
0112152223463061404205200214 1 1202503064.060651
0241152621433102404205200214 2 1202503064.060653
0241152621433112404205200214 2 1202503064.060655
0241152621433122404205200214 2 1202503064.060657
0241152621433142404205200214 2 1202503064.060659
0241152621433152404205200214 2 1202503064.060701
0241152621433162404205200214 2 1202503064.060703
0244153521613540424205200214 2 1202503064.060714
0246152521363540424205200214 1 1202503064.060716
0541152621353042424205200214 2 1202503064.060726
0046152521033004424205200214 2 1202503064.060729
0522152521363544424205200214 1 1202503064.060737
0041155521333064424205200214 2 1202503064.060739
0141100521333164424205200214 2 1202503064.060741
0041105521333164424205200214 2 1202503064.060743
0012152321363545424205200214 1 1202503064.060749
0246152521363545424205200214 2 1202503064.060751
0041155521313046424205200214 2 1202503064.060804
0246152521363546424205200214 1 1202503064.060808
0041156621313540424200000024 2 1202503064.061821
0141166621313540424200000024 2 1202503064.061823
0144166621313540424200000024 2 1202503064.061825
0012162521303641424200000024 1 1202503064.061831
0012162521303044424200000024 1 1202503064.061838
0144166621313045424200000024 2 1202503064.061850
0015102021333064454202412334 2 1202503064.062718
0111152021363120404200000444 1 1202503064.064523
0111152021363121404200000444 1 1202503064.064527
0121105521363010464520043205 5 1202503064.065603
0114152220303040424201160615 1 1202503064.070552
0114152225303040424201160615 1 1202503064.070553
0114152220353040424201160615 1 1202503064.070554
0104152225353040424201160615 1 1202503064.070555
0114152225353040424201160615 1 1202503064.070556
0124152225353040424201160615 1 1202503064.070558
0144152225353040424201160615 1 1202503064.070559
0154152225353040424201160615 1 1202503064.070600
0164152225353040424201160615 1 1202503064.070601
0114152220363040424201160615 1 1202503064.070602
0104152225363040424201160615 1 1202503064.070603
0114152225363040424201160615 1 1202503064.070605
0124152225363040424201160615 1 1202503064.070606
0144152225363040424201160615 1 1202503064.070607
0154152225363040424201160615 1 1202503064.070608
0164152225363040424201160615 1 1202503064.070609
0114152220303140424201160615 1 1202503064.070610
0114152225303140424201160615 1 1202503064.070612
0114152220353140424201160615 1 1202503064.070613
0104152225353140424201160615 1 1202503064.070614
0114152225353140424201160615 1 1202503064.070615
0124152225353140424201160615 1 1202503064.070616
0144152225353140424201160615 1 1202503064.070618
0154152225353140424201160615 1 1202503064.070619
0164152225353140424201160615 1 1202503064.070620
0114152220363140424201160615 1 1202503064.070621
0104152225363140424201160615 1 1202503064.070622
0114152225363140424201160615 1 1202503064.070623
0124152225363140424201160615 1 1202503064.070624
0144152225363140424201160615 1 1202503064.070626
0154152225363140424201160615 1 1202503064.070627
0164152225363140424201160615 1 1202503064.070628
0114152220303540424201160615 1 1202503064.070629
0114152225303540424201160615 1 1202503064.070630
0214152225303540424201160615 1 1202503064.070631
0114152220353540424201160615 1 1202503064.070633
0104152225353540424201160615 1 1202503064.070634
0204152225353540424201160615 1 1202503064.070635
0114152225353540424201160615 1 1202503064.070636
0214152225353540424201160615 1 1202503064.070637
0124152225353540424201160615 1 1202503064.070638
0224152225353540424201160615 1 1202503064.070640
0144152225353540424201160615 1 1202503064.070641
0244152225353540424201160615 1 1202503064.070642
0154152225353540424201160615 1 1202503064.070643
0254152225353540424201160615 1 1202503064.070644
0164152225353540424201160615 1 1202503064.070645
0264152225353540424201160615 1 1202503064.070646
0114152220363540424201160615 1 1202503064.070648
0104152225363540424201160615 1 1202503064.070649
0204152225363540424201160615 1 1202503064.070650
0114152225363540424201160615 1 1202503064.070651
0214152225363540424201160615 1 1202503064.070652
0124152225363540424201160615 1 1202503064.070653
0224152225363540424201160615 1 1202503064.070654
0144152225363540424201160615 1 1202503064.070656
0244152225363540424201160615 1 1202503064.070657
0154152225363540424201160615 1 1202503064.070658
0254152225363540424201160615 1 1202503064.070659
0164152225363540424201160615 1 1202503064.070700
0264152225363540424201160615 1 1202503064.070701
0114152225303044424201160615 1 1202503064.070711
0104152225353044424201160615 1 1202503064.070713
0114152225353044424201160615 1 1202503064.070714
0124152225353044424201160615 1 1202503064.070715
0144152225353044424201160615 1 1202503064.070716
0154152225353044424201160615 1 1202503064.070717
0164152225353044424201160615 1 1202503064.070718
0104152225363044424201160615 1 1202503064.070720
0114152225363044424201160615 1 1202503064.070721
0124152225363044424201160615 1 1202503064.070722
0144152225363044424201160615 1 1202503064.070723
0154152225363044424201160615 1 1202503064.070724
0164152225363044424201160615 1 1202503064.070725
0562103021113040424200262035 2 1202503064.070920
0522100021313040424200262035 2 1202503064.070922
0522105021313040424200262035 2 1202503064.070924
0522100521313040424200262035 2 1202503064.070926
0522105521313040424200262035 2 1202503064.070928
0041155521313140424200262035 2 1202503064.070931
0562100021333140424200262035 2 1202503064.070933
0562150021333140424200262035 2 1202503064.070935
0562102021333140424200262035 2 1202503064.070936
0562152021333140424200262035 2 1202503064.070938
0562103021333140424200262035 2 1202503064.070940
0562153021333140424200262035 2 1202503064.070941
0562105021333140424200262035 2 1202503064.070943
0562155021333140424200262035 2 1202503064.070945
0562106021333140424200262035 2 1202503064.070946
0562156021333140424200262035 2 1202503064.070948
0562153021113540424200262035 2 1202503064.070951
0522150021313540424200262035 2 1202503064.070953
0522155021313540424200262035 2 1202503064.070955
0522150521313540424200262035 2 1202503064.070957
0522155521313540424200262035 2 1202503064.070959
0562150021013041424200262035 2 1202503064.071003
0562103021113041424200262035 2 1202503064.071005
0522100021313041424200262035 2 1202503064.071007
0522105021313041424200262035 2 1202503064.071008
0562155021313041424200262035 2 1202503064.071010
0522100521313041424200262035 2 1202503064.071012
0541105521313041424200262035 2 1202503064.071013
0522105521313041424200262035 2 1202503064.071015
0565150021313141424200262035 2 1202503064.071018
0565155021313141424200262035 2 1202503064.071020
0565100521313141424200262035 2 1202503064.071021
0565105521313141424200262035 2 1202503064.071023
0041155521313141424200262035 2 1202503064.071025
0562100021333141424200262035 2 1202503064.071027
0562150021333141424200262035 2 1202503064.071028
0562105021333141424200262035 2 1202503064.071030
0562155021333141424200262035 2 1202503064.071032
0510106021053141424200262035 2 1202503064.071033
0562100021013541424200262035 2 1202503064.071035
0562103021113042424200262035 2 1202503064.071040
0041155521313142424200262035 2 1202503064.071042
0510106021053142424200262035 2 1202503064.071043
0510156021053142424200262035 2 1202503064.071045
0562100021333104424200262035 2 1202503064.071049
0562102021333104424200262035 2 1202503064.071050
0562103021333104424200262035 2 1202503064.071052
0562105021333104424200262035 2 1202503064.071054
0562106021333104424200262035 1 1202503064.071056
0561152621333104424200262035 6 1202503064.071059
0562100021333114424200262035 2 1202503064.071102
0562102021333114424200262035 2 1202503064.071104
0562103021333114424200262035 2 1202503064.071105
0562105021333114424200262035 2 1202503064.071107
0562106021333114424200262035 1 1202503064.071109
0561152621333114424200262035 6 1202503064.071112
0562100021333124424200262035 2 1202503064.071115
0562102021333124424200262035 2 1202503064.071117
0562103021333124424200262035 2 1202503064.071118
0562105021333124424200262035 2 1202503064.071120
0562106021333124424200262035 1 1202503064.071122
0561152621333124424200262035 6 1202503064.071125
0562103021113044424200262035 2 1202503064.071127
0522100021313044424200262035 2 1202503064.071129
0522105021313044424200262035 2 1202503064.071131
0522100521313044424200262035 2 1202503064.071133
0522105521313044424200262035 2 1202503064.071135
0041155521313044424200262035 2 1202503064.071137
0041105521313144424200262035 2 1202503064.071141
0541105521313144424200262035 2 1202503064.071143
0562100021333144424200262035 2 1202503064.071145
0562102021333144424200262035 2 1202503064.071147
0562103021333144424200262035 2 1202503064.071148
0562105021333144424200262035 2 1202503064.071150
0562106021333144424200262035 1 1202503064.071152
0561152621333144424200262035 6 1202503064.071155
0562100021333154424200262035 2 1202503064.071159
0562102021333154424200262035 2 1202503064.071201
0562103021333154424200262035 2 1202503064.071202
0562105021333154424200262035 2 1202503064.071204
0562106021333154424200262035 1 1202503064.071206
0561152621333154424200262035 6 1202503064.071209
0562100021333164424200262035 2 1202503064.071212
0562102021333164424200262035 2 1202503064.071214
0562103021333164424200262035 2 1202503064.071215
0562105021333164424200262035 2 1202503064.071217
0562106021333164424200262035 1 1202503064.071219
0561152621333164424200262035 6 1202503064.071222
0062100021113045424200262035 2 1202503064.071225
0562103021113045424200262035 2 1202503064.071227
0522100021313045424200262035 2 1202503064.071229
0562150021313045424200262035 2 1202503064.071231
0522105021313045424200262035 2 1202503064.071233
0562155021313045424200262035 2 1202503064.071234
0522100521313045424200262035 2 1202503064.071236
0522105521313045424200262035 2 1202503064.071238
0562100021333145424200262035 2 1202503064.071241
0562150021333145424200262035 2 1202503064.071243
0562102021333145424200262035 2 1202503064.071245
0562152021333145424200262035 2 1202503064.071246
0562103021333145424200262035 2 1202503064.071248
0562153021333145424200262035 2 1202503064.071250
0562105021333145424200262035 2 1202503064.071251
0562155021333145424200262035 2 1202503064.071253
0562106021333145424200262035 2 1202503064.071255
0562156021333145424200262035 2 1202503064.071256
0041155521333106424200262035 2 1202503064.071301
0562103021113046424200262035 2 1202503064.071307
0041105521313146424200262035 2 1202503064.071309
0541105521313146424200262035 2 1202503064.071311
0041155521333146424200262035 2 1202503064.071313
0041155521333156424200262035 2 1202503064.071317
0041155521333166424200262035 2 1202503064.071321
0562103021113040424600262035 2 1202503064.071438
0522100021313040424600262035 2 1202503064.071439
0522105021313040424600262035 2 1202503064.071441
0522100521313040424600262035 2 1202503064.071443
0522105521313040424600262035 2 1202503064.071444
0562100021333140424600262035 2 1202503064.071448
0562150021333140424600262035 2 1202503064.071449
0562102021333140424600262035 2 1202503064.071451
0562152021333140424600262035 2 1202503064.071452
0562103021333140424600262035 2 1202503064.071454
0562153021333140424600262035 2 1202503064.071455
0562105021333140424600262035 2 1202503064.071457
0562155021333140424600262035 2 1202503064.071459
0562106021333140424600262035 2 1202503064.071500
0562156021333140424600262035 2 1202503064.071502
0562153021113540424600262035 2 1202503064.071505
0522150021313540424600262035 2 1202503064.071506
0522155021313540424600262035 2 1202503064.071508
0522150521313540424600262035 2 1202503064.071510
0522155521313540424600262035 2 1202503064.071511
0562150021013041424600262035 2 1202503064.071515
0562103021113041424600262035 2 1202503064.071517
0522100021313041424600262035 2 1202503064.071519
0522105021313041424600262035 2 1202503064.071520
0562155021313041424600262035 2 1202503064.071522
0522100521313041424600262035 2 1202503064.071524
0522105521313041424600262035 2 1202503064.071525
0565150021313141424600262035 2 1202503064.071527
0565155021313141424600262035 2 1202503064.071529
0565100521313141424600262035 2 1202503064.071530
0565105521313141424600262035 2 1202503064.071532
0562100021333141424600262035 2 1202503064.071534
0562150021333141424600262035 2 1202503064.071535
0562105021333141424600262035 2 1202503064.071537
0562155021333141424600262035 2 1202503064.071538
0510106021053141424600262035 2 1202503064.071540
0562100021013541424600262035 2 1202503064.071542
0562103021113042424600262035 2 1202503064.071545
0510106021053142424600262035 2 1202503064.071547
0510156021053142424600262035 2 1202503064.071549
0562100021333104424600262035 2 1202503064.071552
0562102021333104424600262035 2 1202503064.071554
0562103021333104424600262035 2 1202503064.071555
0562105021333104424600262035 2 1202503064.071557
0562106021333104424600262035 1 1202503064.071559
0561152621333104424600262035 6 1202503064.071600
0562100021333114424600262035 2 1202503064.071603
0562102021333114424600262035 2 1202503064.071604
0562103021333114424600262035 2 1202503064.071606
0562105021333114424600262035 2 1202503064.071608
0562106021333114424600262035 1 1202503064.071609
0561152621333114424600262035 6 1202503064.071611
0562100021333124424600262035 2 1202503064.071613
0562102021333124424600262035 2 1202503064.071615
0562103021333124424600262035 2 1202503064.071616
0562105021333124424600262035 2 1202503064.071618
0562106021333124424600262035 1 1202503064.071619
0561152621333124424600262035 6 1202503064.071621
0562103021113044424600262035 2 1202503064.071623
0522100021313044424600262035 2 1202503064.071625
0522105021313044424600262035 2 1202503064.071627
0522100521313044424600262035 2 1202503064.071628
0522105521313044424600262035 2 1202503064.071630
0562100021333144424600262035 2 1202503064.071634
0562102021333144424600262035 2 1202503064.071636
0562103021333144424600262035 2 1202503064.071638
0562105021333144424600262035 2 1202503064.071639
0562106021333144424600262035 1 1202503064.071641
0561152621333144424600262035 6 1202503064.071643
0562100021333154424600262035 2 1202503064.071646
0562102021333154424600262035 2 1202503064.071647
0562103021333154424600262035 2 1202503064.071649
0562105021333154424600262035 2 1202503064.071651
0562106021333154424600262035 1 1202503064.071652
0561152621333154424600262035 6 1202503064.071654
0562100021333164424600262035 2 1202503064.071656
0562102021333164424600262035 2 1202503064.071658
0562103021333164424600262035 2 1202503064.071659
0562105021333164424600262035 2 1202503064.071701
0562106021333164424600262035 1 1202503064.071703
0561152621333164424600262035 6 1202503064.071704
0062100021113045424600262035 2 1202503064.071707
0562103021113045424600262035 2 1202503064.071709
0522100021313045424600262035 2 1202503064.071711
0562150021313045424600262035 2 1202503064.071712
0522105021313045424600262035 2 1202503064.071714
0562155021313045424600262035 2 1202503064.071715
0522100521313045424600262035 2 1202503064.071717
0522105521313045424600262035 2 1202503064.071719
0562100021333145424600262035 2 1202503064.071721
0562150021333145424600262035 2 1202503064.071723
0562102021333145424600262035 2 1202503064.071724
0562152021333145424600262035 2 1202503064.071726
0562103021333145424600262035 2 1202503064.071727
0562153021333145424600262035 2 1202503064.071729
0562105021333145424600262035 2 1202503064.071731
0562155021333145424600262035 2 1202503064.071732
0562106021333145424600262035 2 1202503064.071734
0562156021333145424600262035 2 1202503064.071735
0562103021113046424600262035 2 1202503064.071739
0244153521613540424205203045 2 1202503064.072042
0542106521313004424205203045 2 1202503064.072048
0542106521313504424205203045 2 1202503064.072051
0542106521313014424205203045 2 1202503064.072053
0542106521313514424205203045 2 1202503064.072056
0542106521313024424205203045 2 1202503064.072057
0542106521313524424205203045 2 1202503064.072100
0542106521313044424205203045 2 1202503064.072101
0542106521313544424205203045 2 1202503064.072105
0542106521313054424205203045 2 1202503064.072107
0542106521313554424205203045 2 1202503064.072109
0526102621353040424200000416 2 1202503064.083043
0015102021343024464204120256 2 1202503064.083206
0015102521343024464204120256 2 1202503064.083207
