0144102621353040424200000410 2 1202503064.005334
0144152621303021424200000410 1 1202503064.005358
0144152621353121424200000410 2 1202503064.005359
0144102621353041424200000410 2 1202503064.005403
0144152621353141424200000410 2 1202503064.005406
0144152621363141424200000410 1 1202503064.005407
0144152621363541424200000410 1 1202503064.005416
0144152621303022424200000410 1 1202503064.005429
0144152621353122424200000410 2 1202503064.005431
0144152621353522424200000410 2 1202503064.005433
0144152621303142424200000410 2 1202503064.005436
0144152621313142424200000410 2 1202503064.005437
0144152621333142424200000410 2 1202503064.005439
0144152621343142424200000410 2 1202503064.005441
0144152621353142424200000410 2 1202503064.005443
0144152621363142424200000410 1 1202503064.005445
0144102621303542424200000410 1 1202503064.005446
0144152621303542424200000410 2 1202503064.005448
0144152621313542424200000410 2 1202503064.005451
0144152621333542424200000410 2 1202503064.005454
0144152621343542424200000410 2 1202503064.005456
0144152621353542424200000410 2 1202503064.005459
0144152621363542424200000410 1 1202503064.005503
0144152621353124424200000410 2 1202503064.005517
0144102621353044424200000410 2 1202503064.005520
0144152621303144424200000410 2 1202503064.005522
0144152621313144424200000410 2 1202503064.005523
0144152621333144424200000410 2 1202503064.005525
0144152621343144424200000410 2 1202503064.005527
0144152621353144424200000410 2 1202503064.005529
0144152621363144424200000410 1 1202503064.005531
0144152621303145424200000410 2 1202503064.005616
0144152621313145424200000410 2 1202503064.005618
0144152621333145424200000410 2 1202503064.005620
0144152621343145424200000410 2 1202503064.005623
0144152621353145424200000410 2 1202503064.005625
0144152621363145424200000410 1 1202503064.005628
0144152621353126424200000410 2 1202503064.005700
0144152621353526424200000410 2 1202503064.005702
0144152621303146424200000410 2 1202503064.005704
0144152621313146424200000410 2 1202503064.005706
0144152621333146424200000410 2 1202503064.005708
0144152621343146424200000410 2 1202503064.005709
0144152621353146424200000410 2 1202503064.005712
0144152621363146424200000410 1 1202503064.005714
0144152621303546424200000410 2 1202503064.005718
0144152621313546424200000410 2 1202503064.005720
0144152621333546424200000410 2 1202503064.005722
0144152621343546424200000410 2 1202503064.005724
0144152621353546424200000410 2 1202503064.005727
0144152621363546424200000410 1 1202503064.005729
0041106621313040424201610520 2 1202503064.010108
0041106621313640424201610520 2 1202503064.010110
0041106621313641424201610520 2 1202503064.010114
0041106621313642424201610520 2 1202503064.010118
0041106621333104424201610520 2 1202503064.010121
0041106621333114424201610520 2 1202503064.010124
0041106621333124424201610520 2 1202503064.010126
0041106621313044424201610520 2 1202503064.010129
0041106621313144424201610520 2 1202503064.010131
0041106621333144424201610520 2 1202503064.010133
0041106621313644424201610520 2 1202503064.010139
0041106621333154424201610520 2 1202503064.010141
0041106621333164424201610520 2 1202503064.010143
0041106621313645424201610520 2 1202503064.010149
0041106621313646424201610520 2 1202503064.010153
0546100621333104424200000121 2 1202503064.012502
0144150621333104424200000121 2 1202503064.012504
0146150621333104424200000121 2 1202503064.012505
0144156621333104424200000121 2 1202503064.012511
0144150621333504424200000121 2 1202503064.012514
0546100621333114424200000121 2 1202503064.012527
0144150621333114424200000121 2 1202503064.012529
0146150621333114424200000121 2 1202503064.012531
0144156621333114424200000121 2 1202503064.012536
0144150621333514424200000121 2 1202503064.012540
0546100621333124424200000121 2 1202503064.012553
0144150621333124424200000121 2 1202503064.012554
0146150621333124424200000121 2 1202503064.012556
0144156621333124424200000121 2 1202503064.012602
0546100621333144424200000121 2 1202503064.012624
0144150621333144424200000121 2 1202503064.012625
0146150621333144424200000121 2 1202503064.012627
0144156621333144424200000121 2 1202503064.012632
0644102026333054424200000121 2 1202503064.012657
0546100621333154424200000121 2 1202503064.012702
0144150621333154424200000121 2 1202503064.012704
0146150621333154424200000121 2 1202503064.012705
0144156621333154424200000121 2 1202503064.012711
0644102026333154424200000121 2 1202503064.012713
0046102026333154424200000121 2 1202503064.012715
0646102026333154424200000121 2 1202503064.012716
0644102026333654424200000121 2 1202503064.012726
0046102026333654424200000121 2 1202503064.012728
0646102026333654424200000121 2 1202503064.012731
0546100621333164424200000121 2 1202503064.012738
0144150621333164424200000121 2 1202503064.012740
0146150621333164424200000121 2 1202503064.012741
0144156621333164424200000121 2 1202503064.012747
0016102021433652464200000121 2 1202503064.012848
0015102321603040424204221232 1 1202503064.024145
0015102321603041424204221232 1 1202503064.024158
0141105521663041424204221232 2 1202503064.024201
0141105521363141424204221232 2 1202503064.024203
0142105521663141424204221232 2 1202503064.024206
0145105521663141424204221232 2 1202503064.024207
0015102321603042424204221232 1 1202503064.024210
0145100521633104424204221232 2 1202503064.024218
0145102521633104424204221232 2 1202503064.024219
0145103521633104424204221232 2 1202503064.024221
0145105521633104424204221232 2 1202503064.024223
0145100521633114424204221232 2 1202503064.024225
0145102521633114424204221232 2 1202503064.024226
0145103521633114424204221232 2 1202503064.024227
0145105521633114424204221232 2 1202503064.024228
0145100521633124424204221232 2 1202503064.024230
0145102521633124424204221232 2 1202503064.024231
0145103521633124424204221232 2 1202503064.024232
0145105521633124424204221232 2 1202503064.024233
0015102321603044424204221232 1 1202503064.024235
0145100521633144424204221232 2 1202503064.024247
0114102521633144424204221232 2 1202503064.024248
0145102521633144424204221232 2 1202503064.024250
0145103521633144424204221232 2 1202503064.024252
0141105521633144424204221232 2 1202503064.024253
0145105521633144424204221232 2 1202503064.024255
0114102521663144424204221232 2 1202503064.024301
0145100521633154424204221232 2 1202503064.024303
0145102521633154424204221232 2 1202503064.024304
0145103521633154424204221232 2 1202503064.024305
0145105521633154424204221232 2 1202503064.024306
0145103521133164424204221232 2 1202503064.024307
0141105521333164424204221232 2 1202503064.024308
0145100521633164424204221232 2 1202503064.024310
0145102521633164424204221232 2 1202503064.024311
0145103521633164424204221232 2 1202503064.024312
0145105521633164424204221232 2 1202503064.024313
0015102321603045424204221232 1 1202503064.024316
0141105521613045424204221232 2 1202503064.024317
0141105521663045424204221232 2 1202503064.024319
0145103521613145424204221232 2 1202503064.024321
0145103521163145424204221232 2 1202503064.024323
0141105521363145424204221232 2 1202503064.024324
0145100521663145424204221232 2 1202503064.024326
0114102521663145424204221232 2 1202503064.024327
0145102521663145424204221232 2 1202503064.024328
0145103521663145424204221232 2 1202503064.024330
0145105521663145424204221232 2 1202503064.024332
0015102321603046424204221232 1 1202503064.024334
0121152520333064424200441252 2 1202503064.031914
0121152520333164424200441252 2 1202503064.031916
0121152520333564424200441252 2 1202503064.031918
0526103021013044424200000224 2 1202503064.041204
0526103621013044424200000224 2 1202503064.041206
0011162021353642424200000044 2 1202503064.042852
0011162021353044424200000044 2 1202503064.042901
0121162620333054424200000044 2 1202503064.042907
0121162620333154424200000044 2 1202503064.042908
0121162620333654424200000044 2 1202503064.042912
0011152021363040424205120505 2 1202503064.043835
0511152021363040424205120505 2 1202503064.043837
0011162021363040424205120505 2 1202503064.043839
0511162021363040424205120505 2 1202503064.043841
0011152521363040424205120505 2 1202503064.043842
0011162521363040424205120505 2 1202503064.043844
0010102621303540424205120505 1 1202503064.043847
0011102621303540424205120505 1 1202503064.043848
0514102621303540424205120505 1 1202503064.043850
0015102621303540424205120505 1 1202503064.043852
0010102621353540424205120505 1 1202503064.043854
0011102621353540424205120505 1 1202503064.043856
0514102621353540424205120505 1 1202503064.043858
0015102621353540424205120505 1 1202503064.043900
0010102621303640424205120505 1 1202503064.043903
0011102621303640424205120505 1 1202503064.043905
0514102621303640424205120505 1 1202503064.043907
0015102621303640424205120505 1 1202503064.043909
0010102621353640424205120505 1 1202503064.043917
0011102621353640424205120505 1 1202503064.043919
0514102621353640424205120505 1 1202503064.043921
0015102621353640424205120505 1 1202503064.043923
0510102621303044424205120505 1 1202503064.043946
0510102621353044424205120505 1 1202503064.043948
0011152021363044424205120505 2 1202503064.043950
0511152021363044424205120505 2 1202503064.043952
0011152521363044424205120505 2 1202503064.043954
0010102621303544424205120505 1 1202503064.043956
0510102621303544424205120505 1 1202503064.043958
0011102621303544424205120505 1 1202503064.044000
0014102621303544424205120505 1 1202503064.044002
0010102621353544424205120505 1 1202503064.044004
0510102621353544424205120505 1 1202503064.044006
0011102621353544424205120505 1 1202503064.044008
0051102621353544424205120505 1 1202503064.044010
0014102621353544424205120505 1 1202503064.044012
0011152021363045424205120505 2 1202503064.044027
0511152021363045424205120505 2 1202503064.044029
0011162021363045424205120505 2 1202503064.044031
0511162021363045424205120505 2 1202503064.044033
0011152521363045424205120505 2 1202503064.044035
0011162521363045424205120505 2 1202503064.044037
0010102621303545424205120505 1 1202503064.044039
0011102621303545424205120505 1 1202503064.044041
0014102621303545424205120505 1 1202503064.044043
0015102621303545424205120505 1 1202503064.044045
0010102621353545424205120505 1 1202503064.044047
0011102621353545424205120505 1 1202503064.044049
0014102621353545424205120505 1 1202503064.044051
0015102621353545424205120505 1 1202503064.044053
0010102621303645424205120505 1 1202503064.044056
0011102621303645424205120505 1 1202503064.044058
0014102621303645424205120505 1 1202503064.044100
0015102621303645424205120505 1 1202503064.044102
0055102021353645424205120505 1 1202503064.044104
0010102621353645424205120505 1 1202503064.044106
0011102621353645424205120505 1 1202503064.044108
0014102621353645424205120505 1 1202503064.044110
0015102621353645424205120505 1 1202503064.044112
0526102621353040424200000016 2 1202503064.052435
0012162521303044424200000016 1 1202503064.052449
0612162521303044424200000016 1 1202503064.052451
0011162021353044424200000016 2 1202503064.052453
0611162021353044424200000016 2 1202503064.052455
0011162621353044424200000016 2 1202503064.052457
0611162621353044424200000016 2 1202503064.052458
0012162521363044424200000016 1 1202503064.052500
0612162521363044424200000016 1 1202503064.052502
0012162521303644424200000016 1 1202503064.052505
0011162021353644424200000016 2 1202503064.052507
0011162621353644424200000016 2 1202503064.052509
0012162521363644424200000016 1 1202503064.052511
0526162621353546424200000016 2 1202503064.052518
0141106521633014424204220546 2 1202503064.052602
0141106521133114424204220546 2 1202503064.052603
0141106521633114424204220546 2 1202503064.052605
0141106521033144424204220546 2 1202503064.052651
0141106521633144424204220546 2 1202503064.052654
0145103521133164424204220546 2 1202503064.052657
0141105521333164424204220546 2 1202503064.052658
0121152520333064424200440566 2 1202503064.052905
0121152520333164424200440566 2 1202503064.052906
0121152520333564424200440566 2 1202503064.052908
