0126106521433101400106221622 2 1202405116.222805
0126106521433111400106221622 2 1202405116.223221
0126106521433121400106221622 2 1202405116.223636
0126106521433141400106221622 2 1202405116.224058
0126106521433151400106221622 2 1202405116.224515
0126106521433161400106221622 2 1202405116.224933
0126106521433101400206221622 2 1202405116.225355
0126106521433111400206221622 2 1202405116.225814
0126106521433121400206221622 2 1202405116.230230
0126106521433141400206221622 2 1202405116.230645
0126106521433151400206221622 2 1202405116.231101
0126106521433161400206221622 2 1202405116.231533
0126106521433101400606221622 2 1202405116.232000
0126106521433111400606221622 2 1202405116.232418
0126106521433121400606221622 2 1202405116.232837
0126106521433141400606221622 2 1202405116.233301
0126106521433151400606221622 2 1202405116.233717
0126106521433161400606221622 2 1202405116.234132
