01111420214330104001 2 1202410163.194419
01111120214331104001 2 1202410163.194533
01111420214331104001 2 1202410163.194602
01111120214334104001 2 1202410163.194822
01111420214334104001 2 1202410163.194851
01111120214330024001 2 1202410163.201423
01111420214330024001 2 1202410163.201451
02421020210331024001 2 1202410163.201606
02421020211331024001 2 1202410163.201641
02421020212331024001 2 1202410163.201716
02421020213331024001 2 1202410163.201752
02421020214331024001 2 1202410163.201827
01111120214334024001 2 1202410163.202055
01111420214334024001 2 1202410163.202123
01111120214330124001 2 1202410163.202248
01111420214330124001 2 1202410163.202317
02421020210331124001 2 1202410163.202434
02421020211331124001 2 1202410163.202510
02421020212331124001 2 1202410163.202545
02421020213331124001 2 1202410163.202621
02421020214331124001 2 1202410163.202657
01111120214331124001 2 1202410163.202721
01111420214331124001 2 1202410163.202750
01111120214334124001 2 1202410163.203019
