0524103226313144424210021000 2 1643
0121152521333004424206210040 2 94
0224156021533161424601442105 1 2790
0424156021533161424601442105 1 2363
0425156021533561424601442105 1 134
0425153021513142424601442105 2 71
0024153021513542424601442105 2 435
0424156021533104424601442105 1 81
0024156021533564424601442105 1 184
0111152620333144424205400015 2 309
0114152621353025424205400015 1 59
0045102225633144424201113555 2 50
0045102521363140424205113042 2 117
0045102521363245424205113042 2 58
0124153021513145424601422303 2 61
0011106021303542424600242055 1 61
0524100021313544424201461303 2 209
0426155020333114464601412105 2 75
0426155020133514464601412105 2 293
0422155025133164464601412105 6 327
0422155020333164464601412105 6 358
0514102025353546464601412105 2 81
0112162521303040424204140140 1 58
0511162521363642424204140140 1 89
0241162521363642424204140140 1 89
0211162521363146424204140140 1 50
0021100521353042464202602531 2 62
0541100621333114424201440125 2 100
0144152621303546424200000210 2 252
0041106621333154424200000120 2 56
0244153521613540424205200214 2 75
0161106521003102424604442033 2 191
0201152521353141464601142014 1 144
0144163621113640424200000522 2 77
0145100521303020424206641025 2 55
0526103021313140424206641025 2 131
0522103521313140424206641025 2 119
0562103021103540424206641025 2 383
0562153021103540424206641025 2 63
0562150521303540424206641025 2 57
0562153021103640424206641025 2 119
0141105521303141424206641025 2 287
0562103021103042424206641025 2 52
0542103521103042424206641025 2 181
0566100021313042424206641025 2 75
0145103521103142424206641025 2 160
0141105521303142424206641025 2 191
0542103521103044424206641025 2 118
0562103521103544424206641025 2 121
0562150021303544424206641025 2 57
0542103521103145424206641025 2 132
0562150021303545424206641025 2 57
0121162621433502404201460610 2 89
0662150021003104424605412351 2 161
0411152021303540424201461303 1 113
