0045102521363242424205113042 2 252
0244153521613540424205200214 2 56
0012162521303044424200000024 1 134
0144166621313045424200000024 2 71
0121105521363010464520043205 5 61
0164103526133642424206251020 2 435
0164100526333642424206251020 2 81
0062156021333144424600242055 1 75
0011102521363644424200000012 1 75
0141100523313114464202222130 6 184
0422155023353114464201412105 6 180
0024150021333544424601642500 2 50
0541162521303642424204140140 1 117
0042162521303642424204140140 1 58
0111162520303044424204140140 2 55
0111162521363026424204140140 1 53
0511162521363626424204140140 1 51
0014162521363626424204140140 1 53
0114162521303646424204140140 1 287
0044162521303646424204140140 1 341
0144162521303646424204140140 1 358
0045103521313144424201261502 2 69
0561100521313144424600202451 2 302
0425153021513562424601442105 2 181
0124152621363141424205400015 1 160
0546152621363641424205400015 1 192
0542103521103044424206641025 2 118
0542103521103145424206641025 2 132
0121162621433502404201460610 2 89
0662150021003104424605412351 2 161
0411152021303540424201461303 1 113
0621102021333054424200000144 2 94
0621102021333154424200000144 2 89
0621102021333654424200000144 2 89
0015102021303144424602262335 1 100
0045102025033104464201412105 6 148
0045102225033104464201412105 2 209
0514106021353024424605212550 1 62
