0114102521363141424204140140 2 1
0114102521363141424204140140 1 2
0111152021363120404200000246 2 12
0111152021363121404200000246 2 13
0111152021363120404200000546 2 14
0111152021363121404200000546 2 15
0111152021363121404200000544 2 16
0111152021363120404200000544 2 17
0111152021363121404200000544 1 18
0111152021363120404200000246 1 19
0111152021363121404200000246 1 20
0111152021363120404200000544 1 21
0111152021363121404200000546 1 22
0111152021363120404200000546 1 23
0111152021343121464200000012 2 24
0111152021343120464200000012 2 25
0111152021343120464200000012 1 26
0111152021343121464200000012 1 27
0144153226103042424206641025 6 31
0615102021363142424204140140 1 57
0014162521303144424204140140 1 58
0512162521363144424204140140 1 62
0114162521363642424204140140 1 63
0515162521303144424204140140 1 66
0124162521353141424204140140 1 68
0124162521363145424204140140 2 72
0522162521363141424204140140 1 73
0522162521363144424204140140 2 74
0522162521363145424204140140 1 77
0522162521363144424204140140 1 78
