0524103226313144424210021000 2 1643
0144160521333004424206210040 2 94
0011152021353562454201622104 1 2790
0511152021353562454201622104 1 2363
0111152520333165454201622104 6 134
0511152520333165454201622104 6 71
0516102020343526454201622104 1 435
0612102621303540424200000114 1 81
0551152521303044424206120044 2 184
0422153023513546464601442105 6 503
0141152620363540424205400015 1 309
0141102621303541424205400015 1 59
0111152620363044424205400015 1 50
0111152620533154424205400015 2 117
0114152621353025424205400015 1 58
0122152621353145424205400015 1 315
0141102520363545424205400015 1 51
0141152621333546424205400015 2 61
0046153621013045424200000120 2 51
0024152021533114424601422303 2 51
0121106520443121404600162435 1 61
0011152021363045424205420500 2 55
0624103621313545424201220522 2 209
0426156025533101424601412105 6 83
0424155020533112464601412105 6 53
0425155025133142464601412105 6 65
0624150020533552464601412105 6 59
0512162521363144424204140140 1 75
0241162521303644424204140140 1 293
0141162521363644424204140140 1 327
0241162521363644424204140140 1 358
0124162521333145424204140140 2 80
0114102521363145424204140140 1 146
0110156624343522404605212550 1 58
0122156023343025404605212550 6 52
0021155021333154424601642500 2 58
0621150021333564424601642500 2 89
0024150021333564424601642500 2 89
0166100524333102404205222154 6 50
0514156021303040424205222154 2 50
0514106021353024424205222154 2 62
0015102023303144464205222154 1 100
0121106620343122404210002535 1 77
0160102521343025404600112455 2 61
0144152621303546424200000210 2 252
0041106621333154424200000120 2 56
0244153521613540424205200214 2 75
0161106521003102424604442033 2 191
0201152521353141464601142014 1 144
0552150521333104424600242055 6 139
0144163621113640424200000522 2 77
0145100521303020424206641025 2 55
0526103021313140424206641025 2 131
0522103521313140424206641025 2 119
0562103021103540424206641025 2 383
0562153021103540424206641025 2 63
0562150521303540424206641025 2 57
0562153021103640424206641025 2 119
0141105521303141424206641025 2 287
0512152521303541424206641025 1 103
0562103021103042424206641025 2 52
0542103521103042424206641025 2 181
0566100021313042424206641025 2 75
0145103521103142424206641025 2 160
0141105521303142424206641025 2 191
0542103521103044424206641025 2 118
0562103521103544424206641025 2 121
0562150021303544424206641025 2 57
0542103521103145424206641025 2 132
0562150021303545424206641025 2 57
0562150021303645424206641025 2 57
0121162621433502404201460610 2 89
0662150021003104424605412351 2 161
0411152021303540424201461303 1 113
