0122102625433510400105414201 1202404033.224331
0126102625433510400105414201 1202404033.224331
0122102625433510400205414201 1202404033.224332
0126102625433510400205414201 1202404033.224332
0122102625433510400105614201 1202404033.224332
0126102625433510400105614201 1202404033.224333
0122102625433510400205614201 1202404033.224333
0126102625433510400205614201 1202404033.224333
0121102621433102400102614501 1202404033.224334
0121102621433112400102614501 1202404033.224334
0121102621433122400102614501 1202404033.224334
0121102621433142400102614501 1202404033.224334
0121102621433052400102614501 1202404033.224335
0121102621433152400102614501 1202404033.224335
0121102621433162400102614501 1202404033.224335
0121102621433014400102614501 1202404033.224335
0121102621433102400202614501 1202404033.224336
0121102621433112400202614501 1202404033.224336
0121102621433122400202614501 1202404033.224336
0121102621433142400202614501 1202404033.224336
0121102621433052400202614501 1202404033.224336
0121102621433152400202614501 1202404033.224337
0121102621433162400202614501 1202404033.224337
0121102621433014400202614501 1202404033.224337
0121102621433102400102014501 1202404033.224337
0121102621433112400102014501 1202404033.224338
0121102621433122400102014501 1202404033.224338
0121102621433142400102014501 1202404033.224338
0121102621433152400102014501 1202404033.224338
0121102621433162400102014501 1202404033.224339
0121102621433014400102014501 1202404033.224339
0121102621433102400202014501 1202404033.224339
0121102621433112400202014501 1202404033.224339
0121102621433122400202014501 1202404033.224340
0121102621433142400202014501 1202404033.224340
0121102621433152400202014501 1202404033.224340
0121102621433162400202014501 1202404033.224340
0121102621433014400202014501 1202404033.224341
0121102621433102400102114501 1202404033.224341
0121102621433112400102114501 1202404033.224341
0121102621433122400102114501 1202404033.224341
0121102621433142400102114501 1202404033.224342
0121102621433152400102114501 1202404033.224342
0121102621433162400102114501 1202404033.224342
0121102621433014400102114501 1202404033.224342
0121102621433102400202114501 1202404033.224342
0121102621433112400202114501 1202404033.224343
0121102621433122400202114501 1202404033.224343
0121102621433142400202114501 1202404033.224343
0121102621433152400202114501 1202404033.224343
0121102621433162400202114501 1202404033.224344
0121102621433014400202114501 1202404033.224344
0121102621433102400102214501 1202404033.224344
0121102621433112400102214501 1202404033.224344
0121102621433122400102214501 1202404033.224345
0121102621433142400102214501 1202404033.224345
0121102621433152400102214501 1202404033.224345
0121102621433162400102214501 1202404033.224345
0121102621433014400102214501 1202404033.224346
0121102621433102400202214501 1202404033.224346
0121102621433112400202214501 1202404033.224346
0121102621433122400202214501 1202404033.224346
0121102621433142400202214501 1202404033.224347
0121102621433152400202214501 1202404033.224347
0121102621433162400202214501 1202404033.224347
0121102621433014400202214501 1202404033.224347
0121102621433102400102414501 1202404033.224348
0121102621433112400102414501 1202404033.224348
0121102621433122400102414501 1202404033.224348
0121102621433142400102414501 1202404033.224348
0121102621433152400102414501 1202404033.224348
0121102621433162400102414501 1202404033.224349
0121102621433014400102414501 1202404033.224349
0121102621433102400202414501 1202404033.224349
0121102621433112400202414501 1202404033.224349
0121102621433122400202414501 1202404033.224350
0121102621433142400202414501 1202404033.224350
0121102621433152400202414501 1202404033.224350
0121102621433162400202414501 1202404033.224350
0121102621433014400202414501 1202404033.224351
0126102625433510400105014201 1202404033.224351
0126102625433510400205014201 1202404033.224351
0122102625433510400105114201 1202404033.224352
0126102625433510400105114201 1202404033.224352
0122102625433510400205114201 1202404033.224352
0126102625433510400205114201 1202404033.224353
0126102625433510400105214201 1202404033.224353
0126102625433510400205214201 1202404033.224353
0126102625433510400105014202 1202404033.224354
0126102625433510400205014202 1202404033.224354
0122102625433510400105114202 1202404033.224354
0126102625433510400105114202 1202404033.224355
0122102625433510400205114202 1202404033.224355
0126102625433510400205114202 1202404033.224355
0126102625433510400105214202 1202404033.224356
0126102625433510400205214202 1202404033.224356
0122102625433510400105414202 1202404033.224356
0126102625433510400105414202 1202404033.224357
0122102625433510400205414202 1202404033.224357
0126102625433510400205414202 1202404033.224358
0122102625433510400105614202 1202404033.224358
0126102625433510400105614202 1202404033.224358
0122102625433510400205614202 1202404033.224359
0126102625433510400205614202 1202404033.224359
0141102620533515420205024501 1202404033.224359
0141102620533515420205024502 1202404033.224400
