011115202143351040020110 2 1202411236.211102
012215202345310140020110 1 1202411236.211108
012215202345311140020110 1 1202411236.211115
012215202345312140020110 1 1202411236.211122
012215202345314140020110 1 1202411236.211129
012215202345315140020110 1 1202411236.211136
011115252143301040020410 2 1202411236.211159
012115252143301040020410 2 1202411236.211202
011115252143311040020410 2 1202411236.211206
011115252143310240020410 2 1202411236.211210
011115252143340240020410 2 1202411236.211214
011115252143311240020410 2 1202411236.211218
011115252143341240020410 2 1202411236.211222
011115252143342240020410 2 1202411236.211225
011115252143344240020410 2 1202411236.211229
011115252143315240020410 2 1202411236.211233
011115252143345240020410 2 1202411236.211237
012115252143301040020510 2 1202411236.211255
011115252143311040020510 2 1202411236.211300
024115232130354140020510 1 1202411236.211304
011115252143300240020510 2 1202411236.211309
012115252143300240020510 2 1202411236.211314
011115252143350240020510 2 1202411236.211319
011115252143301240020510 2 1202411236.211325
012115252143301240020510 2 1202411236.211330
024110252143311240020510 2 1202411236.211334
011115252143311240020510 2 1202411236.211339
011115252143351240020510 2 1202411236.211344
012115252143302240020510 2 1202411236.211349
011115252143352240020510 2 1202411236.211354
012115252143304240020510 2 1202411236.211400
024110252143314240020510 2 1202411236.211403
011115252143354240020510 2 1202411236.211408
011115252143305240020510 2 1202411236.211413
012115252143305240020510 2 1202411236.211419
024110252143315240020510 2 1202411236.211422
011115252143315240020510 2 1202411236.211427
011115252143355240020510 2 1202411236.211432
024110252143351440020510 2 1202411236.211436
024215232105305440020510 1 1202411236.211440
024215232105315440020510 1 1202411236.211444
024215232105325440020510 1 1202411236.211448
024215232105345440020510 1 1202411236.211452
024215232105355440020510 1 1202411236.211456
051110232150300140020240 1 1202411236.211603
051115232150300140020240 1 1202411236.211606
051110232150301140020240 1 1202411236.211611
051115232150301140020240 1 1202411236.211615
051110232150302140020240 1 1202411236.211619
051115232150302140020240 1 1202411236.211623
051110232150304140020240 1 1202411236.211628
051115232150304140020240 1 1202411236.211631
051110232150305140020240 1 1202411236.211636
051115232150305140020240 1 1202411236.211640
011115202143345240020240 2 1202411236.211644
015215252134302540020011 1 1202411236.211732
024110252143351240020111 2 1202411236.211740
014110252143311040020211 2 1202411236.211750
014110252143311540020211 2 1202411236.211754
051110202135302040020241 1 1202411236.211834
051115202135302040020241 1 1202411236.211838
051110202135312040020241 1 1202411236.211841
051110202135302140020241 1 1202411236.211845
051115202135302140020241 1 1202411236.211849
051110202135312140020241 1 1202411236.211853
051110202135302240020241 1 1202411236.211857
051115202135302240020241 1 1202411236.211900
051110202135312240020241 1 1202411236.211904
051210202135312240020241 1 1202411236.211908
014110252143311040020212 2 1202411236.211943
014210252134312140020212 1 1202411236.211947
014110252143310240020212 2 1202411236.211950
014110252143350240020212 2 1202411236.211954
014110252143311240020212 2 1202411236.211957
014210252134342240020212 1 1202411236.212000
014110252143314240020212 2 1202411236.212004
014110252143305240020212 2 1202411236.212007
014110252143301540020212 2 1202411236.212011
014110252143311540020212 2 1202411236.212014
014210252134312540020212 2 1202411236.212018
014210252134342540020212 1 1202411236.212021
021515202135352040020142 1 1202411236.212044
021515202134312140020142 2 1202411236.212048
021515202135312240020142 1 1202411236.212052
021515202134352240020142 2 1202411236.212056
021515202135352240020142 1 1202411236.212059
021515202135312540020142 1 1202411236.212103
051215232150351040020242 1 1202411236.212107
051110202135302040020242 1 1202411236.212111
051115202135302040020242 1 1202411236.212115
051110202135312040020242 1 1202411236.212118
051215202135312040020242 1 1202411236.212122
051215202135352040020242 1 1202411236.212125
051110202135302140020242 1 1202411236.212129
051110202135312140020242 1 1202411236.212133
051510202135312140020242 1 1202411236.212137
011510202135352140020242 1 1202411236.212141
051110202135302240020242 1 1202411236.212144
051115202135302240020242 1 1202411236.212148
051110202135312240020242 1 1202411236.212152
051210202135312240020242 1 1202411236.212156
051510202135312240020242 1 1202411236.212159
021015202135352240020542 1 1202411236.212208
021115202135352240020542 1 1202411236.212213
