01611020240330424741064120351567 6 1202604175.011714
01611020243330424741064120351567 6 1202604175.011714
01611020244330424741064120351567 6 1202604175.011714
01611020245330424741064120351567 6 1202604175.011715
01611027243330424541062220351567 6 1202604175.012420
01611027243330424546062220351567 6 1202604175.012430
01611027243330424547062220351567 6 1202604175.012437
01211020253330424746064220351567 6 1202604175.012840
01211027243330424741062420351567 6 1202604175.015532
01211027243330424746062420351567 6 1202604175.015543
01211027243330424747062420351567 6 1202604175.015549
01211027243330424741066420351567 6 1202604175.021726
01211027243330424746066420351567 6 1202604175.021736
01211027243330424747066420351567 6 1202604175.021743
01211020203335644247160004251267 2 1202604175.040957
01251000203335644247162004251267 2 1202604175.041444
01211020203335644247162004251267 2 1202604175.041444
01251020203335644247162004251267 2 1202604175.041444
01251030203335644247162004251267 2 1202604175.041445
01251060203335644247162004251267 2 1202604175.041445
01251000213335644247162004251267 2 1202604175.041445
01211020213335644247162004251267 2 1202604175.041446
01251020213335644247162004251267 2 1202604175.041446
01251030213335644247162004251267 2 1202604175.041446
01251060213335644247162004251267 2 1202604175.041447
01211020203335644247166004251267 2 1202604175.042223
01241000213331644241474104251267 2 1202604175.043603
01241020213331644241474104251267 2 1202604175.043603
01241030213331644241474104251267 2 1202604175.043603
01241060213331644241474104251267 2 1202604175.043604
01241000213331644241474204251267 2 1202604175.045209
01241020213331644241474204251267 2 1202604175.045210
01241030213331644241474204251267 2 1202604175.045210
01241060213331644241474204251267 2 1202604175.045210
01241000213331644242474204251267 2 1202604175.045235
01241020213331644242474204251267 2 1202604175.045235
01241030213331644242474204251267 2 1202604175.045236
01241060213331644242474204251267 2 1202604175.045236
01261001213035264347042125311267 2 1202604175.054826
01211020203335644247160004251167 2 1202604175.055611
01471027253335424241170004251167 2 1202604175.055634
01471027253330444241170004251167 2 1202604175.055637
01471027253335444241170004251167 2 1202604175.055640
01251000203335644247162004251167 2 1202604175.060320
01211020203335644247162004251167 2 1202604175.060320
01251020203335644247162004251167 2 1202604175.060321
01251030203335644247162004251167 2 1202604175.060321
01251060203335644247162004251167 2 1202604175.060321
01251000213335644247162004251167 2 1202604175.060321
01211020213335644247162004251167 2 1202604175.060322
01251020213335644247162004251167 2 1202604175.060322
01251030213335644247162004251167 2 1202604175.060322
01251060213335644247162004251167 2 1202604175.060323
01211020203335644247166004251167 2 1202604175.061415
01241006213337444241424204251167 2 1202604175.065215
01251006213337444241424204251167 2 1202604175.065216
01241026213337444241424204251167 2 1202604175.065216
01251026213337444241424204251167 2 1202604175.065217
01241036213337444241424204251167 2 1202604175.065217
01251036213337444241424204251167 2 1202604175.065217
01241066213337444241424204251167 2 1202604175.065218
01251066213337444241424204251167 2 1202604175.065218
01241006213337544241424204251167 2 1202604175.065219
01251006213337544241424204251167 2 1202604175.065219
01241026213337544241424204251167 2 1202604175.065220
01251026213337544241424204251167 2 1202604175.065220
01241036213337544241424204251167 2 1202604175.065220
01251036213337544241424204251167 2 1202604175.065221
01241066213337544241424204251167 2 1202604175.065221
01251066213337544241424204251167 2 1202604175.065221
01241006213337454241424204251167 2 1202604175.065223
01251006213337454241424204251167 2 1202604175.065223
01241026213337454241424204251167 2 1202604175.065223
01251026213337454241424204251167 2 1202604175.065224
01241036213337454241424204251167 2 1202604175.065224
01251036213337454241424204251167 2 1202604175.065224
01241066213337454241424204251167 2 1202604175.065225
01251066213337454241424204251167 2 1202604175.065225
01241006213337554241424204251167 2 1202604175.065226
01251006213337554241424204251167 2 1202604175.065226
01241026213337554241424204251167 2 1202604175.065227
01251026213337554241424204251167 2 1202604175.065227
01241036213337554241424204251167 2 1202604175.065227
01251036213337554241424204251167 2 1202604175.065228
01241066213337554241424204251167 2 1202604175.065228
01251066213337554241424204251167 2 1202604175.065228
01461027253337444242062111071657 2 1202604175.080950
01211027203337444242004111071657 2 1202604175.081246
01211027203337444241044111071657 2 1202604175.081520
01211027253337444242074111071657 2 1202604175.081750
01411055213331444242012411071657 2 1202604175.083648
01411055213336444242012411071657 2 1202604175.083649
01411055213337444242012411071657 2 1202604175.083650
01241005213337444241022411071657 2 1202604175.083729
01241025213337444241022411071657 2 1202604175.083730
01241035213337444241022411071657 2 1202604175.083730
01241055213337444241022411071657 2 1202604175.083730
01241005213337444242022411071657 2 1202604175.083746
01241025213337444242022411071657 2 1202604175.083747
01241035213337444242022411071657 2 1202604175.083747
01241055213337444242022411071657 2 1202604175.083747
01241005213337444246022411071657 2 1202604175.083802
01241025213337444246022411071657 2 1202604175.083802
01241035213337444246022411071657 2 1202604175.083802
01241055213337444246022411071657 2 1202604175.083803
01241005213337444247022411071657 2 1202604175.083818
01241025213337444247022411071657 2 1202604175.083818
01241035213337444247022411071657 2 1202604175.083819
01241055213337444247022411071657 2 1202604175.083819
01241005213336444241042411071657 2 1202604175.083842
01241025213336444241042411071657 2 1202604175.083843
01241035213336444241042411071657 2 1202604175.083843
01241055213336444241042411071657 2 1202604175.083844
01241005213336444242042411071657 2 1202604175.083859
01241025213336444242042411071657 2 1202604175.083900
01241035213336444242042411071657 2 1202604175.083900
01241055213336444242042411071657 2 1202604175.083900
01241005213336444246042411071657 2 1202604175.083915
01241025213336444246042411071657 2 1202604175.083916
01241035213336444246042411071657 2 1202604175.083916
01241055213336444246042411071657 2 1202604175.083916
01241005213336444247042411071657 2 1202604175.083931
01241025213336444247042411071657 2 1202604175.083932
01241035213336444247042411071657 2 1202604175.083932
01241055213336444247042411071657 2 1202604175.083932
01471025213336444241062411071657 2 1202604175.083954
01471025213337444241062411071657 2 1202604175.083956
01471005213336444242062411071657 2 1202604175.084016
01471025213336444242062411071657 2 1202604175.084017
01471035213336444242062411071657 2 1202604175.084018
01411055213336444242062411071657 2 1202604175.084018
01471055213336444242062411071657 2 1202604175.084019
01471005213337444242062411071657 2 1202604175.084020
01471025213337444242062411071657 2 1202604175.084021
01471035213337444242062411071657 2 1202604175.084022
01411055213337444242062411071657 2 1202604175.084023
01471055213337444242062411071657 2 1202604175.084024
01471025213336444241072411071657 2 1202604175.084122
01471025213337444241072411071657 2 1202604175.084123
01471005213336444242072411071657 2 1202604175.084146
01471025213336444242072411071657 2 1202604175.084147
01471035213336444242072411071657 2 1202604175.084148
01411055213336444242072411071657 2 1202604175.084148
01471055213336444242072411071657 2 1202604175.084149
01471005213337444242072411071657 2 1202604175.084150
01471025213337444242072411071657 2 1202604175.084151
01471035213337444242072411071657 2 1202604175.084152
01411055213337444242072411071657 2 1202604175.084152
01471055213337444242072411071657 2 1202604175.084153
01211025213336424241004411071657 2 1202604175.084347
01211025213337424241004411071657 2 1202604175.084348
01211025213336424241064411071657 2 1202604175.084838
01211025213337424241064411071657 2 1202604175.084838
01211025213336424241074411071657 2 1202604175.085002
01211025213337424241074411071657 2 1202604175.085002
01441025213337444242062111051657 2 1202604175.091644
01441027263337444242062111051657 2 1202604175.091650
01461027253331444241072111051657 2 1202604175.091748
01461027253336444241072111051657 2 1202604175.091750
01461027253330044242072111051657 2 1202604175.091812
01241020263337424241024111051657 2 1202604175.092143
01241020263337444241024111051657 2 1202604175.092144
01211027263337424241044111051657 2 1202604175.092249
01211027263336524241044211051657 2 1202604175.093642
01211027203337444241044211051657 2 1202604175.093643
01211027263337444241044211051657 2 1202604175.093643
01211027263337544241044211051657 2 1202604175.093643
01211025203337444242044211051657 2 1202604175.093657
01211027203337444242044211051657 2 1202604175.093658
01411051263337444242002411051657 2 1202604175.094345
01471051263337444242002411051657 2 1202604175.094346
01471007263337444242002411051657 2 1202604175.094350
01471027263337444242002411051657 2 1202604175.094351
01471037263337444242002411051657 2 1202604175.094352
01411057263337444242002411051657 2 1202604175.094352
01471057263337444242002411051657 2 1202604175.094353
01421027263337444241012411051657 2 1202604175.094448
01411057263336444242012411051657 2 1202604175.094502
01411055213337444242012411051657 2 1202604175.094503
01411051263337444242012411051657 2 1202604175.094504
01421051263337444242012411051657 2 1202604175.094504
01411055263337444242012411051657 2 1202604175.094505
01421007263337444242012411051657 2 1202604175.094506
01421027263337444242012411051657 2 1202604175.094506
01411057263337444242012411051657 2 1202604175.094507
01421057263337444242012411051657 2 1202604175.094507
01241005213336444247042411051657 2 1202604175.094807
01241025213336444247042411051657 2 1202604175.094807
01241035213336444247042411051657 2 1202604175.094808
01241055213336444247042411051657 2 1202604175.094808
01471025213336044241062411051657 2 1202604175.094829
01471025263336044241062411051657 2 1202604175.094829
01471025213336244241062411051657 2 1202604175.094830
01471025263336244241062411051657 2 1202604175.094830
01471027263331444241062411051657 2 1202604175.094831
01471025213336444241062411051657 2 1202604175.094831
01471025263336444241062411051657 2 1202604175.094831
01471027263336444241062411051657 2 1202604175.094832
01471025213337444241062411051657 2 1202604175.094833
01471025263337444241062411051657 2 1202604175.094834
01471027263337444241062411051657 2 1202604175.094835
01471025213336544241062411051657 2 1202604175.094835
01471025263336544241062411051657 2 1202604175.094836
01471005213336044242062411051657 2 1202604175.094853
01471025213336044242062411051657 2 1202604175.094853
01471035213336044242062411051657 2 1202604175.094854
01471055213336044242062411051657 2 1202604175.094854
01471005263336044242062411051657 2 1202604175.094854
01471025263336044242062411051657 2 1202604175.094855
01471035263336044242062411051657 2 1202604175.094855
01471055263336044242062411051657 2 1202604175.094855
01471005213336244242062411051657 2 1202604175.094856
01471025213336244242062411051657 2 1202604175.094856
01471035213336244242062411051657 2 1202604175.094856
01471055213336244242062411051657 2 1202604175.094857
01471005263336244242062411051657 2 1202604175.094857
01471025263336244242062411051657 2 1202604175.094857
01471035263336244242062411051657 2 1202604175.094858
01471055263336244242062411051657 2 1202604175.094858
01471005213331444242062411051657 2 1202604175.094901
01471025213331444242062411051657 2 1202604175.094901
01471035213331444242062411051657 2 1202604175.094901
01471055213331444242062411051657 2 1202604175.094902
01471051263331444242062411051657 2 1202604175.094902
01471007263331444242062411051657 2 1202604175.094904
01471027263331444242062411051657 2 1202604175.094904
01471037263331444242062411051657 2 1202604175.094905
01411057263331444242062411051657 2 1202604175.094905
01471057263331444242062411051657 2 1202604175.094906
01471005213336444242062411051657 2 1202604175.094907
01471025213336444242062411051657 2 1202604175.094907
01471035213336444242062411051657 2 1202604175.094907
01471055213336444242062411051657 2 1202604175.094907
01471051263336444242062411051657 2 1202604175.094908
01471005263336444242062411051657 2 1202604175.094908
01471025263336444242062411051657 2 1202604175.094909
01471035263336444242062411051657 2 1202604175.094909
01471055263336444242062411051657 2 1202604175.094909
01471007263336444242062411051657 2 1202604175.094911
01471027263336444242062411051657 2 1202604175.094912
01471037263336444242062411051657 2 1202604175.094913
01411057263336444242062411051657 2 1202604175.094913
01471057263336444242062411051657 2 1202604175.094914
01471005213337444242062411051657 2 1202604175.094915
01471025213337444242062411051657 2 1202604175.094916
01471035213337444242062411051657 2 1202604175.094916
01411055213337444242062411051657 2 1202604175.094917
01471055213337444242062411051657 2 1202604175.094917
01411051263337444242062411051657 2 1202604175.094919
01471051263337444242062411051657 2 1202604175.094920
01471005263337444242062411051657 2 1202604175.094921
01471025263337444242062411051657 2 1202604175.094922
01471035263337444242062411051657 2 1202604175.094922
01411055263337444242062411051657 2 1202604175.094923
01471055263337444242062411051657 2 1202604175.094924
01471007263337444242062411051657 2 1202604175.094926
01471027263337444242062411051657 2 1202604175.094927
01471037263337444242062411051657 2 1202604175.094928
01411057263337444242062411051657 2 1202604175.094928
01471057263337444242062411051657 2 1202604175.094929
01471005213336544242062411051657 2 1202604175.094929
01471025213336544242062411051657 2 1202604175.094930
01471035213336544242062411051657 2 1202604175.094930
01471055213336544242062411051657 2 1202604175.094930
01471005263336544242062411051657 2 1202604175.094931
01471025263336544242062411051657 2 1202604175.094931
01471035263336544242062411051657 2 1202604175.094931
01471055263336544242062411051657 2 1202604175.094932
01471027263330444241072411051657 2 1202604175.095030
01471027263331444241072411051657 2 1202604175.095031
01471025213336444241072411051657 2 1202604175.095031
01471025263336444241072411051657 2 1202604175.095032
01471027263336444241072411051657 2 1202604175.095034
01471025213337444241072411051657 2 1202604175.095035
01471025263337444241072411051657 2 1202604175.095036
01421027263337444241072411051657 2 1202604175.095036
01471027263337444241072411051657 2 1202604175.095037
01471005213336444242072411051657 2 1202604175.095117
01471025213336444242072411051657 2 1202604175.095118
01471035213336444242072411051657 2 1202604175.095119
01411055213336444242072411051657 2 1202604175.095119
01471055213336444242072411051657 2 1202604175.095120
01411051263336444242072411051657 2 1202604175.095121
01471051263336444242072411051657 2 1202604175.095122
01471005263336444242072411051657 2 1202604175.095123
01471025263336444242072411051657 2 1202604175.095123
01471035263336444242072411051657 2 1202604175.095124
01411055263336444242072411051657 2 1202604175.095124
01471055263336444242072411051657 2 1202604175.095125
01471007263336444242072411051657 2 1202604175.095127
01471027263336444242072411051657 2 1202604175.095128
01471037263336444242072411051657 2 1202604175.095129
01411057263336444242072411051657 2 1202604175.095129
01471057263336444242072411051657 2 1202604175.095130
01471005213337444242072411051657 2 1202604175.095131
01471025213337444242072411051657 2 1202604175.095132
01471035213337444242072411051657 2 1202604175.095133
01411055213337444242072411051657 2 1202604175.095134
01471055213337444242072411051657 2 1202604175.095135
01411051263337444242072411051657 2 1202604175.095136
01421051263337444242072411051657 2 1202604175.095136
01471051263337444242072411051657 2 1202604175.095137
01471005263337444242072411051657 2 1202604175.095138
01471025263337444242072411051657 2 1202604175.095139
01471035263337444242072411051657 2 1202604175.095139
01411055263337444242072411051657 2 1202604175.095140
01471055263337444242072411051657 2 1202604175.095140
01421007263337444242072411051657 2 1202604175.095143
01471007263337444242072411051657 2 1202604175.095143
01421027263337444242072411051657 2 1202604175.095144
01471027263337444242072411051657 2 1202604175.095144
01421037263337444242072411051657 2 1202604175.095145
01471037263337444242072411051657 2 1202604175.095145
01411057263337444242072411051657 2 1202604175.095146
01421057263337444242072411051657 2 1202604175.095146
01471057263337444242072411051657 2 1202604175.095147
01211025213337024241004411051657 2 1202604175.095330
01211025263337024241004411051657 2 1202604175.095330
01211025213337224241004411051657 2 1202604175.095331
01211025263337224241004411051657 2 1202604175.095331
01211025213337424241004411051657 2 1202604175.095332
01211025263337424241004411051657 2 1202604175.095332
01211025213337524241004411051657 2 1202604175.095332
01211025263337524241004411051657 2 1202604175.095333
01211027263337424241014411051657 2 1202604175.095454
01211025263337424241024411051657 2 1202604175.095558
01211027263337444241024411051657 2 1202604175.095559
01211027203337444242024411051657 2 1202604175.095613
01211025263337444241044411051657 2 1202604175.095716
01211027263337444241044411051657 2 1202604175.095716
01211025263337424241064411051657 2 1202604175.095826
01211025213337424241074411051657 2 1202604175.095939
01211025263337424241074411051657 2 1202604175.095939
01211027263337424241074411051657 2 1202604175.095940
01261025213337444241074412051557 2 1202604175.103521
01211027263336524241044211051357 2 1202604175.111349
01411057263336444242012411051357 2 1202604175.112151
01241005213336444247042411051357 2 1202604175.112434
01241025213336444247042411051357 2 1202604175.112434
01241035213336444247042411051357 2 1202604175.112435
01241055213336444247042411051357 2 1202604175.112435
01471025213336044241062411051357 2 1202604175.112456
01471025263336044241062411051357 2 1202604175.112456
01471025213336244241062411051357 2 1202604175.112457
01471025263336244241062411051357 2 1202604175.112457
01471027263331444241062411051357 2 1202604175.112458
01471025213336444241062411051357 2 1202604175.112458
01471025263336444241062411051357 2 1202604175.112459
01471027263336444241062411051357 2 1202604175.112459
01471025213336544241062411051357 2 1202604175.112500
01471025263336544241062411051357 2 1202604175.112500
01471005213336044242062411051357 2 1202604175.112518
01471025213336044242062411051357 2 1202604175.112518
01471035213336044242062411051357 2 1202604175.112518
01471055213336044242062411051357 2 1202604175.112519
01471005263336044242062411051357 2 1202604175.112519
01471025263336044242062411051357 2 1202604175.112519
01471035263336044242062411051357 2 1202604175.112520
01471055263336044242062411051357 2 1202604175.112520
01471005213336244242062411051357 2 1202604175.112520
01471025213336244242062411051357 2 1202604175.112521
01471035213336244242062411051357 2 1202604175.112521
01471055213336244242062411051357 2 1202604175.112521
01471005263336244242062411051357 2 1202604175.112522
01471025263336244242062411051357 2 1202604175.112522
01471035263336244242062411051357 2 1202604175.112522
01471055263336244242062411051357 2 1202604175.112523
01471005213331444242062411051357 2 1202604175.112525
01471025213331444242062411051357 2 1202604175.112526
01471035213331444242062411051357 2 1202604175.112526
01471055213331444242062411051357 2 1202604175.112526
01471051263331444242062411051357 2 1202604175.112527
01471007263331444242062411051357 2 1202604175.112528
01471027263331444242062411051357 2 1202604175.112529
01471037263331444242062411051357 2 1202604175.112530
01411057263331444242062411051357 2 1202604175.112530
01471057263331444242062411051357 2 1202604175.112531
01471005213336444242062411051357 2 1202604175.112531
01471025213336444242062411051357 2 1202604175.112532
01471035213336444242062411051357 2 1202604175.112532
01471055213336444242062411051357 2 1202604175.112532
01471051263336444242062411051357 2 1202604175.112533
01471005263336444242062411051357 2 1202604175.112533
01471025263336444242062411051357 2 1202604175.112534
01471035263336444242062411051357 2 1202604175.112534
01471055263336444242062411051357 2 1202604175.112534
01471007263336444242062411051357 2 1202604175.112536
01471027263336444242062411051357 2 1202604175.112537
01471037263336444242062411051357 2 1202604175.112538
01411057263336444242062411051357 2 1202604175.112538
01471057263336444242062411051357 2 1202604175.112539
01471005213336544242062411051357 2 1202604175.112539
01471025213336544242062411051357 2 1202604175.112539
01471035213336544242062411051357 2 1202604175.112540
01471055213336544242062411051357 2 1202604175.112540
01471005263336544242062411051357 2 1202604175.112540
01471025263336544242062411051357 2 1202604175.112541
01471035263336544242062411051357 2 1202604175.112541
01471055263336544242062411051357 2 1202604175.112541
01471027263330444241072411051357 2 1202604175.112640
01471027263331444241072411051357 2 1202604175.112640
01471027263336444241072411051357 2 1202604175.112642
01411051263336444242072411051357 2 1202604175.112712
01471051263336444242072411051357 2 1202604175.112713
01471007263336444242072411051357 2 1202604175.112714
01471027263336444242072411051357 2 1202604175.112715
01471037263336444242072411051357 2 1202604175.112716
01411057263336444242072411051357 2 1202604175.112716
01471057263336444242072411051357 2 1202604175.112717
01241005213337444246042412071157 2 1202604175.125459
01241025213337444246042412071157 2 1202604175.125459
01241035213337444246042412071157 2 1202604175.125459
01241055213337444246042412071157 2 1202604175.125500
01211027263331424241014415351057 2 1202604175.135946
01211027263337424241014415351057 2 1202604175.135946
01241020263736424241024111051637 2 1202604175.144045
01241020263736424241044111051637 2 1202604175.144140
01241020263736424241024211051637 2 1202604175.145846
01241005213336444247042411051637 2 1202604175.151619
01241025213336444247042411051637 2 1202604175.151619
01241035213336444247042411051637 2 1202604175.151620
01241055213336444247042411051637 2 1202604175.151620
01211025263737424241004411051637 2 1202604175.151922
01241020263736424241024411051637 2 1202604175.152120
01241020263736424241044411051637 2 1202604175.152225
01241020263736424241024111051537 2 1202604175.154931
01241020263736424241044111051537 2 1202604175.155025
01241020263736424241024211051537 2 1202604175.160723
01241005213336444247042411051537 2 1202604175.162417
01241025213336444247042411051537 2 1202604175.162417
01241035213336444247042411051537 2 1202604175.162418
01241055213336444247042411051537 2 1202604175.162418
01241020263736424241024411051537 2 1202604175.162907
01241020263736424241044411051537 2 1202604175.163011
01241000253335444247160005451527 2 1202604186.024340
01241020253335444247160005451527 2 1202604186.024341
01241030253335444247160005451527 2 1202604186.024341
01241060253335444247160005451527 2 1202604186.024342
01241061253335444247160005451527 2 1202604186.024343
01241006253335444247160005451527 2 1202604186.024345
01241026253335444247160005451527 2 1202604186.024345
01241036253335444247160005451527 2 1202604186.024345
01241066253335444247160005451527 2 1202604186.024346
01271061203331644247160105451527 2 1202604186.030222
01271066203331644247160105451527 2 1202604186.030223
01211066213331644247160205451527 2 1202604186.032007
01271061203331644242160505451527 2 1202604186.035901
01211066213331644247160505451527 2 1202604186.035933
01261001213035264347002125451527 2 1202604186.041643
01261001213035664347002125451527 2 1202604186.041643
01261001213035264347022125451527 2 1202604186.041819
01261001213035664347022125451527 2 1202604186.041820
01261001213035264347042125451527 2 1202604186.041950
01261001213035664347042125451527 2 1202604186.041950
01261001213035264341072125451527 2 1202604186.041956
01261001213035664341072125451527 2 1202604186.041956
01261001213035264342072125451527 2 1202604186.042001
01261001213035664342072125451527 2 1202604186.042002
01261001213035264346072125451527 2 1202604186.042007
01261001213035664346072125451527 2 1202604186.042008
01261001213035264347072125451527 2 1202604186.042013
01261001213035664347072125451527 2 1202604186.042014
01411066253335424247110000251127 2 1202604186.072912
01511026243330024047203402251607 5 1202604186.103048
01511026243330224047203402251607 5 1202604186.103049
01511026243330424047203402251607 5 1202604186.103049
01511026243330024147203402251607 5 1202604186.103050
01511026243330224147203402251607 5 1202604186.103050
01511026243330424147203402251607 5 1202604186.103051
01441025253337024241160005211507 2 1202604186.123033
01441027253337024241160005211507 2 1202604186.123034
01441020253337424241160005211507 2 1202604186.123035
01441025253337424241160005211507 2 1202604186.123035
01441027253337424241160005211507 2 1202604186.123036
01441020263337044241160005211507 2 1202604186.123037
01441025263337044241160005211507 2 1202604186.123037
01441027263337044241160005211507 2 1202604186.123037
01411060253337424245112005211507 2 1202604186.123336
01441027253337024241162005211507 2 1202604186.123558
01441020253337424241162005211507 2 1202604186.123559
01441027253337424241162005211507 2 1202604186.123559
01441020263337044241162005211507 2 1202604186.123600
01441027263337044241162005211507 2 1202604186.123600
01411060253337024245162005211507 2 1202604186.123630
01441062253337024245162005211507 2 1202604186.123631
01441066253337024245162005211507 2 1202604186.123631
01441027253337024245162005211507 2 1202604186.123631
01441067253337024245162005211507 2 1202604186.123632
01441020253337424245162005211507 2 1202604186.123633
01441027253337424245162005211507 2 1202604186.123634
01441066253337044245162005211507 2 1202604186.123637
01441020263337044245162005211507 2 1202604186.123637
01441027263337044245162005211507 2 1202604186.123638
01441067253331444245162005211507 2 1202604186.123640
01441027253337024241163005211507 2 1202604186.124109
01441020253337424241163005211507 2 1202604186.124110
01441027253337424241163005211507 2 1202604186.124111
01441020263337044241163005211507 2 1202604186.124112
01441027263337044241163005211507 2 1202604186.124112
01451020253337024241166005211507 2 1202604186.124719
01441027253337024241166005211507 2 1202604186.124720
01451027253337024241166005211507 2 1202604186.124721
01441020253337424241166005211507 2 1202604186.124721
01441027253337424241166005211507 2 1202604186.124722
01451027263335044241166005211507 2 1202604186.124722
01441020263337044241166005211507 2 1202604186.124723
01441027263337044241166005211507 2 1202604186.124723
01451027263337044241166005211507 2 1202604186.124724
01451025263337044242166005211507 2 1202604186.124741
01451026213331044241176005211507 2 1202604186.124833
01451026213331244241176005211507 2 1202604186.124833
01451026213331444241176005211507 2 1202604186.124834
01451026213331644241176005211507 2 1202604186.124835
01471026263331444241110105211507 2 1202604186.124956
01471026263331444241112105211507 2 1202604186.125733
01471026263331444245112105211507 2 1202604186.125802
01251061203335444245162107441107 2 1202604186.170453
01411055213337644242012407441107 2 1202604186.182819
01411055213331444242062407441107 2 1202604186.183148
01411055213337444242062407441107 2 1202604186.183153
01411055213336644242072407441107 2 1202604186.183335
01411055213337644242072407441107 2 1202604186.183336
01211000213336544241044407441107 2 1202604186.183959
01271000213336544241044407441107 2 1202604186.184000
01271020213336544241044407441107 2 1202604186.184000
01271030213336544241044407441107 2 1202604186.184000
01271050213336544241044407441107 2 1202604186.184001
01271060213336544241044407441107 2 1202604186.184001
01211000213336544242044407441107 2 1202604186.184020
01271000213336544242044407441107 2 1202604186.184021
01271020213336544242044407441107 2 1202604186.184021
01271030213336544242044407441107 2 1202604186.184021
01271050213336544242044407441107 2 1202604186.184022
01271060213336544242044407441107 2 1202604186.184022
01211000213336544247044407441107 2 1202604186.184041
01271000213336544247044407441107 2 1202604186.184041
01271020213336544247044407441107 2 1202604186.184041
01271030213336544247044407441107 2 1202604186.184042
01271050213336544247044407441107 2 1202604186.184042
01271060213336544247044407441107 2 1202604186.184042
01221001253035224346002127441107 6 1202604186.184857
01221007253035224346002127441107 6 1202604186.184857
01221001253035224346042127441107 6 1202604186.185045
01221007253035224346042127441107 6 1202604186.185046
01221001253035224341062127441107 6 1202604186.185053
01221007253035224341062127441107 6 1202604186.185054
01221001253035224342062127441107 6 1202604186.185058
01221007253035224342062127441107 6 1202604186.185058
01221001253035224346062127441107 6 1202604186.185102
01221007253035224346062127441107 6 1202604186.185103
01221001253035224347062127441107 6 1202604186.185107
01221007253035224347062127441107 6 1202604186.185108
01221001253035224346072127441107 6 1202604186.185133
01221007253035224346072127441107 6 1202604186.185133
01621055243430004741002121453666 6 1202604186.195850
01621055243430204741002121453666 6 1202604186.195850
01621055243430404741002121453666 6 1202604186.195851
01621055243430504741002121453666 6 1202604186.195851
01621055243430604741002121453666 6 1202604186.195851
01621055243430014741002121453666 6 1202604186.195852
01621055243430214741002121453666 6 1202604186.195852
01621055243430414741002121453666 6 1202604186.195852
01621055243430514741002121453666 6 1202604186.195853
01621055243430614741002121453666 6 1202604186.195853
01621055243430024741002121453666 6 1202604186.195853
01621055243430224741002121453666 6 1202604186.195854
01621055243430424741002121453666 6 1202604186.195854
01621055243430524741002121453666 6 1202604186.195855
01621055243430624741002121453666 6 1202604186.195855
01621055243430044741002121453666 6 1202604186.195855
01621055243430244741002121453666 6 1202604186.195856
01621055243430444741002121453666 6 1202604186.195856
01621055243430544741002121453666 6 1202604186.195856
01621055243430644741002121453666 6 1202604186.195857
01621055243430054741002121453666 6 1202604186.195857
01621055243430254741002121453666 6 1202604186.195858
01621055243430454741002121453666 6 1202604186.195858
01621055243430554741002121453666 6 1202604186.195858
01621055243430654741002121453666 6 1202604186.195859
01621055243430064741002121453666 6 1202604186.195859
01621055243430264741002121453666 6 1202604186.195900
01621055243430464741002121453666 6 1202604186.195900
01621055243430564741002121453666 6 1202604186.195900
01621055243430664741002121453666 6 1202604186.195901
01411050273030004242002121453666 6 1202604186.195903
01411050273030204242002121453666 6 1202604186.195903
01411050273030404242002121453666 6 1202604186.195903
01411050273030504242002121453666 6 1202604186.195904
01411050273030604242002121453666 6 1202604186.195904
01411050273030214242002121453666 6 1202604186.195905
01411050273030614242002121453666 6 1202604186.195905
01411050273030054242002121453666 6 1202604186.195906
01411050273030254242002121453666 6 1202604186.195906
01411050273030454242002121453666 6 1202604186.195907
01411050273030554242002121453666 6 1202604186.195907
01411050273030654242002121453666 6 1202604186.195907
01411050273030064242002121453666 6 1202604186.195908
01411050273030264242002121453666 6 1202604186.195908
01411050273030464242002121453666 6 1202604186.195908
01411050273030564242002121453666 6 1202604186.195909
01411050273030664242002121453666 6 1202604186.195909
01621055243430004746002121453666 6 1202604186.195916
01621055243430204746002121453666 6 1202604186.195917
01621055243430404746002121453666 6 1202604186.195917
01621055243430504746002121453666 6 1202604186.195917
01621055243430604746002121453666 6 1202604186.195918
01621055243430014746002121453666 6 1202604186.195918
01621055243430214746002121453666 6 1202604186.195919
01621055243430414746002121453666 6 1202604186.195919
01621055243430514746002121453666 6 1202604186.195919
01621055243430614746002121453666 6 1202604186.195920
01621055243430024746002121453666 6 1202604186.195920
01621055243430224746002121453666 6 1202604186.195920
01621055243430424746002121453666 6 1202604186.195921
01621055243430524746002121453666 6 1202604186.195921
01621055243430624746002121453666 6 1202604186.195921
01621055243430044746002121453666 6 1202604186.195922
01621055243430244746002121453666 6 1202604186.195922
01621055243430444746002121453666 6 1202604186.195923
01621055243430544746002121453666 6 1202604186.195923
01621055243430644746002121453666 6 1202604186.195923
01621055243430054746002121453666 6 1202604186.195924
01621055243430254746002121453666 6 1202604186.195924
01621055243430454746002121453666 6 1202604186.195924
01621055243430554746002121453666 6 1202604186.195925
01621055243430654746002121453666 6 1202604186.195925
01621055243430064746002121453666 6 1202604186.195926
01621055243430264746002121453666 6 1202604186.195926
01621055243430464746002121453666 6 1202604186.195926
01621055243430564746002121453666 6 1202604186.195927
01621055243430664746002121453666 6 1202604186.195927
01621055243430004741022121453666 6 1202604186.200018
01621055243430204741022121453666 6 1202604186.200018
01621055243430404741022121453666 6 1202604186.200019
01621055243430504741022121453666 6 1202604186.200019
01621055243430604741022121453666 6 1202604186.200019
01621055243430014741022121453666 6 1202604186.200020
01621055243430214741022121453666 6 1202604186.200020
01621055243430414741022121453666 6 1202604186.200020
01621055243430514741022121453666 6 1202604186.200021
01621055243430614741022121453666 6 1202604186.200021
01621055243430024741022121453666 6 1202604186.200021
01621055243430224741022121453666 6 1202604186.200022
01621055243430424741022121453666 6 1202604186.200022
01621055243430524741022121453666 6 1202604186.200023
01621055243430624741022121453666 6 1202604186.200023
01621055243430044741022121453666 6 1202604186.200023
01621055243430244741022121453666 6 1202604186.200024
01621055243430444741022121453666 6 1202604186.200024
01621055243430544741022121453666 6 1202604186.200024
01621055243430644741022121453666 6 1202604186.200025
01621055243430054741022121453666 6 1202604186.200025
01621055243430254741022121453666 6 1202604186.200026
01621055243430454741022121453666 6 1202604186.200026
01621055243430554741022121453666 6 1202604186.200026
01621055243430654741022121453666 6 1202604186.200027
01621055243430064741022121453666 6 1202604186.200027
01621055243430264741022121453666 6 1202604186.200027
01621055243430464741022121453666 6 1202604186.200028
01621055243430564741022121453666 6 1202604186.200028
01621055243430664741022121453666 6 1202604186.200028
01411050273030004242022121453666 6 1202604186.200030
01411050273030204242022121453666 6 1202604186.200030
01411050273030404242022121453666 6 1202604186.200031
01411050273030504242022121453666 6 1202604186.200031
01411050273030604242022121453666 6 1202604186.200032
01411050273030214242022121453666 6 1202604186.200032
01411050273030614242022121453666 6 1202604186.200032
01411050273030054242022121453666 6 1202604186.200033
01411050273030254242022121453666 6 1202604186.200033
01411050273030454242022121453666 6 1202604186.200033
01411050273030554242022121453666 6 1202604186.200034
01411050273030654242022121453666 6 1202604186.200034
01411050273030064242022121453666 6 1202604186.200034
01411050273030264242022121453666 6 1202604186.200035
01411050273030464242022121453666 6 1202604186.200035
01411050273030564242022121453666 6 1202604186.200035
01411050273030664242022121453666 6 1202604186.200036
01411050273034214542022121453666 6 1202604186.200037
01411050273034064542022121453666 6 1202604186.200037
01411050273134064542022121453666 6 1202604186.200038
01411050273334064542022121453666 6 1202604186.200038
01411050273534064542022121453666 6 1202604186.200039
01411050273034264542022121453666 6 1202604186.200039
01411050273134264542022121453666 6 1202604186.200039
01411050273334264542022121453666 6 1202604186.200040
01411050273534264542022121453666 6 1202604186.200040
01411050273034464542022121453666 6 1202604186.200040
01411050273134464542022121453666 6 1202604186.200041
01411050273334464542022121453666 6 1202604186.200041
01411050273534464542022121453666 6 1202604186.200041
01411050273034564542022121453666 6 1202604186.200042
01411050273134564542022121453666 6 1202604186.200042
01411050273334564542022121453666 6 1202604186.200042
01411050273534564542022121453666 6 1202604186.200043
01411050273034664542022121453666 6 1202604186.200043
01411050273134664542022121453666 6 1202604186.200043
01411050273334664542022121453666 6 1202604186.200044
01411050273534664542022121453666 6 1202604186.200044
01621055243430004746022121453666 6 1202604186.200048
01621055243430204746022121453666 6 1202604186.200049
01621055243430404746022121453666 6 1202604186.200049
01621055243430504746022121453666 6 1202604186.200050
01621055243430604746022121453666 6 1202604186.200050
01621055243430014746022121453666 6 1202604186.200050
01621055243430214746022121453666 6 1202604186.200051
01621055243430414746022121453666 6 1202604186.200051
01621055243430514746022121453666 6 1202604186.200051
01621055243430614746022121453666 6 1202604186.200052
01621055243430024746022121453666 6 1202604186.200052
01621055243430224746022121453666 6 1202604186.200053
01621055243430424746022121453666 6 1202604186.200053
01621055243430524746022121453666 6 1202604186.200053
01621055243430624746022121453666 6 1202604186.200054
01621055243430044746022121453666 6 1202604186.200054
01621055243430244746022121453666 6 1202604186.200054
01621055243430444746022121453666 6 1202604186.200055
01621055243430544746022121453666 6 1202604186.200055
01621055243430644746022121453666 6 1202604186.200056
01621055243430054746022121453666 6 1202604186.200056
01621055243430254746022121453666 6 1202604186.200056
01621055243430454746022121453666 6 1202604186.200057
01621055243430554746022121453666 6 1202604186.200057
01621055243430654746022121453666 6 1202604186.200057
01621055243430064746022121453666 6 1202604186.200058
01621055243430264746022121453666 6 1202604186.200058
01621055243430464746022121453666 6 1202604186.200059
01621055243430564746022121453666 6 1202604186.200059
01621055243430664746022121453666 6 1202604186.200059
01411050273030004242042121453666 6 1202604186.200126
01411050273030204242042121453666 6 1202604186.200127
01411050273030404242042121453666 6 1202604186.200127
01411050273030504242042121453666 6 1202604186.200127
01411050273030604242042121453666 6 1202604186.200128
01411050273030214242042121453666 6 1202604186.200128
01411050273030614242042121453666 6 1202604186.200129
01411050273030054242042121453666 6 1202604186.200129
01411050273030254242042121453666 6 1202604186.200130
01411050273030454242042121453666 6 1202604186.200130
01411050273030554242042121453666 6 1202604186.200130
01411050273030654242042121453666 6 1202604186.200131
01411050273030064242042121453666 6 1202604186.200131
01411050273030264242042121453666 6 1202604186.200131
01411050273030464242042121453666 6 1202604186.200132
01411050273030564242042121453666 6 1202604186.200132
01411050273030664242042121453666 6 1202604186.200133
01411050273030004242062121453666 6 1202604186.200146
01411050273030204242062121453666 6 1202604186.200147
01411050273030404242062121453666 6 1202604186.200147
01411050273030504242062121453666 6 1202604186.200148
01411050273030604242062121453666 6 1202604186.200148
01411050273030214242062121453666 6 1202604186.200148
01411050273030614242062121453666 6 1202604186.200149
01411050273030054242062121453666 6 1202604186.200149
01411050273030254242062121453666 6 1202604186.200150
01411050273030454242062121453666 6 1202604186.200150
01411050273030554242062121453666 6 1202604186.200150
01411050273030654242062121453666 6 1202604186.200151
01411050273030064242062121453666 6 1202604186.200151
01411050273030264242062121453666 6 1202604186.200151
01411050273030464242062121453666 6 1202604186.200152
01411050273030564242062121453666 6 1202604186.200152
01411050273030664242062121453666 6 1202604186.200152
01211005273034604542024121453666 6 1202604186.200346
01211005273534214542024121453666 6 1202604186.200347
01211005273034614542024121453666 6 1202604186.200347
01211005273134614542024121453666 6 1202604186.200347
01211005273334614542024121453666 6 1202604186.200348
01211005273534614542024121453666 6 1202604186.200348
01211005273034064542024121453666 6 1202604186.200349
01211005273134064542024121453666 6 1202604186.200349
01211005273334064542024121453666 6 1202604186.200349
01211005273534064542024121453666 6 1202604186.200350
01211005273034264542024121453666 6 1202604186.200350
01211005273134264542024121453666 6 1202604186.200350
01211005273334264542024121453666 6 1202604186.200351
01211005273534264542024121453666 6 1202604186.200351
01211005273034464542024121453666 6 1202604186.200352
01211005273134464542024121453666 6 1202604186.200352
01211005273334464542024121453666 6 1202604186.200352
01211005273534464542024121453666 6 1202604186.200353
01211005273034564542024121453666 6 1202604186.200353
01211005273134564542024121453666 6 1202604186.200353
01211005273334564542024121453666 6 1202604186.200354
01211005273534564542024121453666 6 1202604186.200354
01211005273034664542024121453666 6 1202604186.200354
01211005273134664542024121453666 6 1202604186.200355
01211005273334664542024121453666 6 1202604186.200355
01211005273534664542024121453666 6 1202604186.200355
01211025233430004741002221453666 6 1202604186.200754
01211025233430204741002221453666 6 1202604186.200754
01211025233430404741002221453666 6 1202604186.200755
01211025233430504741002221453666 6 1202604186.200755
01211025233430604741002221453666 6 1202604186.200756
01211025233430014741002221453666 6 1202604186.200756
01211025233430214741002221453666 6 1202604186.200756
01211025233430414741002221453666 6 1202604186.200757
01211025233430514741002221453666 6 1202604186.200757
01211025233430614741002221453666 6 1202604186.200758
01211025233430044741002221453666 6 1202604186.200758
01211025233430244741002221453666 6 1202604186.200759
01211025233430444741002221453666 6 1202604186.200759
01211025233430544741002221453666 6 1202604186.200759
01211025233430644741002221453666 6 1202604186.200800
01211025233430054741002221453666 6 1202604186.200800
01211025233430254741002221453666 6 1202604186.200801
01211025233430454741002221453666 6 1202604186.200801
01211025233430554741002221453666 6 1202604186.200801
01211025233430654741002221453666 6 1202604186.200802
01211025233430064741002221453666 6 1202604186.200802
01211025233430264741002221453666 6 1202604186.200803
01211025233430464741002221453666 6 1202604186.200803
01211025233430564741002221453666 6 1202604186.200804
01211025233430664741002221453666 6 1202604186.200804
01211025233430004742002221453666 6 1202604186.200808
01211025233430204742002221453666 6 1202604186.200808
01211025233430404742002221453666 6 1202604186.200809
01211025233430504742002221453666 6 1202604186.200809
01211025233430604742002221453666 6 1202604186.200809
01211025233430014742002221453666 6 1202604186.200810
01211025233430214742002221453666 6 1202604186.200810
01211025233430414742002221453666 6 1202604186.200811
01211025233430514742002221453666 6 1202604186.200811
01211025233430614742002221453666 6 1202604186.200811
01211025233430044742002221453666 6 1202604186.200812
01211025233430244742002221453666 6 1202604186.200812
01211025233430444742002221453666 6 1202604186.200813
01211025233430544742002221453666 6 1202604186.200813
01211025233430644742002221453666 6 1202604186.200814
01211025233430054742002221453666 6 1202604186.200814
01211025233430254742002221453666 6 1202604186.200814
01211025233430454742002221453666 6 1202604186.200815
01211025233430554742002221453666 6 1202604186.200815
01211025233430654742002221453666 6 1202604186.200816
01211025233430064742002221453666 6 1202604186.200816
01211025233430264742002221453666 6 1202604186.200816
01211025233430464742002221453666 6 1202604186.200817
01211025233430564742002221453666 6 1202604186.200817
01211025233430664742002221453666 6 1202604186.200817
01211025233430004746002221453666 6 1202604186.200822
01211025233430204746002221453666 6 1202604186.200822
01211025233430404746002221453666 6 1202604186.200823
01211025233430504746002221453666 6 1202604186.200823
01211025233430604746002221453666 6 1202604186.200824
01211025233430014746002221453666 6 1202604186.200824
01211025233430214746002221453666 6 1202604186.200824
01211025233430414746002221453666 6 1202604186.200825
01211025233430514746002221453666 6 1202604186.200825
01211025233430614746002221453666 6 1202604186.200826
01211025233430044746002221453666 6 1202604186.200826
01211025233430244746002221453666 6 1202604186.200827
01211025233430444746002221453666 6 1202604186.200827
01211025233430544746002221453666 6 1202604186.200828
01211025233430644746002221453666 6 1202604186.200828
01211025233430054746002221453666 6 1202604186.200828
01211025233430254746002221453666 6 1202604186.200829
01211025233430454746002221453666 6 1202604186.200829
01211025233430554746002221453666 6 1202604186.200830
01211025233430654746002221453666 6 1202604186.200830
01211025233430064746002221453666 6 1202604186.200830
01211025233430264746002221453666 6 1202604186.200831
01211025233430464746002221453666 6 1202604186.200831
01211025233430564746002221453666 6 1202604186.200832
01211025233430664746002221453666 6 1202604186.200832
01611025233430004741012221453666 6 1202604186.200841
01611025243430004741012221453666 6 1202604186.200841
01611025233430204741012221453666 6 1202604186.200841
01611025243430204741012221453666 6 1202604186.200842
01611025233430404741012221453666 6 1202604186.200842
01611025243430404741012221453666 6 1202604186.200843
01611025233430504741012221453666 6 1202604186.200843
01611025243430504741012221453666 6 1202604186.200843
01611025233430604741012221453666 6 1202604186.200844
01611025243430604741012221453666 6 1202604186.200844
01611025233430014741012221453666 6 1202604186.200845
01611025243430014741012221453666 6 1202604186.200845
01611025233430214741012221453666 6 1202604186.200846
01611025243430214741012221453666 6 1202604186.200846
01611025233430414741012221453666 6 1202604186.200846
01611025243430414741012221453666 6 1202604186.200847
01611025233430514741012221453666 6 1202604186.200847
01611025243430514741012221453666 6 1202604186.200848
01611025233430614741012221453666 6 1202604186.200848
01611025243430614741012221453666 6 1202604186.200848
01611025243430024741012221453666 6 1202604186.200849
01611025243430224741012221453666 6 1202604186.200849
01211051203530224741012221453666 6 1202604186.200850
01611025243430424741012221453666 6 1202604186.200850
01611025243430524741012221453666 6 1202604186.200851
01611025243430624741012221453666 6 1202604186.200851
01211051203530624741012221453666 6 1202604186.200852
01611025233430044741012221453666 6 1202604186.200852
01611025243430044741012221453666 6 1202604186.200852
01611025233430244741012221453666 6 1202604186.200853
01611025243430244741012221453666 6 1202604186.200853
01611025233430444741012221453666 6 1202604186.200854
01611025243430444741012221453666 6 1202604186.200854
01611025233430544741012221453666 6 1202604186.200855
01611025243430544741012221453666 6 1202604186.200855
01611025233430644741012221453666 6 1202604186.200855
01611025243430644741012221453666 6 1202604186.200856
01611025233430054741012221453666 6 1202604186.200856
01611025243430054741012221453666 6 1202604186.200857
01611025233430254741012221453666 6 1202604186.200857
01611025243430254741012221453666 6 1202604186.200857
01611025233430454741012221453666 6 1202604186.200858
01611025243430454741012221453666 6 1202604186.200858
01611025233430554741012221453666 6 1202604186.200859
01611025243430554741012221453666 6 1202604186.200859
01611025233430654741012221453666 6 1202604186.200900
01611025243430654741012221453666 6 1202604186.200900
01611025233430064741012221453666 6 1202604186.200900
01611025243430064741012221453666 6 1202604186.200901
01611025233430264741012221453666 6 1202604186.200901
01611025243430264741012221453666 6 1202604186.200902
01611025233430464741012221453666 6 1202604186.200902
01611025243430464741012221453666 6 1202604186.200902
01611025233430564741012221453666 6 1202604186.200903
01611025243430564741012221453666 6 1202604186.200903
01611025233430664741012221453666 6 1202604186.200904
01611025243430664741012221453666 6 1202604186.200904
01611025233430004742012221453666 6 1202604186.200907
01611025233430204742012221453666 6 1202604186.200907
01611025233430404742012221453666 6 1202604186.200908
01611025233430504742012221453666 6 1202604186.200908
01611025233430604742012221453666 6 1202604186.200909
01611025233430014742012221453666 6 1202604186.200909
01611025233430214742012221453666 6 1202604186.200910
01611025233430414742012221453666 6 1202604186.200910
01611025233430514742012221453666 6 1202604186.200911
01611025233430614742012221453666 6 1202604186.200911
01211051203530224742012221453666 6 1202604186.200912
01211051203530624742012221453666 6 1202604186.200913
01611025233430044742012221453666 6 1202604186.200913
01611025233430244742012221453666 6 1202604186.200914
01611025233430444742012221453666 6 1202604186.200914
01611025233430544742012221453666 6 1202604186.200915
01611025233430644742012221453666 6 1202604186.200915
01611025233430054742012221453666 6 1202604186.200916
01611025233430254742012221453666 6 1202604186.200916
01611025233430454742012221453666 6 1202604186.200917
01611025233430554742012221453666 6 1202604186.200917
01611025233430654742012221453666 6 1202604186.200918
01611025233430064742012221453666 6 1202604186.200918
01611025233430264742012221453666 6 1202604186.200919
01611025233430464742012221453666 6 1202604186.200919
01611025233430564742012221453666 6 1202604186.200920
01611025233430664742012221453666 6 1202604186.200920
01611025233430004746012221453666 6 1202604186.200923
01611025243430004746012221453666 6 1202604186.200924
01611025233430204746012221453666 6 1202604186.200924
01611025243430204746012221453666 6 1202604186.200925
01611025233430404746012221453666 6 1202604186.200925
01611025243430404746012221453666 6 1202604186.200925
01611025233430504746012221453666 6 1202604186.200926
01611025243430504746012221453666 6 1202604186.200926
01611025233430604746012221453666 6 1202604186.200927
01611025243430604746012221453666 6 1202604186.200927
01611025233430014746012221453666 6 1202604186.200928
01611025243430014746012221453666 6 1202604186.200928
01611025233430214746012221453666 6 1202604186.200928
01611025243430214746012221453666 6 1202604186.200929
01611025233430414746012221453666 6 1202604186.200929
01611025243430414746012221453666 6 1202604186.200930
01611025233430514746012221453666 6 1202604186.200930
01611025243430514746012221453666 6 1202604186.200930
01611025233430614746012221453666 6 1202604186.200931
01611025243430614746012221453666 6 1202604186.200931
01611025243430024746012221453666 6 1202604186.200932
01611025243430224746012221453666 6 1202604186.200932
01211051203530224746012221453666 6 1202604186.200933
01611025243430424746012221453666 6 1202604186.200933
01611025243430524746012221453666 6 1202604186.200933
01611025243430624746012221453666 6 1202604186.200934
01211051203530624746012221453666 6 1202604186.200934
01611025233430044746012221453666 6 1202604186.200935
01611025243430044746012221453666 6 1202604186.200935
01611025233430244746012221453666 6 1202604186.200936
01611025243430244746012221453666 6 1202604186.200936
01611025233430444746012221453666 6 1202604186.200936
01611025243430444746012221453666 6 1202604186.200937
01611025233430544746012221453666 6 1202604186.200937
01611025243430544746012221453666 6 1202604186.200938
01611025233430644746012221453666 6 1202604186.200938
01611025243430644746012221453666 6 1202604186.200938
01611025233430054746012221453666 6 1202604186.200939
01611025243430054746012221453666 6 1202604186.200939
01611025233430254746012221453666 6 1202604186.200940
01611025243430254746012221453666 6 1202604186.200940
01611025233430454746012221453666 6 1202604186.200941
01611025243430454746012221453666 6 1202604186.200941
01611025233430554746012221453666 6 1202604186.200941
01611025243430554746012221453666 6 1202604186.200942
01611025233430654746012221453666 6 1202604186.200942
01611025243430654746012221453666 6 1202604186.200943
01611025233430064746012221453666 6 1202604186.200943
01611025243430064746012221453666 6 1202604186.200943
01611025233430264746012221453666 6 1202604186.200944
01611025243430264746012221453666 6 1202604186.200944
01611025233430464746012221453666 6 1202604186.200945
01611025243430464746012221453666 6 1202604186.200945
01611025233430564746012221453666 6 1202604186.200946
01611025243430564746012221453666 6 1202604186.200946
01611025233430664746012221453666 6 1202604186.200946
01611025243430664746012221453666 6 1202604186.200947
01211005273434004542024221453666 6 1202604186.201241
01211005273434204542024221453666 6 1202604186.201241
01211005273434404542024221453666 6 1202604186.201241
01211005273034504542024221453666 6 1202604186.201242
01211005273434504542024221453666 6 1202604186.201242
01211005273034604542024221453666 6 1202604186.201242
01211005273434604542024221453666 6 1202604186.201243
01211005273434214542024221453666 6 1202604186.201243
01211005273134614542024221453666 6 1202604186.201244
01211005273434614542024221453666 6 1202604186.201244
01211005273134064542024221453666 6 1202604186.201245
01211005273434064542024221453666 6 1202604186.201245
01211005273134264542024221453666 6 1202604186.201245
01211005273434264542024221453666 6 1202604186.201246
01211005273134464542024221453666 6 1202604186.201246
01211005273434464542024221453666 6 1202604186.201246
01211005273134564542024221453666 6 1202604186.201247
01211005273434564542024221453666 6 1202604186.201247
01211005273134664542024221453666 6 1202604186.201247
