012114252143301040011000 2 1202410222.173912
011114202543301040011000 2 1202410222.173941
011211252340311040011000 1 1202410222.174013
011111252143311040011000 2 1202410222.174045
012111252143311040011000 2 1202410222.174110
011114252143311040011000 2 1202410222.174139
012114252143311040011000 2 1202410222.174206
011111202543311040011000 2 1202410222.174231
011114202543311040011000 2 1202410222.174300
011111252543311040011000 2 1202410222.174326
011114252543311040011000 2 1202410222.174353
011211252345311040011000 1 1202410222.174423
012211252345311040011000 1 1202410222.174449
012111252143341040011000 2 1202410222.174536
011114252143341040011000 2 1202410222.174604
