011415202130314042420140 1 1202505095.010957
012415302111314042420140 2 1202505095.011000
011415202131314042420140 2 1202505095.011002
011415202133314042420140 2 1202505095.011005
011415202134314042420140 2 1202505095.011007
011415202135314042420140 1 1202505095.011009
011415202135354042420140 1 1202505095.011016
011415202130314142420140 1 1202505095.011031
011415202135314142420140 2 1202505095.011034
011415202130314242420140 1 1202505095.011055
012415302111314242420140 2 1202505095.011057
011415202131314242420140 2 1202505095.011058
011415202133314242420140 2 1202505095.011059
011415202134314242420140 2 1202505095.011101
011415202135314242420140 2 1202505095.011102
014110052133314442420421 2 1202505095.011339
