041115202133314042420114 2 1202505095.011926
014510252130314142420114 2 1202505095.011949
014510252135314142420114 1 1202505095.011951
014510252130314242420114 2 1202505095.012009
014510252131314242420114 2 1202505095.012011
014510252133314242420114 2 1202505095.012012
014510252134314242420114 2 1202505095.012014
014510252135314242420114 1 1202505095.012015
014510252130304542420114 1 1202505095.012052
014510252130314542420114 1 1202505095.012103
014510252131314542420114 2 1202505095.012105
014510252133314542420114 2 1202505095.012107
014510252134314542420114 2 1202505095.012108
014510252135314542420114 1 1202505095.012112
