01101020203030404242 1 1202502042.174239
01111020203030404242 1 1202502042.174239
01111022203030404242 2 1202502042.174239
01121022203030404242 1 1202502042.174239
01101020213030404242 1 1202502042.174240
00111020213030404242 1 1202502042.174240
01111020213030404242 1 1202502042.174240
00121020213030404242 1 1202502042.174240
01121020213030404242 1 1202502042.174240
00111022213030404242 1 1202502042.174240
00111023213030404242 1 1202502042.174240
01201030211130404242 2 1202502042.174240
00221030211130404242 2 1202502042.174240
01221030211130404242 2 1202502042.174240
00201000213130404242 2 1202502042.174240
01201000213130404242 2 1202502042.174240
00221000213130404242 2 1202502042.174241
01101020213130404242 2 1202502042.174241
00121020213130404242 2 1202502042.174241
01121020213130404242 2 1202502042.174241
01201030213130404242 2 1202502042.174241
01101020213330404242 2 1202502042.174241
00121020213330404242 2 1202502042.174241
01121020213330404242 2 1202502042.174241
01101020213430404242 2 1202502042.174241
00121020213430404242 2 1202502042.174241
01121020213430404242 2 1202502042.174241
01101020203031404242 1 1202502042.174241
01111020203031404242 1 1202502042.174241
01101020213031404242 1 1202502042.174241
01111020213031404242 1 1202502042.174241
01121020213031404242 1 1202502042.174242
01201030211131404242 2 1202502042.174242
01221030211131404242 2 1202502042.174242
01201000213131404242 2 1202502042.174242
00221000213131404242 2 1202502042.174242
01101020213131404242 2 1202502042.174242
01121020213131404242 2 1202502042.174242
01201030213131404242 2 1202502042.174242
00221030213131404242 2 1202502042.174242
01221030213131404242 2 1202502042.174242
01101020213331404242 2 1202502042.174242
01121020213331404242 2 1202502042.174242
00201000213130414242 2 1202502042.174242
01201000213130414242 2 1202502042.174242
00221000213130414242 2 1202502042.174243
01221000213130414242 2 1202502042.174243
01201000213131414242 2 1202502042.174243
00221000213131414242 2 1202502042.174243
01221000213131414242 2 1202502042.174243
00221000213131424242 2 1202502042.174243
01221030213131424242 2 1202502042.174243
01211020203331144242 2 1202502042.174243
01211022203331144242 2 1202502042.174243
01201000213331144242 2 1202502042.174243
00221000213331144242 2 1202502042.174243
01221000213331144242 2 1202502042.174243
01201020213331144242 2 1202502042.174244
01211020213331144242 2 1202502042.174244
00221020213331144242 2 1202502042.174244
01221020213331144242 2 1202502042.174244
01201030213331144242 2 1202502042.174244
00221030213331144242 2 1202502042.174244
