011015202134302040420000 2 1202502042.183455
011015202134302140420000 2 1202502042.183455
011015202134352140420000 2 1202502042.183455
011215202134352140420000 2 1202502042.183456
011215202134352540420000 1 1202502042.183456
011015202030304042420000 1 1202502042.183456
052210002131304042420000 2 1202502042.183456
002215002131304042420000 2 1202502042.183456
052215002131304042420000 2 1202502042.183456
012115252143301040420510 2 1202502042.183456
011115252143311040420510 2 1202502042.183456
011115252143300240420510 2 1202502042.183456
012115252143300240420510 2 1202502042.183456
012115252143301240420510 2 1202502042.183456
011115252143311240420510 2 1202502042.183457
012115252143302240420510 2 1202502042.183457
012115252143304240420510 2 1202502042.183457
011115252143305240420510 2 1202502042.183457
012115252143305240420510 2 1202502042.183457
054510252130304042420510 1 1202502042.183457
011010202134352140420120 2 1202502042.183457
011015202134352140420120 2 1202502042.183457
011010202134302540420120 2 1202502042.183457
011010202134312540420120 2 1202502042.183457
011010202134352540420120 2 1202502042.183457
001510202130304042420120 1 1202502042.183457
001510222130304042420120 1 1202502042.183458
001510232130304042420120 1 1202502042.183458
001510252130304042420120 1 1202502042.183458
001510202530304042420120 1 1202502042.183458
001510252530304042420120 1 1202502042.183458
002210502131304042420120 2 1202502042.183458
002210052131304042420120 2 1202502042.183458
004110552131304042420120 2 1202502042.183458
002210552131304042420120 2 1202502042.183458
001210222530314042420120 1 1202502042.183458
002210002131304042452011 2 1202502042.183459
002510002131314142422001 2 1202502042.183459
002510002131314442422001 2 1202502042.183459
005210002100304042422031 2 1202502042.183459
005210002110304042422031 2 1202502042.183459
005210002130304042422031 2 1202502042.183459
005210002140304042422031 2 1202502042.183500
005210002101304042422031 2 1202502042.183500
005210002111304042422031 2 1202502042.183500
005210002131304042422031 2 1202502042.183500
005210002141304042422031 2 1202502042.183500
005210002103304042422031 2 1202502042.183500
005210002113304042422031 2 1202502042.183500
005210002133304042422031 2 1202502042.183500
005210002143304042422031 2 1202502042.183500
005210002104304042422031 2 1202502042.183500
005210002114304042422031 2 1202502042.183500
005210002134304042422031 2 1202502042.183501
002510002131314142422011 2 1202502042.183501
002215002131304042420010 2 1202502042.183501
002210002131304542420102 2 1202502042.183501
002510002131314142422041 2 1202502042.183502
002510002131314442422041 2 1202502042.183502
011010202134352140420020 2 1202502042.183502
011010202134302540420020 2 1202502042.183502
011010202134312540420020 2 1202502042.183502
011010202134352540420020 2 1202502042.183502
004115552131300042420020 2 1202502042.183502
004115552131310042420020 2 1202502042.183502
004115552131320042420020 2 1202502042.183503
004115552131340042420020 2 1202502042.183503
004115552131350042420020 2 1202502042.183503
001510202130304042420020 1 1202502042.183503
001515202130304042420020 1 1202502042.183503
001510222130304042420020 1 1202502042.183503
001515222130304042420020 1 1202502042.183503
001510232130304042420020 1 1202502042.183503
001515232130304042420020 1 1202502042.183503
001510252130304042420020 1 1202502042.183503
012110222053340442423000 2 1202502042.183503
012110222053341442423000 2 1202502042.183503
012110222053342442423000 2 1202502042.183504
012210502113344442423000 2 1202502042.183504
011110222053344442423000 2 1202502042.183504
012110222053344442423000 2 1202502042.183504
012210502114320043423000 2 1202502042.183504
011110222054320043423000 2 1202502042.183504
012110222054320043423000 2 1202502042.183504
012210502114321043423000 2 1202502042.183504
011110222054321043423000 2 1202502042.183504
012110222054321043423000 2 1202502042.183504
012210502114322043423000 2 1202502042.183504
011110222054322043423000 2 1202502042.183504
012110222054322043423000 2 1202502042.183504
012210502114324043423000 2 1202502042.183504
011110222054324043423000 2 1202502042.183504
012110222054324043423000 2 1202502042.183504
012210502114320143423000 2 1202502042.183504
011110222054320143423000 2 1202502042.183505
012110222054320143423000 2 1202502042.183505
012210502114321143423000 2 1202502042.183505
011110222054321143423000 2 1202502042.183505
012110222054321143423000 2 1202502042.183505
012210502114322143423000 2 1202502042.183505
011110222054322143423000 2 1202502042.183505
012110222054322143423000 2 1202502042.183505
012210502114324143423000 2 1202502042.183505
011110222054324143423000 2 1202502042.183505
012110222054324143423000 2 1202502042.183505
012210502114320243423000 2 1202502042.183505
011110222054320243423000 2 1202502042.183505
012110222054320243423000 2 1202502042.183505
012210502114321243423000 2 1202502042.183505
011110222054321243423000 2 1202502042.183505
012110222054321243423000 2 1202502042.183505
012210502114322243423000 2 1202502042.183506
011110222054322243423000 2 1202502042.183506
012110222054322243423000 2 1202502042.183506
012210502114324243423000 2 1202502042.183506
011110222054324243423000 2 1202502042.183506
012110222054324243423000 2 1202502042.183506
012210502114320443423000 2 1202502042.183506
011110222054320443423000 2 1202502042.183506
012110222054320443423000 2 1202502042.183506
012210502114321443423000 2 1202502042.183506
011110222054321443423000 2 1202502042.183506
012110222054321443423000 2 1202502042.183506
012210502114322443423000 2 1202502042.183506
011110222054322443423000 2 1202502042.183506
012110222054322443423000 2 1202502042.183506
012210502114324443423000 2 1202502042.183506
011110222054324443423000 2 1202502042.183506
012110222054324443423000 2 1202502042.183507
002210002131304042452130 2 1202502042.183507
002510002131304042452130 2 1202502042.183507
001215252130304042420500 1 1202502042.183507
001115202135304042420500 2 1202502042.183507
011010202134302540420520 2 1202502042.183507
011010202134312540420520 2 1202502042.183508
004115552131300042420520 2 1202502042.183508
004115552131310042420520 2 1202502042.183508
004115552131320042420520 2 1202502042.183508
004115552131340042420520 2 1202502042.183508
004115552131350042420520 2 1202502042.183508
011115222030304042420520 1 1202502042.183508
001510202130304042420520 1 1202502042.183508
001515202130304042420520 1 1202502042.183508
001510222130304042420520 1 1202502042.183508
001515222130304042420520 1 1202502042.183508
001510232130304042420520 1 1202502042.183509
001515232130304042420520 1 1202502042.183509
001510252130304042420520 1 1202502042.183509
001515252130304042420520 1 1202502042.183509
011010202134302540420420 2 1202502042.183509
011010202134312540420420 2 1202502042.183509
014410552131300042420420 2 1202502042.183509
014410552131310042420420 2 1202502042.183509
014410552131320042420420 2 1202502042.183510
014410552131340042420420 2 1202502042.183510
014410552131350042420420 2 1202502042.183510
001510202130304042420420 1 1202502042.183510
001510222130304042420420 1 1202502042.183510
001510232130304042420420 1 1202502042.183510
001510252130304042420420 1 1202502042.183510
014410352101304042420420 2 1202502042.183510
014410352111304042420420 2 1202502042.183510
002210502131304042420420 2 1202502042.183510
002210052131304042420420 2 1202502042.183510
004110552131304042420420 2 1202502042.183510
002210552131304042420420 2 1202502042.183510
014410552131300142420420 2 1202502042.183511
014410552131310142420420 2 1202502042.183511
014410552131320142420420 2 1202502042.183511
014410552131340142420420 2 1202502042.183511
014410552131350142420420 2 1202502042.183511
002210002531304042421030 2 1202502042.183511
002212002531304042421030 2 1202502042.183511
002213002531304042421030 2 1202502042.183511
002210022531304042421030 2 1202502042.183511
002212022531304042421030 2 1202502042.183512
002213022531304042421030 2 1202502042.183512
002210032531304042421030 2 1202502042.183512
002210002135304042421300 2 1202502042.183512
002210202135304042421300 1 1202502042.183512
002210302135304042421300 2 1202502042.183512
002210002135304142421300 2 1202502042.183512
002210202135304142421300 1 1202502042.183512
002510202135304142421300 1 1202502042.183512
002510222135304142421300 1 1202502042.183512
002510232135304142421300 1 1202502042.183512
002210002135304442421300 2 1202502042.183513
002210202135304442421300 2 1202502042.183513
002210302135304442421300 2 1202502042.183513
002210002131304542420442 2 1202502042.183513
012110222053340442423020 2 1202502042.183513
012110222053341442423020 2 1202502042.183513
012110222053342442423020 2 1202502042.183513
011110222053344442423020 2 1202502042.183513
012110222053344442423020 2 1202502042.183513
011110222054320043423020 2 1202502042.183513
012110222054320043423020 2 1202502042.183513
011110222054321043423020 2 1202502042.183513
012110222054321043423020 2 1202502042.183513
011110222054322043423020 2 1202502042.183514
012110222054322043423020 2 1202502042.183514
011110222054324043423020 2 1202502042.183514
012110222054324043423020 2 1202502042.183514
011110222054320143423020 2 1202502042.183514
012110222054320143423020 2 1202502042.183514
011110222054321143423020 2 1202502042.183514
012110222054321143423020 2 1202502042.183514
011110222054322143423020 2 1202502042.183514
012110222054322143423020 2 1202502042.183514
011110222054324143423020 2 1202502042.183514
012110222054324143423020 2 1202502042.183514
011110222054320243423020 2 1202502042.183514
012110222054320243423020 2 1202502042.183514
011110222054321243423020 2 1202502042.183514
012110222054321243423020 2 1202502042.183514
011110222054322243423020 2 1202502042.183514
012110222054322243423020 2 1202502042.183515
011110222054324243423020 2 1202502042.183515
012110222054324243423020 2 1202502042.183515
011110222054320443423020 2 1202502042.183515
012110222054320443423020 2 1202502042.183515
011110222054321443423020 2 1202502042.183515
012110222054321443423020 2 1202502042.183515
011110222054322443423020 2 1202502042.183515
012110222054322443423020 2 1202502042.183515
011110222054324443423020 2 1202502042.183515
012110222054324443423020 2 1202502042.183515
012210302114300045423220 2 1202502042.183515
011110222034300045423220 2 1202502042.183515
012110222034300045423220 2 1202502042.183515
011110222034301045423220 2 1202502042.183515
012110222034301045423220 2 1202502042.183515
011110222034302045423220 2 1202502042.183515
012110222034302045423220 2 1202502042.183516
011110222034304045423220 2 1202502042.183516
012110222034304045423220 2 1202502042.183516
012110222034300145423220 2 1202502042.183516
012210002134310145423220 2 1202502042.183516
012110222034301145423220 2 1202502042.183516
012210002134311145423220 2 1202502042.183516
012110222034302145423220 2 1202502042.183516
012210002134312145423220 2 1202502042.183516
012110222034304145423220 2 1202502042.183516
012210002134314145423220 2 1202502042.183516
011110222034300245423220 2 1202502042.183516
012110222034300245423220 2 1202502042.183516
012210002134310245423220 2 1202502042.183516
012210202134310245423220 2 1202502042.183516
012210302134310245423220 2 1202502042.183516
012210502134310245423220 2 1202502042.183516
011110222034301245423220 2 1202502042.183517
012110222034301245423220 2 1202502042.183517
012210002134311245423220 2 1202502042.183517
012210202134311245423220 2 1202502042.183517
012210302134311245423220 2 1202502042.183517
012210502134311245423220 2 1202502042.183517
011110222034302245423220 2 1202502042.183517
012110222034302245423220 2 1202502042.183517
012210002134312245423220 2 1202502042.183517
012210202134312245423220 2 1202502042.183517
012210302134312245423220 2 1202502042.183517
012210502134312245423220 2 1202502042.183517
011110222034304245423220 2 1202502042.183517
012110222034304245423220 2 1202502042.183517
012210002134314245423220 2 1202502042.183517
012210202134314245423220 2 1202502042.183517
012210302134314245423220 2 1202502042.183517
012210502134314245423220 2 1202502042.183518
012110222034300445423220 2 1202502042.183518
012110222034301445423220 2 1202502042.183518
012110222034302445423220 2 1202502042.183518
012110222034304445423220 2 1202502042.183518
012210302114300045423210 2 1202502042.183518
011110222034300045423210 2 1202502042.183518
012110222034300045423210 2 1202502042.183518
011110222034301045423210 2 1202502042.183518
012110222034301045423210 2 1202502042.183518
011110222034302045423210 2 1202502042.183518
012110222034302045423210 2 1202502042.183518
011110222034304045423210 2 1202502042.183518
012110222034304045423210 2 1202502042.183518
012110222034300145423210 2 1202502042.183518
012210002134310145423210 2 1202502042.183518
012110222034301145423210 2 1202502042.183519
012210002134311145423210 2 1202502042.183519
012110222034302145423210 2 1202502042.183519
012210002134312145423210 2 1202502042.183519
012110222034304145423210 2 1202502042.183519
012210002134314145423210 2 1202502042.183519
011110222034300245423210 2 1202502042.183519
012110222034300245423210 2 1202502042.183519
012210002134310245423210 2 1202502042.183519
012210202134310245423210 2 1202502042.183519
012210302134310245423210 2 1202502042.183519
012210502134310245423210 2 1202502042.183519
011110222034301245423210 2 1202502042.183519
012110222034301245423210 2 1202502042.183519
012210002134311245423210 2 1202502042.183519
012210202134311245423210 2 1202502042.183519
012210302134311245423210 2 1202502042.183519
012210502134311245423210 2 1202502042.183520
011110222034302245423210 2 1202502042.183520
012110222034302245423210 2 1202502042.183520
012210002134312245423210 2 1202502042.183520
012210202134312245423210 2 1202502042.183520
012210302134312245423210 2 1202502042.183520
012210502134312245423210 2 1202502042.183520
011110222034304245423210 2 1202502042.183520
012110222034304245423210 2 1202502042.183520
012210002134314245423210 2 1202502042.183520
012210202134314245423210 2 1202502042.183520
012210302134314245423210 2 1202502042.183520
012210502134314245423210 2 1202502042.183520
012110222034300445423210 2 1202502042.183520
012110222034301445423210 2 1202502042.183520
012110222034302445423210 2 1202502042.183520
012110222034304445423210 2 1202502042.183520
002210002131354042420141 2 1202502042.183521
051415202530305042420141 2 1202502042.183521
051410222530305042420141 2 1202502042.183521
051415202530315042420141 2 1202502042.183521
051410222530315042420141 2 1202502042.183521
051415202530325042420141 2 1202502042.183521
051410222530325042420141 2 1202502042.183521
051415202530345042420141 2 1202502042.183521
051410222530345042420141 2 1202502042.183521
051415202530355042420141 2 1202502042.183521
051410222530355042420141 2 1202502042.183521
012210302114300045423200 2 1202502042.183522
011110222034300045423200 2 1202502042.183522
012110222034300045423200 2 1202502042.183522
011110222034301045423200 2 1202502042.183522
012110222034301045423200 2 1202502042.183522
011110222034302045423200 2 1202502042.183522
012110222034302045423200 2 1202502042.183522
011110222034304045423200 2 1202502042.183522
012110222034304045423200 2 1202502042.183522
012110222034300145423200 2 1202502042.183522
012210002134310145423200 2 1202502042.183522
012110222034301145423200 2 1202502042.183522
012210002134311145423200 2 1202502042.183522
012110222034302145423200 2 1202502042.183522
012210002134312145423200 2 1202502042.183522
012110222034304145423200 2 1202502042.183522
012210002134314145423200 2 1202502042.183522
011110222034300245423200 2 1202502042.183523
012110222034300245423200 2 1202502042.183523
012210002134310245423200 2 1202502042.183523
012210202134310245423200 2 1202502042.183523
012210302134310245423200 2 1202502042.183523
012210502134310245423200 2 1202502042.183523
011110222034301245423200 2 1202502042.183523
012110222034301245423200 2 1202502042.183523
012210002134311245423200 2 1202502042.183523
012210202134311245423200 2 1202502042.183523
012210302134311245423200 2 1202502042.183523
012210502134311245423200 2 1202502042.183523
011110222034302245423200 2 1202502042.183523
012110222034302245423200 2 1202502042.183523
012210002134312245423200 2 1202502042.183523
012210202134312245423200 2 1202502042.183523
012210302134312245423200 2 1202502042.183523
012210502134312245423200 2 1202502042.183524
011110222034304245423200 2 1202502042.183524
012110222034304245423200 2 1202502042.183524
012210002134314245423200 2 1202502042.183524
012210202134314245423200 2 1202502042.183524
012210302134314245423200 2 1202502042.183524
012210502134314245423200 2 1202502042.183524
012110222034300445423200 2 1202502042.183524
012110222034301445423200 2 1202502042.183524
012110222034302445423200 2 1202502042.183524
012110222034304445423200 2 1202502042.183524
011010202134302540420220 2 1202502042.183524
011010202134312540420220 2 1202502042.183524
001510202130304042420220 1 1202502042.183524
001510222130304042420220 1 1202502042.183524
001510232130304042420220 1 1202502042.183525
001510252130304042420220 1 1202502042.183525
002210502131304042420220 2 1202502042.183525
002210052131304042420220 2 1202502042.183525
004110552131304042420220 2 1202502042.183525
002210552131304042420220 2 1202502042.183525
002210502131304142420220 2 1202502042.183525
002210052131304142420220 2 1202502042.183525
002210502131314042423042 2 1202502042.183525
011110222053340442423042 2 1202502042.183525
012110222053340442423042 2 1202502042.183525
011110222053341442423042 2 1202502042.183525
012110222053341442423042 2 1202502042.183526
011110222053342442423042 2 1202502042.183526
012110222053342442423042 2 1202502042.183526
011110222053344442423042 2 1202502042.183526
012110222053344442423042 2 1202502042.183526
011110222054320043423042 2 1202502042.183526
012110222054320043423042 2 1202502042.183526
011110222054321043423042 2 1202502042.183526
012110222054321043423042 2 1202502042.183526
011110222054322043423042 2 1202502042.183526
012110222054322043423042 2 1202502042.183526
011110222054324043423042 2 1202502042.183526
012110222054324043423042 2 1202502042.183526
011110222054320143423042 2 1202502042.183526
012110222054320143423042 2 1202502042.183526
011110222054321143423042 2 1202502042.183526
012110222054321143423042 2 1202502042.183526
011110222054322143423042 2 1202502042.183527
012110222054322143423042 2 1202502042.183527
011110222054324143423042 2 1202502042.183527
012110222054324143423042 2 1202502042.183527
011110222054320243423042 2 1202502042.183527
012110222054320243423042 2 1202502042.183527
011110222054321243423042 2 1202502042.183527
012110222054321243423042 2 1202502042.183527
011110222054322243423042 2 1202502042.183527
012110222054322243423042 2 1202502042.183527
011110222054324243423042 2 1202502042.183527
012110222054324243423042 2 1202502042.183527
011110222054320443423042 2 1202502042.183527
012110222054320443423042 2 1202502042.183527
011110222054321443423042 2 1202502042.183527
012110222054321443423042 2 1202502042.183527
011110222054322443423042 2 1202502042.183527
012110222054322443423042 2 1202502042.183528
011110222054324443423042 2 1202502042.183528
012110222054324443423042 2 1202502042.183528
012110222053340442423021 2 1202502042.183528
012110222053341442423021 2 1202502042.183528
012110222053342442423021 2 1202502042.183528
012110222053344442423021 2 1202502042.183528
012110222054320043423021 2 1202502042.183528
012110222054321043423021 2 1202502042.183528
012110222054322043423021 2 1202502042.183528
012110222054324043423021 2 1202502042.183528
012110222054320143423021 2 1202502042.183528
012110222054321143423021 2 1202502042.183528
012110222054322143423021 2 1202502042.183528
012110222054324143423021 2 1202502042.183528
012110222054320243423021 2 1202502042.183528
012110222054321243423021 2 1202502042.183528
012110222054322243423021 2 1202502042.183529
012110222054324243423021 2 1202502042.183529
012110222054320443423021 2 1202502042.183529
012110222054321443423021 2 1202502042.183529
012110222054322443423021 2 1202502042.183529
012110222054324443423021 2 1202502042.183529
012110222053340442423024 2 1202502042.183529
012110222053341442423024 2 1202502042.183529
012110222053342442423024 2 1202502042.183529
004510552131300042420421 2 1202502042.183529
004510552131310042420421 2 1202502042.183529
004510552131320042420421 2 1202502042.183529
004510552131340042420421 2 1202502042.183529
004510552131350042420421 2 1202502042.183529
002510002131304042420421 2 1202502042.183530
002210502131304042420421 2 1202502042.183530
002510502131304042420421 2 1202502042.183530
002210052131304042420421 2 1202502042.183530
002510052131304042420421 2 1202502042.183530
002210552131304042420421 2 1202502042.183530
002510552131304042420421 2 1202502042.183530
004510552131300142420421 2 1202502042.183530
004510552131310142420421 2 1202502042.183530
004510552131320142420421 2 1202502042.183530
004510552131340142420421 2 1202502042.183530
004510552131350142420421 2 1202502042.183531
002510002131304142420421 2 1202502042.183531
002210502131304142420421 2 1202502042.183531
002510502131304142420421 2 1202502042.183531
002210052131304142420421 2 1202502042.183531
002510052131304142420421 2 1202502042.183531
002210552131304142420421 2 1202502042.183531
000510552131304142420421 2 1202502042.183531
001510552131304142420421 2 1202502042.183531
002510552131304142420421 2 1202502042.183531
004510552131304142420421 2 1202502042.183531
002210002131304542420202 2 1202502042.183532
002210002131304542420201 2 1202502042.183532
012410502113311442420242 2 1202502042.183532
012410502153311442420242 2 1202502042.183532
002210002131304542420242 2 1202502042.183532
002115002131354042420550 2 1202502042.183533
012115002131354042420550 2 1202502042.183533
022115002131354042420550 2 1202502042.183533
042115002131354042420550 2 1202502042.183533
052115002131354042420550 2 1202502042.183533
052115002131304142420550 2 1202502042.183533
002110002131354142420550 2 1202502042.183533
002215002131304042420052 2 1202502042.183533
002210002131304042452301 2 1202502042.183534
002210002131304142452301 2 1202502042.183534
002210002131304442452301 2 1202502042.183534
014410252130304042420410 1 1202502042.183534
014410252131304042420410 2 1202502042.183534
014410252133304042420410 2 1202502042.183534
014410252134304042420410 2 1202502042.183534
002210202135304042420410 1 1202502042.183534
002210202135304042420110 1 1202502042.183535
002210202135304042420210 1 1202502042.183535
