011015202134302040420000 2 1202502042.183203
011015202134302140420000 2 1202502042.183203
011015202134352140420000 2 1202502042.183203
011215202134352140420000 2 1202502042.183203
011215202134352540420000 1 1202502042.183203
011015202030304042420000 1 1202502042.183203
011115222030304042420000 1 1202502042.183203
011215222030304042420000 1 1202502042.183203
011115252030304042420000 2 1202502042.183203
051110202130304042420000 1 1202502042.183203
051210202130304042420000 1 1202502042.183203
001115202130304042420000 1 1202502042.183203
051115202130304042420000 1 1202502042.183203
001215202130304042420000 1 1202502042.183204
051215202130304042420000 1 1202502042.183204
051110222130304042420000 1 1202502042.183204
001115222130304042420000 1 1202502042.183204
051115222130304042420000 1 1202502042.183204
051110232130304042420000 1 1202502042.183204
001115232130304042420000 1 1202502042.183204
051115232130304042420000 1 1202502042.183204
001110252130304042420000 1 1202502042.183204
051110252130304042420000 1 1202502042.183204
001115252130304042420000 1 1202502042.183204
051115252130304042420000 1 1202502042.183205
052210302111304042420000 2 1202502042.183205
002215302111304042420000 2 1202502042.183205
052215302111304042420000 2 1202502042.183205
052010002131304042420000 2 1202502042.183205
052210002131304042420000 2 1202502042.183205
002510002131304042420000 2 1202502042.183205
052510002131304042420000 2 1202502042.183205
002015002131304042420000 2 1202502042.183205
052015002131304042420000 2 1202502042.183205
002215002131304042420000 2 1202502042.183205
052215002131304042420000 2 1202502042.183205
051210202131304042420000 2 1202502042.183206
001215202131304042420000 2 1202502042.183206
051215202131304042420000 2 1202502042.183206
052215302131304042420000 2 1202502042.183206
051210202133304042420000 2 1202502042.183206
001215202133304042420000 2 1202502042.183206
051215202133304042420000 2 1202502042.183206
051210202134304042420000 2 1202502042.183206
001215202134304042420000 2 1202502042.183206
051215202134304042420000 2 1202502042.183206
001210202135304042420000 2 1202502042.183206
051210202135304042420000 2 1202502042.183206
012115252143301040420510 2 1202502042.183207
011115252143311040420510 2 1202502042.183207
011115252143300240420510 2 1202502042.183207
012115252143300240420510 2 1202502042.183207
012115252143301240420510 2 1202502042.183207
011115252143311240420510 2 1202502042.183207
012115252143302240420510 2 1202502042.183207
012115252143304240420510 2 1202502042.183207
011115252143305240420510 2 1202502042.183207
012115252143305240420510 2 1202502042.183207
054510252130300042420510 1 1202502042.183207
054515252130300042420510 1 1202502042.183207
054510252130310042420510 1 1202502042.183207
054515252130310042420510 1 1202502042.183208
054510252130320042420510 1 1202502042.183208
054515252130320042420510 1 1202502042.183208
054510252130340042420510 1 1202502042.183208
054515252130340042420510 1 1202502042.183208
054510252130350042420510 1 1202502042.183208
054515252130350042420510 1 1202502042.183208
054510252130302042420510 1 1202502042.183208
054515252130302042420510 1 1202502042.183208
004510252130352042420510 1 1202502042.183208
054510252130352042420510 1 1202502042.183208
004515252130352042420510 1 1202502042.183208
014515252130352042420510 1 1202502042.183209
024515252130352042420510 1 1202502042.183209
044515252130352042420510 1 1202502042.183209
054515252130352042420510 1 1202502042.183209
001115202130304042420510 1 1202502042.183209
001215202130304042420510 1 1202502042.183209
001115222130304042420510 1 1202502042.183209
001115232130304042420510 1 1202502042.183209
001110252130304042420510 1 1202502042.183209
001210252130304042420510 1 1202502042.183209
004210252130304042420510 1 1202502042.183209
004510252130304042420510 1 1202502042.183210
054510252130304042420510 1 1202502042.183210
001115252130304042420510 1 1202502042.183210
001215252130304042420510 1 1202502042.183210
004515252130304042420510 1 1202502042.183210
002110502003301040422040 2 1202502042.183210
002112502003301040422040 2 1202502042.183210
002113502003301040422040 2 1202502042.183210
002115502003301040422040 2 1202502042.183210
002110522003301040422040 2 1202502042.183210
002112522003301040422040 2 1202502042.183210
002113522003301040422040 2 1202502042.183210
002115522003301040422040 2 1202502042.183211
002110532003301040422040 2 1202502042.183211
002112532003301040422040 2 1202502042.183211
002113532003301040422040 2 1202502042.183211
002115532003301040422040 2 1202502042.183211
002110552003301040422040 2 1202502042.183211
002112552003301040422040 2 1202502042.183211
002113552003301040422040 2 1202502042.183211
002115552003301040422040 2 1202502042.183211
002110502103301040422040 5 1202502042.183211
002210502103301040422040 5 1202502042.183211
002112502103301040422040 5 1202502042.183211
002212502103301040422040 5 1202502042.183212
002113502103301040422040 5 1202502042.183212
002213502103301040422040 5 1202502042.183212
002115502103301040422040 5 1202502042.183212
002215502103301040422040 5 1202502042.183212
002110522103301040422040 5 1202502042.183212
002112522103301040422040 5 1202502042.183212
002113522103301040422040 5 1202502042.183212
002115522103301040422040 5 1202502042.183212
002110532103301040422040 5 1202502042.183212
002112532103301040422040 5 1202502042.183212
002113532103301040422040 5 1202502042.183212
002115532103301040422040 5 1202502042.183213
002110552103301040422040 5 1202502042.183213
002112552103301040422040 5 1202502042.183213
002113552103301040422040 5 1202502042.183213
002115552103301040422040 5 1202502042.183213
002110502303301040422040 5 1202502042.183213
002112502303301040422040 5 1202502042.183213
002113502303301040422040 5 1202502042.183213
002115502303301040422040 5 1202502042.183213
002110522303301040422040 5 1202502042.183213
002112522303301040422040 5 1202502042.183213
002113522303301040422040 5 1202502042.183213
002115522303301040422040 5 1202502042.183214
