0121102524633202404520033000 5 1202502252.220307
0121105524633202404520033000 5 1202502252.220307
0121102524633212404520033000 5 1202502252.220308
0121105524633212404520033000 5 1202502252.220308
0121102524633222404520033000 5 1202502252.220308
0121105524633222404520033000 5 1202502252.220308
0121102524633242404520033000 5 1202502252.220309
0121105524633242404520033000 5 1202502252.220309
0121102524633252404520033000 5 1202502252.220309
0121105524633252404520033000 5 1202502252.220309
0125106021133404424520033000 2 1202502252.220310
0121102220633404424520033000 2 1202502252.220310
0121105220633404424520033000 2 1202502252.220310
0121102520633404424520033000 2 1202502252.220311
0121105520633404424520033000 2 1202502252.220311
0125106021133414424520033000 2 1202502252.220311
0121102220633414424520033000 2 1202502252.220311
0121105220633414424520033000 2 1202502252.220312
0121102520633414424520033000 2 1202502252.220312
0121105520633414424520033000 2 1202502252.220312
0125106021133424424520033000 2 1202502252.220312
0121102220633424424520033000 2 1202502252.220313
0121105220633424424520033000 2 1202502252.220313
0121102520633424424520033000 2 1202502252.220313
0121105520633424424520033000 2 1202502252.220314
0122106021133444424520033000 2 1202502252.220314
0125106021133444424520033000 2 1202502252.220314
0111102220633444424520033000 2 1202502252.220314
0121102220633444424520033000 2 1202502252.220315
0121105220633444424520033000 2 1202502252.220315
0111102520633444424520033000 2 1202502252.220315
0121102520633444424520033000 2 1202502252.220315
0121105520633444424520033000 2 1202502252.220316
