0121102524633202404520033000 5 1202502252.214707
0121105524633202404520033000 5 1202502252.214707
0121102524633212404520033000 5 1202502252.214707
0121105524633212404520033000 5 1202502252.214707
0121102524633222404520033000 5 1202502252.214707
0121105524633222404520033000 5 1202502252.214707
0121102524633242404520033000 5 1202502252.214707
0121105524633242404520033000 5 1202502252.214707
0121102524633252404520033000 5 1202502252.214707
0121105524633252404520033000 5 1202502252.214707
0125106021133404424520033000 2 1202502252.214707
0121102220633404424520033000 2 1202502252.214707
0121105220633404424520033000 2 1202502252.214707
0121102520633404424520033000 2 1202502252.214707
0121105520633404424520033000 2 1202502252.214707
0125106021133414424520033000 2 1202502252.214707
0121102220633414424520033000 2 1202502252.214707
0121105220633414424520033000 2 1202502252.214707
0121102520633414424520033000 2 1202502252.214707
0121105520633414424520033000 2 1202502252.214707
0125106021133424424520033000 2 1202502252.214707
0121102220633424424520033000 2 1202502252.214707
0121105220633424424520033000 2 1202502252.214707
0121102520633424424520033000 2 1202502252.214707
0121105520633424424520033000 2 1202502252.214707
0122106021133444424520033000 2 1202502252.214707
0125106021133444424520033000 2 1202502252.214707
0111102220633444424520033000 2 1202502252.214707
0121102220633444424520033000 2 1202502252.214707
0121105220633444424520033000 2 1202502252.214707
0111102520633444424520033000 2 1202502252.214707
0121102520633444424520033000 2 1202502252.214707
0121105520633444424520033000 2 1202502252.214707
0111102521633444424520033000 5 1202502252.214707
0125106021133454424520033000 2 1202502252.214707
0121102220633454424520033000 2 1202502252.214707
0121105220633454424520033000 2 1202502252.214707
0121102520633454424520033000 2 1202502252.214707
0121105520633454424520033000 2 1202502252.214707
0125106021133405424520033000 2 1202502252.214707
0125106021133415424520033000 2 1202502252.214707
0125106021133425424520033000 2 1202502252.214707
0125106021133445424520033000 2 1202502252.214708
0125106021133455424520033000 2 1202502252.214708
0122106021143200434520033000 2 1202502252.214708
0125106021143200434520033000 2 1202502252.214708
0111102220643200434520033000 2 1202502252.214708
0121102220643200434520033000 2 1202502252.214708
0111102520643200434520033000 2 1202502252.214708
0121102520643200434520033000 2 1202502252.214708
0111102521643200434520033000 5 1202502252.214708
0111102220643500434520033000 2 1202502252.214708
0121102220643500434520033000 2 1202502252.214708
0111102520643500434520033000 2 1202502252.214708
0121102520643500434520033000 2 1202502252.214708
0111102521643500434520033000 5 1202502252.214708
0121102521643500434520033000 5 1202502252.214708
0111102523643500434520033000 5 1202502252.214708
0121102523643500434520033000 5 1202502252.214708
0111102524643500434520033000 5 1202502252.214708
0121102524643500434520033000 5 1202502252.214708
0111102526643500434520033000 5 1202502252.214708
0121102526643500434520033000 5 1202502252.214708
0122106021143210434520033000 2 1202502252.214708
0125106021143210434520033000 2 1202502252.214708
0111102220643210434520033000 2 1202502252.214708
0121102220643210434520033000 2 1202502252.214708
0111102520643210434520033000 2 1202502252.214708
0121102520643210434520033000 2 1202502252.214708
0111102521643210434520033000 5 1202502252.214708
0111102220643510434520033000 2 1202502252.214708
0121102220643510434520033000 2 1202502252.214708
0111102520643510434520033000 2 1202502252.214708
0121102520643510434520033000 2 1202502252.214708
0111102521643510434520033000 5 1202502252.214708
0121102521643510434520033000 5 1202502252.214708
0111102523643510434520033000 5 1202502252.214708
0121102523643510434520033000 5 1202502252.214708
0111102524643510434520033000 5 1202502252.214708
0121102524643510434520033000 5 1202502252.214708
0111102526643510434520033000 5 1202502252.214708
0121102526643510434520033000 5 1202502252.214708
0122106021143220434520033000 2 1202502252.214708
0125106021143220434520033000 2 1202502252.214708
0111102220643220434520033000 2 1202502252.214708
0121102220643220434520033000 2 1202502252.214708
0111102520643220434520033000 2 1202502252.214708
0121102520643220434520033000 2 1202502252.214708
0111102521643220434520033000 5 1202502252.214708
0111102220643520434520033000 2 1202502252.214708
0121102220643520434520033000 2 1202502252.214708
0111102520643520434520033000 2 1202502252.214709
0121102520643520434520033000 2 1202502252.214709
0111102521643520434520033000 5 1202502252.214709
0121102521643520434520033000 5 1202502252.214709
0111102523643520434520033000 5 1202502252.214709
0121102523643520434520033000 5 1202502252.214709
0111102524643520434520033000 5 1202502252.214709
0121102524643520434520033000 5 1202502252.214709
0111102526643520434520033000 5 1202502252.214709
0121102526643520434520033000 5 1202502252.214709
0122106021143240434520033000 2 1202502252.214709
0125106021143240434520033000 2 1202502252.214709
0111102220643240434520033000 2 1202502252.214709
0121102220643240434520033000 2 1202502252.214709
0111102520643240434520033000 2 1202502252.214709
0121102520643240434520033000 2 1202502252.214709
0111102521643240434520033000 5 1202502252.214709
0111102220643540434520033000 2 1202502252.214709
0121102220643540434520033000 2 1202502252.214709
0111102520643540434520033000 2 1202502252.214709
0121102520643540434520033000 2 1202502252.214709
0111102521643540434520033000 5 1202502252.214709
0121102521643540434520033000 5 1202502252.214709
0111102523643540434520033000 5 1202502252.214709
0121102523643540434520033000 5 1202502252.214709
0111102524643540434520033000 5 1202502252.214709
0121102524643540434520033000 5 1202502252.214709
0111102526643540434520033000 5 1202502252.214709
0121102526643540434520033000 5 1202502252.214709
0122106021143250434520033000 2 1202502252.214709
0125106021143250434520033000 2 1202502252.214709
0111102220643250434520033000 2 1202502252.214709
0121102220643250434520033000 2 1202502252.214709
0111102520643250434520033000 2 1202502252.214709
0121102520643250434520033000 2 1202502252.214709
0111102521643250434520033000 5 1202502252.214709
0111102220643550434520033000 2 1202502252.214709
0121102220643550434520033000 2 1202502252.214709
0111102520643550434520033000 2 1202502252.214709
0121102520643550434520033000 2 1202502252.214709
0111102521643550434520033000 5 1202502252.214709
0121102521643550434520033000 5 1202502252.214709
0111102523643550434520033000 5 1202502252.214709
0121102523643550434520033000 5 1202502252.214709
0111102524643550434520033000 5 1202502252.214709
0121102524643550434520033000 5 1202502252.214709
0111102526643550434520033000 5 1202502252.214709
0121102526643550434520033000 5 1202502252.214709
0122106021143201434520033000 2 1202502252.214709
0125106021143201434520033000 2 1202502252.214710
0111102220643201434520033000 2 1202502252.214710
0121102220643201434520033000 2 1202502252.214710
0111102520643201434520033000 2 1202502252.214710
0121102520643201434520033000 2 1202502252.214710
0111102521643201434520033000 5 1202502252.214710
0111102220643501434520033000 2 1202502252.214710
0121102220643501434520033000 2 1202502252.214710
0111102520643501434520033000 2 1202502252.214710
0121102520643501434520033000 2 1202502252.214710
0111102521643501434520033000 5 1202502252.214710
0121102521643501434520033000 5 1202502252.214710
0111102523643501434520033000 5 1202502252.214710
0121102523643501434520033000 5 1202502252.214710
0111102524643501434520033000 5 1202502252.214710
0121102524643501434520033000 5 1202502252.214710
0111102526643501434520033000 5 1202502252.214710
0121102526643501434520033000 5 1202502252.214710
0122106021143211434520033000 2 1202502252.214710
0125106021143211434520033000 2 1202502252.214710
0111102220643211434520033000 2 1202502252.214710
0121102220643211434520033000 2 1202502252.214710
0111102520643211434520033000 2 1202502252.214710
0121102520643211434520033000 2 1202502252.214710
0111102521643211434520033000 5 1202502252.214710
0111102220643511434520033000 2 1202502252.214710
0121102220643511434520033000 2 1202502252.214710
0111102520643511434520033000 2 1202502252.214710
0121102520643511434520033000 2 1202502252.214710
0111102521643511434520033000 5 1202502252.214710
0121102521643511434520033000 5 1202502252.214710
0111102523643511434520033000 5 1202502252.214710
0121102523643511434520033000 5 1202502252.214710
0111102524643511434520033000 5 1202502252.214710
0121102524643511434520033000 5 1202502252.214710
0111102526643511434520033000 5 1202502252.214710
0121102526643511434520033000 5 1202502252.214710
0122106021143221434520033000 2 1202502252.214710
0125106021143221434520033000 2 1202502252.214710
0111102220643221434520033000 2 1202502252.214710
0121102220643221434520033000 2 1202502252.214710
0111102520643221434520033000 2 1202502252.214710
0121102520643221434520033000 2 1202502252.214710
0111102521643221434520033000 5 1202502252.214710
0111102220643521434520033000 2 1202502252.214710
0121102220643521434520033000 2 1202502252.214710
0111102520643521434520033000 2 1202502252.214710
0121102520643521434520033000 2 1202502252.214710
0111102521643521434520033000 5 1202502252.214710
0121102521643521434520033000 5 1202502252.214711
0111102523643521434520033000 5 1202502252.214711
0121102523643521434520033000 5 1202502252.214711
0111102524643521434520033000 5 1202502252.214711
0121102524643521434520033000 5 1202502252.214711
0111102526643521434520033000 5 1202502252.214711
0121102526643521434520033000 5 1202502252.214711
0122106021143241434520033000 2 1202502252.214711
0125106021143241434520033000 2 1202502252.214711
0111102220643241434520033000 2 1202502252.214711
0121102220643241434520033000 2 1202502252.214711
0111102520643241434520033000 2 1202502252.214711
0121102520643241434520033000 2 1202502252.214711
0111102521643241434520033000 5 1202502252.214711
0111102220643541434520033000 2 1202502252.214711
0121102220643541434520033000 2 1202502252.214711
0111102520643541434520033000 2 1202502252.214711
0121102520643541434520033000 2 1202502252.214711
0111102521643541434520033000 5 1202502252.214711
0121102521643541434520033000 5 1202502252.214711
0111102523643541434520033000 5 1202502252.214711
0121102523643541434520033000 5 1202502252.214711
0111102524643541434520033000 5 1202502252.214711
0121102524643541434520033000 5 1202502252.214711
0111102526643541434520033000 5 1202502252.214711
0121102526643541434520033000 5 1202502252.214711
0122106021143251434520033000 2 1202502252.214711
0125106021143251434520033000 2 1202502252.214711
0111102220643251434520033000 2 1202502252.214711
0121102220643251434520033000 2 1202502252.214711
0111102520643251434520033000 2 1202502252.214711
0121102520643251434520033000 2 1202502252.214711
0111102521643251434520033000 5 1202502252.214711
0111102220643551434520033000 2 1202502252.214711
0121102220643551434520033000 2 1202502252.214711
0111102520643551434520033000 2 1202502252.214711
0121102520643551434520033000 2 1202502252.214711
0111102521643551434520033000 5 1202502252.214711
0121102521643551434520033000 5 1202502252.214711
0111102523643551434520033000 5 1202502252.214711
0121102523643551434520033000 5 1202502252.214711
0111102524643551434520033000 5 1202502252.214711
0121102524643551434520033000 5 1202502252.214711
0111102526643551434520033000 5 1202502252.214711
0121102526643551434520033000 5 1202502252.214711
0122106021143202434520033000 2 1202502252.214711
0125106021143202434520033000 2 1202502252.214711
0111102220643202434520033000 2 1202502252.214711
0121102220643202434520033000 2 1202502252.214711
0111102520643202434520033000 2 1202502252.214712
0121102520643202434520033000 2 1202502252.214712
0111102521643202434520033000 5 1202502252.214712
0111102220643502434520033000 2 1202502252.214712
0121102220643502434520033000 2 1202502252.214712
0111102520643502434520033000 2 1202502252.214712
0121102520643502434520033000 2 1202502252.214712
0111102521643502434520033000 5 1202502252.214712
0121102521643502434520033000 5 1202502252.214712
0111102523643502434520033000 5 1202502252.214712
0121102523643502434520033000 5 1202502252.214712
0111102524643502434520033000 5 1202502252.214712
0121102524643502434520033000 5 1202502252.214712
0111102526643502434520033000 5 1202502252.214712
0121102526643502434520033000 5 1202502252.214712
0122106021143212434520033000 2 1202502252.214712
0125106021143212434520033000 2 1202502252.214712
0111102220643212434520033000 2 1202502252.214712
0121102220643212434520033000 2 1202502252.214712
0111102520643212434520033000 2 1202502252.214712
0121102520643212434520033000 2 1202502252.214712
0111102521643212434520033000 5 1202502252.214712
0111102220643512434520033000 2 1202502252.214712
0121102220643512434520033000 2 1202502252.214712
0111102520643512434520033000 2 1202502252.214712
0121102520643512434520033000 2 1202502252.214712
0111102521643512434520033000 5 1202502252.214712
0121102521643512434520033000 5 1202502252.214712
0111102523643512434520033000 5 1202502252.214712
0121102523643512434520033000 5 1202502252.214712
0111102524643512434520033000 5 1202502252.214712
0121102524643512434520033000 5 1202502252.214712
0111102526643512434520033000 5 1202502252.214712
0121102526643512434520033000 5 1202502252.214712
0122106021143222434520033000 2 1202502252.214712
0125106021143222434520033000 2 1202502252.214712
0111102220643222434520033000 2 1202502252.214712
0121102220643222434520033000 2 1202502252.214712
0111102520643222434520033000 2 1202502252.214712
0121102520643222434520033000 2 1202502252.214712
0111102521643222434520033000 5 1202502252.214712
0111102220643522434520033000 2 1202502252.214712
0121102220643522434520033000 2 1202502252.214712
0111102520643522434520033000 2 1202502252.214712
0121102520643522434520033000 2 1202502252.214712
0111102521643522434520033000 5 1202502252.214712
0121102521643522434520033000 5 1202502252.214712
0111102523643522434520033000 5 1202502252.214712
0121102523643522434520033000 5 1202502252.214712
0111102524643522434520033000 5 1202502252.214713
0121102524643522434520033000 5 1202502252.214713
0111102526643522434520033000 5 1202502252.214713
0121102526643522434520033000 5 1202502252.214713
0122106021143242434520033000 2 1202502252.214713
0125106021143242434520033000 2 1202502252.214713
0111102220643242434520033000 2 1202502252.214713
0121102220643242434520033000 2 1202502252.214713
0111102520643242434520033000 2 1202502252.214713
0121102520643242434520033000 2 1202502252.214713
0111102521643242434520033000 5 1202502252.214713
0111102220643542434520033000 2 1202502252.214713
0121102220643542434520033000 2 1202502252.214713
0111102520643542434520033000 2 1202502252.214713
0121102520643542434520033000 2 1202502252.214713
0111102521643542434520033000 5 1202502252.214713
0121102521643542434520033000 5 1202502252.214713
0111102523643542434520033000 5 1202502252.214713
0121102523643542434520033000 5 1202502252.214713
0111102524643542434520033000 5 1202502252.214713
0121102524643542434520033000 5 1202502252.214713
0111102526643542434520033000 5 1202502252.214713
0121102526643542434520033000 5 1202502252.214713
0122106021143252434520033000 2 1202502252.214713
0125106021143252434520033000 2 1202502252.214713
0111102220643252434520033000 2 1202502252.214713
0121102220643252434520033000 2 1202502252.214713
0111102520643252434520033000 2 1202502252.214713
0121102520643252434520033000 2 1202502252.214713
0111102521643252434520033000 5 1202502252.214713
0111102220643552434520033000 2 1202502252.214713
0121102220643552434520033000 2 1202502252.214713
0111102520643552434520033000 2 1202502252.214713
0121102520643552434520033000 2 1202502252.214713
0111102521643552434520033000 5 1202502252.214713
0121102521643552434520033000 5 1202502252.214713
0111102523643552434520033000 5 1202502252.214713
0121102523643552434520033000 5 1202502252.214713
0111102524643552434520033000 5 1202502252.214713
0121102524643552434520033000 5 1202502252.214713
0111102526643552434520033000 5 1202502252.214713
0121102526643552434520033000 5 1202502252.214713
0122106021143204434520033000 2 1202502252.214713
0125106021143204434520033000 2 1202502252.214713
0111102220643204434520033000 2 1202502252.214713
0121102220643204434520033000 2 1202502252.214713
0111102520643204434520033000 2 1202502252.214713
0121102520643204434520033000 2 1202502252.214713
0111102521643204434520033000 5 1202502252.214713
0111102220643504434520033000 2 1202502252.214714
0121102220643504434520033000 2 1202502252.214714
0111102520643504434520033000 2 1202502252.214714
0121102520643504434520033000 2 1202502252.214714
0111102521643504434520033000 5 1202502252.214714
0121102521643504434520033000 5 1202502252.214714
0111102523643504434520033000 5 1202502252.214714
0121102523643504434520033000 5 1202502252.214714
0111102524643504434520033000 5 1202502252.214714
0121102524643504434520033000 5 1202502252.214714
0111102526643504434520033000 5 1202502252.214714
0121102526643504434520033000 5 1202502252.214714
0122106021143214434520033000 2 1202502252.214714
0125106021143214434520033000 2 1202502252.214714
0111102220643214434520033000 2 1202502252.214714
0121102220643214434520033000 2 1202502252.214714
0111102520643214434520033000 2 1202502252.214714
0121102520643214434520033000 2 1202502252.214714
0111102521643214434520033000 5 1202502252.214714
0111102220643514434520033000 2 1202502252.214714
0121102220643514434520033000 2 1202502252.214714
0111102520643514434520033000 2 1202502252.214714
0121102520643514434520033000 2 1202502252.214714
0111102521643514434520033000 5 1202502252.214714
0121102521643514434520033000 5 1202502252.214714
0111102523643514434520033000 5 1202502252.214714
0121102523643514434520033000 5 1202502252.214714
0111102524643514434520033000 5 1202502252.214714
0121102524643514434520033000 5 1202502252.214714
0111102526643514434520033000 5 1202502252.214714
0121102526643514434520033000 5 1202502252.214714
0122106021143224434520033000 2 1202502252.214714
0125106021143224434520033000 2 1202502252.214714
0111102220643224434520033000 2 1202502252.214714
0121102220643224434520033000 2 1202502252.214714
0111102520643224434520033000 2 1202502252.214714
0121102520643224434520033000 2 1202502252.214714
0111102521643224434520033000 5 1202502252.214714
0111102220643524434520033000 2 1202502252.214714
0121102220643524434520033000 2 1202502252.214714
0111102520643524434520033000 2 1202502252.214714
0121102520643524434520033000 2 1202502252.214714
0111102521643524434520033000 5 1202502252.214714
0121102521643524434520033000 5 1202502252.214714
0111102523643524434520033000 5 1202502252.214714
0121102523643524434520033000 5 1202502252.214714
0111102524643524434520033000 5 1202502252.214714
0121102524643524434520033000 5 1202502252.214714
0111102526643524434520033000 5 1202502252.214714
0121102526643524434520033000 5 1202502252.214715
0122106021143244434520033000 2 1202502252.214715
0125106021143244434520033000 2 1202502252.214715
0111102220643244434520033000 2 1202502252.214715
0121102220643244434520033000 2 1202502252.214715
0111102520643244434520033000 2 1202502252.214715
0121102520643244434520033000 2 1202502252.214715
0111102521643244434520033000 5 1202502252.214715
0111102220643544434520033000 2 1202502252.214715
0121102220643544434520033000 2 1202502252.214715
0111102520643544434520033000 2 1202502252.214715
0121102520643544434520033000 2 1202502252.214715
0111102521643544434520033000 5 1202502252.214715
0121102521643544434520033000 5 1202502252.214715
0111102523643544434520033000 5 1202502252.214715
0121102523643544434520033000 5 1202502252.214715
0111102524643544434520033000 5 1202502252.214715
0121102524643544434520033000 5 1202502252.214715
0111102526643544434520033000 5 1202502252.214715
0121102526643544434520033000 5 1202502252.214715
0122106021143254434520033000 2 1202502252.214715
0125106021143254434520033000 2 1202502252.214715
0111102220643254434520033000 2 1202502252.214715
0121102220643254434520033000 2 1202502252.214715
0111102520643254434520033000 2 1202502252.214715
0121102520643254434520033000 2 1202502252.214715
0111102521643254434520033000 5 1202502252.214715
0111102220643554434520033000 2 1202502252.214715
0121102220643554434520033000 2 1202502252.214715
0111102520643554434520033000 2 1202502252.214715
0121102520643554434520033000 2 1202502252.214715
0111102521643554434520033000 5 1202502252.214715
0121102521643554434520033000 5 1202502252.214715
0111102523643554434520033000 5 1202502252.214715
0121102523643554434520033000 5 1202502252.214715
0111102524643554434520033000 5 1202502252.214715
0121102524643554434520033000 5 1202502252.214715
0111102526643554434520033000 5 1202502252.214715
0121102526643554434520033000 5 1202502252.214715
0122106021143205434520033000 2 1202502252.214715
0125106021143205434520033000 2 1202502252.214715
0111102220643205434520033000 2 1202502252.214715
0121102220643205434520033000 2 1202502252.214715
0111102520643205434520033000 2 1202502252.214715
0121102520643205434520033000 2 1202502252.214715
0111102521643205434520033000 5 1202502252.214715
0111102220643505434520033000 2 1202502252.214715
0121102220643505434520033000 2 1202502252.214715
0111102520643505434520033000 2 1202502252.214715
0121102520643505434520033000 2 1202502252.214716
0111102521643505434520033000 5 1202502252.214716
0121102521643505434520033000 5 1202502252.214716
0111102523643505434520033000 5 1202502252.214716
0121102523643505434520033000 5 1202502252.214716
0111102524643505434520033000 5 1202502252.214716
0121102524643505434520033000 5 1202502252.214716
0111102526643505434520033000 5 1202502252.214716
0121102526643505434520033000 5 1202502252.214716
0122106021143215434520033000 2 1202502252.214716
0125106021143215434520033000 2 1202502252.214716
0111102220643215434520033000 2 1202502252.214716
0121102220643215434520033000 2 1202502252.214716
0111102520643215434520033000 2 1202502252.214716
0121102520643215434520033000 2 1202502252.214716
0111102521643215434520033000 5 1202502252.214716
0111102220643515434520033000 2 1202502252.214716
0121102220643515434520033000 2 1202502252.214716
0111102520643515434520033000 2 1202502252.214716
0121102520643515434520033000 2 1202502252.214716
0111102521643515434520033000 5 1202502252.214716
0121102521643515434520033000 5 1202502252.214716
0111102523643515434520033000 5 1202502252.214716
0121102523643515434520033000 5 1202502252.214716
0111102524643515434520033000 5 1202502252.214716
0121102524643515434520033000 5 1202502252.214716
0111102526643515434520033000 5 1202502252.214716
0121102526643515434520033000 5 1202502252.214716
0122106021143225434520033000 2 1202502252.214716
0125106021143225434520033000 2 1202502252.214716
0111102220643225434520033000 2 1202502252.214716
0121102220643225434520033000 2 1202502252.214716
0111102520643225434520033000 2 1202502252.214716
0121102520643225434520033000 2 1202502252.214716
0111102521643225434520033000 5 1202502252.214716
0111102220643525434520033000 2 1202502252.214716
0121102220643525434520033000 2 1202502252.214716
0111102520643525434520033000 2 1202502252.214716
0121102520643525434520033000 2 1202502252.214716
0111102521643525434520033000 5 1202502252.214716
0121102521643525434520033000 5 1202502252.214716
0111102523643525434520033000 5 1202502252.214716
0121102523643525434520033000 5 1202502252.214716
0111102524643525434520033000 5 1202502252.214716
0121102524643525434520033000 5 1202502252.214716
0111102526643525434520033000 5 1202502252.214716
0121102526643525434520033000 5 1202502252.214716
0122106021143245434520033000 2 1202502252.214716
0125106021143245434520033000 2 1202502252.214716
0111102220643245434520033000 2 1202502252.214717
0121102220643245434520033000 2 1202502252.214717
0111102520643245434520033000 2 1202502252.214717
0121102520643245434520033000 2 1202502252.214717
0111102521643245434520033000 5 1202502252.214717
0111102220643545434520033000 2 1202502252.214717
0121102220643545434520033000 2 1202502252.214717
0111102520643545434520033000 2 1202502252.214717
0121102520643545434520033000 2 1202502252.214717
0111102521643545434520033000 5 1202502252.214717
0121102521643545434520033000 5 1202502252.214717
0111102523643545434520033000 5 1202502252.214717
0121102523643545434520033000 5 1202502252.214717
0111102524643545434520033000 5 1202502252.214717
0121102524643545434520033000 5 1202502252.214717
0111102526643545434520033000 5 1202502252.214717
0121102526643545434520033000 5 1202502252.214717
0122106021143255434520033000 2 1202502252.214717
