011115202143351040420110 1202412065.184743
012215202345310140420110 1202412065.184743
012215202345311140420110 1202412065.184743
012215202345312140420110 1202412065.184743
012215202345314140420110 1202412065.184743
012215202345315140420110 1202412065.184743
014115202003311442420110 1202412065.184743
014115202003351442420110 1202412065.184743
014115202003314442420110 1202412065.184743
014115202003354442420110 1202412065.184743
014115202003315442420110 1202412065.184743
014115202003355442420110 1202412065.184743
014415352131304042420020 1202412065.184743
014415352131304442420020 1202412065.184743
014415352131314442420020 1202412065.184743
014415352131354442420020 1202412065.184743
014415352131314542420020 1202412065.184744
014415352131354542420020 1202412065.184744
044415352101354442420120 1202412065.184744
014110552103304442420220 1202412065.184744
014110552103314442420220 1202412065.184744
052110552131314142420420 1202412065.184744
014110552103300442420420 1202412065.184744
014410052113300442420420 1202412065.184744
014110552103310442420420 1202412065.184744
014410052113310442420420 1202412065.184744
014110052103301442420420 1202412065.184744
014110052113301442420420 1202412065.184744
014110052103311442420420 1202412065.184744
014110552103311442420420 1202412065.184744
014110052113311442420420 1202412065.184744
014110552103304442420420 1202412065.184744
014410052113304442420420 1202412065.184744
014110052103314442420420 1202412065.184744
014410052103314442420420 1202412065.184744
014410252103314442420420 1202412065.184744
014410352103314442420420 1202412065.184744
014110552103314442420420 1202412065.184744
014410552103314442420420 1202412065.184744
014110052113314442420420 1202412065.184744
014110052133314442420420 1202412065.184744
054110052133314442420420 1202412065.184744
014110552103315442420420 1202412065.184744
014410352101304542420420 1202412065.184744
044215352131314042420520 1202412065.184744
044115052103310442420520 1202412065.184744
044115052113310442420520 1202412065.184744
044115052133310442420520 1202412065.184744
044115052143310442420520 1202412065.184744
044115052153310442420520 1202412065.184744
044115052103311442420520 1202412065.184744
044115052113311442420520 1202412065.184744
044115052133311442420520 1202412065.184744
044115052143311442420520 1202412065.184744
044115052153311442420520 1202412065.184744
044115052103312442420520 1202412065.184744
044115052113312442420520 1202412065.184744
044115052133312442420520 1202412065.184744
044115052143312442420520 1202412065.184744
044115052153312442420520 1202412065.184744
044115052103314442420520 1202412065.184744
044115052113314442420520 1202412065.184744
044115052133314442420520 1202412065.184744
044115052143314442420520 1202412065.184744
044115052153314442420520 1202412065.184744
044115052103315442420520 1202412065.184744
044115052113315442420520 1202412065.184744
044115052133315442420520 1202412065.184744
044115052143315442420520 1202412065.184744
044115052153315442420520 1202412065.184744
012115252033300442420040 1202412065.184745
012115252033310442420040 1202412065.184745
012115252033301442420040 1202412065.184745
012115252033311442420040 1202412065.184745
012115252033302442420040 1202412065.184745
012115252033312442420040 1202412065.184745
012115252033304442420040 1202412065.184745
012115252033314442420040 1202412065.184745
012115252033305442420040 1202412065.184745
012115252033315442420040 1202412065.184745
051110202135304042420140 1202412065.184745
041115202130314042420140 1202412065.184745
041215202130314042420140 1202412065.184745
042215302111314042420140 1202412065.184745
041215202131314042420140 1202412065.184745
012415302151314042420140 1202412065.184745
041215202133314042420140 1202412065.184745
041215202134314042420140 1202412065.184745
051110202135314042420140 1202412065.184745
041215202135314042420140 1202412065.184745
012415302151354042420140 1202412065.184745
041215202135354042420140 1202412065.184745
041215202135305042420140 1202412065.184745
041215202135315042420140 1202412065.184745
041215202135325042420140 1202412065.184745
041215202135345042420140 1202412065.184745
041215202135355042420140 1202412065.184745
041215202135314142420140 1202412065.184745
051110202135354142420140 1202412065.184745
041215202135354142420140 1202412065.184745
041215202135305142420140 1202412065.184745
041215202135315142420140 1202412065.184745
041215202135325142420140 1202412065.184745
041215202135345142420140 1202412065.184745
041215202135355142420140 1202412065.184745
051110202135304242420140 1202412065.184745
012415302151314242420140 1202412065.184745
012415302151354242420140 1202412065.184745
041215202135305242420140 1202412065.184745
041215202135315242420140 1202412065.184745
041215202135325242420140 1202412065.184745
041215202135345242420140 1202412065.184745
041215202135355242420140 1202412065.184745
012115202053300442420140 1202412065.184745
012115202153300442420140 1202412065.184745
042215302113310442420140 1202412065.184745
002115502113310442420140 1202412065.184745
042115502113310442420140 1202412065.184745
012115202053310442420140 1202412065.184745
012115002153310442420140 1202412065.184745
022115002153310442420140 1202412065.184745
052115002153310442420140 1202412065.184745
012115202153310442420140 1202412065.184745
002115502153310442420140 1202412065.184745
042115502153310442420140 1202412065.184745
012415502113301442420140 1202412065.184745
012115202053301442420140 1202412065.184745
012115202153301442420140 1202412065.184745
012415502153301442420140 1202412065.184745
042215302113311442420140 1202412065.184745
002115502113311442420140 1202412065.184745
022115502113311442420140 1202412065.184745
042115502113311442420140 1202412065.184745
012415502113311442420140 1202412065.184745
011115202053311442420140 1202412065.184745
012115202053311442420140 1202412065.184745
012115002153311442420140 1202412065.184745
022115002153311442420140 1202412065.184745
052115002153311442420140 1202412065.184745
012115202153311442420140 1202412065.184745
012415202153311442420140 1202412065.184745
002115502153311442420140 1202412065.184745
022115502153311442420140 1202412065.184745
042115502153311442420140 1202412065.184745
012415502153311442420140 1202412065.184745
011115202053351442420140 1202412065.184745
012115202053302442420140 1202412065.184745
012115202153302442420140 1202412065.184745
051110202135302442420140 1202412065.184745
042215302113312442420140 1202412065.184745
002115502113312442420140 1202412065.184745
042115502113312442420140 1202412065.184745
012115202053312442420140 1202412065.184745
012115002153312442420140 1202412065.184745
052115002153312442420140 1202412065.184745
012115202153312442420140 1202412065.184745
002115502153312442420140 1202412065.184745
042115502153312442420140 1202412065.184745
012115202053304442420140 1202412065.184745
012115202153304442420140 1202412065.184745
051110202135304442420140 1202412065.184745
012415302151314442420140 1202412065.184745
042215302113314442420140 1202412065.184745
002115502113314442420140 1202412065.184745
022115502113314442420140 1202412065.184745
042115502113314442420140 1202412065.184745
012415502113314442420140 1202412065.184745
011115252033314442420140 1202412065.184745
011115202053314442420140 1202412065.184745
012115202053314442420140 1202412065.184745
012115002153314442420140 1202412065.184745
022115002153314442420140 1202412065.184745
052115002153314442420140 1202412065.184745
012415002153314442420140 1202412065.184745
012115202153314442420140 1202412065.184745
012415202153314442420140 1202412065.184745
012415302153314442420140 1202412065.184745
002115502153314442420140 1202412065.184745
022115502153314442420140 1202412065.184745
042115502153314442420140 1202412065.184745
012415502153314442420140 1202412065.184745
012415302151354442420140 1202412065.184745
011115202053354442420140 1202412065.184745
012115202053305442420140 1202412065.184745
012115202153305442420140 1202412065.184745
041215202135305442420140 1202412065.184745
042215302113315442420140 1202412065.184745
002115502113315442420140 1202412065.184745
042115502113315442420140 1202412065.184745
011115202053315442420140 1202412065.184745
012115202053315442420140 1202412065.184745
012115002153315442420140 1202412065.184745
052115002153315442420140 1202412065.184745
012115202153315442420140 1202412065.184745
002115502153315442420140 1202412065.184745
042115502153315442420140 1202412065.184745
041215202135315442420140 1202412065.184745
041215202135325442420140 1202412065.184745
041215202135345442420140 1202412065.184745
011115202053355442420140 1202412065.184745
041215202135355442420140 1202412065.184745
041215202135352542420140 1202412065.184745
012415302151314542420140 1202412065.184745
012415302151354542420140 1202412065.184745
041215202135305542420140 1202412065.184745
041215202135315542420140 1202412065.184745
041215202135325542420140 1202412065.184745
041215202135345542420140 1202412065.184745
041215202135355542420140 1202412065.184745
052110002131304142420440 1202412065.184746
022415302151314042420540 1202412065.184746
022415302151314242420540 1202412065.184746
022415302151354242420540 1202412065.184746
011115222053310442420540 1202412065.184746
011115222053350442420540 1202412065.184746
011115222053311442420540 1202412065.184746
011115222053351442420540 1202412065.184746
022215232155351442420540 1202412065.184746
011115222053352442420540 1202412065.184746
022215232155352442420540 1202412065.184746
022415302151314442420540 1202412065.184746
011115222053314442420540 1202412065.184746
022415302151354442420540 1202412065.184746
011115222053354442420540 1202412065.184746
022215232155354442420540 1202412065.184746
011115222053315442420540 1202412065.184746
011115222053355442420540 1202412065.184746
022215232155355442420540 1202412065.184746
022415302151314542420540 1202412065.184746
022415302151354542420540 1202412065.184746
014515252130304142420011 1202412065.184746
014515252130354242420011 1202412065.184746
014210252503311442420011 1202412065.184746
014515252130352442420011 1202412065.184746
014515252130354442420011 1202412065.184746
014515252130314542420011 1202412065.184746
014515252130354542420011 1202412065.184746
004510222503300442420111 1202412065.184747
014410252503300442420111 1202412065.184747
014510252503300442420111 1202412065.184747
004510222503310442420111 1202412065.184747
014410252503310442420111 1202412065.184747
014510252503310442420111 1202412065.184747
004510222503301442420111 1202412065.184747
014210252503301442420111 1202412065.184747
014410252503301442420111 1202412065.184747
014510252503301442420111 1202412065.184747
004510222503311442420111 1202412065.184747
014210252503311442420111 1202412065.184747
014410252503311442420111 1202412065.184747
014510252503311442420111 1202412065.184747
004510222503302442420111 1202412065.184747
004510222503304442420111 1202412065.184747
014210252503304442420111 1202412065.184747
014410252503304442420111 1202412065.184747
014510252503304442420111 1202412065.184747
004510222503314442420111 1202412065.184747
014210252503314442420111 1202412065.184747
014410252503314442420111 1202412065.184747
014510252503314442420111 1202412065.184747
014510202533314442420111 1202412065.184747
004510222503305442420111 1202412065.184747
004510222503315442420111 1202412065.184747
011510252143301545420111 1202412065.184747
011410252143340245420211 1202412065.184747
014510252135314542420411 1202412065.184747
024110252130352240420511 1202412065.184747
024110252130352540420511 1202412065.184747
042515002131314142420021 1202412065.184747
044515552131354142420021 1202412065.184747
014415252133300442420021 1202412065.184747
014510552103310442420021 1202412065.184747
014415252133310442420021 1202412065.184747
014415252133350442420021 1202412065.184747
014110052133301442420021 1202412065.184747
014415252133301442420021 1202412065.184747
014510552103311442420021 1202412065.184747
014110052133311442420021 1202412065.184747
014415252133311442420021 1202412065.184747
014415252133351442420021 1202412065.184747
014415252133302442420021 1202412065.184747
014510552103312442420021 1202412065.184747
014415252133312442420021 1202412065.184747
014415252133352442420021 1202412065.184747
014410552103304442420021 1202412065.184747
014415252133304442420021 1202412065.184747
014110552103314442420021 1202412065.184747
014410552103314442420021 1202412065.184747
014510552103314442420021 1202412065.184747
014110052133314442420021 1202412065.184747
014415252133314442420021 1202412065.184747
014415252133354442420021 1202412065.184747
014415252133305442420021 1202412065.184747
014510552103315442420021 1202412065.184747
014415252133315442420021 1202412065.184747
014415252133355442420021 1202412065.184747
042415002131354042420121 1202412065.184747
014210252103300442420121 1202412065.184747
014410252103300442420121 1202412065.184747
014210252503300442420121 1202412065.184747
014410252503300442420121 1202412065.184747
054410202533300442420121 1202412065.184747
014510252103310442420121 1202412065.184747
014410552103310442420121 1202412065.184747
014510552103310442420121 1202412065.184747
014010252503310442420121 1202412065.184747
014510252503310442420121 1202412065.184747
054410202533310442420121 1202412065.184747
054510202533310442420121 1202412065.184747
014510252103350442420121 1202412065.184747
014010252503350442420121 1202412065.184747
014510252503350442420121 1202412065.184747
054410202533350442420121 1202412065.184747
054510202533350442420121 1202412065.184747
014210252103301442420121 1202412065.184747
014410252103301442420121 1202412065.184747
014210252503301442420121 1202412065.184747
014410252503301442420121 1202412065.184747
054410202533301442420121 1202412065.184747
014210252103311442420121 1202412065.184747
014410252103311442420121 1202412065.184747
014510252103311442420121 1202412065.184747
014510552103311442420121 1202412065.184747
014010252503311442420121 1202412065.184747
014210252503311442420121 1202412065.184747
014410252503311442420121 1202412065.184747
014510252503311442420121 1202412065.184747
054410202533311442420121 1202412065.184747
054510202533311442420121 1202412065.184747
014510252103351442420121 1202412065.184747
014010252503351442420121 1202412065.184747
014510252503351442420121 1202412065.184747
054410202533351442420121 1202412065.184747
054510202533351442420121 1202412065.184747
014210252103302442420121 1202412065.184747
014210252503302442420121 1202412065.184748
054410202533302442420121 1202412065.184748
014510252103312442420121 1202412065.184748
014510552103312442420121 1202412065.184748
014010252503312442420121 1202412065.184748
014510252503312442420121 1202412065.184748
054410202533312442420121 1202412065.184748
054510202533312442420121 1202412065.184748
014510252103352442420121 1202412065.184748
014010252503352442420121 1202412065.184748
014510252503352442420121 1202412065.184748
054410202533352442420121 1202412065.184748
054510202533352442420121 1202412065.184748
014210252103304442420121 1202412065.184748
014410252103304442420121 1202412065.184748
014210252503304442420121 1202412065.184748
014410252503304442420121 1202412065.184748
054410202533304442420121 1202412065.184748
014210252103314442420121 1202412065.184748
014410252103314442420121 1202412065.184748
014510252103314442420121 1202412065.184748
014110552103314442420121 1202412065.184748
014410552103314442420121 1202412065.184748
014510552103314442420121 1202412065.184748
014010252503314442420121 1202412065.184748
014210252503314442420121 1202412065.184748
014410252503314442420121 1202412065.184748
014510252503314442420121 1202412065.184748
054410202533314442420121 1202412065.184748
054510202533314442420121 1202412065.184748
014510252103354442420121 1202412065.184748
014010252503354442420121 1202412065.184748
014510252503354442420121 1202412065.184748
054410202533354442420121 1202412065.184748
054510202533354442420121 1202412065.184748
014210252103305442420121 1202412065.184748
014210252503305442420121 1202412065.184748
054410202533305442420121 1202412065.184748
014510252103315442420121 1202412065.184748
014510552103315442420121 1202412065.184748
014010252503315442420121 1202412065.184748
014510252503315442420121 1202412065.184748
054410202533315442420121 1202412065.184748
054510202533315442420121 1202412065.184748
014510252103355442420121 1202412065.184748
014010252503355442420121 1202412065.184748
014510252503355442420121 1202412065.184748
054410202533355442420121 1202412065.184748
054510202533355442420121 1202412065.184748
014410252103300442420221 1202412065.184748
014410552103300442420221 1202412065.184748
014410552103310442420221 1202412065.184748
014110052113310442420221 1202412065.184748
014110052113350442420221 1202412065.184748
014110052103301442420221 1202412065.184748
014410252103301442420221 1202412065.184748
014110052113301442420221 1202412065.184748
014110052103311442420221 1202412065.184748
014510052103311442420221 1202412065.184748
014410252103311442420221 1202412065.184748
014510552103311442420221 1202412065.184748
014110052113311442420221 1202412065.184748
014510052113311442420221 1202412065.184748
014110052103351442420221 1202412065.184748
014110052113351442420221 1202412065.184748
014410252103304442420221 1202412065.184748
014410552103304442420221 1202412065.184748
014110052103314442420221 1202412065.184748
014510052103314442420221 1202412065.184748
014410252103314442420221 1202412065.184748
014110552103314442420221 1202412065.184748
014510552103314442420221 1202412065.184748
014110052113314442420221 1202412065.184748
014510052113314442420221 1202412065.184748
014510552103315442420221 1202412065.184748
014410252103300442420421 1202412065.184748
014410552103300442420421 1202412065.184748
014410052113300442420421 1202412065.184748
014110052103310442420421 1202412065.184748
014410052103310442420421 1202412065.184748
014510052103310442420421 1202412065.184748
014110552103310442420421 1202412065.184748
014410552103310442420421 1202412065.184748
014510052113310442420421 1202412065.184748
014410052103301442420421 1202412065.184748
014210252103301442420421 1202412065.184748
014410252103301442420421 1202412065.184748
014210052113301442420421 1202412065.184748
014410052113301442420421 1202412065.184748
014110052103311442420421 1202412065.184748
014410052103311442420421 1202412065.184748
014510052103311442420421 1202412065.184748
014210252103311442420421 1202412065.184748
014410252103311442420421 1202412065.184748
014210552103311442420421 1202412065.184748
014110052113311442420421 1202412065.184748
014410052113311442420421 1202412065.184748
014510052113311442420421 1202412065.184748
014110052133311442420421 1202412065.184748
014510052103312442420421 1202412065.184748
014510052113312442420421 1202412065.184748
014210252103304442420421 1202412065.184748
014410252103304442420421 1202412065.184748
014210552103304442420421 1202412065.184748
014410552103304442420421 1202412065.184748
014110052103314442420421 1202412065.184748
014410052103314442420421 1202412065.184748
014510052103314442420421 1202412065.184748
014210252103314442420421 1202412065.184748
014410252103314442420421 1202412065.184748
014110552103314442420421 1202412065.184748
014210552103314442420421 1202412065.184748
014410552103314442420421 1202412065.184748
014110052113314442420421 1202412065.184748
014510052113314442420421 1202412065.184748
014110052133314442420421 1202412065.184748
014110052103315442420421 1202412065.184748
014510052103315442420421 1202412065.184748
014210052113315442420421 1202412065.184748
014410052113315442420421 1202412065.184748
014510052113315442420421 1202412065.184748
014510052103310442420521 1202412065.184748
014510052113310442420521 1202412065.184748
014510052103311442420521 1202412065.184748
014510052113311442420521 1202412065.184748
014510052103312442420521 1202412065.184748
014510052113312442420521 1202412065.184748
014410552103304442420521 1202412065.184749
014510052103314442420521 1202412065.184749
014110552103314442420521 1202412065.184749
014510052113314442420521 1202412065.184749
014510052103315442420521 1202412065.184749
014510052113315442420521 1202412065.184749
042515502133314442420041 1202412065.184753
041215202530354142420141 1202412065.184753
041215202135354142420141 1202412065.184753
011510252553300442420141 1202412065.184753
042215502113310442420141 1202412065.184753
022415502113310442420141 1202412065.184753
042215002133310442420141 1202412065.184753
022415002153310442420141 1202412065.184753
042515002153310442420141 1202412065.184753
042115502153310442420141 1202412065.184753
022415502153310442420141 1202412065.184753
042415502153310442420141 1202412065.184753
011010252553310442420141 1202412065.184753
011510252553310442420141 1202412065.184753
022215002153350442420141 1202412065.184753
022415002153350442420141 1202412065.184753
042415502153350442420141 1202412065.184753
022115502113301442420141 1202412065.184753
052415502113301442420141 1202412065.184753
052415502133301442420141 1202412065.184753
022115502153301442420141 1202412065.184753
052415502153301442420141 1202412065.184753
011510252553301442420141 1202412065.184753
022115502113311442420141 1202412065.184753
042115502113311442420141 1202412065.184753
042215502113311442420141 1202412065.184753
012415502113311442420141 1202412065.184753
022415502113311442420141 1202412065.184753
042415502113311442420141 1202412065.184753
052415502113311442420141 1202412065.184753
042515502113311442420141 1202412065.184753
042215002133311442420141 1202412065.184753
042115502133311442420141 1202412065.184753
052115502133311442420141 1202412065.184753
052415502133311442420141 1202412065.184753
022415002153311442420141 1202412065.184753
042515002153311442420141 1202412065.184753
022115502153311442420141 1202412065.184753
042115502153311442420141 1202412065.184753
022215502153311442420141 1202412065.184753
012415502153311442420141 1202412065.184753
022415502153311442420141 1202412065.184753
042415502153311442420141 1202412065.184753
052415502153311442420141 1202412065.184753
042515502153311442420141 1202412065.184753
011010252553311442420141 1202412065.184753
011510252553311442420141 1202412065.184753
022115502113351442420141 1202412065.184753
012415502113351442420141 1202412065.184753
022415502113351442420141 1202412065.184753
042415502113351442420141 1202412065.184753
042515502113351442420141 1202412065.184753
052115502133351442420141 1202412065.184753
042415502133351442420141 1202412065.184753
052415502133351442420141 1202412065.184753
022115502153351442420141 1202412065.184753
022215502153351442420141 1202412065.184753
012415502153351442420141 1202412065.184753
022415502153351442420141 1202412065.184753
042515502153351442420141 1202412065.184753
042215002133312442420141 1202412065.184753
011510252553304442420141 1202412065.184754
042215002131314442420141 1202412065.184754
022115502113314442420141 1202412065.184754
042115502113314442420141 1202412065.184754
042215502113314442420141 1202412065.184754
012415502113314442420141 1202412065.184754
022415502113314442420141 1202412065.184754
042415502113314442420141 1202412065.184754
052415502113314442420141 1202412065.184754
042515502113314442420141 1202412065.184754
042215002133314442420141 1202412065.184754
042115502133314442420141 1202412065.184754
052115502133314442420141 1202412065.184754
042415502133314442420141 1202412065.184754
052415502133314442420141 1202412065.184754
042515502133314442420141 1202412065.184754
002115002153314442420141 1202412065.184754
012115002153314442420141 1202412065.184754
022115002153314442420141 1202412065.184754
042115002153314442420141 1202412065.184754
052115002153314442420141 1202412065.184754
022215002153314442420141 1202412065.184754
012415002153314442420141 1202412065.184754
022415002153314442420141 1202412065.184754
022515002153314442420141 1202412065.184754
042515002153314442420141 1202412065.184754
022115502153314442420141 1202412065.184754
042115502153314442420141 1202412065.184754
022215502153314442420141 1202412065.184754
042215502153314442420141 1202412065.184754
012415502153314442420141 1202412065.184754
022415502153314442420141 1202412065.184754
042415502153314442420141 1202412065.184754
052415502153314442420141 1202412065.184754
042515502153314442420141 1202412065.184754
011010252553314442420141 1202412065.184754
011510252553314442420141 1202412065.184754
042215002133354442420141 1202412065.184754
022515002153354442420141 1202412065.184754
042515002153354442420141 1202412065.184754
022115502113305442420141 1202412065.184754
022215502113305442420141 1202412065.184754
022215002153305442420141 1202412065.184754
022415002153305442420141 1202412065.184754
022215502153305442420141 1202412065.184754
022415502153305442420141 1202412065.184754
022115502113315442420141 1202412065.184754
042215002133315442420141 1202412065.184754
042115002153315442420141 1202412065.184754
022215002153315442420141 1202412065.184754
042515002153315442420141 1202412065.184754
042115502153315442420141 1202412065.184754
022215002153355442420141 1202412065.184754
042515002153355442420141 1202412065.184754
052410002131304542420141 1202412065.184754
042415002131304542420141 1202412065.184754
001115202135302045420241 1202412065.184754
001115202135302245420241 1202412065.184754
002510502103310442420441 1202412065.184754
002510502113310442420441 1202412065.184754
002510502133310442420441 1202412065.184754
002510502143310442420441 1202412065.184754
002510502153310442420441 1202412065.184754
002510502103311442420441 1202412065.184754
002510502113311442420441 1202412065.184754
002510502133311442420441 1202412065.184754
002510502143311442420441 1202412065.184754
002510502153311442420441 1202412065.184754
002510502103312442420441 1202412065.184754
002510502113312442420441 1202412065.184754
002510502133312442420441 1202412065.184754
002510502143312442420441 1202412065.184754
002510502153312442420441 1202412065.184754
002510502103314442420441 1202412065.184754
002510502113314442420441 1202412065.184754
002510502133314442420441 1202412065.184754
002510502143314442420441 1202412065.184754
002510502153314442420441 1202412065.184754
002510502103315442420441 1202412065.184754
002510502113315442420441 1202412065.184754
002510502133315442420441 1202412065.184754
002510502143315442420441 1202412065.184754
002510502153315442420441 1202412065.184754
042215002131314142420541 1202412065.184754
052215002153300442420541 1202412065.184754
052210002153350442420541 1202412065.184754
052215002153350442420541 1202412065.184754
052215002153301442420541 1202412065.184754
052215002153311442420541 1202412065.184754
052210002153351442420541 1202412065.184754
052215002153351442420541 1202412065.184754
052215002153302442420541 1202412065.184754
052210002153352442420541 1202412065.184754
052215002153352442420541 1202412065.184754
052215002153304442420541 1202412065.184754
052215002153314442420541 1202412065.184754
052210002153354442420541 1202412065.184754
022215002153354442420541 1202412065.184754
052215002153354442420541 1202412065.184754
052215002153305442420541 1202412065.184754
052215002153315442420541 1202412065.184754
052210002153355442420541 1202412065.184754
052215002153355442420541 1202412065.184754
014510252130300042420412 1202412065.184755
014510252130310042420412 1202412065.184755
014510252130320042420412 1202412065.184755
014510252130340042420412 1202412065.184755
014510252130350042420412 1202412065.184755
014510252130302042420412 1202412065.184755
014510252130300142420412 1202412065.184755
014510252130310142420412 1202412065.184755
014510252130320142420412 1202412065.184755
014510252130340142420412 1202412065.184755
014510252130350142420412 1202412065.184755
014110252130304142420412 1202412065.184755
014510252130304142420412 1202412065.184755
014110252035304142420412 1202412065.184755
014510252130314142420412 1202412065.184755
014510252130300242420412 1202412065.184755
014510252130310242420412 1202412065.184755
014510252130320242420412 1202412065.184755
014510252130340242420412 1202412065.184755
014510252130350242420412 1202412065.184755
014510252130300442420412 1202412065.184755
014510252130310442420412 1202412065.184755
014510252130320442420412 1202412065.184755
014510252130340442420412 1202412065.184755
014510252130350442420412 1202412065.184755
014510252130300542420412 1202412065.184755
014510252130310542420412 1202412065.184755
014510252130320542420412 1202412065.184755
014510252130340542420412 1202412065.184755
014510252130350542420412 1202412065.184755
014510252130304542420412 1202412065.184755
014510252130314542420412 1202412065.184755
014510252131314542420412 1202412065.184755
014510252133314542420412 1202412065.184755
014510252134314542420412 1202412065.184755
014510252135314542420412 1202412065.184755
004110552103300442420022 1202412065.184755
004115552103300442420022 1202412065.184756
004110552103310442420022 1202412065.184756
004110552103350442420022 1202412065.184756
004110552103301442420022 1202412065.184756
004115552103301442420022 1202412065.184756
004110552103311442420022 1202412065.184756
004110552103351442420022 1202412065.184756
004110552103302442420022 1202412065.184756
004115552103302442420022 1202412065.184756
004110552103352442420022 1202412065.184756
004110552103304442420022 1202412065.184756
004115552103304442420022 1202412065.184756
004110552103314442420022 1202412065.184756
004110552103354442420022 1202412065.184756
004110552103305442420022 1202412065.184756
004115552103305442420022 1202412065.184756
004110552103355442420022 1202412065.184756
041010252530304542420122 1202412065.184756
011510252340310145420122 1202412065.184756
011510252340311145420122 1202412065.184756
011510252340312145420122 1202412065.184756
011510252340314145420122 1202412065.184756
011510252340315145420122 1202412065.184756
014410352101304042420222 1202412065.184756
014410352101314042420222 1202412065.184756
014410352101304242420222 1202412065.184756
014410352101314242420222 1202412065.184756
004510232100300442420222 1202412065.184756
014410052103300442420222 1202412065.184756
014410252103300442420222 1202412065.184756
014410352103300442420222 1202412065.184756
014110552103300442420222 1202412065.184756
014410552103300442420222 1202412065.184756
014410052113300442420222 1202412065.184756
014410052103310442420222 1202412065.184756
014410252103310442420222 1202412065.184756
014410352103310442420222 1202412065.184756
014110552103310442420222 1202412065.184756
014410552103310442420222 1202412065.184756
014410052113310442420222 1202412065.184756
014110052103350442420222 1202412065.184756
014110552103350442420222 1202412065.184756
014110052113350442420222 1202412065.184756
014410052113350442420222 1202412065.184756
004510232100301442420222 1202412065.184756
014110052103301442420222 1202412065.184756
014410052103301442420222 1202412065.184756
014410252103301442420222 1202412065.184756
014410052113301442420222 1202412065.184756
014110052103311442420222 1202412065.184756
014410052103311442420222 1202412065.184756
014410252103311442420222 1202412065.184756
014410052113311442420222 1202412065.184756
004510232100302442420222 1202412065.184756
004510232100304442420222 1202412065.184756
014410352101304442420222 1202412065.184756
014410052103304442420222 1202412065.184756
014410252103304442420222 1202412065.184756
014410352103304442420222 1202412065.184756
004110552103304442420222 1202412065.184756
014410552103304442420222 1202412065.184756
014410052113304442420222 1202412065.184756
014410352101314442420222 1202412065.184756
014110052103314442420222 1202412065.184756
014410052103314442420222 1202412065.184756
014410252103314442420222 1202412065.184756
014410352103314442420222 1202412065.184756
014110552103314442420222 1202412065.184756
014410552103314442420222 1202412065.184756
014410052113314442420222 1202412065.184756
014110552103305442420222 1202412065.184756
014410352101304542420222 1202412065.184756
014410352101314542420222 1202412065.184756
014410352101304042420422 1202412065.184756
014410352101314042420422 1202412065.184756
004110552131314142420422 1202412065.184756
014210352101304242420422 1202412065.184756
014410352101304242420422 1202412065.184756
014210352101314242420422 1202412065.184756
014410352101314242420422 1202412065.184756
014410052103300442420422 1202412065.184756
014410252103300442420422 1202412065.184756
014410352103300442420422 1202412065.184756
014410552103300442420422 1202412065.184756
014410052113300442420422 1202412065.184756
014510352113310442420422 1202412065.184756
014110552133310442420422 1202412065.184756
014410052103301442420422 1202412065.184756
014410252103301442420422 1202412065.184756
014410052113301442420422 1202412065.184756
014110052113311442420422 1202412065.184756
014510352113311442420422 1202412065.184756
014110552133311442420422 1202412065.184756
014510352113312442420422 1202412065.184756
014110552133312442420422 1202412065.184756
014410352101304442420422 1202412065.184756
014410052103304442420422 1202412065.184756
014410252103304442420422 1202412065.184756
014410352103304442420422 1202412065.184756
014410552103304442420422 1202412065.184756
014410052113304442420422 1202412065.184756
014110552133304442420422 1202412065.184756
014410352101314442420422 1202412065.184756
014110552131314442420422 1202412065.184756
014110052103314442420422 1202412065.184756
014110052113314442420422 1202412065.184756
014510352113314442420422 1202412065.184756
014110552133314442420422 1202412065.184756
014110052113315442420422 1202412065.184756
014510352113315442420422 1202412065.184756
014110552133315442420422 1202412065.184756
014510352111314542420422 1202412065.184756
002415302151314042420142 1202412065.184800
012415302151314042420142 1202412065.184800
042415302151314042420142 1202412065.184800
012415302151354042420142 1202412065.184800
042415302151354042420142 1202412065.184800
042215302151314242420142 1202412065.184800
012415302151314242420142 1202412065.184800
042415302151314242420142 1202412065.184800
042215302151354242420142 1202412065.184800
002415302151354242420142 1202412065.184800
012415302151354242420142 1202412065.184800
042415302151354242420142 1202412065.184800
042115502113310442420142 1202412065.184800
042415502113310442420142 1202412065.184800
042415002153310442420142 1202412065.184800
042415202153310442420142 1202412065.184800
042415302153310442420142 1202412065.184800
042415502153310442420142 1202412065.184800
012115202053350442420142 1202412065.184800
012115202153350442420142 1202412065.184800
012415502113301442420142 1202412065.184800
012415502153301442420142 1202412065.184800
012415502113311442420142 1202412065.184800
042415502113311442420142 1202412065.184800
011115202053311442420142 1202412065.184800
051115202053311442420142 1202412065.184800
012115202053311442420142 1202412065.184800
042115002153311442420142 1202412065.184800
012115202153311442420142 1202412065.184800
042115202153311442420142 1202412065.184800
002415202153311442420142 1202412065.184800
012415202153311442420142 1202412065.184800
042415202153311442420142 1202412065.184800
012415502153311442420142 1202412065.184800
042415502153311442420142 1202412065.184800
042115502113351442420142 1202412065.184800
012415502113351442420142 1202412065.184800
042415502113351442420142 1202412065.184800
011115202053351442420142 1202412065.184800
012115202053351442420142 1202412065.184800
012115202153351442420142 1202412065.184800
042115202153351442420142 1202412065.184800
002415202153351442420142 1202412065.184800
042415202153351442420142 1202412065.184800
012415502153351442420142 1202412065.184800
042415502153351442420142 1202412065.184800
012115202053352442420142 1202412065.184800
012115202153352442420142 1202412065.184800
012415302151314442420142 1202412065.184800
042415302151314442420142 1202412065.184800
012415502113314442420142 1202412065.184800
042415502113314442420142 1202412065.184800
011115202053314442420142 1202412065.184800
012115202053314442420142 1202412065.184800
042115002153314442420142 1202412065.184800
012415002153314442420142 1202412065.184800
042415002153314442420142 1202412065.184800
012115202153314442420142 1202412065.184800
042115202153314442420142 1202412065.184800
012415202153314442420142 1202412065.184800
042415202153314442420142 1202412065.184800
012415302153314442420142 1202412065.184800
042415302153314442420142 1202412065.184800
012415502153314442420142 1202412065.184800
042415502153314442420142 1202412065.184800
002415302151354442420142 1202412065.184800
012415302151354442420142 1202412065.184800
042415302151354442420142 1202412065.184800
011115202053354442420142 1202412065.184800
012115202053354442420142 1202412065.184800
042115002153354442420142 1202412065.184800
012115202153354442420142 1202412065.184800
042115202153354442420142 1202412065.184800
012115202053355442420142 1202412065.184800
012115202153355442420142 1202412065.184800
002510302131314542420442 1202412065.184800
021115202143345240420114 1202412065.184802
042415202135314042420114 1202412065.184802
014115552131354042420024 1202412065.184803
014110052133301442420024 1202412065.184803
014110052103311442420024 1202412065.184803
014110052113311442420024 1202412065.184803
014110052133311442420024 1202412065.184803
014110052103351442420024 1202412065.184803
014110052113351442420024 1202412065.184803
014110052133351442420024 1202412065.184803
014110052103314442420024 1202412065.184803
014110052113314442420024 1202412065.184803
014110052133314442420024 1202412065.184803
014410352101304042420124 1202412065.184803
014510352101304042420124 1202412065.184803
014410352101314042420124 1202412065.184803
014510352101314042420124 1202412065.184803
014210352101304242420124 1202412065.184803
014410352101304242420124 1202412065.184803
014510352101304242420124 1202412065.184803
014210352101314242420124 1202412065.184803
014410352101314242420124 1202412065.184803
014510352101314242420124 1202412065.184803
014410052103300442420124 1202412065.184803
014410252103300442420124 1202412065.184803
014410352103300442420124 1202412065.184803
014410552103300442420124 1202412065.184803
014410052113300442420124 1202412065.184803
014410052103310442420124 1202412065.184803
014410252103310442420124 1202412065.184803
014410352103310442420124 1202412065.184803
014410552103310442420124 1202412065.184803
014410052113310442420124 1202412065.184803
014110052103301442420124 1202412065.184803
014210052103301442420124 1202412065.184803
014410052103301442420124 1202412065.184803
014410252103301442420124 1202412065.184803
014110052113301442420124 1202412065.184803
014210052113301442420124 1202412065.184803
014410052113301442420124 1202412065.184803
014110052103311442420124 1202412065.184803
014210052103311442420124 1202412065.184803
014410052103311442420124 1202412065.184803
014510052103311442420124 1202412065.184803
024415052103311442420124 1202412065.184803
014210252103311442420124 1202412065.184803
014410252103311442420124 1202412065.184803
014510252103311442420124 1202412065.184803
014110052113311442420124 1202412065.184803
014210052113311442420124 1202412065.184803
014410052113311442420124 1202412065.184803
014510052113311442420124 1202412065.184803
024415052113311442420124 1202412065.184803
014210052103351442420124 1202412065.184803
014510052103351442420124 1202412065.184803
014210052113351442420124 1202412065.184803
014510052113351442420124 1202412065.184803
014210352101304442420124 1202412065.184803
014410352101304442420124 1202412065.184803
014510352101304442420124 1202412065.184803
014410052103304442420124 1202412065.184803
014410252103304442420124 1202412065.184803
014410352103304442420124 1202412065.184803
014410552103304442420124 1202412065.184803
014410052113304442420124 1202412065.184803
014210352101314442420124 1202412065.184803
014410352101314442420124 1202412065.184803
014510352101314442420124 1202412065.184803
014110052103314442420124 1202412065.184803
014210052103314442420124 1202412065.184803
014410052103314442420124 1202412065.184803
014510052103314442420124 1202412065.184803
014210252103314442420124 1202412065.184803
014410252103314442420124 1202412065.184803
014510252103314442420124 1202412065.184803
014210352103314442420124 1202412065.184803
014410352103314442420124 1202412065.184803
014510352103314442420124 1202412065.184803
014110552103314442420124 1202412065.184803
014210552103314442420124 1202412065.184803
014410552103314442420124 1202412065.184803
014510552103314442420124 1202412065.184803
014110052113314442420124 1202412065.184803
014210052113314442420124 1202412065.184803
014410052113314442420124 1202412065.184803
014510052113314442420124 1202412065.184803
014210352101304542420124 1202412065.184803
014410352101304542420124 1202412065.184803
014510352101304542420124 1202412065.184803
014210352101314542420124 1202412065.184803
014410352101314542420124 1202412065.184803
014510352101314542420124 1202412065.184803
014410352101304042420224 1202412065.184803
004510352101304042420224 1202412065.184803
014410352101314042420224 1202412065.184803
004510352101314042420224 1202412065.184803
014410352101304242420224 1202412065.184803
004510352101304242420224 1202412065.184803
014410352101314242420224 1202412065.184803
004510352101314242420224 1202412065.184803
014410052103300442420224 1202412065.184803
014410252103300442420224 1202412065.184803
014410352103300442420224 1202412065.184803
014410552103300442420224 1202412065.184803
014410052113300442420224 1202412065.184803
014410052103310442420224 1202412065.184803
014410252103310442420224 1202412065.184803
014410352103310442420224 1202412065.184803
014410552103310442420224 1202412065.184803
014410052113310442420224 1202412065.184803
014110052103350442420224 1202412065.184803
014110552103350442420224 1202412065.184803
014110052103301442420224 1202412065.184803
014410052103301442420224 1202412065.184803
014410252103301442420224 1202412065.184803
014110052113301442420224 1202412065.184803
014410052113301442420224 1202412065.184803
014110052103311442420224 1202412065.184803
014410052103311442420224 1202412065.184803
014410252103311442420224 1202412065.184803
014110552103311442420224 1202412065.184803
014110052113311442420224 1202412065.184803
014410052113311442420224 1202412065.184803
014410352101304442420224 1202412065.184803
004510352101304442420224 1202412065.184803
014410052103304442420224 1202412065.184803
014410252103304442420224 1202412065.184803
014410352103304442420224 1202412065.184803
014410552103304442420224 1202412065.184803
014410052113304442420224 1202412065.184803
014410352101314442420224 1202412065.184803
004510352101314442420224 1202412065.184803
014110052103314442420224 1202412065.184803
014410052103314442420224 1202412065.184803
014410252103314442420224 1202412065.184803
014410352103314442420224 1202412065.184803
014110552103314442420224 1202412065.184803
014410552103314442420224 1202412065.184803
014110052113314442420224 1202412065.184803
014410052113314442420224 1202412065.184803
014110552103305442420224 1202412065.184803
014110052103315442420224 1202412065.184803
014110552103315442420224 1202412065.184803
014110052113315442420224 1202412065.184803
014410352101304542420224 1202412065.184803
014410352101314542420224 1202412065.184803
004510352101314542420224 1202412065.184803
014410352101304042420424 1202412065.184803
014410352101314042420424 1202412065.184803
014110552131354042420424 1202412065.184803
014210352101304242420424 1202412065.184803
014410352101304242420424 1202412065.184803
014210352101314242420424 1202412065.184803
014410052103300442420424 1202412065.184803
014410252103300442420424 1202412065.184803
014410352103300442420424 1202412065.184803
014410552103300442420424 1202412065.184803
014410052113300442420424 1202412065.184803
014210052103301442420424 1202412065.184803
014410052103301442420424 1202412065.184803
014210252103301442420424 1202412065.184803
014410252103301442420424 1202412065.184803
014110052113301442420424 1202412065.184803
014210052113301442420424 1202412065.184803
014410052113301442420424 1202412065.184803
014110052133301442420424 1202412065.184803
014110052103311442420424 1202412065.184803
014210052103311442420424 1202412065.184803
014210252103311442420424 1202412065.184803
014110052113311442420424 1202412065.184803
014210052113311442420424 1202412065.184803
014210352101304442420424 1202412065.184803
014410352101304442420424 1202412065.184803
014210352101314442420424 1202412065.184804
014410352101314442420424 1202412065.184804
014110052103314442420424 1202412065.184804
014210052103314442420424 1202412065.184804
014210252103314442420424 1202412065.184804
014210352103314442420424 1202412065.184804
014210552103314442420424 1202412065.184804
014110052113314442420424 1202412065.184804
014210052113314442420424 1202412065.184804
014110052133314442420424 1202412065.184804
014110052103305442420424 1202412065.184804
014110052103315442420424 1202412065.184804
014210052103315442420424 1202412065.184804
014210252103315442420424 1202412065.184804
014210352103315442420424 1202412065.184804
014210552103315442420424 1202412065.184804
014210052113315442420424 1202412065.184804
014210352101304542420424 1202412065.184804
012110552131304542420424 1202412065.184804
011410252130314542420424 1202412065.184804
014210352101314542420424 1202412065.184804
014410352101314042420524 1202412065.184804
014210352101304242420524 1202412065.184804
014210252103301442420524 1202412065.184804
014210252103311442420524 1202412065.184804
014210352101304442420524 1202412065.184804
014210352101314542420524 1202412065.184804
012115252033300442420044 1202412065.184804
012115252033310442420044 1202412065.184804
012115252033350442420044 1202412065.184804
012115252033301442420044 1202412065.184804
012115252033311442420044 1202412065.184804
012115252033351442420044 1202412065.184804
012115252033302442420044 1202412065.184804
012115252033312442420044 1202412065.184804
012115252033352442420044 1202412065.184804
012115252033304442420044 1202412065.184804
012115252033314442420044 1202412065.184804
012115252033354442420044 1202412065.184804
012115252033305442420044 1202412065.184804
012115252033315442420044 1202412065.184804
012115252033355442420044 1202412065.184804
052510302131304042420144 1202412065.184804
052510302131314042420144 1202412065.184804
022215302151314042420144 1202412065.184804
012415302151314042420144 1202412065.184804
022415302151314042420144 1202412065.184804
022215302151354042420144 1202412065.184804
012415302151354042420144 1202412065.184804
022415302151354042420144 1202412065.184804
042515302151354042420144 1202412065.184804
022215302151314242420144 1202412065.184804
042215302151314242420144 1202412065.184804
012415302151314242420144 1202412065.184804
022415302151314242420144 1202412065.184804
022215302151354242420144 1202412065.184804
042215302151354242420144 1202412065.184804
012415302151354242420144 1202412065.184804
022415302151354242420144 1202412065.184804
042415302151354242420144 1202412065.184804
052110202133300442420144 1202412065.184804
042115502113310442420144 1202412065.184804
052110202133310442420144 1202412065.184804
052110202133350442420144 1202412065.184804
052110202133301442420144 1202412065.184804
042115502113311442420144 1202412065.184804
022215502113311442420144 1202412065.184804
012415502113311442420144 1202412065.184804
022415502113311442420144 1202412065.184804
052110202133311442420144 1202412065.184804
011115202053311442420144 1202412065.184804
012115202053311442420144 1202412065.184804
012115202153311442420144 1202412065.184804
022115202153311442420144 1202412065.184804
042115202153311442420144 1202412065.184804
022215202153311442420144 1202412065.184804
012415202153311442420144 1202412065.184804
022415202153311442420144 1202412065.184804
042115502153311442420144 1202412065.184804
022215502153311442420144 1202412065.184804
012415502153311442420144 1202412065.184804
022415502153311442420144 1202412065.184804
042115502113351442420144 1202412065.184804
022215502113351442420144 1202412065.184804
042215502113351442420144 1202412065.184804
012415502113351442420144 1202412065.184804
022415502113351442420144 1202412065.184804
042415502113351442420144 1202412065.184804
052110202133351442420144 1202412065.184804
011115202053351442420144 1202412065.184804
012115202053351442420144 1202412065.184804
012115202153351442420144 1202412065.184804
022115202153351442420144 1202412065.184804
042115202153351442420144 1202412065.184804
022215202153351442420144 1202412065.184804
042215202153351442420144 1202412065.184804
012415202153351442420144 1202412065.184804
022415202153351442420144 1202412065.184804
042415202153351442420144 1202412065.184804
042115502153351442420144 1202412065.184804
022215502153351442420144 1202412065.184804
042215502153351442420144 1202412065.184804
012415502153351442420144 1202412065.184804
022415502153351442420144 1202412065.184804
042415502153351442420144 1202412065.184804
052110202133302442420144 1202412065.184804
052110202133312442420144 1202412065.184804
052110202133352442420144 1202412065.184804
052510302131304442420144 1202412065.184805
052110202133304442420144 1202412065.184805
052510302131314442420144 1202412065.184805
022215302151314442420144 1202412065.184805
042215302151314442420144 1202412065.184805
012415302151314442420144 1202412065.184805
022415302151314442420144 1202412065.184805
042415302151314442420144 1202412065.184805
022215502113314442420144 1202412065.184805
012415502113314442420144 1202412065.184805
022415502113314442420144 1202412065.184805
052110202133314442420144 1202412065.184805
011115202053314442420144 1202412065.184805
012115202053314442420144 1202412065.184805
012115002153314442420144 1202412065.184805
042115002153314442420144 1202412065.184805
052115002153314442420144 1202412065.184805
022215002153314442420144 1202412065.184805
012415002153314442420144 1202412065.184805
022415002153314442420144 1202412065.184805
042515002153314442420144 1202412065.184805
012115202153314442420144 1202412065.184805
022115202153314442420144 1202412065.184805
042115202153314442420144 1202412065.184805
022215202153314442420144 1202412065.184805
012415202153314442420144 1202412065.184805
022415202153314442420144 1202412065.184805
042515202153314442420144 1202412065.184805
022215302153314442420144 1202412065.184805
012415302153314442420144 1202412065.184805
022415302153314442420144 1202412065.184805
042515302153314442420144 1202412065.184805
042115502153314442420144 1202412065.184805
022215502153314442420144 1202412065.184805
012415502153314442420144 1202412065.184805
022415502153314442420144 1202412065.184805
042515502153314442420144 1202412065.184805
052510302131354442420144 1202412065.184805
022215302151354442420144 1202412065.184805
042215302151354442420144 1202412065.184805
012415302151354442420144 1202412065.184805
022415302151354442420144 1202412065.184805
042415302151354442420144 1202412065.184805
022215502113354442420144 1202412065.184805
042215502113354442420144 1202412065.184805
012415502113354442420144 1202412065.184805
022415502113354442420144 1202412065.184805
042515502113354442420144 1202412065.184805
052110202133354442420144 1202412065.184805
011115202053354442420144 1202412065.184805
012115202053354442420144 1202412065.184805
002115002153354442420144 1202412065.184805
022115002153354442420144 1202412065.184805
042115002153354442420144 1202412065.184805
052115002153354442420144 1202412065.184805
022215002153354442420144 1202412065.184805
042215002153354442420144 1202412065.184805
012415002153354442420144 1202412065.184805
022415002153354442420144 1202412065.184805
012115202153354442420144 1202412065.184805
022115202153354442420144 1202412065.184805
042115202153354442420144 1202412065.184805
022215202153354442420144 1202412065.184805
042215202153354442420144 1202412065.184805
012415202153354442420144 1202412065.184805
022415202153354442420144 1202412065.184805
022215302153354442420144 1202412065.184805
042215302153354442420144 1202412065.184805
012415302153354442420144 1202412065.184805
022415302153354442420144 1202412065.184805
022215502153354442420144 1202412065.184805
042215502153354442420144 1202412065.184805
012415502153354442420144 1202412065.184805
022415502153354442420144 1202412065.184805
022215502113305442420144 1202412065.184805
052110202133305442420144 1202412065.184805
022215502113315442420144 1202412065.184805
012415502113315442420144 1202412065.184805
022415502113315442420144 1202412065.184805
042515502113315442420144 1202412065.184805
052110202133315442420144 1202412065.184805
011115202053315442420144 1202412065.184805
012115002153315442420144 1202412065.184805
022115002153315442420144 1202412065.184805
042115002153315442420144 1202412065.184805
022215002153315442420144 1202412065.184805
012415002153315442420144 1202412065.184805
022415002153315442420144 1202412065.184805
022215202153315442420144 1202412065.184805
012415202153315442420144 1202412065.184805
022415202153315442420144 1202412065.184805
022215302153315442420144 1202412065.184805
012415302153315442420144 1202412065.184805
022415302153315442420144 1202412065.184805
042115502153315442420144 1202412065.184805
022215502153315442420144 1202412065.184805
012415502153315442420144 1202412065.184805
022415502153315442420144 1202412065.184805
042115502113355442420144 1202412065.184805
022215502113355442420144 1202412065.184805
042215502113355442420144 1202412065.184805
012415502113355442420144 1202412065.184805
022415502113355442420144 1202412065.184805
042415502113355442420144 1202412065.184805
042515502113355442420144 1202412065.184805
052110202133355442420144 1202412065.184805
011115202053355442420144 1202412065.184805
012115202053355442420144 1202412065.184805
022115002153355442420144 1202412065.184805
042115002153355442420144 1202412065.184805
022215002153355442420144 1202412065.184805
042215002153355442420144 1202412065.184805
012415002153355442420144 1202412065.184805
022415002153355442420144 1202412065.184805
042415002153355442420144 1202412065.184805
012115202153355442420144 1202412065.184805
022115202153355442420144 1202412065.184805
042115202153355442420144 1202412065.184805
022215202153355442420144 1202412065.184805
042215202153355442420144 1202412065.184805
012415202153355442420144 1202412065.184805
022415202153355442420144 1202412065.184805
042415202153355442420144 1202412065.184805
022215302153355442420144 1202412065.184805
042215302153355442420144 1202412065.184805
012415302153355442420144 1202412065.184805
022415302153355442420144 1202412065.184805
042415302153355442420144 1202412065.184805
022215502153355442420144 1202412065.184805
042215502153355442420144 1202412065.184805
012415502153355442420144 1202412065.184805
022415502153355442420144 1202412065.184805
042415502153355442420144 1202412065.184805
022215302151314542420144 1202412065.184805
042215302151314542420144 1202412065.184805
002415302151314542420144 1202412065.184805
012415302151314542420144 1202412065.184805
022415302151314542420144 1202412065.184805
042415302151314542420144 1202412065.184805
052510302131354542420144 1202412065.184805
022215302151354542420144 1202412065.184805
042215302151354542420144 1202412065.184805
012415302151354542420144 1202412065.184805
022415302151354542420144 1202412065.184805
042415302151354542420144 1202412065.184805
012410502113311442420244 1202412065.184805
012410502153311442420244 1202412065.184805
012510302151304442420444 1202412065.184805
014115202003311442420115 1202412065.184805
014115202003314442420115 1202412065.184805
014115202003315442420115 1202412065.184805
012215202035354042420415 1202412065.184805
012115202053300442420145 1202412065.184806
012115202053310442420145 1202412065.184806
012115202053301442420145 1202412065.184806
012115202053311442420145 1202412065.184806
012115202053302442420145 1202412065.184806
012115202053312442420145 1202412065.184806
012115202053304442420145 1202412065.184806
012115202053314442420145 1202412065.184806
012115202053305442420145 1202412065.184806
012115202053315442420145 1202412065.184806
