0121102621433102400102614501 1202404195.171700
0121102621433112400102614501 1202404195.171700
0121102621433122400102614501 1202404195.171701
0121102621433142400102614501 1202404195.171701
0121102621433052400102614501 1202404195.171701
0121102621433152400102614501 1202404195.171702
0121102621433162400102614501 1202404195.171702
0121102621433102400202614501 1202404195.171702
0121102621433112400202614501 1202404195.171703
0121102621433122400202614501 1202404195.171703
0121102621433142400202614501 1202404195.171703
0121102621433052400202614501 1202404195.171704
0121102621433152400202614501 1202404195.171704
0121102621433162400202614501 1202404195.171704
0121102621433102400102014501 1202404195.171705
0121102621433112400102014501 1202404195.171705
0121102621433122400102014501 1202404195.171706
0121102621433142400102014501 1202404195.171706
0121102621433152400102014501 1202404195.171706
0121102621433162400102014501 1202404195.171707
0121102621433102400202014501 1202404195.171707
0121102621433112400202014501 1202404195.171707
0121102621433122400202014501 1202404195.171708
0121102621433142400202014501 1202404195.171708
0121102621433152400202014501 1202404195.171708
0121102621433162400202014501 1202404195.171709
0121102621433102400102114501 1202404195.171709
0121102621433112400102114501 1202404195.171709
0121102621433122400102114501 1202404195.171710
0121102621433142400102114501 1202404195.171710
0121102621433152400102114501 1202404195.171710
0121102621433162400102114501 1202404195.171711
0121102621433102400202114501 1202404195.171711
0121102621433112400202114501 1202404195.171712
0121102621433122400202114501 1202404195.171712
0121102621433142400202114501 1202404195.171712
0121102621433152400202114501 1202404195.171713
0121102621433162400202114501 1202404195.171713
0121102621433102400102214501 1202404195.171713
0121102621433112400102214501 1202404195.171714
0121102621433122400102214501 1202404195.171714
0121102621433142400102214501 1202404195.171714
0121102621433152400102214501 1202404195.171715
0121102621433162400102214501 1202404195.171715
0121102621433102400202214501 1202404195.171716
0121102621433112400202214501 1202404195.171716
0121102621433122400202214501 1202404195.171716
0121102621433142400202214501 1202404195.171717
0121102621433152400202214501 1202404195.171717
0121102621433162400202214501 1202404195.171717
0121102621433102400102414501 1202404195.171718
0121102621433112400102414501 1202404195.171718
0121102621433122400102414501 1202404195.171718
0121102621433142400102414501 1202404195.171719
0121102621433152400102414501 1202404195.171719
0121102621433162400102414501 1202404195.171719
0121102621433102400202414501 1202404195.171720
0121102621433112400202414501 1202404195.171720
0121102621433122400202414501 1202404195.171720
0121102621433142400202414501 1202404195.171721
0121102621433152400202414501 1202404195.171721
0121102621433162400202414501 1202404195.171722
