012110252143310240010242 1202405013.200745
012110252143311240010242 1202405013.200746
012110252143312240010242 1202405013.200746
012110252143314240010242 1202405013.200746
012110252143315240010242 1202405013.200747
012110252143310240010242 1202405013.200747
012110252143311240010242 1202405013.200748
012110252143312240010242 1202405013.200748
012110252143314240010242 1202405013.200749
012110252143315240010242 1202405013.200749
012110252143310240010242 1202405013.200749
012110252143311240010242 1202405013.200750
012110252143312240010242 1202405013.200750
012110252143314240010242 1202405013.200751
012110252143315240010242 1202405013.200751
