0122102025433510400605662103 1202405105.174126
0122106521433001400106264202 1202405105.174126
0122106521433011400106264202 1202405105.174126
0122106521433041400106264202 1202405105.174127
0122106521433051400106264202 1202405105.174127
0122106521433061400106264202 1202405105.174127
0122100521433006400106264202 1202405105.174127
0122102521433006400106264202 1202405105.174128
0122103521433006400106264202 1202405105.174128
0122104521433006400106264202 1202405105.174128
0122105521433006400106264202 1202405105.174129
0122106521433006400106264202 1202405105.174129
0122102521433016400106264202 1202405105.174129
0122104521433016400106264202 1202405105.174129
0122106521433016400106264202 1202405105.174130
0122100521433046400106264202 1202405105.174130
0122102521433046400106264202 1202405105.174130
0122103521433046400106264202 1202405105.174130
0122104521433046400106264202 1202405105.174131
0122105521433046400106264202 1202405105.174131
0122106521433046400106264202 1202405105.174131
0122100521433056400106264202 1202405105.174131
0122102521433056400106264202 1202405105.174132
0122103521433056400106264202 1202405105.174132
0122104521433056400106264202 1202405105.174132
