0122105021433116400111112410 2 1202408084.163116
0122105021433156400111112410 2 1202408084.163116
0122105021433166400111112410 2 1202408084.163116
0122105021433116400211112410 2 1202408084.163117
0122105021433156400211112410 2 1202408084.163117
0122105021433166400211112410 2 1202408084.163117
0122105021433116400511112410 2 1202408084.163117
0122105021433156400511112410 2 1202408084.163117
0122105021433166400511112410 2 1202408084.163117
0122105021433116400611112410 2 1202408084.163118
0122105021433156400611112410 2 1202408084.163118
0122105021433166400611112410 2 1202408084.163118
